50.94782099671899	0.19011713394408333	41.06325490184414	0.18974523792636058	-1.7179018778921584	0.1882554917297131	-12.308599761766784	0.1879040968374383	12.2736	0.205	214.85652887883705	5.83851541815378	8.53850994041753	0.05334707079697328	200.5310305236721	5.036331806127267	13.344
50.94782099671899	0.19011713394408333	41.06325490184414	0.18974523792636058	-1.7179018778921584	0.1882554917297131	-12.308599761766784	0.1879040968374383	12.2736	0.205	214.85652887883705	5.83851541815378	8.53850994041753	0.05334707079697328	200.5310305236721	5.036331806127267	13.344
50.94782099671899	0.19011713394408333	41.06325490184414	0.18974523792636058	-1.7179018778921584	0.1882554917297131	-12.308599761766784	0.1879040968374383	12.2736	0.205	214.84981461230956	5.8383329645469635	8.538243111981892	0.05334540370101087	200.52476392896816	5.036174420758325	13.343582999999999
50.94782099671899	0.19011713394408333	41.06325490184414	0.18974523792636058	-1.7179018778921584	0.1882554917297131	-12.36798535447997	0.2990185433857336	12.2736	0.205	214.85652887883705	5.83851541815378	8.53850994041753	0.05334707079697328	199.41285580408294	6.616042323630363	13.344
50.94782099671899	0.19011713394408333	41.06325490184414	0.18974523792636058	-1.7179018778921584	0.1882554917297131	-12.308599761766784	0.1879040968374383	12.2736	0.205	214.85652887883705	5.83851541815378	8.53850994041753	0.05334707079697328	200.5310305236721	5.036331806127267	13.344
50.94782099671899	0.19011713394408333	41.06325490184414	0.18974523792636058	-1.7179018778921584	0.1882554917297131	-12.308599761766784	0.1879040968374383	12.2736	0.205	214.85652887883705	5.83851541815378	8.53850994041753	0.05334707079697328	200.5310305236721	5.036331806127267	13.344
50.94782099671899	0.19011713394408333	41.06325490184414	0.18974523792636058	-1.7179018778921584	0.1882554917297131	-12.308599761766784	0.1879040968374383	12.2736	0.205	214.85652887883705	5.83851541815378	8.53850994041753	0.05334707079697328	200.5310305236721	5.036331806127267	13.344
50.94782099671899	0.19011713394408333	41.06325490184414	0.18974523792636058	-1.7179018778921584	0.1882554917297131	-12.308599761766784	0.1879040968374383	12.2736	0.205	214.85652887883705	5.83851541815378	8.53850994041753	0.05334707079697328	200.5310305236721	5.036331806127267	13.344
50.94782099671899	0.19011713394408333	41.06325490184414	0.18974523792636058	-1.7179018778921584	0.1882554917297131	-12.308599761766784	0.1879040968374383	12.2736	0.205	214.84981461230956	5.8383329645469635	8.538243111981892	0.05334540370101087	200.52476392896816	5.036174420758325	13.343582999999999
50.94782099671899	0.19011713394408333	41.06325490184414	0.18974523792636058	-1.7179018778921584	0.1882554917297131	-12.308599761766784	0.1879040968374383	12.2736	0.205	214.84981461230956	5.8383329645469635	8.538243111981892	0.05334540370101087	200.52476392896816	5.036174420758325	13.343582999999999
50.94782099671899	0.19011713394408333	41.06325490184414	0.18974523792636058	-1.7179018778921584	0.1882554917297131	-12.36798535447997	0.2990185433857336	12.2736	0.205	214.84981461230956	5.8383329645469635	8.538243111981892	0.05334540370101087	199.40662415233908	6.615835572307749	13.343582999999999
50.94782099671899	0.19011713394408333	41.06325490184414	0.18974523792636058	-1.7179018778921584	0.1882554917297131	-12.338294464767772	0.26942828242872874	12.2736	0.205	214.84981461230956	5.8383329645469635	8.538243111981892	0.05334540370101087	199.96409507793413	6.188524515505722	13.343582999999999
50.94782099671899	0.19011713394408333	41.06325490184414	0.18974523792636058	-1.7179018778921584	0.1882554917297131	-12.308599761766784	0.1879040968374383	12.2736	0.205	214.8632431453645	5.838697871760597	8.538776768853168	0.05334873789293569	200.53729711837588	5.036489191496209	13.344416999999998
50.94782099671899	0.19011713394408333	41.06325490184414	0.18974523792636058	-1.7179018778921584	0.1882554917297131	-12.308599761766784	0.1879040968374383	12.2736	0.205	214.85652887883705	5.83851541815378	8.53850994041753	0.05334707079697328	200.5310305236721	5.036331806127267	13.344
50.94782099671899	0.19011713394408333	41.06325490184414	0.18974523792636058	-1.7179018778921584	0.1882554917297131	-12.308599761766784	0.1879040968374383	12.2736	0.205	214.84981461230956	5.8383329645469635	8.538243111981892	0.05334540370101087	200.52476392896816	5.036174420758325	13.343582999999999
50.94782099671899	0.19011713394408333	41.06325490184414	0.18974523792636058	-1.7179018778921584	0.1882554917297131	-12.308599761766784	0.1879040968374383	12.2736	0.205	214.85652887883705	5.83851541815378	8.53850994041753	0.05334707079697328	200.5310305236721	5.036331806127267	13.344
50.94782099671899	0.19011713394408333	41.06325490184414	0.18974523792636058	-1.7179018778921584	0.1882554917297131	-12.36798535447997	0.2990185433857336	12.2736	0.205	214.85652887883705	5.83851541815378	8.53850994041753	0.05334707079697328	199.41285580408294	6.616042323630363	13.344
50.94782099671899	0.19011713394408333	41.06325490184414	0.18974523792636058	-1.7179018778921584	0.1882554917297131	-12.308599761766784	0.1879040968374383	12.2736	0.205	214.8632431453645	5.838697871760597	8.538776768853168	0.05334873789293569	200.53729711837588	5.036489191496209	13.344416999999998
50.94782099671899	0.19011713394408333	41.06325490184414	0.18974523792636058	-1.7179018778921584	0.1882554917297131	-12.308599761766784	0.1879040968374383	12.2736	0.205	214.84981461230956	5.8383329645469635	8.538243111981892	0.05334540370101087	200.52476392896816	5.036174420758325	13.343582999999999
50.94782099671899	0.19011713394408333	41.06325490184414	0.18974523792636058	-1.7179018778921584	0.1882554917297131	-12.36798535447997	0.2990185433857336	12.2736	0.205	214.85652887883705	5.83851541815378	8.53850994041753	0.05334707079697328	199.41285580408294	6.616042323630363	13.344
50.94782099671899	0.19011713394408333	41.06325490184414	0.18974523792636058	-1.7179018778921584	0.1882554917297131	-12.338294464767772	0.26942828242872874	12.2736	0.205	214.85652887883705	5.83851541815378	8.53850994041753	0.05334707079697328	199.97034415118884	6.1887179129405006	13.344
50.94782099671899	0.19011713394408333	41.06325490184414	0.18974523792636058	-1.7179018778921584	0.1882554917297131	-12.338294464767772	0.26942828242872874	12.2736	0.205	214.85652887883705	5.83851541815378	8.53850994041753	0.05334707079697328	199.97034415118884	6.1887179129405006	13.344
50.94782099671899	0.19011713394408333	41.06325490184414	0.18974523792636058	-1.7179018778921584	0.1882554917297131	-12.308599761766784	0.1879040968374383	12.2736	0.205	214.85652887883705	5.83851541815378	8.53850994041753	0.05334707079697328	200.5310305236721	5.036331806127267	13.344
50.94782099671899	0.19011713394408333	41.06325490184414	0.18974523792636058	-1.7179018778921584	0.1882554917297131	-12.308599761766784	0.1879040968374383	12.2736	0.205	214.8632431453645	5.838697871760597	8.538776768853168	0.05334873789293569	200.53729711837588	5.036489191496209	13.344416999999998
50.94782099671899	0.19011713394408333	41.06325490184414	0.18974523792636058	-1.7179018778921584	0.1882554917297131	-12.308599761766784	0.1879040968374383	12.2736	0.205	214.84981461230956	5.8383329645469635	8.538243111981892	0.05334540370101087	200.52476392896816	5.036174420758325	13.343582999999999
50.94782099671899	0.19011713394408333	41.06325490184414	0.18974523792636058	-1.7179018778921584	0.1882554917297131	-12.308599761766784	0.1879040968374383	12.2736	0.205	214.85652887883705	5.83851541815378	8.53850994041753	0.05334707079697328	200.5310305236721	5.036331806127267	13.344
50.94782099671899	0.19011713394408333	41.06325490184414	0.18974523792636058	-1.7179018778921584	0.1882554917297131	-12.338294464767772	0.26942828242872874	12.2736	0.205	214.84981461230956	5.8383329645469635	8.538243111981892	0.05334540370101087	199.96409507793413	6.188524515505722	13.343582999999999
50.94782099671899	0.19011713394408333	41.06325490184414	0.18974523792636058	-1.7179018778921584	0.1882554917297131	-12.308599761766784	0.1879040968374383	12.2736	0.205	214.84981461230956	5.8383329645469635	8.538243111981892	0.05334540370101087	200.52476392896816	5.036174420758325	13.343582999999999
50.94782099671899	0.19011713394408333	41.06325490184414	0.18974523792636058	-1.7179018778921584	0.1882554917297131	-12.308599761766784	0.1879040968374383	12.2736	0.205	214.8632431453645	5.838697871760597	8.538776768853168	0.05334873789293569	200.53729711837588	5.036489191496209	13.344416999999998
50.94782099671899	0.19011713394408333	41.06325490184414	0.18974523792636058	-1.7179018778921584	0.1882554917297131	-12.36798535447997	0.2990185433857336	12.1873	0.3301	214.8632431453645	5.838697871760597	8.538776768853168	0.05334873789293569	199.4190874558268	6.616249074952976	13.344416999999998
50.94782099671899	0.19011713394408333	41.06325490184414	0.18974523792636058	-1.7179018778921584	0.1882554917297131	-12.308599761766784	0.1879040968374383	12.2736	0.205	214.85652887883705	5.83851541815378	8.53850994041753	0.05334707079697328	200.5310305236721	5.036331806127267	13.344
50.94782099671899	0.19011713394408333	41.06325490184414	0.18974523792636058	-1.7179018778921584	0.1882554917297131	-12.308599761766784	0.1879040968374383	12.2736	0.205	214.85652887883705	5.83851541815378	8.53850994041753	0.05334707079697328	200.5310305236721	5.036331806127267	13.344
50.94782099671899	0.19011713394408333	41.06325490184414	0.18974523792636058	-1.7179018778921584	0.1882554917297131	-12.308599761766784	0.1879040968374383	12.2736	0.205	214.85652887883705	5.83851541815378	8.53850994041753	0.05334707079697328	200.5310305236721	5.036331806127267	13.344
50.94782099671899	0.19011713394408333	41.06325490184414	0.18974523792636058	-1.7179018778921584	0.1882554917297131	-12.308599761766784	0.1879040968374383	12.2736	0.205	214.85652887883705	5.83851541815378	8.53850994041753	0.05334707079697328	200.5310305236721	5.036331806127267	13.344
50.94782099671899	0.19011713394408333	41.06325490184414	0.18974523792636058	-1.7179018778921584	0.1882554917297131	-12.308599761766784	0.1879040968374383	12.2736	0.205	214.84981461230956	5.8383329645469635	8.538243111981892	0.05334540370101087	200.52476392896816	5.036174420758325	13.343582999999999
50.94782099671899	0.19011713394408333	41.06325490184414	0.18974523792636058	-1.7179018778921584	0.1882554917297131	-12.338294464767772	0.26942828242872874	12.2736	0.205	214.85652887883705	5.83851541815378	8.53850994041753	0.05334707079697328	199.97034415118884	6.1887179129405006	13.344
50.94782099671899	0.19011713394408333	41.06325490184414	0.18974523792636058	-1.7179018778921584	0.1882554917297131	-12.338294464767772	0.26942828242872874	12.2736	0.205	214.85652887883705	5.83851541815378	8.53850994041753	0.05334707079697328	199.97034415118884	6.1887179129405006	13.344
50.94782099671899	0.19011713394408333	41.06325490184414	0.18974523792636058	-1.7179018778921584	0.1882554917297131	-12.308599761766784	0.1879040968374383	12.2736	0.205	214.85652887883705	5.83851541815378	8.53850994041753	0.05334707079697328	200.5310305236721	5.036331806127267	13.344
50.94782099671899	0.19011713394408333	41.06325490184414	0.18974523792636058	-1.7179018778921584	0.1882554917297131	-12.308599761766784	0.1879040968374383	12.2736	0.205	214.85652887883705	5.83851541815378	8.53850994041753	0.05334707079697328	200.5310305236721	5.036331806127267	13.344
50.94782099671899	0.19011713394408333	41.06325490184414	0.18974523792636058	-1.7179018778921584	0.1882554917297131	-12.338294464767772	0.26942828242872874	12.2736	0.205	214.85652887883705	5.83851541815378	8.53850994041753	0.05334707079697328	199.97034415118884	6.1887179129405006	13.344
50.94782099671899	0.19011713394408333	41.06325490184414	0.18974523792636058	-1.7179018778921584	0.1882554917297131	-12.308599761766784	0.1879040968374383	12.2736	0.205	214.85652887883705	5.83851541815378	8.53850994041753	0.05334707079697328	200.5310305236721	5.036331806127267	13.344
50.94782099671899	0.19011713394408333	41.06325490184414	0.18974523792636058	-1.7179018778921584	0.1882554917297131	-12.308599761766784	0.1879040968374383	12.2736	0.205	214.85652887883705	5.83851541815378	8.53850994041753	0.05334707079697328	200.5310305236721	5.036331806127267	13.344
50.94782099671899	0.19011713394408333	41.06325490184414	0.18974523792636058	-1.7179018778921584	0.1882554917297131	-12.308599761766784	0.1879040968374383	12.2736	0.205	214.85652887883705	5.83851541815378	8.53850994041753	0.05334707079697328	200.5310305236721	5.036331806127267	13.344
50.94782099671899	0.19011713394408333	41.06325490184414	0.18974523792636058	-1.7179018778921584	0.1882554917297131	-12.308599761766784	0.1879040968374383	12.2736	0.205	214.85652887883705	5.83851541815378	8.53850994041753	0.05334707079697328	200.5310305236721	5.036331806127267	13.344
50.94782099671899	0.19011713394408333	41.06325490184414	0.18974523792636058	-1.7179018778921584	0.1882554917297131	-12.338294464767772	0.26942828242872874	12.2736	0.205	214.85652887883705	5.83851541815378	8.53850994041753	0.05334707079697328	199.97034415118884	6.1887179129405006	13.344
50.94782099671899	0.19011713394408333	41.06325490184414	0.18974523792636058	-1.7179018778921584	0.1882554917297131	-12.308599761766784	0.1879040968374383	12.2736	0.205	214.85652887883705	5.83851541815378	8.53850994041753	0.05334707079697328	200.5310305236721	5.036331806127267	13.344
50.94782099671899	0.19011713394408333	41.06325490184414	0.18974523792636058	-1.7179018778921584	0.1882554917297131	-12.308599761766784	0.1879040968374383	12.2736	0.205	214.8632431453645	5.838697871760597	8.538776768853168	0.05334873789293569	200.53729711837588	5.036489191496209	13.344416999999998
50.94782099671899	0.19011713394408333	41.06325490184414	0.18974523792636058	-1.7179018778921584	0.1882554917297131	-12.308599761766784	0.1879040968374383	12.2736	0.205	214.85652887883705	5.83851541815378	8.53850994041753	0.05334707079697328	200.5310305236721	5.036331806127267	13.344
50.94782099671899	0.19011713394408333	41.06325490184414	0.18974523792636058	-1.7179018778921584	0.1882554917297131	-12.308599761766784	0.1879040968374383	12.2736	0.205	214.85652887883705	5.83851541815378	8.53850994041753	0.05334707079697328	200.5310305236721	5.036331806127267	13.344
50.94782099671899	0.19011713394408333	41.06325490184414	0.18974523792636058	-1.7179018778921584	0.1882554917297131	-12.308599761766784	0.1879040968374383	12.2736	0.205	214.84981461230956	5.8383329645469635	8.538243111981892	0.05334540370101087	200.52476392896816	5.036174420758325	13.343582999999999
50.94782099671899	0.19011713394408333	41.06325490184414	0.18974523792636058	-1.7179018778921584	0.1882554917297131	-12.308599761766784	0.1879040968374383	12.2736	0.205	214.85652887883705	5.83851541815378	8.53850994041753	0.05334707079697328	200.5310305236721	5.036331806127267	13.344
50.94782099671899	0.19011713394408333	41.06325490184414	0.18974523792636058	-1.7179018778921584	0.1882554917297131	-12.308599761766784	0.1879040968374383	12.2736	0.205	214.85652887883705	5.83851541815378	8.53850994041753	0.05334707079697328	200.5310305236721	5.036331806127267	13.344
50.94782099671899	0.19011713394408333	41.06325490184414	0.18974523792636058	-1.7179018778921584	0.1882554917297131	-12.308599761766784	0.1879040968374383	12.2736	0.205	214.85652887883705	5.83851541815378	8.53850994041753	0.05334707079697328	200.5310305236721	5.036331806127267	13.344
50.94782099671899	0.19011713394408333	41.06325490184414	0.18974523792636058	-1.7179018778921584	0.1882554917297131	-12.308599761766784	0.1879040968374383	12.2736	0.205	214.85652887883705	5.83851541815378	8.53850994041753	0.05334707079697328	200.5310305236721	5.036331806127267	13.344
50.94782099671899	0.19011713394408333	41.06325490184414	0.18974523792636058	-1.7179018778921584	0.1882554917297131	-12.308599761766784	0.1879040968374383	12.2736	0.205	214.85652887883705	5.83851541815378	8.53850994041753	0.05334707079697328	200.5310305236721	5.036331806127267	13.344
50.94782099671899	0.19011713394408333	41.06325490184414	0.18974523792636058	-1.7179018778921584	0.1882554917297131	-12.308599761766784	0.1879040968374383	12.1873	0.3301	214.85652887883705	5.83851541815378	8.53850994041753	0.05334707079697328	200.5310305236721	5.036331806127267	13.344
50.94782099671899	0.19011713394408333	41.06325490184414	0.18974523792636058	-1.7179018778921584	0.1882554917297131	-12.308599761766784	0.1879040968374383	12.2736	0.205	214.85652887883705	5.83851541815378	8.53850994041753	0.05334707079697328	200.5310305236721	5.036331806127267	13.344
50.90944397849961	0.2955662187032018	41.06325490184414	0.18974523792636058	-1.7179018778921584	0.1882554917297131	-12.338294464767772	0.26942828242872874	12.2736	0.205	215.68722441478388	7.693927446251563	8.538243111981892	0.05334540370101087	199.96409507793413	6.188524515505722	13.343582999999999
50.94782099671899	0.19011713394408333	41.06325490184414	0.18974523792636058	-1.7179018778921584	0.1882554917297131	-12.308599761766784	0.1879040968374383	12.2736	0.205	214.84981461230956	5.8383329645469635	8.538243111981892	0.05334540370101087	200.52476392896816	5.036174420758325	13.343582999999999
50.94782099671899	0.19011713394408333	41.06325490184414	0.18974523792636058	-1.7179018778921584	0.1882554917297131	-12.308599761766784	0.1879040968374383	12.2736	0.205	214.85652887883705	5.83851541815378	8.53850994041753	0.05334707079697328	200.5310305236721	5.036331806127267	13.344
50.94782099671899	0.19011713394408333	41.06325490184414	0.18974523792636058	-1.7179018778921584	0.1882554917297131	-12.308599761766784	0.1879040968374383	12.2736	0.205	214.8632431453645	5.838697871760597	8.538776768853168	0.05334873789293569	200.53729711837588	5.036489191496209	13.344416999999998
50.94782099671899	0.19011713394408333	41.06325490184414	0.18974523792636058	-1.7179018778921584	0.1882554917297131	-12.308599761766784	0.1879040968374383	12.2736	0.205	214.85652887883705	5.83851541815378	8.53850994041753	0.05334707079697328	200.5310305236721	5.036331806127267	13.344
50.94782099671899	0.19011713394408333	41.06325490184414	0.18974523792636058	-1.7179018778921584	0.1882554917297131	-12.338294464767772	0.26942828242872874	12.2736	0.205	214.85652887883705	5.83851541815378	8.53850994041753	0.05334707079697328	199.97034415118884	6.1887179129405006	13.344
50.94782099671899	0.19011713394408333	41.06325490184414	0.18974523792636058	-1.7179018778921584	0.1882554917297131	-12.308599761766784	0.1879040968374383	12.2736	0.205	214.84981461230956	5.8383329645469635	8.538243111981892	0.05334540370101087	200.52476392896816	5.036174420758325	13.343582999999999
50.94782099671899	0.19011713394408333	41.06325490184414	0.18974523792636058	-1.7179018778921584	0.1882554917297131	-12.36798535447997	0.2990185433857336	12.2736	0.205	214.85652887883705	5.83851541815378	8.53850994041753	0.05334707079697328	199.41285580408294	6.616042323630363	13.344
50.94782099671899	0.19011713394408333	41.06325490184414	0.18974523792636058	-1.7179018778921584	0.1882554917297131	-12.338294464767772	0.26942828242872874	12.2736	0.205	214.8632431453645	5.838697871760597	8.538776768853168	0.05334873789293569	199.97659322444358	6.188911310375278	13.344416999999998
50.94782099671899	0.19011713394408333	41.06325490184414	0.18974523792636058	-1.7179018778921584	0.1882554917297131	-12.308599761766784	0.1879040968374383	12.2736	0.205	214.84981461230956	5.8383329645469635	8.538243111981892	0.05334540370101087	200.52476392896816	5.036174420758325	13.343582999999999
50.94782099671899	0.19011713394408333	41.06325490184414	0.18974523792636058	-1.7179018778921584	0.1882554917297131	-12.308599761766784	0.1879040968374383	12.2736	0.205	214.85652887883705	5.83851541815378	8.53850994041753	0.05334707079697328	200.5310305236721	5.036331806127267	13.344
50.94782099671899	0.19011713394408333	41.06325490184414	0.18974523792636058	-1.7179018778921584	0.1882554917297131	-12.308599761766784	0.1879040968374383	12.2736	0.205	214.84981461230956	5.8383329645469635	8.538243111981892	0.05334540370101087	200.52476392896816	5.036174420758325	13.343582999999999
50.94782099671899	0.19011713394408333	41.06325490184414	0.18974523792636058	-1.7179018778921584	0.1882554917297131	-12.308599761766784	0.1879040968374383	12.2736	0.205	214.84981461230956	5.8383329645469635	8.538243111981892	0.05334540370101087	200.52476392896816	5.036174420758325	13.343582999999999
50.94782099671899	0.19011713394408333	41.06325490184414	0.18974523792636058	-1.7179018778921584	0.1882554917297131	-12.308599761766784	0.1879040968374383	12.2736	0.205	214.85652887883705	5.83851541815378	8.53850994041753	0.05334707079697328	200.5310305236721	5.036331806127267	13.344
50.94782099671899	0.19011713394408333	41.06325490184414	0.18974523792636058	-1.7179018778921584	0.1882554917297131	-12.308599761766784	0.1879040968374383	12.2736	0.205	214.85652887883705	5.83851541815378	8.53850994041753	0.05334707079697328	200.5310305236721	5.036331806127267	13.344
50.90944397849961	0.29556621870320177	41.06325490184414	0.18974523792636058	-1.7179018778921584	0.1882554917297131	-12.338294464767772	0.26942828242872874	12.2736	0.205	215.6939648511855	7.694167888998094	8.53850994041753	0.05334707079697328	199.97034415118884	6.1887179129405006	13.344
50.94782099671899	0.19011713394408333	41.06325490184414	0.18974523792636058	-1.7179018778921584	0.1882554917297131	-12.308599761766784	0.1879040968374383	12.2736	0.205	214.85652887883705	5.83851541815378	8.53850994041753	0.05334707079697328	200.5310305236721	5.036331806127267	13.344
50.94782099671899	0.19011713394408333	41.06325490184414	0.18974523792636058	-1.7179018778921584	0.1882554917297131	-12.308599761766784	0.1879040968374383	12.2736	0.205	214.85652887883705	5.83851541815378	8.53850994041753	0.05334707079697328	200.5310305236721	5.036331806127267	13.344
50.94782099671899	0.19011713394408333	41.06325490184414	0.18974523792636058	-1.7179018778921584	0.1882554917297131	-12.338294464767772	0.26942828242872874	12.2736	0.205	214.85652887883705	5.83851541815378	8.53850994041753	0.05334707079697328	199.97034415118884	6.1887179129405006	13.344
50.94782099671899	0.19011713394408333	41.06325490184414	0.18974523792636058	-1.7179018778921584	0.1882554917297131	-12.36798535447997	0.2990185433857336	12.2736	0.205	214.84981461230956	5.8383329645469635	8.538243111981892	0.05334540370101087	199.40662415233908	6.615835572307749	13.343582999999999
50.90944397849961	0.29556621870320177	41.06325490184414	0.18974523792636058	-1.7179018778921584	0.1882554917297131	-12.338294464767772	0.26942828242872874	12.2736	0.205	215.6939648511855	7.694167888998094	8.53850994041753	0.05334707079697328	199.97034415118884	6.1887179129405006	13.344
50.94782099671899	0.19011713394408333	41.06325490184414	0.18974523792636058	-1.7179018778921584	0.1882554917297131	-12.338294464767772	0.26942828242872874	12.2736	0.205	214.8632431453645	5.838697871760597	8.538776768853168	0.05334873789293569	199.97659322444358	6.188911310375278	13.344416999999998
50.94782099671899	0.19011713394408333	41.06325490184414	0.18974523792636058	-1.7179018778921584	0.1882554917297131	-12.338294464767772	0.26942828242872874	12.2736	0.205	214.85652887883705	5.83851541815378	8.53850994041753	0.05334707079697328	199.97034415118884	6.1887179129405006	13.344
50.94782099671899	0.19011713394408333	41.06325490184414	0.18974523792636058	-1.7179018778921584	0.1882554917297131	-12.36798535447997	0.2990185433857336	12.2736	0.205	214.85652887883705	5.83851541815378	8.53850994041753	0.05334707079697328	199.41285580408294	6.616042323630363	13.344
50.94782099671899	0.19011713394408333	41.06325490184414	0.18974523792636058	-1.7179018778921584	0.1882554917297131	-12.308599761766784	0.1879040968374383	12.1873	0.3301	214.85652887883705	5.83851541815378	8.53850994041753	0.05334707079697328	200.5310305236721	5.036331806127267	13.344
50.94782099671899	0.19011713394408333	41.06325490184414	0.18974523792636058	-1.7179018778921584	0.1882554917297131	-12.308599761766784	0.1879040968374383	12.2736	0.205	214.84981461230956	5.8383329645469635	8.538243111981892	0.05334540370101087	200.52476392896816	5.036174420758325	13.343582999999999
50.94782099671899	0.19011713394408333	41.06325490184414	0.18974523792636058	-1.7179018778921584	0.1882554917297131	-12.338294464767772	0.26942828242872874	12.2736	0.205	214.85652887883705	5.83851541815378	8.53850994041753	0.05334707079697328	199.97034415118884	6.1887179129405006	13.344
50.94782099671899	0.19011713394408333	41.06325490184414	0.18974523792636058	-1.7179018778921584	0.1882554917297131	-12.338294464767772	0.26942828242872874	12.2736	0.205	214.8632431453645	5.838697871760597	8.538776768853168	0.05334873789293569	199.97659322444358	6.188911310375278	13.344416999999998
50.94782099671899	0.19011713394408333	41.06325490184414	0.18974523792636058	-1.7179018778921584	0.1882554917297131	-12.36798535447997	0.2990185433857336	12.2736	0.205	214.85652887883705	5.83851541815378	8.53850994041753	0.05334707079697328	199.41285580408294	6.616042323630363	13.344
50.94782099671899	0.19011713394408333	41.06325490184414	0.18974523792636058	-1.7179018778921584	0.1882554917297131	-12.397672431640164	0.31626379819960115	12.2736	0.205	214.85652887883705	5.83851541815378	8.53850994041753	0.05334707079697328	198.85853819892495	6.853186285069661	13.344
50.94782099671899	0.19011713394408333	41.06325490184414	0.18974523792636058	-1.7179018778921584	0.1882554917297131	-12.36798535447997	0.2990185433857336	12.2736	0.205	214.85652887883705	5.83851541815378	8.53850994041753	0.05334707079697328	199.41285580408294	6.616042323630363	13.344
50.94782099671899	0.19011713394408333	41.06325490184414	0.18974523792636058	-1.7179018778921584	0.1882554917297131	-12.338294464767772	0.26942828242872874	12.2736	0.205	214.85652887883705	5.83851541815378	8.53850994041753	0.05334707079697328	199.97034415118884	6.1887179129405006	13.344
50.94782099671899	0.19011713394408333	41.06325490184414	0.18974523792636058	-1.7179018778921584	0.1882554917297131	-12.308599761766784	0.1879040968374383	12.2736	0.205	214.85652887883705	5.83851541815378	8.53850994041753	0.05334707079697328	200.5310305236721	5.036331806127267	13.344
50.90944397849961	0.29556621870320177	41.06325490184414	0.18974523792636058	-1.7179018778921584	0.1882554917297131	-12.338294464767772	0.26942828242872874	12.2736	0.205	215.6939648511855	7.694167888998094	8.53850994041753	0.05334707079697328	199.97034415118884	6.1887179129405006	13.344
50.94782099671899	0.19011713394408333	41.06325490184414	0.18974523792636058	-1.7179018778921584	0.1882554917297131	-12.338294464767772	0.26942828242872874	12.2736	0.205	214.85652887883705	5.83851541815378	8.53850994041753	0.05334707079697328	199.97034415118884	6.1887179129405006	13.344
50.94782099671899	0.19011713394408333	41.06325490184414	0.18974523792636058	-1.7179018778921584	0.1882554917297131	-12.308599761766784	0.1879040968374383	12.2736	0.205	214.85652887883705	5.83851541815378	8.53850994041753	0.05334707079697328	200.5310305236721	5.036331806127267	13.344
50.94782099671899	0.19011713394408333	41.06325490184414	0.18974523792636058	-1.7179018778921584	0.1882554917297131	-12.338294464767772	0.26942828242872874	12.2736	0.205	214.85652887883705	5.83851541815378	8.53850994041753	0.05334707079697328	199.97034415118884	6.1887179129405006	13.344
50.94782099671899	0.19011713394408333	41.06325490184414	0.18974523792636058	-1.7179018778921584	0.1882554917297131	-12.308599761766784	0.1879040968374383	12.2736	0.205	214.8632431453645	5.838697871760597	8.538776768853168	0.05334873789293569	200.53729711837588	5.036489191496209	13.344416999999998
50.94782099671899	0.19011713394408333	41.06325490184414	0.18974523792636058	-1.7179018778921584	0.1882554917297131	-12.308599761766784	0.1879040968374383	12.2736	0.205	214.85652887883705	5.83851541815378	8.53850994041753	0.05334707079697328	200.5310305236721	5.036331806127267	13.344
50.94782099671899	0.19011713394408333	41.06325490184414	0.18974523792636058	-1.7179018778921584	0.1882554917297131	-12.308599761766784	0.1879040968374383	12.2736	0.205	214.85652887883705	5.83851541815378	8.53850994041753	0.05334707079697328	200.5310305236721	5.036331806127267	13.344
50.94782099671899	0.19011713394408333	41.06325490184414	0.18974523792636058	-1.7179018778921584	0.1882554917297131	-12.308599761766784	0.1879040968374383	12.101	0.4012	214.85652887883705	5.83851541815378	8.53850994041753	0.05334707079697328	200.5310305236721	5.036331806127267	13.344
50.94782099671899	0.19011713394408333	41.06325490184414	0.18974523792636058	-1.7179018778921584	0.1882554917297131	-12.36798535447997	0.2990185433857336	12.2736	0.205	214.85652887883705	5.83851541815378	8.53850994041753	0.05334707079697328	199.41285580408294	6.616042323630363	13.344
50.94782099671899	0.19011713394408333	41.06325490184414	0.18974523792636058	-1.7179018778921584	0.1882554917297131	-12.338294464767772	0.26942828242872874	12.2736	0.205	214.85652887883705	5.83851541815378	8.53850994041753	0.05334707079697328	199.97034415118884	6.1887179129405006	13.344
