52.48751595445935	0.1901718909154541	43.289377752921524	0.18982399178689632	-2.648250714662111	0.1882229919375051	-12.901770137091894	0.18788339642194077	7.2681	0.3945	230.8905904744052	6.744820232506199	7.951810849010372	0.04627347808029213	207.12532674122363	5.37224904718838	13.344
52.48751595445935	0.1901718909154541	43.289377752921524	0.18982399178689632	-2.648250714662111	0.1882229919375051	-12.901770137091894	0.18788339642194077	7.4407	0.4641	230.8905904744052	6.744820232506199	7.951810849010372	0.04627347808029213	207.12532674122363	5.37224904718838	13.344
52.48751595445935	0.1901718909154541	43.289377752921524	0.18982399178689632	-2.648250714662111	0.1882229919375051	-12.901770137091894	0.18788339642194077	7.1818	0.3216	230.8905904744052	6.744820232506199	7.951810849010372	0.04627347808029213	207.12532674122363	5.37224904718838	13.344
52.52612404157098	0.29627864013270994	43.289377752921524	0.18982399178689632	-2.648250714662111	0.1882229919375051	-12.901770137091894	0.18788339642194077	7.4407	0.4641	229.9255056109997	8.75897585360197	7.951810849010372	0.04627347808029213	207.12532674122363	5.37224904718838	13.344
52.48751595445935	0.1901718909154541	43.289377752921524	0.18982399178689632	-2.648250714662111	0.1882229919375051	-12.901770137091894	0.18788339642194077	7.3544	0.4392	230.8905904744052	6.744820232506199	7.951810849010372	0.04627347808029213	207.12532674122363	5.37224904718838	13.344
52.52612404157098	0.29627864013270994	43.289377752921524	0.18982399178689632	-2.648250714662111	0.1882229919375051	-12.901770137091894	0.18788339642194077	7.2681	0.3945	229.9255056109997	8.75897585360197	7.951810849010372	0.04627347808029213	207.12532674122363	5.37224904718838	13.344
52.48751595445935	0.1901718909154541	43.289377752921524	0.18982399178689632	-2.648250714662111	0.1882229919375051	-12.901770137091894	0.18788339642194077	7.2681	0.3945	230.8905904744052	6.744820232506199	7.951810849010372	0.04627347808029213	207.12532674122363	5.37224904718838	13.344
52.60335720315814	0.3572816527231367	43.289377752921524	0.18982399178689632	-2.648250714662111	0.1882229919375051	-12.901770137091894	0.18788339642194077	7.4407	0.4641	228.01892273493243	9.904620417155524	7.951810849010372	0.04627347808029213	207.12532674122363	5.37224904718838	13.344
52.56473779071959	0.33480105940689153	43.289377752921524	0.18982399178689632	-2.648250714662111	0.1882229919375051	-12.901770137091894	0.18788339642194077	7.4407	0.4641	228.96831518816435	9.500766467137575	7.951810849010372	0.04627347808029213	207.12532674122363	5.37224904718838	13.344
52.60335720315814	0.3572816527231367	43.289377752921524	0.18982399178689632	-2.648250714662111	0.1882229919375051	-12.901770137091894	0.18788339642194077	7.2681	0.3945	228.01892273493243	9.904620417155524	7.951810849010372	0.04627347808029213	207.12532674122363	5.37224904718838	13.344
52.56473779071959	0.33480105940689153	43.289377752921524	0.18982399178689632	-2.61729800519637	0.27322766330462245	-12.901770137091894	0.18788339642194077	7.527	0.4721	228.97547044801394	9.501063366089674	7.957421042208225	0.057669186838020386	206.50840422259753	6.658253204372647	13.344416999999998
52.60335720315814	0.3572816527231367	43.289377752921524	0.18982399178689632	-2.648250714662111	0.1882229919375051	-12.901770137091894	0.18788339642194077	7.4407	0.4641	228.01892273493243	9.904620417155524	7.951810849010372	0.04627347808029213	207.12532674122363	5.37224904718838	13.344
52.71924943275465	0.36956640781808936	43.289377752921524	0.18982399178689632	-2.648250714662111	0.1882229919375051	-12.901770137091894	0.18788339642194077	7.4407	0.4641	225.21659177612838	9.922718985795019	7.951810849010372	0.04627347808029213	207.12532674122363	5.37224904718838	13.344
52.60335720315814	0.3572816527231367	43.289377752921524	0.18982399178689632	-2.648250714662111	0.1882229919375051	-12.901770137091894	0.18788339642194077	7.2681	0.3945	228.01892273493243	9.904620417155524	7.951810849010372	0.04627347808029213	207.12532674122363	5.37224904718838	13.344
52.71924943275465	0.36956640781808925	43.289377752921524	0.18982399178689632	-2.648250714662111	0.1882229919375051	-12.901770137091894	0.18788339642194077	7.4407	0.4641	225.21659177612838	9.922718985795017	7.951810849010372	0.04627347808029213	207.12532674122363	5.37224904718838	13.344
52.680613022921264	0.37343587363584063	43.289377752921524	0.18982399178689632	-2.648250714662111	0.1882229919375051	-12.901770137091894	0.18788339642194077	7.3544	0.4392	226.14315364908435	10.087506245232497	7.951810849010372	0.04627347808029213	207.12532674122363	5.37224904718838	13.344
52.71924943275465	0.36956640781808936	43.289377752921524	0.18982399178689632	-2.648250714662111	0.1882229919375051	-12.901770137091894	0.18788339642194077	7.1818	0.3216	225.21659177612838	9.922718985795019	7.951810849010372	0.04627347808029213	207.12532674122363	5.37224904718838	13.344
52.796539258599516	0.3349373165864573	43.289377752921524	0.18982399178689632	-2.648250714662111	0.1882229919375051	-12.901770137091894	0.18788339642194077	7.527	0.4721	223.3856613616871	9.045908516595007	7.951810849010372	0.04627347808029213	207.12532674122363	5.37224904718838	13.344
52.75789151089561	0.35738567580675124	43.289377752921524	0.18982399178689632	-2.648250714662111	0.1882229919375051	-12.901770137091894	0.18788339642194077	7.4407	0.4641	224.29745733111326	9.586131006709653	7.951810849010372	0.04627347808029213	207.12532674122363	5.37224904718838	13.344
52.796539258599516	0.3349373165864573	43.289377752921524	0.18982399178689632	-2.648250714662111	0.1882229919375051	-12.901770137091894	0.18788339642194077	7.3544	0.4392	223.3856613616871	9.045908516595007	7.951810849010372	0.04627347808029213	207.12532674122363	5.37224904718838	13.344
52.71924943275465	0.36956640781808925	43.289377752921524	0.18982399178689632	-2.648250714662111	0.1882229919375051	-12.901770137091894	0.18788339642194077	7.1818	0.3216	225.20955375763538	9.92240890082671	7.9515623549213394	0.04627203203410212	207.118854074763	5.372081164405655	13.343582999999999
52.796539258599516	0.3349373165864573	43.289377752921524	0.18982399178689632	-2.648250714662111	0.1882229919375051	-12.901770137091894	0.18788339642194077	7.2681	0.3945	223.3856613616871	9.045908516595007	7.951810849010372	0.04627347808029213	207.12532674122363	5.37224904718838	13.344
52.680613022921264	0.37343587363584074	43.289377752921524	0.18982399178689632	-2.648250714662111	0.1882229919375051	-12.901770137091894	0.18788339642194077	7.6996	0.4396	226.14315364908435	10.087506245232499	7.951810849010372	0.04627347808029213	207.12532674122363	5.37224904718838	13.344
52.71924943275465	0.36956640781808936	43.289377752921524	0.18982399178689632	-2.648250714662111	0.1882229919375051	-12.901770137091894	0.18788339642194077	7.3544	0.4392	225.21659177612838	9.922718985795019	7.951810849010372	0.04627347808029213	207.12532674122363	5.37224904718838	13.344
52.71924943275465	0.36956640781808936	43.289377752921524	0.18982399178689632	-2.648250714662111	0.1882229919375051	-12.901770137091894	0.18788339642194077	7.3544	0.4392	225.21659177612838	9.922718985795019	7.951810849010372	0.04627347808029213	207.12532674122363	5.37224904718838	13.344
52.83519267712173	0.296415089835812	43.289377752921524	0.18982399178689632	-2.648250714662111	0.1882229919375051	-12.901770137091894	0.18788339642194077	7.1818	0.3216	222.4811163302739	8.203650097666998	7.951810849010372	0.04627347808029213	207.12532674122363	5.37224904718838	13.344
52.796539258599516	0.3349373165864573	43.289377752921524	0.18982399178689632	-2.648250714662111	0.1882229919375051	-12.901770137091894	0.18788339642194077	7.2681	0.3945	223.3856613616871	9.045908516595007	7.951810849010372	0.04627347808029213	207.12532674122363	5.37224904718838	13.344
52.75789151089561	0.35738567580675124	43.289377752921524	0.18982399178689632	-2.648250714662111	0.1882229919375051	-12.901770137091894	0.18788339642194077	7.2681	0.3945	224.29044803557161	9.585831440115692	7.9515623549213394	0.04627203203410212	207.118854074763	5.372081164405655	13.343582999999999
52.75789151089561	0.35738567580675124	43.289377752921524	0.18982399178689632	-2.648250714662111	0.1882229919375051	-12.901770137091894	0.18788339642194077	7.527	0.4721	224.29745733111326	9.586131006709653	7.951810849010372	0.04627347808029213	207.12532674122363	5.37224904718838	13.344
52.75789151089561	0.35738567580675124	43.289377752921524	0.18982399178689632	-2.648250714662111	0.1882229919375051	-12.901770137091894	0.18788339642194077	7.527	0.4721	224.29745733111326	9.586131006709653	7.951810849010372	0.04627347808029213	207.12532674122363	5.37224904718838	13.344
52.83519267712173	0.2964150898358119	43.289377752921524	0.18982399178689632	-2.648250714662111	0.1882229919375051	-12.901770137091894	0.18788339642194077	7.527	0.4721	222.4811163302739	8.203650097666996	7.951810849010372	0.04627347808029213	207.12532674122363	5.37224904718838	13.344
52.83519267712173	0.296415089835812	43.289377752921524	0.18982399178689632	-2.648250714662111	0.1882229919375051	-12.901770137091894	0.18788339642194077	7.3544	0.4392	222.4811163302739	8.203650097666998	7.951810849010372	0.04627347808029213	207.12532674122363	5.37224904718838	13.344
52.796539258599516	0.3349373165864573	43.289377752921524	0.18982399178689632	-2.648250714662111	0.1882229919375051	-12.901770137091894	0.18788339642194077	7.6133	0.4642	223.3856613616871	9.045908516595007	7.951810849010372	0.04627347808029213	207.12532674122363	5.37224904718838	13.344
52.87385176771859	0.19018563468891514	43.289377752921524	0.18982399178689632	-2.648250714662111	0.1882229919375051	-12.901770137091894	0.18788339642194077	7.6996	0.4396	221.58373608603478	6.212256706642272	7.951810849010372	0.04627347808029213	207.12532674122363	5.37224904718838	13.344
52.75789151089561	0.35738567580675124	43.289377752921524	0.18982399178689632	-2.648250714662111	0.1882229919375051	-12.901770137091894	0.18788339642194077	7.3544	0.4392	224.29745733111326	9.586131006709653	7.951810849010372	0.04627347808029213	207.12532674122363	5.37224904718838	13.344
52.83519267712173	0.296415089835812	43.289377752921524	0.18982399178689632	-2.648250714662111	0.1882229919375051	-12.901770137091894	0.18788339642194077	7.1818	0.3216	222.4811163302739	8.203650097666998	7.951810849010372	0.04627347808029213	207.12532674122363	5.37224904718838	13.344
52.87385176771859	0.19018563468891514	43.289377752921524	0.18982399178689632	-2.648250714662111	0.1882229919375051	-12.901770137091894	0.18788339642194077	7.2681	0.3945	221.58373608603478	6.212256706642272	7.951810849010372	0.04627347808029213	207.12532674122363	5.37224904718838	13.344
52.87385176771859	0.19018563468891514	43.289377752921524	0.18982399178689632	-2.648250714662111	0.1882229919375051	-12.901770137091894	0.18788339642194077	7.2681	0.3945	221.58373608603478	6.212256706642272	7.951810849010372	0.04627347808029213	207.12532674122363	5.37224904718838	13.344
52.87385176771859	0.19018563468891514	43.289377752921524	0.18982399178689632	-2.648250714662111	0.1882229919375051	-12.901770137091894	0.18788339642194077	7.3544	0.4392	221.58373608603478	6.212256706642272	7.951810849010372	0.04627347808029213	207.12532674122363	5.37224904718838	13.344
52.87385176771859	0.19018563468891514	43.289377752921524	0.18982399178689632	-2.648250714662111	0.1882229919375051	-12.901770137091894	0.18788339642194077	7.4407	0.4641	221.58373608603478	6.212256706642272	7.951810849010372	0.04627347808029213	207.12532674122363	5.37224904718838	13.344
52.87385176771859	0.19018563468891514	43.289377752921524	0.18982399178689632	-2.648250714662111	0.1882229919375051	-12.901770137091894	0.18788339642194077	7.527	0.4721	221.58373608603478	6.212256706642272	7.951810849010372	0.04627347808029213	207.12532674122363	5.37224904718838	13.344
52.83519267712173	0.2964150898358119	43.289377752921524	0.18982399178689632	-2.648250714662111	0.1882229919375051	-12.901770137091894	0.18788339642194077	7.3544	0.4392	222.4811163302739	8.203650097666996	7.951810849010372	0.04627347808029213	207.12532674122363	5.37224904718838	13.344
52.87385176771859	0.19018563468891514	43.326642611521095	0.2922335162759156	-2.648250714662111	0.1882229919375051	-12.901770137091894	0.18788339642194077	7.0955	0.1906	222.44862617675312	8.12396964526294	7.945365524498218	0.060072751571527735	207.12532674122363	5.37224904718838	13.344
52.87385176771859	0.19018563468891514	43.289377752921524	0.18982399178689632	-2.648250714662111	0.1882229919375051	-12.901770137091894	0.18788339642194077	7.1818	0.3216	221.58373608603478	6.212256706642272	7.951810849010372	0.04627347808029213	207.12532674122363	5.37224904718838	13.344
52.87385176771859	0.19018563468891514	43.289377752921524	0.18982399178689632	-2.648250714662111	0.1882229919375051	-12.901770137091894	0.18788339642194077	7.4407	0.4641	221.58373608603478	6.212256706642272	7.951810849010372	0.04627347808029213	207.12532674122363	5.37224904718838	13.344
52.87385176771859	0.19018563468891514	43.326642611521095	0.2922335162759156	-2.648250714662111	0.1882229919375051	-12.901770137091894	0.18788339642194077	7.527	0.4721	222.45557769632114	8.124223519314356	7.945613817170859	0.060074628845014334	207.13179940768427	5.372416929971104	13.344416999999998
52.87385176771859	0.19018563468891514	43.289377752921524	0.18982399178689632	-2.648250714662111	0.1882229919375051	-12.901770137091894	0.18788339642194077	7.3544	0.4392	221.58373608603478	6.212256706642272	7.951810849010372	0.04627347808029213	207.12532674122363	5.37224904718838	13.344
52.87385176771859	0.19018563468891514	43.326642611521095	0.2922335162759156	-2.648250714662111	0.1882229919375051	-12.901770137091894	0.18788339642194077	7.1818	0.3216	222.44862617675312	8.12396964526294	7.945365524498218	0.060072751571527735	207.12532674122363	5.37224904718838	13.344
52.87385176771859	0.19018563468891514	43.289377752921524	0.18982399178689632	-2.648250714662111	0.1882229919375051	-12.901770137091894	0.18788339642194077	7.4407	0.4641	221.58373608603478	6.212256706642272	7.951810849010372	0.04627347808029213	207.12532674122363	5.37224904718838	13.344
52.87385176771859	0.19018563468891514	43.289377752921524	0.18982399178689632	-2.648250714662111	0.1882229919375051	-12.901770137091894	0.18788339642194077	7.1818	0.3216	221.58373608603478	6.212256706642272	7.951810849010372	0.04627347808029213	207.12532674122363	5.37224904718838	13.344
52.87385176771859	0.19018563468891514	43.289377752921524	0.18982399178689632	-2.648250714662111	0.1882229919375051	-12.901770137091894	0.18788339642194077	7.0955	0.1906	221.59066057778745	6.2124508396643545	7.952059343099402	0.04627492412648214	207.13179940768427	5.372416929971104	13.344416999999998
52.87385176771859	0.19018563468891514	43.40118841594943	0.3511129442271853	-2.61729800519637	0.27322766330462245	-12.901770137091894	0.18788339642194077	7.527	0.4721	224.19920161330404	9.450948839749826	7.937838917241906	0.07674140992954201	206.50195103662764	6.658045140462009	13.344
52.87385176771859	0.19018563468891514	43.289377752921524	0.18982399178689632	-2.648250714662111	0.1882229919375051	-12.901770137091894	0.18788339642194077	7.4407	0.4641	221.58373608603478	6.212256706642272	7.951810849010372	0.04627347808029213	207.12532674122363	5.37224904718838	13.344
52.87385176771859	0.19018563468891514	43.40118841594943	0.3511129442271853	-2.648250714662111	0.1882229919375051	-12.901770137091894	0.18788339642194077	7.2681	0.3945	224.19920161330404	9.450948839749826	7.932503399015626	0.06862551191824796	207.12532674122363	5.37224904718838	13.344
52.87385176771859	0.19018563468891514	43.326642611521095	0.2922335162759156	-2.648250714662111	0.1882229919375051	-12.901770137091894	0.18788339642194077	7.1818	0.3216	222.44862617675312	8.12396964526294	7.945365524498218	0.060072751571527735	207.12532674122363	5.37224904718838	13.344
52.91618488241099	0.307425179233142	43.329562667004225	0.30097114477685294	-2.617409714112177	0.27289944115377396	-12.872834504985068	0.26717492356658934	7.2681	0.3945	221.53408290201824	9.941935867709484	7.950193745006525	0.07029731761960055	207.0868446627736	7.711907600988323	13.344
52.87385176771859	0.19018563468891514	43.326642611521095	0.2922335162759156	-2.648250714662111	0.1882229919375051	-12.901770137091894	0.18788339642194077	7.3544	0.4392	222.44862617675312	8.12396964526294	7.945365524498218	0.060072751571527735	207.12532674122363	5.37224904718838	13.344
52.87385176771859	0.19018563468891514	43.40118841594943	0.3511129442271853	-2.648250714662111	0.1882229919375051	-12.901770137091894	0.18788339642194077	7.3544	0.4392	224.19920161330404	9.450948839749826	7.932503399015626	0.06862551191824796	207.12532674122363	5.37224904718838	13.344
52.87385176771859	0.19018563468891514	43.36391283214222	0.3294150937806404	-2.648250714662111	0.1882229919375051	-12.901770137091894	0.18788339642194077	7.3544	0.4392	223.32042035236643	8.93227904592286	7.938929714851659	0.06546111047689478	207.12532674122363	5.37224904718838	13.344
52.87385176771859	0.19018563468891514	43.36391283214222	0.3294150937806404	-2.648250714662111	0.1882229919375051	-12.901770137091894	0.18788339642194077	7.4407	0.4641	223.32042035236643	8.93227904592286	7.938929714851659	0.06546111047689478	207.12532674122363	5.37224904718838	13.344
52.87385176771859	0.19018563468891514	43.36391283214222	0.3294150937806404	-2.648250714662111	0.1882229919375051	-12.901770137091894	0.18788339642194077	7.3544	0.4392	223.32042035236643	8.93227904592286	7.938929714851659	0.06546111047689478	207.12532674122363	5.37224904718838	13.344
52.87385176771859	0.19018563468891514	43.40118841594943	0.3511129442271853	-2.648250714662111	0.1882229919375051	-12.901770137091894	0.18788339642194077	7.2681	0.3945	224.19920161330404	9.450948839749826	7.932503399015626	0.06862551191824796	207.12532674122363	5.37224904718838	13.344
52.87385176771859	0.19018563468891514	43.40118841594943	0.3511129442271853	-2.61729800519637	0.27322766330462245	-12.901770137091894	0.18788339642194077	7.527	0.4721	224.19920161330404	9.450948839749826	7.937838917241906	0.07674140992954201	206.50195103662764	6.658045140462009	13.344
52.87385176771859	0.19018563468891514	43.289377752921524	0.18982399178689632	-2.648250714662111	0.1882229919375051	-12.901770137091894	0.18788339642194077	7.3544	0.4392	221.58373608603478	6.212256706642272	7.951810849010372	0.04627347808029213	207.12532674122363	5.37224904718838	13.344
52.87385176771859	0.19018563468891514	43.43846936410725	0.3629160282451154	-2.648250714662111	0.1882229919375051	-12.901770137091894	0.18788339642194077	7.6996	0.4396	225.08505429577423	9.774281592557221	7.926086555997181	0.0703101349324715	207.12532674122363	5.37224904718838	13.344
52.87385176771859	0.19018563468891514	43.40118841594943	0.3511129442271853	-2.61729800519637	0.27322766330462245	-12.901770137091894	0.18788339642194077	7.4407	0.4641	224.19920161330404	9.450948839749826	7.937838917241906	0.07674140992954201	206.50195103662764	6.658045140462009	13.344
52.87385176771859	0.19018563468891514	43.326642611521095	0.2922335162759156	-2.61729800519637	0.27322766330462245	-12.901770137091894	0.18788339642194077	7.2681	0.3945	222.44862617675312	8.12396964526294	7.950718365098692	0.06923267324313989	206.50195103662764	6.658045140462009	13.344
52.87385176771859	0.19018563468891514	43.40118841594943	0.3511129442271852	-2.6791993690791065	0.27320323713890354	-12.901770137091894	0.18788339642194077	7.4407	0.4641	224.19920161330404	9.450948839749824	7.927175746229737	0.07653278914300007	207.75239504955752	6.738513987369213	13.344
52.87385176771859	0.19018563468891514	43.475755677780704	0.366703970374895	-2.648250714662111	0.1882229919375051	-12.901770137091894	0.18788339642194077	7.3544	0.4392	225.97806409875597	9.932757883426824	7.919679164865213	0.07077450917138736	207.12532674122363	5.37224904718838	13.344
52.87385176771859	0.19018563468891514	43.43846936410725	0.3629160282451154	-2.648250714662111	0.1882229919375051	-12.901770137091894	0.18788339642194077	7.4407	0.4641	225.08505429577423	9.774281592557221	7.926086555997181	0.0703101349324715	207.12532674122363	5.37224904718838	13.344
52.87385176771859	0.19018563468891514	43.43846936410725	0.3629160282451154	-2.648250714662111	0.1882229919375051	-12.901770137091894	0.18788339642194077	7.4407	0.4641	225.08505429577423	9.774281592557221	7.926086555997181	0.0703101349324715	207.12532674122363	5.37224904718838	13.344
52.87385176771859	0.19018563468891514	43.51304735813529	0.36296867662810783	-2.648250714662111	0.1882229919375051	-12.901770137091894	0.18788339642194077	7.3544	0.4392	226.87122816419563	9.931466275256607	7.913033914712549	0.0700889546136105	207.118854074763	5.372081164405655	13.343582999999999
52.87385176771859	0.19018563468891514	43.475755677780704	0.366703970374895	-2.648250714662111	0.1882229919375051	-12.901770137091894	0.18788339642194077	7.2681	0.3945	225.97806409875597	9.932757883426824	7.919679164865213	0.07077450917138736	207.12532674122363	5.37224904718838	13.344
52.87385176771859	0.19018563468891514	43.43846936410725	0.3629160282451154	-2.648250714662111	0.1882229919375051	-12.901770137091894	0.18788339642194077	7.4407	0.4641	225.09208820372095	9.774587038856987	7.926334246202057	0.07031233212418814	207.13179940768427	5.372416929971104	13.344416999999998
52.87385176771859	0.19018563468891514	43.55034440633649	0.3512114579259468	-2.648250714662111	0.1882229919375051	-12.901770137091894	0.18788339642194077	7.4407	0.4641	227.78590484251293	9.75787355650143	7.906892654844077	0.06819796149158644	207.12532674122363	5.37224904718838	13.344
52.87385176771859	0.19018563468891514	43.58764682355077	0.32954413605597066	-2.5863412398816585	0.3041080315276435	-12.901770137091894	0.18788339642194077	7.4407	0.4641	228.70091424722176	9.370630076377596	7.911106398791426	0.07682903748754569	205.88223541462386	7.134543615043608	13.344
52.87385176771859	0.19018563468891514	43.624954610944094	0.2923627464141115	-2.648250714662111	0.1882229919375051	-12.901770137091894	0.18788339642194077	7.4407	0.4641	229.63061349145707	8.659438576867242	7.894390394722281	0.0593210892576885	207.13179940768427	5.372416929971104	13.344416999999998
52.87385176771859	0.19018563468891514	43.6622677696834	0.18983718912649847	-2.5553804179163087	0.3221278697587202	-12.901770137091894	0.18788339642194077	7.4407	0.4641	230.55356831911277	6.72562110202625	7.903633065525532	0.06394101675434033	205.2661477348135	7.398434206275734	13.344
52.87385176771859	0.19018563468891514	43.51304735813529	0.36296867662810783	-2.648250714662111	0.1882229919375051	-12.901770137091894	0.18788339642194077	7.3544	0.4392	226.87122816419563	9.931466275256607	7.913033914712549	0.0700889546136105	207.118854074763	5.372081164405655	13.343582999999999
52.87385176771859	0.19018563468891514	43.51304735813529	0.36296867662810783	-2.648250714662111	0.1882229919375051	-12.901770137091894	0.18788339642194077	7.3544	0.4392	226.87831811163662	9.931776643276706	7.9132812047501995	0.07009114496189059	207.12532674122363	5.37224904718838	13.344
52.87385176771859	0.19018563468891514	43.58764682355077	0.32954413605597066	-2.648250714662111	0.1882229919375051	-12.901770137091894	0.18788339642194077	7.2681	0.3945	228.70091424722176	9.370630076377596	7.900513494399841	0.06484826097112908	207.12532674122363	5.37224904718838	13.344
52.87385176771859	0.19018563468891514	43.475755677780704	0.366703970374895	-2.648250714662111	0.1882229919375051	-12.901770137091894	0.18788339642194077	7.3544	0.4392	225.97806409875597	9.932757883426824	7.919679164865213	0.07077450917138736	207.12532674122363	5.37224904718838	13.344
52.87385176771859	0.19018563468891514	43.475755677780704	0.366703970374895	-2.648250714662111	0.1882229919375051	-12.901770137091894	0.18788339642194077	7.527	0.4721	225.97806409875597	9.932757883426824	7.919679164865213	0.07077450917138736	207.12532674122363	5.37224904718838	13.344
52.87385176771859	0.19018563468891514	43.6622677696834	0.18983718912649847	-2.648250714662111	0.1882229919375051	-12.901770137091894	0.18788339642194077	7.1818	0.3216	230.55356831911277	6.72562110202625	7.88778325921396	0.04553289082622637	207.12532674122363	5.37224904718838	13.344
52.87385176771859	0.19018563468891514	43.58764682355077	0.32954413605597066	-2.648250714662111	0.1882229919375051	-12.901770137091894	0.18788339642194077	7.3544	0.4392	228.70091424722176	9.370630076377596	7.900513494399841	0.06484826097112908	207.12532674122363	5.37224904718838	13.344
52.87385176771859	0.19018563468891514	43.40118841594943	0.3511129442271852	-2.648250714662111	0.1882229919375051	-12.901770137091894	0.18788339642194077	7.3544	0.4392	224.19920161330404	9.450948839749824	7.932503399015626	0.06862551191824795	207.12532674122363	5.37224904718838	13.344
52.87385176771859	0.19018563468891514	43.475755677780704	0.366703970374895	-2.648250714662111	0.1882229919375051	-12.901770137091894	0.18788339642194077	7.3544	0.4392	225.97806409875597	9.932757883426824	7.919679164865213	0.07077450917138736	207.12532674122363	5.37224904718838	13.344
52.87385176771859	0.19018563468891514	43.624954610944094	0.2923627464141115	-2.61729800519637	0.27322766330462245	-12.901770137091894	0.18788339642194077	7.527	0.4721	229.6234377590271	8.659167977867934	7.899427725950332	0.06835843215860227	206.50195103662764	6.658045140462009	13.344
52.87385176771859	0.19018563468891514	43.475755677780704	0.366703970374895	-2.648250714662111	0.1882229919375051	-12.901770137091894	0.18788339642194077	7.3544	0.4392	225.97806409875597	9.932757883426824	7.919679164865213	0.07077450917138736	207.12532674122363	5.37224904718838	13.344
52.87385176771859	0.19018563468891514	43.43846936410725	0.3629160282451154	-2.61729800519637	0.27322766330462245	-12.901770137091894	0.18788339642194077	7.2681	0.3945	225.08505429577423	9.774281592557221	7.931413442690892	0.07823134528552986	206.50195103662764	6.658045140462009	13.344
52.87385176771859	0.19018563468891514	43.326642611521095	0.2922335162759156	-2.648250714662111	0.1882229919375051	-12.901770137091894	0.18788339642194077	7.1818	0.3216	222.44862617675312	8.12396964526294	7.945365524498218	0.060072751571527735	207.12532674122363	5.37224904718838	13.344
52.87385176771859	0.19018563468891514	43.40118841594943	0.3511129442271852	-2.648250714662111	0.1882229919375051	-12.901770137091894	0.18788339642194077	7.1818	0.3216	224.20620783835446	9.451244181901064	7.932751289746846	0.06862765646549539	207.13179940768427	5.372416929971104	13.344416999999998
52.87385176771859	0.19018563468891514	43.43846936410725	0.3629160282451154	-2.648250714662111	0.1882229919375051	-12.901770137091894	0.18788339642194077	7.3544	0.4392	225.08505429577423	9.774281592557221	7.926086555997181	0.0703101349324715	207.12532674122363	5.37224904718838	13.344
52.87385176771859	0.19018563468891514	43.43846936410725	0.3629160282451154	-2.648250714662111	0.1882229919375051	-12.901770137091894	0.18788339642194077	7.6133	0.4642	225.08505429577423	9.774281592557221	7.926086555997181	0.0703101349324715	207.12532674122363	5.37224904718838	13.344
52.87385176771859	0.19018563468891514	43.55034440633649	0.3512114579259468	-2.648250714662111	0.1882229919375051	-12.901770137091894	0.18788339642194077	7.3544	0.4392	227.78590484251293	9.75787355650143	7.906892654844077	0.06819796149158644	207.12532674122363	5.37224904718838	13.344
52.87385176771859	0.19018563468891514	43.624954610944094	0.2923627464141115	-2.648250714662111	0.1882229919375051	-12.901770137091894	0.18788339642194077	7.1818	0.3216	229.6234377590271	8.659167977867934	7.89414370273157	0.05931923553157814	207.12532674122363	5.37224904718838	13.344
52.87385176771859	0.19018563468891514	43.55034440633649	0.3512114579259468	-2.648250714662111	0.1882229919375051	-12.901770137091894	0.18788339642194077	7.3544	0.4392	227.78590484251293	9.75787355650143	7.906892654844077	0.06819796149158644	207.12532674122363	5.37224904718838	13.344
52.87385176771859	0.19018563468891514	43.55034440633649	0.3512114579259468	-2.648250714662111	0.1882229919375051	-12.901770137091894	0.18788339642194077	7.1818	0.3216	227.78590484251293	9.75787355650143	7.906892654844077	0.06819796149158644	207.12532674122363	5.37224904718838	13.344
52.87385176771859	0.19018563468891514	43.55034440633649	0.3512114579259468	-2.648250714662111	0.1882229919375051	-12.901770137091894	0.18788339642194077	7.3544	0.4392	227.78590484251293	9.75787355650143	7.906892654844077	0.06819796149158644	207.12532674122363	5.37224904718838	13.344
52.87385176771859	0.19018563468891514	43.58764682355077	0.32954413605597066	-2.61729800519637	0.27322766330462245	-12.901770137091894	0.18788339642194077	7.2681	0.3945	228.70091424722176	9.370630076377596	7.905806051283713	0.07324582640023079	206.50195103662764	6.658045140462009	13.344
