22.272177783685994	0.2831260487768191	11.113711155203815	0.18869118099894067	2.0352223430603082	0.18838669639084618	-10.204534070780817	0.18797755548460165	19.1777	0.2326	190.19061882100596	5.799261439103263	42.07775424679172	1.2358199095329923	173.3887179948021	3.770002911576894	13.3344
22.272177783685994	0.2831260487768191	11.113711155203815	0.18869118099894067	2.0352223430603082	0.18838669639084618	-10.204534070780817	0.18797755548460165	19.1777	0.2326	190.19061882100596	5.799261439103263	42.07775424679172	1.2358199095329923	173.3887179948021	3.770002911576894	13.3344
22.340669597811505	0.3372199457188306	11.113711155203815	0.18869118099894067	2.0352223430603082	0.18838669639084618	-10.204534070780817	0.18797755548460165	19.1777	0.2326	189.03033123472017	6.506250430332801	42.07775424679172	1.2358199095329923	173.3887179948021	3.770002911576894	13.3344
22.306421330582573	0.31728578989588296	11.113711155203815	0.18869118099894067	2.0352223430603082	0.18838669639084618	-10.204534070780817	0.18797755548460165	19.1777	0.2326	189.60873996656966	6.253607307744996	42.07775424679172	1.2358199095329923	173.3887179948021	3.770002911576894	13.3344
22.374922586353243	0.3480631224496069	11.113711155203815	0.18869118099894067	2.0352223430603082	0.18838669639084618	-10.204534070780817	0.18797755548460165	19.1777	0.2326	188.45536167576898	6.625678291346479	42.07775424679172	1.2358199095329923	173.3887179948021	3.770002911576894	13.3344
22.374922586353243	0.3480631224496069	11.113711155203815	0.18869118099894067	2.0352223430603082	0.18838669639084618	-10.204534070780817	0.18797755548460165	19.1777	0.2326	188.45536167576898	6.625678291346479	42.07775424679172	1.2358199095329923	173.3887179948021	3.770002911576894	13.3344
22.477709889679574	0.3373066590987748	11.113711155203815	0.18869118099894067	2.0352223430603082	0.18838669639084618	-10.204534070780817	0.18797755548460165	19.1777	0.2326	186.75078401110642	6.35152035177608	42.07775424679172	1.2358199095329923	173.3887179948021	3.770002911576894	13.3344
22.237938956140823	0.1891010966875327	11.113711155203815	0.18869118099894067	2.0352223430603082	0.18838669639084618	-10.204534070780817	0.18797755548460165	19.1777	0.2326	190.77599912020955	4.581336555324455	42.07775424679172	1.2358199095329923	173.3887179948021	3.770002911576894	13.3344
22.306421330582573	0.31728578989588296	11.113711155203815	0.18869118099894067	2.0352223430603082	0.18838669639084618	-10.204534070780817	0.18797755548460165	19.1777	0.2326	189.60873996656966	6.253607307744996	42.07775424679172	1.2358199095329923	173.3887179948021	3.770002911576894	13.3344
22.374922586353243	0.3480631224496069	11.113711155203815	0.18869118099894067	2.0352223430603082	0.18838669639084618	-10.204534070780817	0.18797755548460165	19.1777	0.2326	188.45536167576898	6.625678291346479	42.07775424679172	1.2358199095329923	173.3887179948021	3.770002911576894	13.3344
22.409180297190648	0.3515422795435392	11.113711155203815	0.18869118099894067	2.0352223430603082	0.18838669639084618	-10.204534070780817	0.18797755548460165	19.1777	0.2326	187.88380070695104	6.636482552504398	42.07775424679172	1.2358199095329923	173.3887179948021	3.770002911576894	13.3344
22.374922586353243	0.3480631224496069	11.113711155203815	0.18869118099894067	2.0352223430603082	0.18838669639084618	-10.204534070780817	0.18797755548460165	19.1777	0.2326	188.45536167576898	6.625678291346479	42.07775424679172	1.2358199095329923	173.3887179948021	3.770002911576894	13.3344
22.374922586353243	0.3480631224496069	11.113711155203815	0.18869118099894067	2.0352223430603082	0.18838669639084618	-10.204534070780817	0.18797755548460165	19.1777	0.2326	188.45536167576898	6.625678291346479	42.07775424679172	1.2358199095329923	173.3887179948021	3.770002911576894	13.3344
22.340669597811505	0.3372199457188306	11.113711155203815	0.18869118099894067	2.0352223430603082	0.18838669639084618	-10.204534070780817	0.18797755548460165	19.1777	0.2326	189.03033123472017	6.506250430332801	42.07775424679172	1.2358199095329923	173.3887179948021	3.770002911576894	13.3344
22.44344273130514	0.34810946373383944	11.113711155203815	0.18869118099894067	2.0352223430603082	0.18838669639084618	-10.204534070780817	0.18797755548460165	19.1777	0.2326	187.31561810706657	6.546452416979066	42.07775424679172	1.2358199095329923	173.3887179948021	3.770002911576894	13.3344
22.340669597811505	0.3372199457188306	11.113711155203815	0.18869118099894067	2.0352223430603082	0.18838669639084618	-10.204534070780817	0.18797755548460165	19.1777	0.2326	189.03623843257117	6.50645375065875	42.079069176611924	1.2358585289051651	173.39413639223946	3.7701207241678802	13.3348167
22.409180297190648	0.3515422795435392	11.113711155203815	0.18869118099894067	2.0352223430603082	0.18838669639084618	-10.204534070780817	0.18797755548460165	19.1777	0.2326	187.88380070695104	6.636482552504398	42.07775424679172	1.2358199095329923	173.3887179948021	3.770002911576894	13.3344
22.409180297190648	0.3515422795435392	11.113711155203815	0.18869118099894067	2.0352223430603082	0.18838669639084618	-10.204534070780817	0.18797755548460165	19.1777	0.2326	187.88380070695104	6.636482552504398	42.07775424679172	1.2358199095329923	173.3887179948021	3.770002911576894	13.3344
22.409180297190648	0.3515422795435392	11.113711155203815	0.18869118099894067	2.0352223430603082	0.18838669639084618	-10.204534070780817	0.18797755548460165	19.1777	0.2326	187.88380070695104	6.636482552504398	42.07775424679172	1.2358199095329923	173.3887179948021	3.770002911576894	13.3344
22.340669597811505	0.33721994571883057	11.113711155203815	0.18869118099894067	2.0352223430603082	0.18838669639084618	-10.204534070780817	0.18797755548460165	19.1777	0.2326	189.03033123472017	6.506250430332801	42.07775424679172	1.2358199095329923	173.3887179948021	3.770002911576894	13.3344
22.44344273130514	0.34810946373383944	11.113711155203815	0.18869118099894067	2.0352223430603082	0.18838669639084618	-10.204534070780817	0.18797755548460165	19.1777	0.2326	187.30976449400075	6.546247840341035	42.0764393169715	1.2357812901608194	173.38329959736478	3.7698850989859065	13.3339833
22.237938956140823	0.1891010966875327	11.113711155203815	0.18869118099894067	2.0352223430603082	0.18838669639084618	-10.204534070780817	0.18797755548460165	19.1777	0.2326	190.77599912020955	4.581336555324455	42.07775424679172	1.2358199095329923	173.3887179948021	3.770002911576894	13.3344
22.272177783685994	0.2831260487768191	11.113711155203815	0.18869118099894067	2.0352223430603082	0.18838669639084618	-10.204534070780817	0.18797755548460165	19.1777	0.2326	190.19061882100596	5.799261439103263	42.07775424679172	1.2358199095329923	173.3887179948021	3.770002911576894	13.3344
22.374922586353243	0.3480631224496069	11.113711155203815	0.18869118099894067	2.0352223430603082	0.18838669639084618	-10.204534070780817	0.18797755548460165	19.1777	0.2326	188.45536167576898	6.625678291346479	42.07775424679172	1.2358199095329923	173.3887179948021	3.770002911576894	13.3344
22.374922586353243	0.3480631224496069	11.113711155203815	0.18869118099894067	2.0352223430603082	0.18838669639084618	-10.204534070780817	0.18797755548460165	19.1777	0.2326	188.45536167576898	6.625678291346479	42.07775424679172	1.2358199095329923	173.3887179948021	3.770002911576894	13.3344
22.409180297190648	0.3515422795435392	11.113711155203815	0.18869118099894067	2.0352223430603082	0.18838669639084618	-10.204534070780817	0.18797755548460165	19.1777	0.2326	187.88380070695104	6.636482552504398	42.07775424679172	1.2358199095329923	173.3887179948021	3.770002911576894	13.3344
22.374922586353243	0.3480631224496069	11.113711155203815	0.18869118099894067	2.0352223430603082	0.18838669639084618	-10.204534070780817	0.18797755548460165	19.1777	0.2326	188.45536167576898	6.625678291346479	42.07775424679172	1.2358199095329923	173.3887179948021	3.770002911576894	13.3344
22.409180297190648	0.3515422795435392	11.113711155203815	0.18869118099894067	2.0352223430603082	0.18838669639084618	-10.204534070780817	0.18797755548460165	19.1777	0.2326	187.88380070695104	6.636482552504398	42.07775424679172	1.2358199095329923	173.3887179948021	3.770002911576894	13.3344
22.44344273130514	0.34810946373383955	11.113711155203815	0.18869118099894067	2.0352223430603082	0.18838669639084618	-10.204534070780817	0.18797755548460165	19.1777	0.2326	187.31561810706657	6.546452416979068	42.07775424679172	1.2358199095329923	173.3887179948021	3.770002911576894	13.3344
22.44344273130514	0.34810946373383944	11.113711155203815	0.18869118099894067	2.0352223430603082	0.18838669639084618	-10.204534070780817	0.18797755548460165	19.1777	0.2326	187.31561810706657	6.546452416979066	42.07775424679172	1.2358199095329923	173.3887179948021	3.770002911576894	13.3344
22.340669597811505	0.3372199457188306	11.113711155203815	0.18869118099894067	2.0352223430603082	0.18838669639084618	-10.204534070780817	0.18797755548460165	19.1777	0.2326	189.03033123472017	6.506250430332801	42.07775424679172	1.2358199095329923	173.3887179948021	3.770002911576894	13.3344
22.340669597811505	0.3372199457188306	11.113711155203815	0.18869118099894067	2.0352223430603082	0.18838669639084618	-10.204534070780817	0.18797755548460165	19.1777	0.2326	189.03033123472017	6.506250430332801	42.07775424679172	1.2358199095329923	173.3887179948021	3.770002911576894	13.3344
22.306421330582573	0.31728578989588296	11.113711155203815	0.18869118099894067	2.0352223430603082	0.18838669639084618	-10.204534070780817	0.18797755548460165	19.1777	0.2326	189.60873996656966	6.253607307744996	42.07775424679172	1.2358199095329923	173.3887179948021	3.770002911576894	13.3344
22.306421330582573	0.31728578989588296	11.113711155203815	0.18869118099894067	2.0352223430603082	0.18838669639084618	-10.204534070780817	0.18797755548460165	19.1777	0.2326	189.60873996656966	6.253607307744996	42.07775424679172	1.2358199095329923	173.3887179948021	3.770002911576894	13.3344
22.44344273130514	0.34810946373383944	11.113711155203815	0.18869118099894067	2.0352223430603082	0.18838669639084618	-10.204534070780817	0.18797755548460165	19.1777	0.2326	187.31561810706657	6.546452416979066	42.07775424679172	1.2358199095329923	173.3887179948021	3.770002911576894	13.3344
22.340669597811505	0.33721994571883057	11.113711155203815	0.18869118099894067	2.0352223430603082	0.18838669639084618	-10.204534070780817	0.18797755548460165	19.1777	0.2326	189.03033123472017	6.506250430332801	42.07775424679172	1.2358199095329923	173.3887179948021	3.770002911576894	13.3344
22.409180297190648	0.3515422795435392	11.113711155203815	0.18869118099894067	2.0352223430603082	0.18838669639084618	-10.204534070780817	0.18797755548460165	19.1777	0.2326	187.88380070695104	6.636482552504398	42.07775424679172	1.2358199095329923	173.3887179948021	3.770002911576894	13.3344
22.409180297190648	0.3515422795435392	11.113711155203815	0.18869118099894067	2.0352223430603082	0.18838669639084618	-10.204534070780817	0.18797755548460165	19.1777	0.2326	187.88380070695104	6.636482552504398	42.07775424679172	1.2358199095329923	173.3887179948021	3.770002911576894	13.3344
22.374922586353243	0.3480631224496069	11.113711155203815	0.18869118099894067	2.0352223430603082	0.18838669639084618	-10.204534070780817	0.18797755548460165	19.1777	0.2326	188.45536167576898	6.625678291346479	42.07775424679172	1.2358199095329923	173.3887179948021	3.770002911576894	13.3344
22.374922586353243	0.3480631224496069	11.113711155203815	0.18869118099894067	2.0352223430603082	0.18838669639084618	-10.204534070780817	0.18797755548460165	19.1777	0.2326	188.45536167576898	6.625678291346479	42.07775424679172	1.2358199095329923	173.3887179948021	3.770002911576894	13.3344
22.306421330582573	0.31728578989588296	11.113711155203815	0.18869118099894067	2.0352223430603082	0.18838669639084618	-10.204534070780817	0.18797755548460165	19.1777	0.2326	189.60873996656966	6.253607307744996	42.07775424679172	1.2358199095329923	173.3887179948021	3.770002911576894	13.3344
22.409180297190648	0.3515422795435392	11.113711155203815	0.18869118099894067	2.0352223430603082	0.18838669639084618	-10.204534070780817	0.18797755548460165	19.1777	0.2326	187.88380070695104	6.636482552504398	42.07775424679172	1.2358199095329923	173.3887179948021	3.770002911576894	13.3344
22.340669597811505	0.3372199457188306	11.113711155203815	0.18869118099894067	2.0352223430603082	0.18838669639084618	-10.204534070780817	0.18797755548460165	19.1777	0.2326	189.03033123472017	6.506250430332801	42.07775424679172	1.2358199095329923	173.3887179948021	3.770002911576894	13.3344
22.340669597811505	0.3372199457188306	11.113711155203815	0.18869118099894067	2.0352223430603082	0.18838669639084618	-10.204534070780817	0.18797755548460165	19.1777	0.2326	189.03033123472017	6.506250430332801	42.07775424679172	1.2358199095329923	173.3887179948021	3.770002911576894	13.3344
22.374922586353243	0.3480631224496069	11.113711155203815	0.18869118099894067	2.0352223430603082	0.18838669639084618	-10.204534070780817	0.18797755548460165	19.1777	0.2326	188.45536167576898	6.625678291346479	42.07775424679172	1.2358199095329923	173.3887179948021	3.770002911576894	13.3344
22.44344273130514	0.34810946373383955	11.113711155203815	0.18869118099894067	2.0352223430603082	0.18838669639084618	-10.204534070780817	0.18797755548460165	19.1777	0.2326	187.31561810706657	6.546452416979068	42.07775424679172	1.2358199095329923	173.3887179948021	3.770002911576894	13.3344
22.44344273130514	0.34810946373383944	11.113711155203815	0.18869118099894067	2.0352223430603082	0.18838669639084618	-10.204534070780817	0.18797755548460165	19.1777	0.2326	187.31561810706657	6.546452416979066	42.07775424679172	1.2358199095329923	173.3887179948021	3.770002911576894	13.3344
22.374922586353243	0.3480631224496069	11.113711155203815	0.18869118099894067	2.0352223430603082	0.18838669639084618	-10.204534070780817	0.18797755548460165	19.1777	0.2326	188.45536167576898	6.625678291346479	42.07775424679172	1.2358199095329923	173.3887179948021	3.770002911576894	13.3344
22.306421330582573	0.31728578989588296	11.113711155203815	0.18869118099894067	2.0352223430603082	0.18838669639084618	-10.204534070780817	0.18797755548460165	19.1777	0.2326	189.60873996656966	6.253607307744996	42.07775424679172	1.2358199095329923	173.3887179948021	3.770002911576894	13.3344
22.374922586353243	0.3480631224496069	11.113711155203815	0.18869118099894067	2.0352223430603082	0.18838669639084618	-10.204534070780817	0.18797755548460165	19.1777	0.2326	188.45536167576898	6.625678291346479	42.07775424679172	1.2358199095329923	173.3887179948021	3.770002911576894	13.3344
22.44344273130514	0.34810946373383944	11.113711155203815	0.18869118099894067	2.0352223430603082	0.18838669639084618	-10.204534070780817	0.18797755548460165	19.1777	0.2326	187.31561810706657	6.546452416979066	42.07775424679172	1.2358199095329923	173.3887179948021	3.770002911576894	13.3344
22.44344273130514	0.34810946373383955	11.113711155203815	0.18869118099894067	2.0352223430603082	0.18838669639084618	-10.204534070780817	0.18797755548460165	19.1777	0.2326	187.30976449400075	6.546247840341037	42.0764393169715	1.2357812901608194	173.38329959736478	3.7698850989859065	13.3339833
22.409180297190648	0.3515422795435392	11.113711155203815	0.18869118099894067	2.0352223430603082	0.18838669639084618	-10.204534070780817	0.18797755548460165	19.1777	0.2326	187.88380070695104	6.636482552504398	42.07775424679172	1.2358199095329923	173.3887179948021	3.770002911576894	13.3344
22.409180297190648	0.3515422795435392	11.113711155203815	0.18869118099894067	2.0352223430603082	0.18838669639084618	-10.204534070780817	0.18797755548460165	19.1777	0.2326	187.88380070695104	6.636482552504398	42.07775424679172	1.2358199095329923	173.3887179948021	3.770002911576894	13.3344
22.44344273130514	0.34810946373383944	11.113711155203815	0.18869118099894067	2.0352223430603082	0.18838669639084618	-10.204534070780817	0.18797755548460165	19.1777	0.2326	187.31561810706657	6.546452416979066	42.07775424679172	1.2358199095329923	173.3887179948021	3.770002911576894	13.3344
22.374922586353243	0.3480631224496069	11.113711155203815	0.18869118099894067	2.0352223430603082	0.18838669639084618	-10.204534070780817	0.18797755548460165	19.1777	0.2326	188.45536167576898	6.625678291346479	42.07775424679172	1.2358199095329923	173.3887179948021	3.770002911576894	13.3344
22.340669597811505	0.3372199457188306	11.113711155203815	0.18869118099894067	2.0352223430603082	0.18838669639084618	-10.204534070780817	0.18797755548460165	19.1777	0.2326	189.03033123472017	6.506250430332801	42.07775424679172	1.2358199095329923	173.3887179948021	3.770002911576894	13.3344
22.374922586353243	0.3480631224496069	11.113711155203815	0.18869118099894067	2.0352223430603082	0.18838669639084618	-10.204534070780817	0.18797755548460165	19.1777	0.2326	188.45536167576898	6.625678291346479	42.07775424679172	1.2358199095329923	173.3887179948021	3.770002911576894	13.3344
22.340669597811505	0.3372199457188306	11.113711155203815	0.18869118099894067	2.0352223430603082	0.18838669639084618	-10.204534070780817	0.18797755548460165	19.1777	0.2326	189.03033123472017	6.506250430332801	42.07775424679172	1.2358199095329923	173.3887179948021	3.770002911576894	13.3344
22.272177783685994	0.2831260487768191	11.113711155203815	0.18869118099894067	2.0352223430603082	0.18838669639084618	-10.204534070780817	0.18797755548460165	19.1777	0.2326	190.19061882100596	5.799261439103263	42.07775424679172	1.2358199095329923	173.3887179948021	3.770002911576894	13.3344
22.409180297190648	0.3515422795435392	11.113711155203815	0.18869118099894067	2.0352223430603082	0.18838669639084618	-10.204534070780817	0.18797755548460165	19.1777	0.2326	187.88380070695104	6.636482552504398	42.07775424679172	1.2358199095329923	173.3887179948021	3.770002911576894	13.3344
22.409180297190648	0.3515422795435392	11.113711155203815	0.18869118099894067	2.0352223430603082	0.18838669639084618	-10.204534070780817	0.18797755548460165	19.1777	0.2326	187.88380070695104	6.636482552504398	42.07775424679172	1.2358199095329923	173.3887179948021	3.770002911576894	13.3344
22.409180297190648	0.3515422795435392	11.113711155203815	0.18869118099894067	2.0352223430603082	0.18838669639084618	-10.204534070780817	0.18797755548460165	19.1777	0.2326	187.88380070695104	6.636482552504398	42.07775424679172	1.2358199095329923	173.3887179948021	3.770002911576894	13.3344
22.374922586353243	0.3480631224496069	11.113711155203815	0.18869118099894067	2.0352223430603082	0.18838669639084618	-10.204534070780817	0.18797755548460165	19.1777	0.2326	188.45536167576898	6.625678291346479	42.07775424679172	1.2358199095329923	173.3887179948021	3.770002911576894	13.3344
22.409180297190648	0.3515422795435392	11.113711155203815	0.18869118099894067	2.0352223430603082	0.18838669639084618	-10.204534070780817	0.18797755548460165	19.1777	0.2326	187.88380070695104	6.636482552504398	42.07775424679172	1.2358199095329923	173.3887179948021	3.770002911576894	13.3344
22.374922586353243	0.3480631224496069	11.113711155203815	0.18869118099894067	2.0352223430603082	0.18838669639084618	-10.204534070780817	0.18797755548460165	19.1777	0.2326	188.45536167576898	6.625678291346479	42.07775424679172	1.2358199095329923	173.3887179948021	3.770002911576894	13.3344
22.374922586353243	0.3480631224496069	11.113711155203815	0.18869118099894067	2.0352223430603082	0.18838669639084618	-10.204534070780817	0.18797755548460165	19.1777	0.2326	188.46125090582134	6.625885343793083	42.079069176611924	1.2358585289051651	173.39413639223946	3.7701207241678802	13.3348167
22.409180297190648	0.3515422795435392	11.113711155203815	0.18869118099894067	2.0352223430603082	0.18838669639084618	-10.204534070780817	0.18797755548460165	19.1777	0.2326	187.87792933817894	6.6362751624246314	42.0764393169715	1.2357812901608194	173.38329959736478	3.7698850989859065	13.3339833
22.51198177329537	0.3173993792510697	11.113711155203815	0.18869118099894067	2.0352223430603082	0.18838669639084618	-10.204534070780817	0.18797755548460165	19.1777	0.2326	186.18926890506665	6.031676525608067	42.07775424679172	1.2358199095329923	173.3887179948021	3.770002911576894	13.3344
22.272177783685994	0.2831260487768191	11.113711155203815	0.18869118099894067	2.0352223430603082	0.18838669639084618	-10.204534070780817	0.18797755548460165	19.1777	0.2326	190.19061882100596	5.799261439103263	42.07775424679172	1.2358199095329923	173.3887179948021	3.770002911576894	13.3344
22.44344273130514	0.34810946373383944	11.113711155203815	0.18869118099894067	2.0352223430603082	0.18838669639084618	-10.204534070780817	0.18797755548460165	19.1777	0.2326	187.31561810706657	6.546452416979066	42.07775424679172	1.2358199095329923	173.3887179948021	3.770002911576894	13.3344
22.374922586353243	0.3480631224496069	11.113711155203815	0.18869118099894067	2.0352223430603082	0.18838669639084618	-10.204534070780817	0.18797755548460165	19.1777	0.2326	188.45536167576898	6.625678291346479	42.07775424679172	1.2358199095329923	173.3887179948021	3.770002911576894	13.3344
22.374922586353243	0.3480631224496069	11.113711155203815	0.18869118099894067	2.0352223430603082	0.18838669639084618	-10.204534070780817	0.18797755548460165	19.1777	0.2326	188.45536167576898	6.625678291346479	42.07775424679172	1.2358199095329923	173.3887179948021	3.770002911576894	13.3344
22.306421330582573	0.31728578989588296	11.113711155203815	0.18869118099894067	2.0352223430603082	0.18838669639084618	-10.204534070780817	0.18797755548460165	19.1777	0.2326	189.60873996656966	6.253607307744996	42.07775424679172	1.2358199095329923	173.3887179948021	3.770002911576894	13.3344
22.477709889679574	0.3373066590987748	11.113711155203815	0.18869118099894067	2.0352223430603082	0.18838669639084618	-10.204534070780817	0.18797755548460165	19.1777	0.2326	186.75078401110642	6.35152035177608	42.07775424679172	1.2358199095329923	173.3887179948021	3.770002911576894	13.3344
22.44344273130514	0.34810946373383944	11.113711155203815	0.18869118099894067	2.0352223430603082	0.18838669639084618	-10.204534070780817	0.18797755548460165	19.1777	0.2326	187.31561810706657	6.546452416979066	42.07775424679172	1.2358199095329923	173.3887179948021	3.770002911576894	13.3344
22.374922586353243	0.3480631224496069	11.113711155203815	0.18869118099894067	2.0352223430603082	0.18838669639084618	-10.204534070780817	0.18797755548460165	19.1777	0.2326	188.45536167576898	6.625678291346479	42.07775424679172	1.2358199095329923	173.3887179948021	3.770002911576894	13.3344
22.374922586353243	0.3480631224496069	11.113711155203815	0.18869118099894067	2.0352223430603082	0.18838669639084618	-10.174619564998272	0.27010324258691254	19.1777	0.2326	188.45536167576898	6.625678291346479	42.07775424679172	1.2358199095329923	173.81352593630876	4.6879062095481085	13.3344
22.374922586353243	0.3480631224496069	11.113711155203815	0.18869118099894067	2.0352223430603082	0.18838669639084618	-10.204534070780817	0.18797755548460165	19.1777	0.2326	188.45536167576898	6.625678291346479	42.07775424679172	1.2358199095329923	173.3887179948021	3.770002911576894	13.3344
22.374922586353243	0.3480631224496069	11.113711155203815	0.18869118099894067	2.0352223430603082	0.18838669639084618	-10.204534070780817	0.18797755548460165	19.1777	0.2326	188.46125090582134	6.625885343793083	42.079069176611924	1.2358585289051651	173.39413639223946	3.7701207241678802	13.3348167
22.374922586353243	0.3480631224496069	11.113711155203815	0.18869118099894067	2.0352223430603082	0.18838669639084618	-10.204534070780817	0.18797755548460165	19.1777	0.2326	188.45536167576898	6.625678291346479	42.07775424679172	1.2358199095329923	173.3887179948021	3.770002911576894	13.3344
22.306421330582573	0.31728578989588296	11.113711155203815	0.18869118099894067	2.0352223430603082	0.18838669639084618	-10.204534070780817	0.18797755548460165	19.1777	0.2326	189.60873996656966	6.253607307744996	42.07775424679172	1.2358199095329923	173.3887179948021	3.770002911576894	13.3344
22.306421330582573	0.31728578989588296	11.113711155203815	0.18869118099894067	2.0352223430603082	0.18838669639084618	-10.204534070780817	0.18797755548460165	19.1777	0.2326	189.60873996656966	6.253607307744996	42.07775424679172	1.2358199095329923	173.3887179948021	3.770002911576894	13.3344
22.272177783685994	0.2831260487768191	11.113711155203815	0.18869118099894067	2.0352223430603082	0.18838669639084618	-10.204534070780817	0.18797755548460165	19.1777	0.2326	190.19061882100596	5.799261439103263	42.07775424679172	1.2358199095329923	173.3887179948021	3.770002911576894	13.3344
22.272177783685994	0.2831260487768191	11.113711155203815	0.18869118099894067	2.0352223430603082	0.18838669639084618	-10.204534070780817	0.18797755548460165	19.1777	0.2326	190.19061882100596	5.799261439103263	42.07775424679172	1.2358199095329923	173.3887179948021	3.770002911576894	13.3344
22.306421330582573	0.31728578989588296	11.113711155203815	0.18869118099894067	2.0352223430603082	0.18838669639084618	-10.204534070780817	0.18797755548460165	19.1777	0.2326	189.6028146934457	6.2534118825166285	42.0764393169715	1.2357812901608194	173.38329959736478	3.7698850989859065	13.3339833
22.374922586353243	0.3480631224496069	11.113711155203815	0.18869118099894067	2.0352223430603082	0.18838669639084618	-10.204534070780817	0.18797755548460165	19.1777	0.2326	188.4494724457166	6.625471238899874	42.0764393169715	1.2357812901608194	173.38329959736478	3.7698850989859065	13.3339833
22.44344273130514	0.34810946373383955	11.113711155203815	0.18869118099894067	2.0352223430603082	0.18838669639084618	-10.204534070780817	0.18797755548460165	19.1777	0.2326	187.31561810706657	6.546452416979068	42.07775424679172	1.2358199095329923	173.3887179948021	3.770002911576894	13.3344
22.306421330582573	0.31728578989588296	11.113711155203815	0.18869118099894067	2.0352223430603082	0.18838669639084618	-10.204534070780817	0.18797755548460165	19.1777	0.2326	189.60873996656966	6.253607307744996	42.07775424679172	1.2358199095329923	173.3887179948021	3.770002911576894	13.3344
22.374922586353243	0.3480631224496069	11.113711155203815	0.18869118099894067	2.0352223430603082	0.18838669639084618	-10.204534070780817	0.18797755548460165	19.1777	0.2326	188.45536167576898	6.625678291346479	42.07775424679172	1.2358199095329923	173.3887179948021	3.770002911576894	13.3344
22.340669597811505	0.33721994571883057	11.113711155203815	0.18869118099894067	2.0352223430603082	0.18838669639084618	-10.204534070780817	0.18797755548460165	19.1777	0.2326	189.03033123472017	6.506250430332801	42.07775424679172	1.2358199095329923	173.3887179948021	3.770002911576894	13.3344
22.44344273130514	0.34810946373383955	11.113711155203815	0.18869118099894067	2.0352223430603082	0.18838669639084618	-10.204534070780817	0.18797755548460165	19.1777	0.2326	187.31561810706657	6.546452416979068	42.07775424679172	1.2358199095329923	173.3887179948021	3.770002911576894	13.3344
22.374922586353243	0.3480631224496069	11.113711155203815	0.18869118099894067	2.0352223430603082	0.18838669639084618	-10.204534070780817	0.18797755548460165	19.1777	0.2326	188.45536167576898	6.625678291346479	42.07775424679172	1.2358199095329923	173.3887179948021	3.770002911576894	13.3344
22.409180297190648	0.3515422795435392	11.113711155203815	0.18869118099894067	2.0352223430603082	0.18838669639084618	-10.204534070780817	0.18797755548460165	19.1777	0.2326	187.88967207572313	6.636689942584162	42.079069176611924	1.2358585289051651	173.39413639223946	3.7701207241678802	13.3348167
22.51198177329537	0.3173993792510697	11.113711155203815	0.18869118099894067	2.0352223430603082	0.18838669639084618	-10.204534070780817	0.18797755548460165	19.1777	0.2326	186.18926890506665	6.031676525608067	42.07775424679172	1.2358199095329923	173.3887179948021	3.770002911576894	13.3344
22.272177783685994	0.2831260487768191	11.113711155203815	0.18869118099894067	2.0352223430603082	0.18838669639084618	-10.204534070780817	0.18797755548460165	19.1777	0.2326	190.19061882100596	5.799261439103263	42.07775424679172	1.2358199095329923	173.3887179948021	3.770002911576894	13.3344
22.44344273130514	0.34810946373383944	11.113711155203815	0.18869118099894067	2.0352223430603082	0.18838669639084618	-10.204534070780817	0.18797755548460165	19.1777	0.2326	187.30976449400075	6.546247840341035	42.0764393169715	1.2357812901608194	173.38329959736478	3.7698850989859065	13.3339833
22.374922586353243	0.3480631224496069	11.113711155203815	0.18869118099894067	2.0352223430603082	0.18838669639084618	-10.204534070780817	0.18797755548460165	19.1777	0.2326	188.45536167576898	6.625678291346479	42.07775424679172	1.2358199095329923	173.3887179948021	3.770002911576894	13.3344
22.340669597811505	0.3372199457188306	11.113711155203815	0.18869118099894067	2.0352223430603082	0.18838669639084618	-10.204534070780817	0.18797755548460165	19.1777	0.2326	189.03033123472017	6.506250430332801	42.07775424679172	1.2358199095329923	173.3887179948021	3.770002911576894	13.3344
22.3421605783862	0.35422343182727306	11.147153807311236	0.280716778134507	2.0669090757146003	0.2754416078005434	-10.175147426228706	0.268531148560287	19.1777	0.2326	189.56984274881225	7.6533878117933085	42.06961733535266	1.8221076645938024	173.3561410068386	5.447309410252099	13.3344
