22.306421330582573	0.31728578989588296	11.113711155203815	0.18869118099894067	2.0352223430603082	0.18838669639084618	-10.204534070780817	0.18797755548460165	19.1777	0.2326	189.60873996656966	6.253607307744996	42.07775424679172	1.2358199095329923	173.3887179948021	3.770002911576894	13.3344
22.44344273130514	0.34810946373383955	11.113711155203815	0.18869118099894067	2.0352223430603082	0.18838669639084618	-10.204534070780817	0.18797755548460165	19.1777	0.2326	187.31561810706657	6.546452416979068	42.07775424679172	1.2358199095329923	173.3887179948021	3.770002911576894	13.3344
22.51198177329537	0.3173993792510697	11.113711155203815	0.18869118099894067	2.0352223430603082	0.18838669639084618	-10.204534070780817	0.18797755548460165	19.1777	0.2326	186.18926890506665	6.031676525608067	42.07775424679172	1.2358199095329923	173.3887179948021	3.770002911576894	13.3344
22.58053972018441	0.18911316595000988	11.113711155203815	0.18869118099894067	2.0352223430603082	0.18838669639084618	-10.204534070780817	0.18797755548460165	19.1777	0.2326	185.0760793307596	4.311805823716361	42.07775424679172	1.2358199095329923	173.3887179948021	3.770002911576894	13.3344
22.51198177329537	0.3173993792510697	11.113711155203815	0.18869118099894067	2.0352223430603082	0.18838669639084618	-10.204534070780817	0.18797755548460165	19.1777	0.2326	186.18926890506665	6.031676525608067	42.07775424679172	1.2358199095329923	173.3887179948021	3.770002911576894	13.3344
22.546258383135868	0.28323981724662173	11.113711155203815	0.18869118099894067	2.0352223430603082	0.18838669639084618	-10.204534070780817	0.18797755548460165	19.1777	0.2326	185.63104362075262	5.526072110805603	42.07775424679172	1.2358199095329923	173.3887179948021	3.770002911576894	13.3344
22.546258383135868	0.28323981724662173	11.113711155203815	0.18869118099894067	2.0352223430603082	0.18838669639084618	-10.204534070780817	0.18797755548460165	19.1777	0.2326	185.63104362075262	5.526072110805603	42.07775424679172	1.2358199095329923	173.3887179948021	3.770002911576894	13.3344
22.58053972018441	0.18911316595000988	11.113711155203815	0.18869118099894067	2.0352223430603082	0.18838669639084618	-10.204534070780817	0.18797755548460165	19.1777	0.2326	185.0760793307596	4.311805823716361	42.07775424679172	1.2358199095329923	173.3887179948021	3.770002911576894	13.3344
22.546258383135868	0.28323981724662173	11.113711155203815	0.18869118099894067	2.0352223430603082	0.18838669639084618	-10.204534070780817	0.18797755548460165	19.1777	0.2326	185.63104362075262	5.526072110805603	42.07775424679172	1.2358199095329923	173.3887179948021	3.770002911576894	13.3344
22.58053972018441	0.18911316595000988	11.113711155203815	0.18869118099894067	2.0352223430603082	0.18838669639084618	-10.204534070780817	0.18797755548460165	19.1777	0.2326	185.0760793307596	4.311805823716361	42.07775424679172	1.2358199095329923	173.3887179948021	3.770002911576894	13.3344
22.51198177329537	0.3173993792510697	11.113711155203815	0.18869118099894067	2.0352223430603082	0.18838669639084618	-10.204534070780817	0.18797755548460165	19.1777	0.2326	186.18926890506665	6.031676525608067	42.07775424679172	1.2358199095329923	173.3887179948021	3.770002911576894	13.3344
22.477709889679574	0.3373066590987748	11.113711155203815	0.18869118099894067	2.0352223430603082	0.18838669639084618	-10.204534070780817	0.18797755548460165	19.1777	0.2326	186.75078401110642	6.35152035177608	42.07775424679172	1.2358199095329923	173.3887179948021	3.770002911576894	13.3344
22.51198177329537	0.3173993792510697	11.113711155203815	0.18869118099894067	2.0352223430603082	0.18838669639084618	-10.204534070780817	0.18797755548460165	19.1777	0.2326	186.18926890506665	6.031676525608067	42.07775424679172	1.2358199095329923	173.3887179948021	3.770002911576894	13.3344
22.477709889679574	0.3373066590987748	11.113711155203815	0.18869118099894067	2.0352223430603082	0.18838669639084618	-10.204534070780817	0.18797755548460165	19.1777	0.2326	186.75078401110642	6.35152035177608	42.07775424679172	1.2358199095329923	173.3887179948021	3.770002911576894	13.3344
22.477709889679574	0.3373066590987748	11.113711155203815	0.18869118099894067	2.0352223430603082	0.18838669639084618	-10.204534070780817	0.18797755548460165	19.1777	0.2326	186.74494804910609	6.351321866765088	42.0764393169715	1.2357812901608194	173.38329959736478	3.7698850989859065	13.3339833
22.477709889679574	0.3373066590987748	11.113711155203815	0.18869118099894067	2.0352223430603082	0.18838669639084618	-10.204534070780817	0.18797755548460165	19.1777	0.2326	186.75078401110642	6.35152035177608	42.07775424679172	1.2358199095329923	173.3887179948021	3.770002911576894	13.3344
22.58053972018441	0.18911316595000988	11.113711155203815	0.18869118099894067	2.0352223430603082	0.18838669639084618	-10.204534070780817	0.18797755548460165	19.1777	0.2326	185.0760793307596	4.311805823716361	42.07775424679172	1.2358199095329923	173.3887179948021	3.770002911576894	13.3344
22.51198177329537	0.3173993792510697	11.113711155203815	0.18869118099894067	2.0352223430603082	0.18838669639084618	-10.204534070780817	0.18797755548460165	19.1777	0.2326	186.18926890506665	6.031676525608067	42.07775424679172	1.2358199095329923	173.3887179948021	3.770002911576894	13.3344
22.546258383135868	0.28323981724662173	11.113711155203815	0.18869118099894067	2.0352223430603082	0.18838669639084618	-10.204534070780817	0.18797755548460165	19.1777	0.2326	185.63104362075262	5.526072110805603	42.07775424679172	1.2358199095329923	173.3887179948021	3.770002911576894	13.3344
22.51198177329537	0.3173993792510697	11.113711155203815	0.18869118099894067	2.0352223430603082	0.18838669639084618	-10.204534070780817	0.18797755548460165	19.1777	0.2326	186.18926890506665	6.031676525608067	42.07775424679172	1.2358199095329923	173.3887179948021	3.770002911576894	13.3344
22.374922586353243	0.3480631224496069	11.113711155203815	0.18869118099894067	2.0352223430603082	0.18838669639084618	-10.204534070780817	0.18797755548460165	19.1777	0.2326	188.45536167576898	6.625678291346479	42.07775424679172	1.2358199095329923	173.3887179948021	3.770002911576894	13.3344
22.51198177329537	0.3173993792510697	11.113711155203815	0.18869118099894067	2.0352223430603082	0.18838669639084618	-10.204534070780817	0.18797755548460165	19.1777	0.2326	186.18345049041338	6.031488035716642	42.0764393169715	1.2357812901608194	173.38329959736478	3.7698850989859065	13.3339833
22.51198177329537	0.3173993792510697	11.113711155203815	0.18869118099894067	2.0352223430603082	0.18838669639084618	-10.204534070780817	0.18797755548460165	19.1777	0.2326	186.19508731971996	6.031865015499493	42.079069176611924	1.2358585289051651	173.39413639223946	3.7701207241678802	13.3348167
22.409180297190648	0.3515422795435392	11.113711155203815	0.18869118099894067	2.0352223430603082	0.18838669639084618	-10.204534070780817	0.18797755548460165	19.1777	0.2326	187.88380070695104	6.636482552504398	42.07775424679172	1.2358199095329923	173.3887179948021	3.770002911576894	13.3344
22.477709889679574	0.3373066590987748	11.113711155203815	0.18869118099894067	2.0352223430603082	0.18838669639084618	-10.204534070780817	0.18797755548460165	19.1777	0.2326	186.75078401110642	6.35152035177608	42.07775424679172	1.2358199095329923	173.3887179948021	3.770002911576894	13.3344
22.51198177329537	0.3173993792510697	11.113711155203815	0.18869118099894067	2.0352223430603082	0.18838669639084618	-10.204534070780817	0.18797755548460165	19.1777	0.2326	186.18926890506665	6.031676525608067	42.07775424679172	1.2358199095329923	173.3887179948021	3.770002911576894	13.3344
22.477709889679574	0.3373066590987748	11.113711155203815	0.18869118099894067	2.0352223430603082	0.18838669639084618	-10.204534070780817	0.18797755548460165	19.1777	0.2326	186.75078401110642	6.35152035177608	42.07775424679172	1.2358199095329923	173.3887179948021	3.770002911576894	13.3344
22.58053972018441	0.18911316595000988	11.113711155203815	0.18869118099894067	2.0352223430603082	0.18838669639084618	-10.204534070780817	0.18797755548460165	19.1777	0.2326	185.0760793307596	4.311805823716361	42.07775424679172	1.2358199095329923	173.3887179948021	3.770002911576894	13.3344
22.44344273130514	0.34810946373383944	11.113711155203815	0.18869118099894067	2.0352223430603082	0.18838669639084618	-10.204534070780817	0.18797755548460165	19.1777	0.2326	187.31561810706657	6.546452416979066	42.07775424679172	1.2358199095329923	173.3887179948021	3.770002911576894	13.3344
22.546258383135868	0.28323981724662173	11.113711155203815	0.18869118099894067	2.0352223430603082	0.18838669639084618	-10.204534070780817	0.18797755548460165	19.1777	0.2326	185.63104362075262	5.526072110805603	42.07775424679172	1.2358199095329923	173.3887179948021	3.770002911576894	13.3344
22.51198177329537	0.3173993792510697	11.113711155203815	0.18869118099894067	2.0352223430603082	0.18838669639084618	-10.204534070780817	0.18797755548460165	19.1777	0.2326	186.18926890506665	6.031676525608067	42.07775424679172	1.2358199095329923	173.3887179948021	3.770002911576894	13.3344
22.546258383135868	0.2832398172466218	11.113711155203815	0.18869118099894067	2.0352223430603082	0.18838669639084618	-10.204534070780817	0.18797755548460165	19.1777	0.2326	185.63104362075262	5.526072110805603	42.07775424679172	1.2358199095329923	173.3887179948021	3.770002911576894	13.3344
22.44344273130514	0.34810946373383944	11.113711155203815	0.18869118099894067	2.0352223430603082	0.18838669639084618	-10.204534070780817	0.18797755548460165	19.1777	0.2326	187.31561810706657	6.546452416979066	42.07775424679172	1.2358199095329923	173.3887179948021	3.770002911576894	13.3344
22.477709889679574	0.3373066590987748	11.113711155203815	0.18869118099894067	2.0352223430603082	0.18838669639084618	-10.204534070780817	0.18797755548460165	19.1777	0.2326	186.75078401110642	6.35152035177608	42.07775424679172	1.2358199095329923	173.3887179948021	3.770002911576894	13.3344
22.44344273130514	0.34810946373383944	11.113711155203815	0.18869118099894067	2.0352223430603082	0.18838669639084618	-10.204534070780817	0.18797755548460165	19.1777	0.2326	187.31561810706657	6.546452416979066	42.07775424679172	1.2358199095329923	173.3887179948021	3.770002911576894	13.3344
22.51198177329537	0.3173993792510697	11.113711155203815	0.18869118099894067	2.0352223430603082	0.18838669639084618	-10.204534070780817	0.18797755548460165	19.1777	0.2326	186.18926890506665	6.031676525608067	42.07775424679172	1.2358199095329923	173.3887179948021	3.770002911576894	13.3344
22.409180297190648	0.3515422795435392	11.113711155203815	0.18869118099894067	2.0352223430603082	0.18838669639084618	-10.204534070780817	0.18797755548460165	19.1777	0.2326	187.88380070695104	6.636482552504398	42.07775424679172	1.2358199095329923	173.3887179948021	3.770002911576894	13.3344
22.306421330582573	0.31728578989588296	11.113711155203815	0.18869118099894067	2.0352223430603082	0.18838669639084618	-10.204534070780817	0.18797755548460165	19.1777	0.2326	189.6028146934457	6.2534118825166285	42.0764393169715	1.2357812901608194	173.38329959736478	3.7698850989859065	13.3339833
22.409180297190648	0.3515422795435392	11.113711155203815	0.18869118099894067	2.0352223430603082	0.18838669639084618	-10.204534070780817	0.18797755548460165	19.1777	0.2326	187.88380070695104	6.636482552504398	42.07775424679172	1.2358199095329923	173.3887179948021	3.770002911576894	13.3344
22.409180297190648	0.3515422795435392	11.113711155203815	0.18869118099894067	2.0352223430603082	0.18838669639084618	-10.204534070780817	0.18797755548460165	19.1777	0.2326	187.88380070695104	6.636482552504398	42.07775424679172	1.2358199095329923	173.3887179948021	3.770002911576894	13.3344
22.374922586353243	0.3480631224496069	11.113711155203815	0.18869118099894067	2.0352223430603082	0.18838669639084618	-10.204534070780817	0.18797755548460165	19.1777	0.2326	188.45536167576898	6.625678291346479	42.07775424679172	1.2358199095329923	173.3887179948021	3.770002911576894	13.3344
22.477709889679574	0.3373066590987748	11.113711155203815	0.18869118099894067	2.0352223430603082	0.18838669639084618	-10.204534070780817	0.18797755548460165	19.1777	0.2326	186.75078401110642	6.35152035177608	42.07775424679172	1.2358199095329923	173.3887179948021	3.770002911576894	13.3344
22.44344273130514	0.34810946373383944	11.113711155203815	0.18869118099894067	2.0352223430603082	0.18838669639084618	-10.204534070780817	0.18797755548460165	19.1777	0.2326	187.31561810706657	6.546452416979066	42.07775424679172	1.2358199095329923	173.3887179948021	3.770002911576894	13.3344
22.51198177329537	0.3173993792510697	11.113711155203815	0.18869118099894067	2.0352223430603082	0.18838669639084618	-10.204534070780817	0.18797755548460165	19.1777	0.2326	186.18926890506665	6.031676525608067	42.07775424679172	1.2358199095329923	173.3887179948021	3.770002911576894	13.3344
22.409180297190648	0.3515422795435392	11.113711155203815	0.18869118099894067	2.0352223430603082	0.18838669639084618	-10.204534070780817	0.18797755548460165	19.1777	0.2326	187.88380070695104	6.636482552504398	42.07775424679172	1.2358199095329923	173.3887179948021	3.770002911576894	13.3344
22.374922586353243	0.3480631224496069	11.113711155203815	0.18869118099894067	2.0352223430603082	0.18838669639084618	-10.204534070780817	0.18797755548460165	19.1777	0.2326	188.45536167576898	6.625678291346479	42.07775424679172	1.2358199095329923	173.3887179948021	3.770002911576894	13.3344
22.409180297190648	0.3515422795435392	11.113711155203815	0.18869118099894067	2.0352223430603082	0.18838669639084618	-10.204534070780817	0.18797755548460165	19.1777	0.2326	187.88967207572313	6.636689942584162	42.079069176611924	1.2358585289051651	173.39413639223946	3.7701207241678802	13.3348167
22.374922586353243	0.3480631224496069	11.113711155203815	0.18869118099894067	2.0037148595871708	0.274887468960991	-10.204534070780817	0.18797755548460165	19.1777	0.2326	188.45536167576898	6.625678291346479	41.93222574123619	1.5346827085545471	173.83620577112526	4.7418744437592	13.3344
22.409180297190648	0.3515422795435392	11.113711155203815	0.18869118099894067	2.0352223430603082	0.18838669639084618	-10.204534070780817	0.18797755548460165	19.1777	0.2326	187.88380070695104	6.636482552504398	42.07775424679172	1.2358199095329923	173.3887179948021	3.770002911576894	13.3344
22.340669597811505	0.3372199457188306	11.113711155203815	0.18869118099894067	2.0352223430603082	0.18838669639084618	-10.204534070780817	0.18797755548460165	19.1777	0.2326	189.03033123472017	6.506250430332801	42.07775424679172	1.2358199095329923	173.3887179948021	3.770002911576894	13.3344
22.51198177329537	0.3173993792510697	11.113711155203815	0.18869118099894067	2.0352223430603082	0.18838669639084618	-10.204534070780817	0.18797755548460165	19.1777	0.2326	186.18926890506665	6.031676525608067	42.07775424679172	1.2358199095329923	173.3887179948021	3.770002911576894	13.3344
22.477709889679574	0.3373066590987748	11.113711155203815	0.18869118099894067	2.0352223430603082	0.18838669639084618	-10.204534070780817	0.18797755548460165	19.1777	0.2326	186.75078401110642	6.35152035177608	42.07775424679172	1.2358199095329923	173.3887179948021	3.770002911576894	13.3344
22.374922586353243	0.3480631224496069	11.113711155203815	0.18869118099894067	2.0352223430603082	0.18838669639084618	-10.204534070780817	0.18797755548460165	19.1777	0.2326	188.45536167576898	6.625678291346479	42.07775424679172	1.2358199095329923	173.3887179948021	3.770002911576894	13.3344
22.546258383135868	0.28323981724662173	11.113711155203815	0.18869118099894067	2.0352223430603082	0.18838669639084618	-10.204534070780817	0.18797755548460165	19.1777	0.2326	185.63104362075262	5.526072110805603	42.07775424679172	1.2358199095329923	173.3887179948021	3.770002911576894	13.3344
22.409180297190648	0.3515422795435392	11.113711155203815	0.18869118099894067	2.0352223430603082	0.18838669639084618	-10.204534070780817	0.18797755548460165	19.1777	0.2326	187.88380070695104	6.636482552504398	42.07775424679172	1.2358199095329923	173.3887179948021	3.770002911576894	13.3344
22.409180297190648	0.3515422795435392	11.113711155203815	0.18869118099894067	2.0352223430603082	0.18838669639084618	-10.204534070780817	0.18797755548460165	19.1777	0.2326	187.87792933817894	6.6362751624246314	42.0764393169715	1.2357812901608194	173.38329959736478	3.7698850989859065	13.3339833
22.44344273130514	0.34810946373383955	11.113711155203815	0.18869118099894067	2.0352223430603082	0.18838669639084618	-10.204534070780817	0.18797755548460165	19.1777	0.2326	187.31561810706657	6.546452416979068	42.07775424679172	1.2358199095329923	173.3887179948021	3.770002911576894	13.3344
22.58053972018441	0.18911316595000988	11.113711155203815	0.18869118099894067	2.0352223430603082	0.18838669639084618	-10.204534070780817	0.18797755548460165	19.1777	0.2326	185.0760793307596	4.311805823716361	42.07775424679172	1.2358199095329923	173.3887179948021	3.770002911576894	13.3344
22.51198177329537	0.3173993792510697	11.113711155203815	0.18869118099894067	2.0352223430603082	0.18838669639084618	-10.204534070780817	0.18797755548460165	19.1777	0.2326	186.18926890506665	6.031676525608067	42.07775424679172	1.2358199095329923	173.3887179948021	3.770002911576894	13.3344
22.546258383135868	0.28323981724662173	11.113711155203815	0.18869118099894067	2.0352223430603082	0.18838669639084618	-10.174619564998272	0.27010324258691254	19.1777	0.2326	185.63104362075262	5.526072110805603	42.07775424679172	1.2358199095329923	173.81352593630876	4.6879062095481085	13.3344
22.58053972018441	0.18911316595000988	11.113711155203815	0.18869118099894067	2.0352223430603082	0.18838669639084618	-10.204534070780817	0.18797755548460165	19.1777	0.2326	185.0760793307596	4.311805823716361	42.07775424679172	1.2358199095329923	173.3887179948021	3.770002911576894	13.3344
22.477709889679574	0.3373066590987748	11.113711155203815	0.18869118099894067	2.0352223430603082	0.18838669639084618	-10.204534070780817	0.18797755548460165	19.1777	0.2326	186.75078401110642	6.35152035177608	42.07775424679172	1.2358199095329923	173.3887179948021	3.770002911576894	13.3344
22.44344273130514	0.34810946373383955	11.113711155203815	0.18869118099894067	2.0352223430603082	0.18838669639084618	-10.204534070780817	0.18797755548460165	19.1777	0.2326	187.31561810706657	6.546452416979068	42.07775424679172	1.2358199095329923	173.3887179948021	3.770002911576894	13.3344
22.546258383135868	0.28323981724662173	11.113711155203815	0.18869118099894067	2.0352223430603082	0.18838669639084618	-10.204534070780817	0.18797755548460165	19.1777	0.2326	185.63104362075262	5.526072110805603	42.07775424679172	1.2358199095329923	173.3887179948021	3.770002911576894	13.3344
22.546258383135868	0.28323981724662173	11.113711155203815	0.18869118099894067	2.0352223430603082	0.18838669639084618	-10.204534070780817	0.18797755548460165	19.1777	0.2326	185.63104362075262	5.526072110805603	42.07775424679172	1.2358199095329923	173.3887179948021	3.770002911576894	13.3344
22.58053972018441	0.18911316595000988	11.113711155203815	0.18869118099894067	2.0352223430603082	0.18838669639084618	-10.204534070780817	0.18797755548460165	19.1777	0.2326	185.0760793307596	4.311805823716361	42.07775424679172	1.2358199095329923	173.3887179948021	3.770002911576894	13.3344
22.477709889679574	0.3373066590987748	11.113711155203815	0.18869118099894067	2.0352223430603082	0.18838669639084618	-10.204534070780817	0.18797755548460165	19.1777	0.2326	186.74494804910609	6.351321866765088	42.0764393169715	1.2357812901608194	173.38329959736478	3.7698850989859065	13.3339833
22.477709889679574	0.3373066590987748	11.113711155203815	0.18869118099894067	2.0352223430603082	0.18838669639084618	-10.204534070780817	0.18797755548460165	19.1777	0.2326	186.75078401110642	6.35152035177608	42.07775424679172	1.2358199095329923	173.3887179948021	3.770002911576894	13.3344
22.409180297190648	0.3515422795435392	11.113711155203815	0.18869118099894067	2.0352223430603082	0.18838669639084618	-10.204534070780817	0.18797755548460165	19.1777	0.2326	187.88380070695104	6.636482552504398	42.07775424679172	1.2358199095329923	173.3887179948021	3.770002911576894	13.3344
22.409180297190648	0.3515422795435392	11.113711155203815	0.18869118099894067	2.0352223430603082	0.18838669639084618	-10.204534070780817	0.18797755548460165	19.1777	0.2326	187.88380070695104	6.636482552504398	42.07775424679172	1.2358199095329923	173.3887179948021	3.770002911576894	13.3344
22.477709889679574	0.3373066590987748	11.113711155203815	0.18869118099894067	2.0352223430603082	0.18838669639084618	-10.204534070780817	0.18797755548460165	19.1777	0.2326	186.75078401110642	6.35152035177608	42.07775424679172	1.2358199095329923	173.3887179948021	3.770002911576894	13.3344
22.44344273130514	0.34810946373383944	11.113711155203815	0.18869118099894067	2.0352223430603082	0.18838669639084618	-10.204534070780817	0.18797755548460165	19.1777	0.2326	187.31561810706657	6.546452416979066	42.07775424679172	1.2358199095329923	173.3887179948021	3.770002911576894	13.3344
22.44344273130514	0.34810946373383944	11.113711155203815	0.18869118099894067	2.0352223430603082	0.18838669639084618	-10.204534070780817	0.18797755548460165	19.1777	0.2326	187.31561810706657	6.546452416979066	42.07775424679172	1.2358199095329923	173.3887179948021	3.770002911576894	13.3344
22.51198177329537	0.3173993792510697	11.113711155203815	0.18869118099894067	2.0352223430603082	0.18838669639084618	-10.204534070780817	0.18797755548460165	19.1777	0.2326	186.18926890506665	6.031676525608067	42.07775424679172	1.2358199095329923	173.3887179948021	3.770002911576894	13.3344
22.44344273130514	0.34810946373383955	11.113711155203815	0.18869118099894067	2.0352223430603082	0.18838669639084618	-10.204534070780817	0.18797755548460165	19.1777	0.2326	187.31561810706657	6.546452416979068	42.07775424679172	1.2358199095329923	173.3887179948021	3.770002911576894	13.3344
22.374922586353243	0.3480631224496069	11.113711155203815	0.18869118099894067	2.0352223430603082	0.18838669639084618	-10.204534070780817	0.18797755548460165	19.1777	0.2326	188.4494724457166	6.625471238899874	42.0764393169715	1.2357812901608194	173.38329959736478	3.7698850989859065	13.3339833
22.51198177329537	0.3173993792510697	11.113711155203815	0.18869118099894067	2.0352223430603082	0.18838669639084618	-10.204534070780817	0.18797755548460165	19.1777	0.2326	186.18926890506665	6.031676525608067	42.07775424679172	1.2358199095329923	173.3887179948021	3.770002911576894	13.3344
22.477709889679574	0.3373066590987748	11.113711155203815	0.18869118099894067	2.0352223430603082	0.18838669639084618	-10.204534070780817	0.18797755548460165	19.1777	0.2326	186.75078401110642	6.35152035177608	42.07775424679172	1.2358199095329923	173.3887179948021	3.770002911576894	13.3344
22.409180297190648	0.3515422795435392	11.113711155203815	0.18869118099894067	2.0352223430603082	0.18838669639084618	-10.204534070780817	0.18797755548460165	19.1777	0.2326	187.88380070695104	6.636482552504398	42.07775424679172	1.2358199095329923	173.3887179948021	3.770002911576894	13.3344
22.44344273130514	0.34810946373383944	11.113711155203815	0.18869118099894067	2.0352223430603082	0.18838669639084618	-10.204534070780817	0.18797755548460165	19.1777	0.2326	187.31561810706657	6.546452416979066	42.07775424679172	1.2358199095329923	173.3887179948021	3.770002911576894	13.3344
22.340669597811505	0.33721994571883057	11.113711155203815	0.18869118099894067	2.0352223430603082	0.18838669639084618	-10.204534070780817	0.18797755548460165	19.1777	0.2326	189.02442403686905	6.506047110006853	42.0764393169715	1.2357812901608194	173.38329959736478	3.7698850989859065	13.3339833
22.340669597811505	0.3372199457188306	11.113711155203815	0.18869118099894067	2.0352223430603082	0.18838669639084618	-10.204534070780817	0.18797755548460165	19.1777	0.2326	189.03033123472017	6.506250430332801	42.07775424679172	1.2358199095329923	173.3887179948021	3.770002911576894	13.3344
22.409180297190648	0.3515422795435392	11.113711155203815	0.18869118099894067	2.0352223430603082	0.18838669639084618	-10.204534070780817	0.18797755548460165	19.1777	0.2326	187.88380070695104	6.636482552504398	42.07775424679172	1.2358199095329923	173.3887179948021	3.770002911576894	13.3344
22.374922586353243	0.3480631224496069	11.113711155203815	0.18869118099894067	2.0352223430603082	0.18838669639084618	-10.204534070780817	0.18797755548460165	19.1777	0.2326	188.4494724457166	6.625471238899874	42.0764393169715	1.2357812901608194	173.38329959736478	3.7698850989859065	13.3339833
22.374922586353243	0.3480631224496069	11.113711155203815	0.18869118099894067	2.0352223430603082	0.18838669639084618	-10.204534070780817	0.18797755548460165	19.1777	0.2326	188.45536167576898	6.625678291346479	42.07775424679172	1.2358199095329923	173.3887179948021	3.770002911576894	13.3344
22.340669597811505	0.3372199457188306	11.113711155203815	0.18869118099894067	2.0352223430603082	0.18838669639084618	-10.204534070780817	0.18797755548460165	19.1777	0.2326	189.03033123472017	6.506250430332801	42.07775424679172	1.2358199095329923	173.3887179948021	3.770002911576894	13.3344
22.477709889679574	0.3373066590987748	11.113711155203815	0.18869118099894067	2.0352223430603082	0.18838669639084618	-10.204534070780817	0.18797755548460165	19.1777	0.2326	186.75078401110642	6.35152035177608	42.07775424679172	1.2358199095329923	173.3887179948021	3.770002911576894	13.3344
22.374922586353243	0.3480631224496069	11.113711155203815	0.18869118099894067	2.0352223430603082	0.18838669639084618	-10.204534070780817	0.18797755548460165	19.1777	0.2326	188.45536167576898	6.625678291346479	42.07775424679172	1.2358199095329923	173.3887179948021	3.770002911576894	13.3344
22.340669597811505	0.3372199457188306	11.113711155203815	0.18869118099894067	2.0352223430603082	0.18838669639084618	-10.204534070780817	0.18797755548460165	19.1777	0.2326	189.03623843257117	6.50645375065875	42.079069176611924	1.2358585289051651	173.39413639223946	3.7701207241678802	13.3348167
22.409180297190648	0.3515422795435392	11.113711155203815	0.18869118099894067	2.0352223430603082	0.18838669639084618	-10.204534070780817	0.18797755548460165	19.1777	0.2326	187.88380070695104	6.636482552504398	42.07775424679172	1.2358199095329923	173.3887179948021	3.770002911576894	13.3344
22.44344273130514	0.34810946373383944	11.113711155203815	0.18869118099894067	2.0352223430603082	0.18838669639084618	-10.204534070780817	0.18797755548460165	19.1777	0.2326	187.31561810706657	6.546452416979066	42.07775424679172	1.2358199095329923	173.3887179948021	3.770002911576894	13.3344
22.477709889679574	0.3373066590987748	11.113711155203815	0.18869118099894067	2.0352223430603082	0.18838669639084618	-10.204534070780817	0.18797755548460165	19.1777	0.2326	186.75078401110642	6.35152035177608	42.07775424679172	1.2358199095329923	173.3887179948021	3.770002911576894	13.3344
22.44344273130514	0.34810946373383944	11.113711155203815	0.18869118099894067	2.0352223430603082	0.18838669639084618	-10.204534070780817	0.18797755548460165	19.1777	0.2326	187.31561810706657	6.546452416979066	42.07775424679172	1.2358199095329923	173.3887179948021	3.770002911576894	13.3344
22.409180297190648	0.3515422795435392	11.113711155203815	0.18869118099894067	2.0352223430603082	0.18838669639084618	-10.204534070780817	0.18797755548460165	19.1777	0.2326	187.88380070695104	6.636482552504398	42.07775424679172	1.2358199095329923	173.3887179948021	3.770002911576894	13.3344
22.306421330582573	0.31728578989588296	11.113711155203815	0.18869118099894067	2.0352223430603082	0.18838669639084618	-10.204534070780817	0.18797755548460165	19.1777	0.2326	189.60873996656966	6.253607307744996	42.07775424679172	1.2358199095329923	173.3887179948021	3.770002911576894	13.3344
22.44344273130514	0.34810946373383944	11.113711155203815	0.18869118099894067	2.0352223430603082	0.18838669639084618	-10.204534070780817	0.18797755548460165	19.1777	0.2326	187.31561810706657	6.546452416979066	42.07775424679172	1.2358199095329923	173.3887179948021	3.770002911576894	13.3344
22.44344273130514	0.34810946373383955	11.113711155203815	0.18869118099894067	2.0352223430603082	0.18838669639084618	-10.204534070780817	0.18797755548460165	19.1777	0.2326	187.31561810706657	6.546452416979068	42.07775424679172	1.2358199095329923	173.3887179948021	3.770002911576894	13.3344
22.409180297190648	0.3515422795435392	11.113711155203815	0.18869118099894067	2.0352223430603082	0.18838669639084618	-10.204534070780817	0.18797755548460165	19.1777	0.2326	187.88380070695104	6.636482552504398	42.07775424679172	1.2358199095329923	173.3887179948021	3.770002911576894	13.3344
22.409180297190648	0.3515422795435392	11.113711155203815	0.18869118099894067	2.0352223430603082	0.18838669639084618	-10.204534070780817	0.18797755548460165	19.1777	0.2326	187.88380070695104	6.636482552504398	42.07775424679172	1.2358199095329923	173.3887179948021	3.770002911576894	13.3344
22.546258383135868	0.28323981724662173	11.113711155203815	0.18869118099894067	2.0352223430603082	0.18838669639084618	-10.204534070780817	0.18797755548460165	19.1777	0.2326	185.62524265063945	5.525899421052141	42.0764393169715	1.2357812901608194	173.38329959736478	3.7698850989859065	13.3339833
