18.81064147580339	0.06992467407769942	8.699278688926613	0.07131292659161556	-0.1785592101354177	0.07273202538700044	-11.603702278441991	0.06722671827484886	19.8789	0.2358	184.39652474357175	1.8213749138559203	38.643195903296686	0.4433737179937638	163.19271865344868	1.4146854644462852	11.715
18.819177142120004	0.07638216048638502	8.705381672898579	0.06721629034173193	-0.1901859565341624	0.06609345566873284	-11.600093580705975	0.06511574095957252	19.8789	0.2358	184.35217164472536	1.8546064389682904	38.566176260192506	0.4086911408035017	163.41062695123165	1.3287996450070436	11.715
18.790044743129968	0.07698796563913854	8.68133989234423	0.07428671251803406	-0.19017704700784702	0.07482158737798059	-11.620535341387928	0.07326167027149122	19.8735	0.2363	184.44500911277757	1.9520541452982112	38.670729197325024	0.45959372465880605	163.11826018946977	1.4943688059482303	11.715
18.783384685575452	0.0702504153634423	8.661055694492305	0.07140390320728213	-0.20182401201356312	0.0727295768970801	-11.627709214010377	0.06937009215303257	19.8735	0.2363	184.19675550597194	1.8227652788090691	38.708415378732276	0.4451422142263093	163.1821189657769	1.4354303261794423	11.715
18.794089937902193	0.0770585391822317	8.673225917010376	0.07654672541638688	-0.1998765668478765	0.07579606912081628	-11.614910217575293	0.07645235096403996	19.8789	0.2358	184.22341753360107	1.9770641378769092	38.66381908191273	0.46939822668176767	163.337245896138	1.5404580070844331	11.715
18.745427846701457	0.07036310824911421	8.662966946518596	0.07485903684559111	-0.22121816039894157	0.06723263245884432	-11.631274684779415	0.06705656187954506	19.8789	0.2358	184.92510675521078	1.8843223880494053	38.61558769909478	0.4373441400331695	163.40849445728665	1.359919736013268	11.715
18.715861318577147	0.07476221577494915	8.636717914835863	0.07465705326703864	-0.23091869711867316	0.07127036117050681	-11.645918713888037	0.07158002318600988	19.8789	0.2358	184.9859738705046	1.9391298567741393	38.68765085261534	0.45030139136276753	163.33772716447518	1.4453666424911522	11.715
18.739360835659273	0.07594174042129334	8.650998014461015	0.07459913322680373	-0.2231480774043678	0.06979784324044913	-11.62955579851329	0.07066404136175966	19.8789	0.2358	184.81692137437378	1.9501936781071796	38.65927218007424	0.44505137537902645	163.46076730810466	1.4233653620625522	11.715
18.696851225386823	0.07672230635866457	8.61653892867803	0.07537669499345652	-0.2561214352825303	0.07434604984453203	-11.666142907817498	0.0727867037350465	19.8789	0.2358	185.01188933995056	1.9740311927091072	38.675647278645	0.4614947928603962	163.45084254574036	1.4904570169836413	11.718
18.694755471363393	0.07205182966680236	8.61653892867803	0.07183557756280416	-0.24643055622515492	0.07230853742325273	-11.653218937460391	0.06856533762892376	19.8735	0.2363	185.0029864336249	1.8676837201202734	38.70802327769872	0.4451496082290117	163.45531239877778	1.427921647549599	11.715
18.7076988626082	0.08078839324244322	8.610671753884406	0.07424888245329525	-0.2638604062232867	0.07153310523126503	-11.658971169266708	0.06840952824902206	19.8789	0.2358	184.6583294513127	2.0067002736688453	38.65759038806647	0.4491108299691056	163.62282009302564	1.4212436034683655	11.715
18.676115257896843	0.06873504934322755	8.584462120849077	0.06787820776319972	-0.2696799991602267	0.06859646774012389	-11.662578436859084	0.06444414894074532	19.8789	0.2358	184.75666305619765	1.7685778637325587	38.74661423785746	0.422309019870026	163.6545931237272	1.351993641245452	11.715
18.67813727755389	0.06632862518414578	8.580407227724582	0.07098857738120892	-0.2832485601550544	0.06511195759430086	-11.664382029114428	0.061428596757881884	19.8789	0.2358	184.6454746879544	1.7765391850533507	38.705026158651705	0.420633431091341	163.82376706210735	1.2885166478412162	11.715
18.667880072857894	0.07308480298160318	8.590561225412463	0.07057769733021944	-0.2716127187468119	0.07007083128534414	-11.660817484050309	0.06536990506005441	19.8789	0.2358	185.0194666405935	1.8653785121521862	38.71149802439492	0.434432915749042	163.70766851094274	1.3774357931098917	11.715
18.63622843070698	0.07667949103475323	8.558288754859872	0.0770213287958891	-0.3026270630805173	0.0694925702317009	-11.699458281707614	0.06904769312591079	19.8789	0.2358	185.00806893992768	1.9951758342460397	38.71699451613883	0.4532726134300648	163.59811973649272	1.4062335057317026	11.715
18.634353437190587	0.07396085598094174	8.586539320163025	0.07322371667321148	-0.2793647780457674	0.07289510860350419	-11.658971169266708	0.07017825467021337	19.8735	0.2363	185.5627638614326	1.9220823042556205	38.69521092614537	0.45094799624989235	163.84575126956636	1.4569009259608698	11.715
18.63052995722505	0.0764788683616753	8.540457026439425	0.06905982629239077	-0.3026067257359143	0.0706274474407822	-11.690570396329484	0.06662292116186025	19.8789	0.2358	184.78559779610845	1.8871257362158618	38.795155021558365	0.43335511322493114	163.72550986759265	1.3958976492025468	11.715
18.61152649885008	0.07873615136207514	8.544412284076948	0.0729709253671557	-0.3064874093045372	0.07966435041121861	-11.697869098291678	0.07247555009033137	19.8789	0.237	185.20701350397582	1.9749524700763337	38.760808620134384	0.47311041438490536	163.67638353511575	1.5474692461756019	11.715
18.593960413448517	0.06894363973149314	8.52193479909879	0.06757574562365581	-0.325891446158507	0.07116461818875437	-11.691860354163156	0.06777226142634854	19.8789	0.2358	185.116701417556	1.7743116640390268	38.774272869006744	0.4300710004808955	164.0423419606975	1.4183436140579144	11.715
18.59980542352427	0.06882765638708668	8.531789131772848	0.06922370346823827	-0.33365604196080345	0.07539066951375524	-11.708216778107616	0.06968285397150882	19.8789	0.2358	185.19041927346817	1.7955689370021062	38.69721400427814	0.4467557407612409	163.91843180338608	1.4794564858967463	11.715
18.58999043002138	0.07204061443468118	8.532085487048425	0.0718265108875264	-0.33169671384258237	0.07361798058515662	-11.669835338587971	0.06790883231393782	19.8789	0.2358	185.3765937233483	1.8749704171528385	38.704474157395246	0.44911474810937796	164.44499578196184	1.4526323207511231	11.715
18.602926347853725	0.06788987233023669	8.510135812651463	0.07238905751781179	-0.3316845558628127	0.07195199271136182	-11.699586701744122	0.06622154134443006	19.8735	0.2363	184.73584206651614	1.8165217920791836	38.80061060195605	0.4478924344753482	164.01444474054333	1.4108628929598541	11.715
18.588115275739412	0.0696424752285234	8.508059848075174	0.07079793223775234	-0.3413769274420229	0.07116079445477812	-11.705038979100033	0.06673848593020618	19.8789	0.2358	185.01660397942717	1.822802292422771	38.77714383011649	0.43985415916250514	164.11765984176913	1.4089877386645262	11.718
18.518775571730533	0.07037838166763243	8.477809542624616	0.07058206166466141	-0.35107111406189545	0.06596762218745979	-11.727060503975425	0.06855807337437203	19.8789	0.2358	185.6893204216503	1.8432920141238176	38.857477235389396	0.4251992514007042	163.8978461051225	1.3707391587161823	11.715
18.561395396789298	0.07038334342328782	8.488187296226727	0.0710688293150083	-0.3336099822910167	0.0670027937183394	-11.7108766710321	0.06901416330650703	19.8789	0.2358	185.0949707092247	1.8379197169398165	38.888677476933466	0.4305700000994531	163.87944568150616	1.3855177184993175	11.715
18.552432059260628	0.07521854183431949	8.475864973601736	0.07627670294476646	-0.37818810735918706	0.07907553293296044	-11.727146315480512	0.07018912446190213	19.8789	0.2358	185.03327000870524	1.9671243778044656	38.74700388558468	0.48080501059802033	164.28822136179127	1.5305964801611203	11.715
18.534311909560536	0.06983682583107712	8.474182011479499	0.06968765889098222	-0.3704165201739491	0.06688040058831268	-11.716500175533508	0.0659167078713154	19.8789	0.2358	185.38305588942475	1.8180345239865823	38.798356017138694	0.42370254609281405	164.37192601430087	1.3604002991775974	11.718
18.493354441584447	0.06576760902792501	8.453560321934491	0.06606986517548656	-0.3840128950397523	0.06510426408847343	-11.728734596291856	0.06912660936371698	19.8789	0.2358	185.71099527552474	1.7243992607930694	38.81925735814425	0.40743577197961206	164.34957219935782	1.375647142327442	11.715
18.49393720213374	0.07521435124900969	8.447791892017019	0.0662112680694136	-0.38980632667316956	0.06817454709453995	-11.74199783534195	0.06713359929427523	19.8789	0.2358	185.5935884626271	1.8512063118211695	38.81914753780373	0.41744235690732	164.24142923397488	1.384282743078592	11.715
18.50029237706454	0.06888522207781463	8.447824491138114	0.07006615190926667	-0.38399280054081586	0.06721773302452837	-11.73650374544079	0.06612158289252272	19.8789	0.2358	185.4768579695615	1.812928046717184	38.84455687895562	0.4270494030333824	164.23680781908126	1.3640693963175317	11.715
18.47538234205196	0.0719876363769705	8.423805800350035	0.06897896530343764	-0.3956087231272956	0.06699189521033924	-11.742169677714411	0.0703888710211576	19.8789	0.2358	185.4933055114415	1.8398998469908772	38.899184091859716	0.42410945582435317	164.32293148416795	1.4072705055256864	11.715
18.439061541925923	0.07757579753366332	8.39936761949205	0.0765916296514584	-0.41887325985342333	0.0752404253164602	-11.767577248920572	0.07329190401127805	19.8789	0.2358	185.71284869106375	2.0165451723539753	38.90436129213901	0.47367667665172364	164.29190153498874	1.5205939163730469	11.715
18.460434292157878	0.07555609092637602	8.421666213638288	0.06842462570758306	-0.418860658528918	0.0665375232310973	-11.758608132754594	0.06874768317804716	19.8843	0.2364	185.72997640129867	1.885918793190296	38.8062876898495	0.41895115048813414	164.4216648174407	1.3872314217724717	11.715
18.418707124955837	0.07667261700749467	8.387570844883902	0.0778071453558099	-0.43047728285901526	0.07753456561025529	-11.764230714613568	0.0710999945587979	19.8789	0.2358	185.87128180339934	2.0240930334395237	38.90521169325691	0.4846286366466157	164.50862192728283	1.5269551805995316	11.715
18.439920483805547	0.07796144815373796	8.410872182361027	0.07798814539961291	-0.42278226403293395	0.07684009235356623	-11.746546279073755	0.07817872331250998	19.8789	0.2358	185.90997892123056	2.0441475204476744	38.836478290274506	0.48133400686688477	164.65374550767984	1.5939196056986584	11.715
18.444615862021653	0.07776664707907949	8.40708068145991	0.07840152991251861	-0.4188942607855374	0.07669896134884523	-11.75422899426313	0.07387673433648631	19.8789	0.2358	185.75278938322074	2.0435694202545136	38.87027001278624	0.4830356752441753	164.48567264758134	1.5452895795801405	11.715
18.4448337888733	0.07059308445879081	8.397131503855961	0.0724118421248054	-0.43438138419031674	0.07287100499271695	-11.756203458115287	0.06667727245992602	19.8789	0.2358	185.56482919500996	1.8676695162190955	38.84589576894792	0.4518679582500532	164.6819872408737	1.4367016974252085	11.715
18.432490559959582	0.07044630016675375	8.371109469770953	0.07104306199614109	-0.4382485025094868	0.0723709105807466	-11.765559656633968	0.07040758304894251	19.8789	0.2358	185.31254721478786	1.8427222534603418	38.94359046489711	0.44831865837198887	164.6021843094383	1.467228036590314	11.715
18.40910093403039	0.07553844945323773	8.352867450849558	0.07767842590452348	-0.4421317400072799	0.07320576561973405	-11.767189800816668	0.07302740062037255	19.8843	0.2364	185.4074054107785	1.9976789248663587	39.00717006180225	0.473399840597109	164.6349315217816	1.5031861264336774	11.715
18.390190112652576	0.06988476979553622	8.342791106031381	0.06670858630742454	-0.4595618761055596	0.06641968155725764	-11.789289808152128	0.0654348069123013	19.8789	0.2358	185.57043042610889	1.784378912403972	38.974582117687305	0.41681082881339127	164.5670725285242	1.3543019310950077	11.715
18.39625206298966	0.07158152894491634	8.362782973735245	0.07234097910361367	-0.45375854616726335	0.06721034791767597	-11.785470103368299	0.06929275728530385	19.8789	0.2358	185.82806621873038	1.8848637301424689	38.911859980097894	0.4358088261241162	164.5382649311002	1.4016819001401803	11.715
18.36579337133759	0.07169114149188707	8.334145241141558	0.07343982276233499	-0.4808966025028334	0.0696697875826668	-11.808764990486178	0.07856409999930233	19.8789	0.2358	185.8617979940171	1.9014917667845332	38.91847993648681	0.4469263270848204	164.59408729531359	1.5257343060050377	11.715
18.40910093403039	0.07155450198028811	8.370947989162849	0.0719659619753716	-0.4498777605657801	0.06928210546210427	-11.772725782780999	0.0684991464805723	19.8789	0.2358	185.7413578535744	1.8778263299056033	38.89296068927791	0.44046120518030885	164.66706562372286	1.4168804536954371	11.715
18.345661710638364	0.07226973310718138	8.298345844560199	0.06670455958826074	-0.49055666912391227	0.06975967796632682	-11.805550221315254	0.0694395067973641	19.8789	0.2358	185.5719660030293	1.8164762333662472	39.034228516816206	0.42867051920566923	164.78137170130879	1.4334305155808136	11.715
18.369622000980346	0.08152857045273568	8.334916879676733	0.07994658627463712	-0.4711704075480654	0.0751632166458246	-11.7784339883232	0.07594750930846292	19.8789	0.2358	185.80517671249078	2.114290960927725	38.9580545753689	0.48545048244647715	164.8940209982917	1.5582370852872582	11.715
18.354538257030466	0.07550713812173805	8.312629179494918	0.07356871566548617	-0.4982882563433287	0.07423386151594875	-11.818767361057715	0.07019718435829378	19.8789	0.2358	185.6718821018377	1.9492110904213324	38.93669775360088	0.4618589787141451	164.70152376723064	1.4864418475267618	11.715
18.337868971588353	0.07161127073313113	8.304627250246316	0.07243953163733988	-0.48473357338767104	0.07023681562125286	-11.809585752749527	0.06935831818224357	19.8843	0.2364	185.83227735413917	1.8866343454928451	39.03219312702233	0.4480787986735349	164.6379245213792	1.4350307982026071	11.715
18.31247035451929	0.07389067982468221	8.298473884539973	0.07141497690640762	-0.5176532777407283	0.06976009991387473	-11.81494782078202	0.07065082654244116	19.8843	0.2364	186.18941637448017	1.910636662366294	38.91368883595089	0.44065370595783615	165.03952793458996	1.4504680484406722	11.715
18.34421915449312	0.07532302971928706	8.316710426456275	0.07550022409072132	-0.4963485733019187	0.07150512396176809	-11.80593890096841	0.06841055297819185	19.8843	0.2364	185.9385226071581	1.9775612110396246	38.92723617765168	0.4593094148361201	164.86009698869938	1.44253465598366	11.715
18.327839059983393	0.07247665796979137	8.288751895827582	0.07278356243646025	-0.5157000643555658	0.07236245220907947	-11.813535025611126	0.0720095847088848	19.8789	0.2358	185.7240730988653	1.9002320765326042	38.9652905919234	0.454221342891345	165.03163346921	1.4912187486559985	11.715
18.318531188981783	0.07274306659513553	8.286327991682361	0.07200363940046381	-0.531209095987862	0.07114572426049645	-11.825887386561961	0.06776623665964494	19.8789	0.2358	185.85151453306494	1.8961345103113112	38.90746653176954	0.44665055789354097	165.07775700681626	1.4360442483437776	11.715
18.272358708902924	0.07666072101862273	8.256142272517618	0.07019688190800408	-0.5273409383000046	0.07114663284636127	-11.833180005605955	0.06886422692936897	19.8789	0.2358	186.19581904960017	1.932270509776667	39.06831429211663	0.44455816412889526	164.95702902263514	1.4446826240460555	11.718
18.33418909135473	0.0717177609258842	8.302842989699887	0.07239325446593425	-0.49827386912992633	0.07228276734155735	-11.789591711106425	0.06921116079822967	19.8789	0.2358	185.86739400946126	1.8881258859042693	38.980056126283486	0.4530919641678751	165.12688637548627	1.4635186886087548	11.715
18.27531408390008	0.07358925472055407	8.26857325100133	0.07516583955918947	-0.5195771312832914	0.0738356706123185	-11.820785243984844	0.07149875126403447	19.8843	0.2364	186.32441765571795	1.9586568725180924	39.03756925037733	0.4680349286316751	164.98237531136354	1.5004526881683082	11.715
18.262474103911746	0.07283326771981835	8.244348984826331	0.07731387862572797	-0.5466849115788892	0.07818916944980749	-11.824302070518057	0.06915110430578333	19.8789	0.2358	186.16034447382597	1.9737679544289908	39.03475822110912	0.48825008467158154	165.36982918174	1.5305973152244727	11.718
18.256198252571934	0.07298558438671339	8.25037293284543	0.07119365810910494	-0.5370063704660326	0.06686867032797744	-11.827991803470129	0.06615180986429495	19.8789	0.2358	186.34146597039705	1.898794093433055	39.040994736836176	0.43394499944461606	165.1317477455537	1.3756518932041055	11.715
18.26485371764772	0.07506323850611024	8.25451633507281	0.07169066490202222	-0.5389355344984983	0.07219457211250146	-11.820785243984844	0.06977094608290547	19.8897	0.2368	186.25747435517079	1.9313203244901593	39.01403387653852	0.45140396334939714	165.26546677481343	1.470730020476441	11.715
18.273078091812106	0.07088038683805417	8.264493149924228	0.06554053771837046	-0.5253882089965922	0.06594542411139051	-11.824388579032695	0.06664480147221309	19.8843	0.2364	186.2900868751443	1.7968652095457198	39.02988164714958	0.4128389548393736	165.01461167007614	1.3692568809182868	11.715
18.244876948002304	0.0776148453353127	8.245975291830261	0.07004417793613359	-0.5389618364394025	0.06720205290652478	-11.844074973616934	0.06928634300436068	19.8789	0.2358	186.4704967040705	1.9497229325852508	39.05184796680939	0.4315006557919806	164.9253869198385	1.4081339290518704	11.715
18.25540769849711	0.07524832712491489	8.209867816135935	0.06805915385658906	-0.5660577593670989	0.0694621679319104	-11.840428974406837	0.06408823098838923	19.8897	0.2368	185.60477387535977	1.8746298076445695	39.09194832836778	0.43318361873228256	165.37509034954928	1.3863065396687608	11.715
18.215809536759537	0.07426816945526075	8.213946380893626	0.06902586663867213	-0.5563772570827574	0.06857400215007892	-11.836826187694776	0.06890981311220601	19.8789	0.2358	186.4152837592123	1.8897491666097948	39.116917834781695	0.43396466758116203	165.28598904089858	1.424451052373803	11.715
18.234418505765007	0.07172615496081074	8.209836154316545	0.07076788915447221	-0.571865496868214	0.0705015205466711	-11.842230326293636	0.0703126193004111	19.8843	0.2364	186.04043118877237	1.86996115202268	39.076240151412655	0.44449614242877444	165.47624246214477	1.4619392816504437	11.718
18.226339056859043	0.0704520120851781	8.209962803058543	0.07365967330623674	-0.5737948182260109	0.06533759230050874	-11.838714203385173	0.06782902408185881	19.895	0.2372	186.19284818131746	1.8947159826580036	39.067093771830294	0.4379242892718078	165.55623341679862	1.38412021403813	11.718
18.2097501244961	0.07029065050344901	8.204003322399707	0.07384109695506973	-0.5660500548633972	0.07536487605674794	-11.846179591382713	0.07242592967630576	19.8789	0.2358	186.34292823909016	1.8986275858277115	39.11812327398035	0.4706191902716107	165.2906690730148	1.531625269728956	11.715
18.192947218093614	0.0708745364621818	8.185904233974513	0.07456963610582382	-0.5892759705058008	0.07366672954974791	-11.868271106472786	0.06970073655775794	19.8789	0.2358	186.36650468180233	1.915947187859558	39.10528042313578	0.46711861841984553	165.3496256243344	1.4867382894980707	11.718
18.193663362060732	0.0707287848611397	8.21834203264098	0.06895944637085666	-0.5757136527083704	0.06856962357754082	-11.86132692174194	0.07267075136827339	19.8843	0.2364	186.9112880426889	1.8509227434927982	39.01135510236848	0.43140291745097814	165.2103535602739	1.46264511310433	11.715
18.203619066910477	0.07376073801456941	8.19402884560829	0.0754657086370023	-0.5854009969968276	0.0779172173393074	-11.855489464862831	0.07209595146707143	19.8843	0.2364	186.27137745894595	1.96376254356939	39.076344965627904	0.48279760459860277	165.43793455017996	1.558292219880018	11.715
18.195325044320057	0.06632851619674543	8.173986104359994	0.06618885873457173	-0.5950759860640616	0.06773480813947201	-11.87397821559045	0.06500102246017173	19.8843	0.2364	186.05299845581158	1.7396784756533799	39.12254532965404	0.42251800924681665	165.30865507820315	1.3759226660098332	11.715
18.17073036234265	0.07714595454095716	8.176214179915217	0.072502375090019	-0.597001266123538	0.07382887460095426	-11.86874864988597	0.069417882290737	19.895	0.2372	186.6000904005611	1.976586984827683	39.1140380366121	0.461332218878799	165.4559457070012	1.487533430074931	11.718
18.18334964496055	0.06940213309842083	8.19230568927494	0.06756463324361457	-0.5873231711381839	0.06975303672053126	-11.861413698162043	0.06633454143947573	19.8897	0.2368	186.61715097955522	1.8091724623096697	39.07545917778384	0.4322096954130357	165.3792076489336	1.4120167692933547	11.715
18.185655755187334	0.07485833427220533	8.18637778795121	0.0700394834491748	-0.5911895505606757	0.07687969710911875	-11.872611446897517	0.06693370540083599	19.8843	0.2364	186.4634791062735	1.9116660406809178	39.084636540006116	0.4630901992384895	165.27173395819642	1.4933281040850492	11.715
18.1501761341641	0.07360750095740395	8.152283496631261	0.07418510388344775	-0.6066705724502985	0.07260655197728087	-11.863431895120321	0.07423324770479328	19.8789	0.2358	186.4893158906389	1.9493351300741764	39.16769358822989	0.4641808625283682	165.63380042238543	1.5278859656688422	11.715
18.149818934375833	0.0860266198921599	8.162162629296624	0.08138361810080527	-0.6086127067266907	0.0800110029299575	-11.848457649909522	0.07824204539244908	19.8897	0.2368	186.68044848252987	2.213447501374547	39.11490329961109	0.5089721726991406	165.8830853758714	1.651604286750416	11.715
18.128909277995742	0.07357247853283333	8.14811189486738	0.06977011134001866	-0.6221586689424894	0.0697515063190088	-11.890882262176707	0.06914449759178161	19.8843	0.2364	186.8087374935918	1.8977759449642821	39.117154554709046	0.4400284669283993	165.45797249308757	1.4420883632874624	11.715
18.161203730300493	0.07432895370659431	8.172609096529	0.0709271611397836	-0.596982760387393	0.0686722963593199	-11.863779077096611	0.06856193269308285	19.8843	0.2364	186.662911719099	1.9199598108081646	39.12018195699671	0.44039954707758217	165.4862754158791	1.425309329353481	11.715
18.139792270194366	0.06498041584943104	8.150307673567179	0.06429986194554041	-0.6163452513365991	0.06926321117839994	-11.859785983242004	0.06676328238632681	19.8789	0.2358	186.64628192640458	1.7080459803756325	39.13329660361014	0.42187490140789713	165.83003395310115	1.4188804058543676	11.715
18.12724648806835	0.07421317346569613	8.152314935256893	0.07349583459293418	-0.6105396593217739	0.07158013095803956	-11.865319923992574	0.07149424199364285	19.8843	0.2364	186.91859171665598	1.9572201631300958	39.15025924810079	0.45836069461587164	165.6629551599771	1.4891392663595466	11.715
18.135824421070545	0.07195333876198269	8.152409252589576	0.06657237525365463	-0.6027944444425103	0.07012910401953484	-11.863605483541017	0.06749841985290884	19.8897	0.2368	186.7597537371821	1.8337788767387246	39.18447143011213	0.4327657694537697	165.5742336717887	1.4311748796140278	11.715
18.12551229106782	0.07373328796994433	8.134407022241499	0.07464794116156938	-0.626014355654195	0.07326547254746234	-11.883982793353605	0.07218155250754324	19.895	0.2372	186.61600575254283	1.9597811325423085	39.16113327571155	0.46756477567071036	165.61604064174912	1.5130186292367116	11.715
18.099496268426684	0.08124564875157775	8.133999244122867	0.07162960110924835	-0.6337714455587123	0.07157747719922145	-11.87419538209985	0.07366581395365893	19.8843	0.2364	187.09555115760085	2.033499837645226	39.12830767060414	0.45190942311396837	165.87454075111077	1.5157340699065311	11.715
18.131499709994518	0.07398826157372612	8.126253168987052	0.07355965806490104	-0.6221493732460017	0.07157808021541262	-11.887497850287438	0.07071120574134995	19.8843	0.2364	186.35224536244266	1.9432414265562077	39.21493409511046	0.460074919206998	165.5075439629204	1.478217792279762	11.715
18.088687486466306	0.06697642807875566	8.11979370059302	0.06839746385277065	-0.6337778645346932	0.06545675007063642	-11.87397821559045	0.06712146840231363	19.8789	0.2358	187.03180095706296	1.796024803160523	39.19177750232521	0.4238688556614887	165.87784025988714	1.3835846489002872	11.715
18.111755128516304	0.07874531029343124	8.133873782157375	0.07758440250305693	-0.6453859568695742	0.07630781600588432	-11.88693259156305	0.07491740734440445	19.8789	0.2358	186.86333236483483	2.0702569958330814	39.077102093939175	0.48437425967151754	165.85797478857265	1.5777488932449082	11.715
18.094745372777695	0.07671061069506309	8.127727416393263	0.07969336097057886	-0.6376515122201365	0.07631150983619377	-11.897824468136871	0.07562356352130714	19.8897	0.2368	187.06700103085876	2.0760780833999326	39.13898439818346	0.49267898375558206	165.58361631042618	1.579864337671477	11.715
18.099567501382243	0.07210914321008433	8.11195390243748	0.06383606507645898	-0.6357051339533039	0.07021642852232954	-11.877927797114715	0.06942726156491494	19.895	0.2372	186.68124671128112	1.8000748973559146	39.218267161989566	0.42544930406728265	165.84800125256015	1.4567040003771523	11.715
18.090920368799882	0.07166903686217917	8.103801517446255	0.07846265834011938	-0.6492543975936524	0.07122289811703647	-11.883287290159847	0.07163102892741305	19.9004	0.2374	186.69049463337916	1.9864771229779643	39.194086323804974	0.4744966196094977	165.96890681665482	1.4923476310107862	11.715
18.05502890957578	0.0732254987721162	8.10364528434957	0.07213205074603686	-0.6647383190926398	0.07260025464801216	-11.901512947963875	0.072348661357896	19.8843	0.2364	187.3608965888069	1.9352201169758039	39.125572585178354	0.4566609959826341	165.9284109455213	1.5134905436844763	11.715
18.09503022178932	0.07234678644870825	8.077683590452915	0.07194647966455348	-0.678276103042774	0.07002858434063398	-11.894309950829582	0.06610668686064217	19.8897	0.2368	186.12714793047078	1.8957879476944897	39.18108821195373	0.4492720879005538	166.23524711361893	1.4273142818624034	11.715
18.074623592538558	0.07616529082799148	8.114023368144984	0.06403525915952021	-0.6376375520922296	0.06935943721764956	-11.866947495179105	0.06829442588565877	19.8789	0.2358	187.18753050196526	1.8700169378461629	39.200333771828426	0.42283263268164045	166.03871188624555	1.4392713829059416	11.715
18.053293956376397	0.07271020628743317	8.075708176275322	0.07051512633089675	-0.6531240148811468	0.06896622697074636	-11.901730608155333	0.07007211007623082	19.9004	0.2374	186.86886782171734	1.8969999747688135	39.30285536692319	0.4441154574840212	165.75387741237068	1.4487660899840762	11.715
18.061939200001756	0.07158225673541871	8.079845924151256	0.07131004363329005	-0.6724666065826391	0.07049563230701544	-11.907437531308718	0.06890349509974941	19.8789	0.2358	186.78448565816407	1.8906615631470367	39.197415303267185	0.4490765648358056	165.95504971162288	1.4561023443832948	11.715
18.073742356357847	0.07337132374955276	8.100506371112973	0.07574049140585722	-0.6511612051068848	0.07317741359572495	-11.891665216610077	0.06811685259347963	19.8843	0.2364	186.95037007848106	1.976706106286245	39.20030395845413	0.4717314786078813	165.87335909612958	1.4752946457092937	11.715
18.032534790033765	0.06771450773642437	8.07175735138826	0.06599327509775195	-0.6744035222105261	0.07058287212326858	-11.899973395381775	0.07266143442271476	19.8789	0.2358	187.18420020988788	1.776861686897494	39.22498500647903	0.43336143904096097	166.09403169612347	1.4988346286437866	11.715
18.028567580717535	0.07148776528434747	8.059811677295258	0.07164487026939861	-0.6782694138154394	0.07251186177966959	-11.901948276394707	0.06736502597468566	19.9058	0.2375	187.03438787998317	1.8989102234787494	39.2612549087203	0.4580109816246398	166.12201588714032	1.4649294903163843	11.715
18.030728569313876	0.074051714595598	8.065862221808002	0.07253684313805063	-0.6763336593025276	0.07452033909387615	-11.907524640090665	0.06956217138742529	19.895	0.2372	187.10739244267168	1.9463804391768247	39.24277536178767	0.466820505090663	166.01090316342518	1.5068293117289753	11.715
18.009687187116903	0.07207698385979533	8.049748565244055	0.06983935156486214	-0.6763359037837038	0.07325530198137115	-11.909281765050869	0.06788525040685313	19.8789	0.2358	187.1999646892359	1.8863421467088568	39.31523128716513	0.45600913474046695	165.9849679103878	1.4757949724758164	11.715
18.017550474533003	0.07718860760933365	8.061569484286613	0.07194463004312035	-0.6782783327176123	0.06926012926129452	-11.910821020500281	0.07223268333021697	19.8843	0.2364	187.27437910419425	1.9848243499482312	39.25331840031512	0.44852361483913167	165.99092566543462	1.4788409546016854	11.715
18.036572947782787	0.073220258985843	8.055643501722406	0.07417277497320428	-0.682144131940435	0.07608499650151458	-11.896197766729818	0.06990807171151898	19.895	0.2372	186.80626572883943	1.9507044851662294	39.26257349279996	0.47745713588822564	166.26460145841563	1.5319435946454256	11.715
18.01762137159179	0.06937414065946762	8.04153721363769	0.06935054508046037	-0.6918188419970882	0.06772656406330217	-11.914552900190595	0.06630311984485553	19.8897	0.2368	186.89699573504063	1.837726908006262	39.28249655066081	0.4360118868128732	166.1360011431722	1.4030578173480455	11.715
17.99874235803154	0.07384922863170618	8.043512463290805	0.06845548386435445	-0.6976231998606041	0.07443852965983455	-11.90897684794007	0.07215618542779317	19.9004	0.2374	187.28850845589756	1.8944181948288312	39.24753514321741	0.45407116055303876	166.3046423159569	1.5378085303907556	11.715
