21.0731	0.074193	20.90389	0.075958	20.763724	0.069665	20.475332	0.073295	2.6996	0.1855	0.0	0.0	0.0	0.0	0.0	0.0	0.0
21.085879	0.069031	20.91243	0.065947	20.76381	0.070128	20.483857	0.07002	2.7104	0.1852	0.0	0.0	0.0	0.0	0.0	0.0	0.0
21.051192	0.071832	20.879889	0.078636	20.779857	0.071603	20.483042	0.074212	11.5185	0.2025	0.0	0.0	0.0	0.0	0.0	0.0	0.0
21.080896	0.070784	20.888428	0.068848	20.790511	0.06705	20.4979	0.078057	16.1571	0.2195	0.0	0.0	0.0	0.0	0.0	0.0	0.0
21.068284	0.079128	20.875826	0.073015	20.834989	0.071081	20.538092	0.072603	18.2553	0.229	0.0	0.0	0.0	0.0	0.0	0.0	0.0
21.068201	0.069632	20.888428	0.071255	20.839131	0.06913	20.548567	0.077222	18.9349	0.233	0.0	0.0	0.0	0.0	0.0	0.0	0.0
21.051776	0.071858	20.869897	0.070574	20.843878	0.069673	20.544835	0.069668	19.6523	0.2357	0.0	0.0	0.0	0.0	0.0	0.0	0.0
21.005605	0.079147	20.806866	0.07754	20.795558	0.081357	20.517785	0.078708	19.9867	0.2363	0.0	0.0	0.0	0.0	0.0	0.0	0.0
21.057873	0.076506	20.882334	0.07959	20.862647	0.077869	20.563592	0.082785	19.976	0.2372	0.0	0.0	0.0	0.0	0.0	0.0	0.0
21.057873	0.067565	20.875991	0.072064	20.860533	0.070904	20.563592	0.06804	19.9867	0.2363	0.0	0.0	0.0	0.0	0.0	0.0	0.0
21.046711	0.077902	20.866957	0.075796	20.85147	0.07794	20.567242	0.079338	19.9813	0.2368	0.0	0.0	0.0	0.0	0.0	0.0	0.0
21.024974	0.073026	20.849468	0.072317	20.81704	0.079074	20.545556	0.075996	19.976	0.2372	0.0	0.0	0.0	0.0	0.0	0.0	0.0
21.055757	0.075523	20.867535	0.072224	20.879562	0.0701	20.57415	0.074042	19.9652	0.2377	0.0	0.0	-0.0	0.0	0.0	0.0	0.0
21.026673	0.072335	20.851169	0.071188	20.856774	0.08181	20.559926	0.074678	19.9652	0.2377	0.0	0.0	-0.0	0.0	0.0	0.0	0.0
21.029038	0.077646	20.851416	0.07143	20.867604	0.072862	20.585509	0.075244	19.976	0.2372	0.0	0.0	-0.0	0.0	0.0	0.0	0.0
21.016014	0.076616	20.8532	0.076341	20.858801	0.077156	20.578847	0.076323	19.9706	0.2375	0.0	0.0	-0.0	0.0	0.0	0.0	0.0
21.044096	0.072891	20.893944	0.071775	20.893237	0.072987	20.60476	0.074372	19.9652	0.2377	0.0	0.0	0.0	0.0	0.0	0.0	0.0
21.063302	0.07736	20.877196	0.079534	20.882838	0.079078	20.585919	0.077312	19.9706	0.2375	0.0	0.0	-0.0	0.0	0.0	0.0	0.0
21.011701	0.075383	20.861573	0.073058	20.850258	0.078418	20.580876	0.073897	19.9598	0.2377	0.0	0.0	0.0	0.0	0.0	0.0	0.0
21.021777	0.071995	20.829373	0.069499	20.841283	0.069478	20.567716	0.067561	19.9436	0.2371	0.0	0.0	-0.0	0.0	0.0	0.0	0.0
21.018129	0.072795	20.872225	0.074572	20.867258	0.076541	20.589404	0.075623	19.9652	0.2377	0.0	0.0	0.0	0.0	0.0	0.0	0.0
20.984621	0.074133	20.830279	0.073268	20.842235	0.068296	20.560171	0.069497	19.9598	0.2377	0.0	0.0	-0.0	0.0	0.0	0.0	0.0
21.014315	0.07864	20.832476	0.071482	20.852892	0.075874	20.568699	0.073926	19.9652	0.2377	0.0	0.0	-0.0	0.0	0.0	0.0	0.0
21.007803	0.073961	20.840765	0.071483	20.861175	0.074807	20.579092	0.078911	19.949	0.2374	0.0	0.0	-0.0	0.0	0.0	0.0	0.0
21.018296	0.073353	20.857593	0.071336	20.850518	0.071851	20.557896	0.074073	19.949	0.2374	0.0	0.0	0.0	0.0	0.0	0.0	0.0
21.039865	0.079881	20.870689	0.079855	20.86575	0.080389	20.589978	0.07774	19.949	0.2374	0.0	0.0	0.0	0.0	0.0	0.0	0.0
21.033269	0.069063	20.874669	0.071785	20.884519	0.065644	20.581286	0.069499	19.9436	0.2371	0.0	0.0	-0.0	0.0	0.0	0.0	0.0
20.998761	0.071412	20.825393	0.081239	20.852113	0.076736	20.565851	0.072301	19.9544	0.2376	0.0	0.0	-0.0	0.0	0.0	0.0	0.0
21.013566	0.07135	20.85287	0.072157	20.860569	0.069567	20.576407	0.069462	19.949	0.2374	0.0	0.0	-0.0	0.0	0.0	0.0	0.0
21.01195	0.071413	20.853365	0.073865	20.854746	0.073604	20.56423	0.073755	19.9382	0.2366	0.0	0.0	-0.0	0.0	0.0	0.0	0.0
20.988519	0.07318	20.834177	0.073829	20.837661	0.071258	20.564067	0.072662	19.9598	0.2377	0.0	0.0	-0.0	0.0	0.0	0.0	0.0
20.980308	0.071991	20.840765	0.066388	20.865404	0.068164	20.570646	0.073911	19.949	0.2374	0.0	0.0	-0.0	0.0	0.0	0.0	0.0
20.986487	0.069623	20.842714	0.078832	20.839861	0.073847	20.557815	0.074367	19.9598	0.2377	0.0	0.0	0.0	0.0	0.0	0.0	0.0
20.975746	0.069544	20.827754	0.06953	20.850258	0.070966	20.580876	0.075559	19.9436	0.2371	0.0	0.0	-0.0	0.0	0.0	0.0	0.0
20.985988	0.074181	20.823197	0.076876	20.85414	0.074192	20.553101	0.070004	19.771	0.2353	0.0	0.0	-0.0	0.0	0.0	0.0	0.0
20.988186	0.067167	20.825393	0.074727	20.869026	0.071331	20.578519	0.069115	19.771	0.2353	0.0	0.0	-0.0	0.0	0.0	0.0	0.0
20.980142	0.068855	20.791991	0.072807	20.827178	0.071283	20.530369	0.06696	19.771	0.2365	0.0	0.0	-0.0	0.0	0.0	0.0	0.0
20.932294	0.069393	20.678704	0.077058	20.724356	0.069583	20.4573	0.074359	19.771	0.2353	0.0	0.0	-0.0	0.0	0.0	0.0	0.0
20.873926	0.077014	20.626722	0.072374	20.678735	0.072897	20.42435	0.072367	19.7764	0.2359	0.0	0.0	-0.0	0.0	0.0	0.0	0.0
20.846199	0.073006	20.611695	0.075986	20.629894	0.074329	20.37136	0.078587	19.771	0.2353	0.0	0.0	-0.0	0.0	0.0	0.0	0.0
20.866213	0.068209	20.63168	0.069028	20.649932	0.069122	20.399761	0.069935	19.7926	0.2369	0.0	0.0	-0.0	0.0	0.0	0.0	0.0
20.810434	0.069621	20.620305	0.069604	20.617393	0.067264	20.375741	0.06717	19.7818	0.2363	0.0	0.0	0.0	0.0	0.0	0.0	0.0
20.818476	0.076647	20.603004	0.073412	20.633861	0.071956	20.369007	0.07567	19.7818	0.2363	8634.214431587647	4252.8284252038975	-11093.564601730866	36955.85569414362	7024.354312941901	2769.3888608323086	11.6894412
21.076944	0.068939	20.626722	0.072058	20.640712	0.073731	20.190237	0.083222	19.7926	0.2369	4133.724016246474	915.6185471187645	-24477.080123327603	180372.60383224796	4131.411355522275	1019.7052575590089	11.693610199999998
21.456358	0.075566	20.698943	0.074408	20.647477	0.068805	18.252406	0.089335	19.7764	0.2359	2457.249914747323	344.055018113891	6654.023378426727	13102.861076595367	777.0783627258645	36.58505348074125	11.693999999999999
21.82463	0.067101	20.721525	0.069115	20.41033	0.069179	15.858099	0.09562	19.771	0.2353	1687.1988442284335	147.33685940543157	1100.446232490242	345.80060772787505	408.845224442036	10.59970997970585	11.693999999999999
22.272067	0.071919	20.739883	0.071668	19.899514	0.073755	13.649164	0.092766	19.7656	0.2358	1214.7088076714301	80.493804838025	407.5036041572994	49.86834122959779	297.76854307018044	5.646003558487608	11.693999999999999
22.660154	0.07447	20.685777	0.074154	19.13917	0.074556	11.609509	0.086792	19.7386	0.2366	942.6558620896565	50.17622932713122	221.4220798283078	15.054566029708623	247.17685983246008	3.7560091695820668	11.693999999999999
22.990025	0.082716	20.54608	0.0756	18.235661	0.077772	9.782023	0.094892	19.7224	0.2356	761.5382686707558	34.91787256834698	148.22120945332017	6.958151683080836	220.16058743227032	3.195259991115834	11.693999999999999
23.343157	0.07592	20.359231	0.082305	17.269948	0.079134	8.085099	0.080501	19.7117	0.2356	623.727908267495	23.40576035186181	110.85195178011165	4.096977628997861	202.63349037662323	2.4903904250313627	11.693999999999999
23.575236	0.070411	20.073966	0.072166	16.242236	0.081404	6.502976	0.073633	19.6847	0.2364	531.5665464420266	15.307322232738178	89.37296467038156	2.537392850609804	191.09848066613336	2.1537570415194773	11.693999999999999
23.812837	0.074542	19.79622	0.071508	15.262965	0.079069	5.084012	0.087805	19.6739	0.2358	463.37997762109933	11.916733837669021	75.54493990484436	1.7765850109468684	182.84984222540982	2.1225622583919197	11.6943898
23.978266	0.075623	19.498064	0.071702	14.320748	0.073286	3.785723	0.080864	19.6631	0.2348	415.4182998589035	9.662809073267171	66.14490351410674	1.3098903511950735	176.66382687563288	1.8300524114554646	11.693999999999999
24.126101	0.074237	19.193497	0.072113	13.396118	0.077767	2.562922	0.083234	19.6469	0.236	377.3175186262241	7.91688799659891	59.070324527414925	1.0806231464499814	171.80136293777988	1.806482249815166	11.693999999999999
24.23165	0.075551	18.881286	0.075573	12.534496	0.08066	1.465403	0.090768	19.6307	0.2361	347.8563303403699	6.947586174160309	53.95688838321322	0.9396812213684297	168.1400541203721	1.8445042450912725	11.693999999999999
24.331991	0.080569	18.587574	0.076428	11.75278	0.07752	0.462237	0.075975	19.6092	0.2346	323.99420643287897	6.263518904616353	50.104375005896905	0.7980349788128771	164.8421969006419	1.5847351839417305	11.693999999999999
24.378765	0.077798	18.271208	0.07733	10.959379	0.076206	-0.453444	0.081128	19.6092	0.2346	304.73030600172615	5.473019819102509	46.83548298512166	0.6954346410384457	163.07604445751264	1.5904429798776993	11.693999999999999
24.397964	0.073778	17.947112	0.070685	10.21122	0.073793	-1.346307	0.071148	19.5876	0.2359	288.5134664004967	4.569733824834181	44.26807896864394	0.5847468820435171	161.03426878217425	1.4282430110138242	11.693999999999999
24.426521	0.069875	17.661556	0.072565	9.560562	0.070361	-2.10516	0.074483	19.5606	0.2349	275.1171596257172	4.0967955437372625	42.27296865421176	0.5274377675698925	159.54074055733955	1.40127329628206	11.693999999999999
24.443774	0.072392	17.357147	0.072526	8.923465	0.071359	-2.827063	0.075458	19.5606	0.2349	262.6296011448547	3.7976337112656178	40.60540159676584	0.4898715490741894	158.3892985034527	1.3998998175131478	11.693999999999999
24.402739	0.075572	17.063252	0.077944	8.311995	0.078663	-3.508497	0.075462	19.5229	0.2356	253.64653821970472	3.751914351563464	39.14190641651497	0.4953026215374613	157.4922169373808	1.4523622919354593	11.697000000000001
24.366582	0.08033	16.784664	0.082181	7.758386	0.078143	-4.125139	0.084401	19.5067	0.2346	245.47323739208588	3.7206635885166714	37.93956461623394	0.4766577385823503	156.61664948096308	1.515899447300753	11.693999999999999
24.323223	0.077459	16.520406	0.075463	7.24377	0.072742	-4.673487	0.069231	19.5013	0.2341	238.58501942626833	3.306601613356421	36.92512175323726	0.4172077210146057	156.21341696481866	1.3163328851110172	11.697000000000001
24.277247	0.07319	16.29347	0.073771	6.77003	0.070551	-5.186286	0.072626	19.4959	0.2346	233.17729543632376	3.0350614733008388	35.96818765228388	0.3855224815231558	155.7030921261488	1.3185707156970794	11.697000000000001
24.218697	0.064215	16.066263	0.071524	6.331818	0.068279	-5.662469	0.064189	19.4743	0.2355	228.35330538824482	2.6923989533393566	35.18854175269811	0.3574457935988033	155.2101760618992	1.212691257302913	11.697000000000001
24.176137	0.074713	15.817781	0.076775	5.901991	0.077156	-6.116678	0.072119	19.4528	0.2344	222.72745822235225	2.854663203550464	34.54499229551683	0.37920153823467667	154.89530150608158	1.3611304511333355	11.697000000000001
24.138349	0.076088	15.621585	0.072821	5.538561	0.072878	-6.479555	0.074541	19.4474	0.2338	218.58484468504852	2.7030490754538863	33.972040753693676	0.34711458544209894	154.90243171172273	1.343659446788902	11.697000000000001
24.068151	0.070328	15.425353	0.074857	5.189467	0.068757	-6.856895	0.070629	19.4474	0.2338	215.39729198903967	2.55977510303835	33.46470454393081	0.3323013478840219	154.53922710561883	1.2645219528707092	11.697000000000001
23.961524	0.067651	15.198974	0.071545	4.834414	0.075724	-7.219862	0.067151	19.4042	0.2346	212.45361105239044	2.387350027919181	33.049245558500324	0.33218580500394523	154.4377646399544	1.296682309331332	11.697000000000001
23.862515	0.075577	14.99005	0.070392	4.497976	0.076935	-7.558129	0.070767	19.3934	0.2336	209.8216677084954	2.4424390771473856	32.64758661231979	0.3244779976515475	154.4143304811011	1.3388536093610395	11.697000000000001
23.826431	0.072043	14.81896	0.072665	4.213535	0.069032	-7.826728	0.070303	19.3934	0.2336	206.67681316078554	2.347858918406133	32.29864950635016	0.30524388012860837	154.6175076502712	1.2652784560702919	11.697000000000001
23.7683	0.076921	14.653768	0.068467	3.933238	0.073759	-8.107937	0.072901	19.388	0.2341	204.24914564855797	2.3076591824863972	31.951861743768436	0.2999477881131617	154.60578956352748	1.3315649195672086	11.697000000000001
23.680723	0.074177	14.470437	0.0765	3.677005	0.073407	-8.364616	0.066955	19.3665	0.235	202.12567195986892	2.338466542533616	31.736052269921437	0.31173837382781594	154.6000609893197	1.2756078997709515	11.697000000000001
23.577279	0.076341	14.296975	0.078724	3.422845	0.071947	-8.628179	0.070162	19.3503	0.2344	200.60068017050307	2.37038648217997	31.500536225999305	0.3089418286365223	154.479431506572	1.2882139741198595	11.697000000000001
23.540034	0.070029	14.172173	0.070825	3.214542	0.068619	-8.800589	0.06859	19.3395	0.2333	198.7257756060657	2.112889837547135	31.260488790231094	0.2813325582500764	154.9409200311133	1.2511426582646974	11.697000000000001
23.4555	0.070832	14.035717	0.071428	3.011898	0.072659	-9.005643	0.068747	19.3395	0.2333	197.63037547174778	2.1104873296643456	31.072797626320344	0.28719266208381977	154.90984588661976	1.2893890637384617	11.697000000000001
23.394496	0.073811	13.890323	0.071008	2.805851	0.073866	-9.209409	0.06566	19.3125	0.2348	195.88209545220465	2.1109324638590263	30.90380336573304	0.2856649443524467	154.9444147616305	1.274478038923991	11.697389900000001
23.332853	0.077057	13.748736	0.073548	2.609678	0.071674	-9.375488	0.07254	19.3017	0.2345	194.2417265224149	2.1588998708411244	30.751335538764334	0.2835092327866249	155.32828983143227	1.32161322178064	11.697000000000001
23.23457	0.075883	13.635753	0.073001	2.450848	0.075192	-9.537587	0.068789	19.2963	0.2341	193.94425860701784	2.127512592480841	30.6252846324107	0.28695145409423106	155.28593654782406	1.320049579736605	11.697000000000001
23.159886	0.071368	13.50441	0.070972	2.276468	0.068298	-9.716362	0.066901	19.2802	0.2336	192.80618064454293	2.009836041241332	30.507896044986428	0.2676292302277129	155.22903185612958	1.2374598056006776	11.697000000000001
23.0805	0.081564	13.372877	0.07719	2.102156	0.076969	-9.83901	0.072633	19.2802	0.2336	191.77047208652544	2.2184053989556975	30.39210181701339	0.29394223851973184	155.90063163459942	1.381677265349018	11.697000000000001
23.012077	0.078526	13.276417	0.079044	1.969085	0.078617	-9.978434	0.075289	19.264	0.2345	191.21820538862727	2.1883992478531606	30.293696929247236	0.2986777439540215	155.8177426164415	1.4196454403644023	11.697000000000001
22.95089	0.077613	13.174312	0.072583	1.840096	0.072551	-10.090229	0.076542	19.2478	0.2342	190.4179038993388	2.069701138423676	30.221843485719926	0.2736424921465377	156.04229954836438	1.3793873105161745	11.697000000000001
22.868312	0.07932	13.068097	0.077787	1.707252	0.077501	-10.213085	0.079599	19.237	0.2334	189.95864056271262	2.1534048404336263	30.151005634876952	0.29141796111866625	156.17304584483017	1.4555214908566358	11.697000000000001
22.793373	0.071444	12.947089	0.068876	1.580238	0.071357	-10.32622	0.065958	19.2316	0.2328	189.06984426121312	1.9055864316757491	30.135073512524432	0.2629279044683727	156.35509749954008	1.2760508231634624	11.697000000000001
22.745012	0.072451	12.898317	0.070617	1.482677	0.070809	-10.423014	0.068328	19.2262	0.2334	189.0682658371521	1.9426305438795226	30.007282093614105	0.2628691492476543	156.37037120665954	1.292390765726901	11.697389900000001
22.700916	0.069204	12.808629	0.072132	1.379298	0.069942	-10.508642	0.070145	19.2316	0.2328	188.19059963303306	1.901650462529956	29.97033532967761	0.26346492456046244	156.59865978672937	1.3048625999578547	11.697000000000001
22.6215	0.081057	12.710096	0.076698	1.258284	0.072141	-10.615953	0.072307	19.2262	0.2334	187.82760975031564	2.1147363795493526	29.911501622486895	0.2750228288891399	156.7793722593744	1.3485916986639415	11.697000000000001
22.550896	0.070459	12.609711	0.072264	1.172452	0.068743	-10.704791	0.069022	19.21	0.2342	187.26493430018348	1.9012249310338767	29.94956305861583	0.26117430842623074	156.73969153916613	1.2855500404896094	11.697000000000001
22.499374	0.077507	12.548148	0.08366	1.071055	0.073488	-10.776876	0.073588	19.1885	0.2336	187.07597074381454	2.14396945902913	29.845617618720237	0.2895679039047354	157.12746412101754	1.3792347377773673	11.697000000000001
22.459661	0.074873	12.499494	0.074969	1.008764	0.069927	-10.821662	0.072209	19.1831	0.2332	186.9080311547188	1.9882891830490181	29.810197745645063	0.26596248631314695	157.3599533435829	1.3370221921537475	11.697000000000001
22.395931	0.073974	12.381058	0.069417	0.897746	0.070748	-10.914322	0.070494	19.1885	0.2336	185.8393880711098	1.882427916484053	29.821800944374175	0.2574013301969547	157.5641122055019	1.3322388652029102	11.693999999999999
22.322027	0.075193	12.326209	0.074636	0.845214	0.072428	-10.957155	0.069356	19.1777	0.2326	186.2414142777673	1.9739810908271636	29.83547230830773	0.2702668889967271	157.73404200149008	1.340195210621887	11.697000000000001
22.283931	0.078269	12.25893	0.074582	0.757628	0.07385	-11.02574	0.071906	19.1777	0.2326	185.69927342203425	2.0026504242430705	29.782795329758706	0.271793335420931	157.9883868277888	1.3820008676799467	11.697000000000001
22.205011	0.075881	12.18735	0.072913	0.67977	0.072669	-11.094103	0.073758	19.1669	0.2335	185.83533152805862	1.9521750889806768	29.76654770304641	0.266279594991369	158.11579905810538	1.390516698067204	11.697000000000001
22.168617	0.072625	12.136195	0.074407	0.635007	0.072748	-11.132841	0.070075	19.1777	0.2326	185.56190512921896	1.923143380641858	29.783089606086133	0.2694725920640693	158.19676347849287	1.3578775261998617	11.697000000000001
22.099921	0.074282	12.072578	0.069198	0.559108	0.071069	-11.191715	0.066025	19.1669	0.2335	185.6559016066166	1.8796368883081422	29.7513177159062	0.2563184233025354	158.42595717296567	1.3078429636554143	11.697000000000001
22.020629	0.071827	11.99063	0.068752	0.473518	0.06661	-11.270912	0.072656	19.1615	0.2338	185.60674240886382	1.8399417867720593	29.741910163004334	0.247208316636952	158.51218723460312	1.3303657871704515	11.697000000000001
22.003552	0.072158	11.964079	0.072626	0.42881	0.067385	-11.296757	0.069078	19.1615	0.2338	185.43157060567876	1.8909552696473613	29.695095011501046	0.2550400869042302	158.76720153628693	1.3066538388729927	11.697000000000001
21.970187	0.084913	11.903248	0.087393	0.37055	0.079214	-11.337719	0.07788	19.1453	0.2339	184.9256580189085	2.2383639943110745	29.701713675474796	0.3037734873830137	159.00176370183135	1.5085769642615616	11.697000000000001
21.865298	0.080996	11.835534	0.070982	0.308333	0.074944	-11.389057	0.07192	19.1453	0.2339	185.6110884895813	1.993048700191278	29.71587762632897	0.2660982875738329	159.14963265976778	1.4132205508225457	11.697000000000001
21.851222	0.067137	11.80131	0.068599	0.257877	0.068641	-11.430089	0.064578	19.1345	0.2334	185.23897045648158	1.7691959872477734	29.67409501037831	0.24946406429526924	159.27795390880527	1.2843035857820764	11.697000000000001
21.807176	0.071346	11.748616	0.067269	0.22295	0.071308	-11.445123	0.068638	19.1399	0.2337	185.0797219346694	1.80429753206041	29.719834786851795	0.2527801215252265	159.54951998861839	1.3533818063704621	11.697000000000001
21.783662	0.077324	11.713898	0.074343	0.176342	0.076126	-11.487534	0.071127	19.1237	0.2323	184.826372759927	1.9688252470675092	29.681591781926294	0.27374012387314123	159.56599707753475	1.4252763417248688	11.693999999999999
21.714225	0.075082	11.660134	0.072468	0.121913	0.072686	-11.534802	0.071208	19.1237	0.2323	185.16198154268156	1.9217721272748016	29.68749561106468	0.2640874039989292	159.70497417697092	1.3940916200494988	11.697000000000001
21.686337	0.075265	11.618327	0.077607	0.108413	0.073435	-11.556006	0.072751	19.1237	0.2323	184.90598105697413	1.985514145615237	29.76051053544675	0.27626041507064586	159.5994964300041	1.4143725399272038	11.697000000000001
21.660887	0.075821	11.57354	0.075011	0.057955	0.072088	-11.567087	0.067769	19.1237	0.2323	184.5515379096491	1.9513015090852168	29.745852978968845	0.2687320195522855	160.14010167282584	1.3629590759653563	11.697000000000001
21.598043	0.073048	11.5312	0.072741	0.042466	0.070472	-11.606249	0.067391	19.1183	0.2329	184.92742830185773	1.8937356675219872	29.815374936630196	0.2628393801814818	159.81465225213358	1.3377669425995822	11.697000000000001
21.602968	0.079392	11.519346	0.07745	0.007571	0.069723	-11.608435	0.071587	19.1183	0.2329	184.61970888365067	2.0306816554943765	29.755696574959995	0.26936263910464825	160.26466914536388	1.3787170722855142	11.697000000000001
21.52198	0.08007	11.464178	0.066944	-0.050646	0.068717	-11.654383	0.068756	19.1075	0.2336	185.09366619089735	1.9206932680672042	29.74781859078291	0.24784187492730628	160.43412405787038	1.3440020008802485	11.697000000000001
21.467803	0.074366	11.398456	0.071372	-0.104997	0.070275	-11.696243	0.072542	19.1183	0.2341	184.88143250074341	1.8925313011784408	29.777224687381473	0.25927579987662347	160.60701876252796	1.3994416121305144	11.697000000000001
21.4645	0.082092	11.374533	0.079066	-0.118535	0.080397	-11.694868	0.074222	19.1129	0.2333	184.50361458761765	2.0841485964190576	29.804128918563674	0.2924145787836699	160.813920051267	1.5200039722101417	11.697000000000001
21.411358	0.074351	11.329702	0.070825	-0.161198	0.070179	-11.742769	0.069842	19.1022	0.2337	184.6557230468029	1.8807815506177052	29.80975295182241	0.2586574699880244	160.74117856302183	1.3741707547946946	11.697000000000001
21.364243	0.072459	11.294871	0.070937	-0.18448	0.071628	-11.746203	0.068766	19.1075	0.2336	184.88097185191702	1.8618121590121832	29.839745221994807	0.2620468336265821	161.01713395987645	1.3828367547221339	11.697000000000001
21.327898	0.072953	11.268265	0.072637	-0.209691	0.069693	-11.770019	0.071953	19.0914	0.2337	185.05997041141916	1.8938621094831212	29.84337103019505	0.26173175782614316	161.03655364135992	1.395396052016253	11.697000000000001
21.320102	0.074948	11.242186	0.073852	-0.236804	0.075405	-11.796196	0.071261	19.1075	0.2336	184.72424732013923	1.9286441495604036	29.840683726013857	0.2743777877568434	161.0495899642101	1.4454863396093016	11.697000000000001
21.288167	0.072047	11.219739	0.071223	-0.263941	0.071531	-11.801644	0.068019	19.0752	0.2327	184.8983162157181	1.860455633373889	29.828495859478167	0.26219459831088676	161.35233524469814	1.380407861283251	11.697000000000001
21.246324	0.077289	11.183415	0.069892	-0.292992	0.073295	-11.820353	0.068139	19.086	0.2335	184.99972700854474	1.9157233408081396	29.847399892553952	0.2633983221865049	161.49710426542418	1.4020530383097256	11.697000000000001
21.19874	0.074176	11.123965	0.074123	-0.34727	0.069389	-11.856727	0.067738	19.1022	0.2337	184.78182996643076	1.9232964268877968	29.860857200764997	0.26430175850233717	161.7483233927463	1.3627717317233754	11.697000000000001
21.195262	0.067653	11.128417	0.07155	-0.337562	0.075831	-11.857117	0.067978	19.086	0.2335	184.9273951507009	1.8088973229143839	29.874544121985725	0.271644652011226	161.60653507126656	1.4286989200414693	11.697000000000001
21.122631	0.070642	11.048843	0.076819	-0.389881	0.070152	-11.888125	0.070627	19.0752	0.2327	184.7999404166064	1.9144838506468635	29.94572527011904	0.2723446289069845	161.90606981256283	1.401703464271327	11.697000000000001
21.116617	0.071974	11.038859	0.076417	-0.395683	0.067862	-11.899364	0.068557	19.0698	0.2321	184.72713298426925	1.924218719357831	29.95667931034804	0.26774804418514425	161.8295380275003	1.3570209825120674	11.697000000000001
21.079114	0.074557	11.016817	0.071554	-0.436338	0.069384	-11.927331	0.06914	19.086	0.2335	185.01097293463704	1.9000308586390646	29.90799531598111	0.26027115303065684	162.00823348346535	1.380990646956829	11.697000000000001
21.044679	0.071967	10.979964	0.072807	-0.436353	0.071243	-11.912273	0.070391	19.086	0.2335	184.96651761243902	1.881370020767801	30.004504423037364	0.26772231974266586	162.221006348353	1.4157262691802743	11.697000000000001
21.023192	0.079321	10.945276	0.071612	-0.467342	0.0736	-11.941602	0.067881	19.0752	0.2327	184.7242340480327	1.9587944827777304	30.014228767580555	0.2700671312999205	162.2444799814509	1.4157388878828119	11.697000000000001
20.97919	0.074694	10.941427	0.072785	-0.473141	0.071153	-11.947352	0.074767	19.0806	0.2331	185.4569983782402	1.9269030179190871	30.008099363880206	0.2675892998114105	162.23976662574802	1.4593803163298684	11.696610100000001
20.979522	0.078565	10.933476	0.069146	-0.502175	0.067314	-11.962277	0.067044	19.0752	0.2327	185.3102528278951	1.9305588717234299	29.953776118817654	0.2527678492663579	162.4449175333219	1.3466880082943757	11.697000000000001
20.934945	0.065172	10.884669	0.06988	-0.531216	0.066752	-11.982469	0.062976	19.0752	0.2327	185.2322695694814	1.7611203332900962	30.00563694682411	0.2540065649893485	162.57044306488382	1.3028430814078065	11.697000000000001
20.920226	0.072449	10.854266	0.075603	-0.546699	0.070966	-12.008322	0.068898	19.0752	0.2327	184.94363978261083	1.9238982214938845	30.04490461139923	0.27325961410764704	162.42337624261194	1.4016579894497379	11.697000000000001
20.893235	0.068212	10.850459	0.070826	-0.562174	0.065584	-11.999368	0.064991	19.0806	0.2331	185.3705858810681	1.8150266067815537	30.014186787182165	0.2538590576376677	162.77029546378938	1.3140334515552285	11.697000000000001
20.857708	0.082419	10.818197	0.075543	-0.598939	0.074534	-12.032768	0.072925	19.0806	0.2331	185.43088630671633	2.0649893600142972	30.002349264804078	0.27887295781932736	162.8181973481034	1.484884007366786	11.697000000000001
20.829402	0.073967	10.789369	0.075471	-0.610564	0.072939	-12.021269	0.07498	19.0752	0.2327	185.42123025612992	1.9516015004063583	30.047624641901205	0.276641793597722	163.14815576484463	1.4956162784238185	11.697000000000001
20.814771	0.074835	10.767133	0.075723	-0.616367	0.066292	-12.063748	0.066131	19.0752	0.2327	185.28089657454532	1.963196169428906	30.091000321343923	0.2660334956846965	162.6254374264068	1.3302489975316616	11.697000000000001
20.784853	0.074974	10.74465	0.071524	-0.647331	0.070773	-12.061729	0.068493	19.0698	0.2321	185.41808763644036	1.9135754406440098	30.068600405579776	0.26558233727591973	163.0953618523922	1.4072681995888832	11.697000000000001
20.74934	0.067149	10.722543	0.067698	-0.670541	0.069453	-12.080378	0.066721	19.0698	0.2321	185.66600942460747	1.7656297646182366	30.065687412582594	0.25594596884742105	163.16055880217075	1.3772183574320176	11.697000000000001
20.764625	0.072356	10.718735	0.067167	-0.660861	0.065452	-12.069586	0.067572	19.0752	0.2327	185.3131442391898	1.8211614315461793	30.101323966707266	0.24807701773511767	163.1764607248765	1.345522122138038	11.697000000000001
20.74536	0.078917	10.698326	0.070872	-0.686014	0.072846	-12.084196	0.069179	19.0806	0.2331	185.29203605462808	1.9561782026959271	30.088779092714155	0.26861734422051037	163.32739632835901	1.4395240978962456	11.697000000000001
20.711636	0.075444	10.690254	0.073807	-0.701489	0.071306	-12.080555	0.069888	19.0698	0.2321	185.76634716584726	1.9564334253310258	30.06922639741717	0.2708855875509718	163.60177529690162	1.435506130241815	11.697000000000001
20.660607	0.071646	10.663723	0.074231	-0.70923	0.071305	-12.098805	0.073346	19.0698	0.2321	186.2215521070909	1.9217946707926086	30.118906738013777	0.27258935547759305	163.45081922961805	1.468003531757835	11.697000000000001
20.634689	0.073297	10.614766	0.072944	-0.745985	0.070487	-12.124291	0.07029	19.0698	0.2321	185.79337832052337	1.917432799547687	30.151254164374347	0.26920829262970986	163.61270621859924	1.43137796442664	11.697000000000001
20.647607	0.081779	10.627056	0.078786	-0.738247	0.077695	-12.102314	0.077661	19.086	0.2335	185.7817316260301	2.1053472041362196	30.139181278268453	0.2934318817806544	163.81770519256122	1.5835772585883396	11.697000000000001
20.641271	0.082374	10.606779	0.078842	-0.753719	0.083147	-12.128109	0.077102	19.0752	0.2327	185.52364452820336	2.1081498015299536	30.15192745031431	0.30411777341759527	163.66902612551692	1.631653934905582	11.697000000000001
20.579457	0.073381	10.57	0.071505	-0.792398	0.071558	-12.148063	0.072391	19.0806	0.2331	185.98763963130074	1.9037876184819915	30.14688525019733	0.26840105007887616	163.93891315646005	1.469503346638221	11.697000000000001
20.551765	0.067904	10.555687	0.067154	-0.800134	0.063347	-12.160825	0.067563	19.0698	0.2321	186.23658177467595	1.7792870144115283	30.16434440543452	0.24522155702376366	163.86639186898938	1.3358879344280268	11.697000000000001
20.549897	0.070191	10.531486	0.068565	-0.805933	0.064819	-12.168327	0.063603	19.0752	0.2327	185.82141650590128	1.8199718053258407	30.213305910024225	0.25144651978491833	163.8418282909086	1.3094837639263779	11.697000000000001
20.505078	0.077757	10.506921	0.07629	-0.833003	0.076497	-12.179111	0.07454	19.0698	0.2321	186.19784868690516	2.028673798891449	30.206633559707324	0.28778064866272507	164.0769888847416	1.5445581085689877	11.697000000000001
20.522777	0.077955	10.497195	0.080227	-0.813664	0.075037	-12.157452	0.075156	19.0752	0.2327	185.68850278478777	2.071875380889923	30.284253190111468	0.2941164881117276	164.1105587754649	1.5364288315593317	11.697000000000001
20.492085	0.074489	10.501736	0.071498	-0.829124	0.072829	-12.172723	0.070237	19.0752	0.2327	186.3433766752907	1.9258580321900616	30.230794012222884	0.2722941236868091	164.11329886681455	1.4638176644369811	11.697000000000001
20.480316	0.068503	10.460597	0.070373	-0.858129	0.073232	-12.192316	0.064183	19.086	0.2335	185.79716100836922	1.8211107519817173	30.26320270881728	0.2715561512704669	164.24957306125117	1.4111529158108522	11.697000000000001
20.459291	0.077499	10.466716	0.073161	-0.85233	0.072826	-12.192361	0.07135	19.0698	0.2321	186.30187489309554	1.9870212928197448	30.262347442761317	0.27598999235011995	164.164926010247	1.4759387317803256	11.697000000000001
20.46221	0.071115	10.461043	0.068035	-0.850392	0.066387	-12.190965	0.066698	19.0644	0.2326	186.14179919861164	1.831754622772387	30.28271060146222	0.2544868878409771	164.15708650698798	1.362192501436467	11.697000000000001
20.424384	0.071275	10.432756	0.071058	-0.883253	0.071461	-12.191054	0.067399	19.0806	0.2331	186.31953157925344	1.8767825264510059	30.27046973159557	0.26957910836544174	164.63283756376904	1.4301709077993612	11.697000000000001
20.406533	0.073272	10.393779	0.071535	-0.912248	0.06972	-12.238403	0.073388	19.0752	0.2327	185.92640137653223	1.901482396054349	30.297196247552158	0.26768043252195933	164.36604641710278	1.4689924013284592	11.697000000000001
20.399142	0.071868	10.424692	0.06921	-0.892917	0.069723	-12.215043	0.071669	19.0806	0.2331	186.6404083543295	1.866970116286782	30.266190363931127	0.2627209021461562	164.42454408892505	1.4520704160280498	11.697000000000001
20.356058	0.072089	10.373603	0.068676	-0.916112	0.067707	-12.240334	0.066899	19.0806	0.2331	186.49074059731205	1.8600563917833102	30.34096960545683	0.2591811858953628	164.39411360769577	1.3817746440542054	11.697000000000001
20.356862	0.074164	10.382108	0.073433	-0.921908	0.071458	-12.226048	0.072953	19.0806	0.2331	186.63469894649643	1.9527976701182757	30.30258619366149	0.27467050189967784	164.6861499093941	1.487742767520276	11.697000000000001
20.331627	0.069084	10.349738	0.068573	-0.94703	0.069717	-12.246351	0.066296	19.0806	0.2331	186.5013114346273	1.8186695960190773	30.322025770472834	0.2624788299247389	164.75640055770393	1.4027935176570494	11.697000000000001
20.316299	0.069137	10.347432	0.070238	-0.952828	0.0711	-12.251562	0.068453	19.0752	0.2327	186.74494154297727	1.8462352559791373	30.31265677339288	0.268093730251224	164.76495548787426	1.4392518210712957	11.697000000000001
20.291469	0.075885	10.309192	0.071142	-0.97215	0.069999	-12.259196	0.070526	19.0806	0.2331	186.49407061574124	1.9433246284388657	30.363487784693117	0.2686239959016534	164.9355686359521	1.4520308645945958	11.697000000000001
20.278093	0.072947	10.308833	0.074375	-0.977946	0.069328	-12.266158	0.070701	19.0806	0.2331	186.7375760344884	1.9513703923629848	30.348861519330946	0.2733941199497802	164.9185371145115	1.4466679552640629	11.697000000000001
20.283193	0.07382	10.297122	0.069993	-0.981811	0.072563	-12.268493	0.067723	19.086	0.2335	186.42320925219929	1.899065746732296	30.369975183478733	0.27146599722872794	164.94089105660154	1.450502975178597	11.697000000000001
20.263811	0.074089	10.288823	0.07549	-0.974082	0.074789	-12.28484	0.07151	19.086	0.2335	186.63033550349846	1.9790039574085883	30.413193749143634	0.2869457581200917	164.58980425792734	1.5057220379870209	11.697000000000001
20.238345	0.074591	10.292793	0.076026	-0.999199	0.073936	-12.273703	0.06785	19.086	0.2335	187.1827084886697	2.0045441317385086	30.334853841771668	0.28489195338846107	165.119047328692	1.4696606619682493	11.697000000000001
20.232019	0.071653	10.272544	0.070688	-1.01079	0.069031	-12.286591	0.067461	19.0806	0.2331	186.92104191714554	1.8890667041048723	30.358128683216066	0.26583246128569704	165.10005172423084	1.4132493823163852	11.697000000000001
20.198283	0.078013	10.232052	0.080432	-1.030107	0.074244	-12.288432	0.073656	19.0806	0.2331	186.79432911121583	2.1001304008404618	30.415206515047064	0.29561458481277464	165.35633774682418	1.536051319968867	11.697000000000001
20.204608	0.070755	10.248248	0.066646	-1.028176	0.068118	-12.297638	0.064598	19.0968	0.2338	186.97951948662853	1.8254172354630955	30.376732187306253	0.2567173932482574	165.1929218514992	1.3761001468145957	11.697000000000001
20.179149	0.074943	10.221851	0.070058	-1.051354	0.071877	-12.303071	0.067069	19.086	0.2335	186.9619053959603	1.9262589199504927	30.38540504440279	0.2705384040563158	165.45345162348292	1.4456032902475264	11.697000000000001
20.171035	0.064881	10.215936	0.067656	-1.047492	0.068929	-12.306933	0.069074	19.086	0.2335	187.0032043487196	1.7608411016449022	30.411779268617884	0.2607820365514623	165.33995284363925	1.4329556762212834	11.697000000000001
20.1998	0.071486	10.232805	0.070409	-1.03977	0.071533	-12.302174	0.068081	19.086	0.2335	186.78001274619575	1.8803060976150505	30.387102491215295	0.27056665225469184	165.29644778649265	1.4493701728740398	11.697000000000001
20.145977	0.072222	10.183668	0.072699	-1.062945	0.076252	-12.318114	0.069765	19.1022	0.2337	186.86784575595206	1.9221707159461012	30.45725029240209	0.28531234127825705	165.40270931625838	1.5188231246352257	11.697000000000001
20.118576	0.07357	10.167476	0.066713	-1.074534	0.066369	-12.334682	0.064511	19.0914	0.2337	187.0783511673782	1.867065275254362	30.469722656002823	0.25505287393275	165.3295641871209	1.3589687052112183	11.697000000000001
20.116468	0.073533	10.177596	0.074418	-1.080328	0.075889	-12.334682	0.071728	19.0914	0.2337	187.30850997793831	1.9716605041677018	30.426651567258983	0.2872639174993724	165.41467928598757	1.534779357976335	11.697000000000001
20.136075	0.080523	10.179935	0.076122	-1.072605	0.073451	-12.318474	0.07036	19.086	0.2335	186.98365510544113	2.0810550316551173	30.441206800929166	0.2861661810707028	165.53948952475585	1.4972237543958575	11.697000000000001
20.088196	0.073861	10.130616	0.072332	-1.115083	0.070539	-12.339708	0.072487	19.0914	0.2337	186.9566056308491	1.9409736767926375	30.459726651382187	0.27365461280541	165.85278501269264	1.4944928650483529	11.697000000000001
20.065888	0.071078	10.137119	0.068457	-1.093846	0.068523	-12.349408	0.06497	19.0914	0.2337	187.4990989603511	1.8635785384559607	30.499686316817638	0.26303954628230136	165.39693658851473	1.3875812472722304	11.697000000000001
20.076266	0.072314	10.135016	0.073404	-1.117018	0.070448	-12.354839	0.068703	19.0968	0.2338	187.26371556510395	1.940978658837814	30.44257438226743	0.2752594587549024	165.65803738693907	1.4505580950404784	11.697000000000001
20.033331	0.075854	10.102249	0.072977	-1.120875	0.073843	-12.358069	0.066065	19.1022	0.2337	187.45543595601595	1.9868274247077977	30.52099525849847	0.2823336296228337	165.66727784368024	1.460752220527373	11.697000000000001
20.037308	0.075887	10.104155	0.071993	-1.122804	0.075738	-12.341368	0.073932	19.0914	0.2337	187.41636415397198	1.9736304502217155	30.5105693326479	0.28397775690697946	165.94239110764957	1.5655597125258103	11.697000000000001
20.046607	0.072885	10.096492	0.079987	-1.12281	0.068822	-12.35843	0.06809	19.1075	0.2336	187.09687376547407	2.034788874412951	30.53139172297186	0.2871519695622445	165.69048686816188	1.4276817916059483	11.697000000000001
20.027248	0.072384	10.08618	0.077565	-1.151769	0.074461	-12.361886	0.069943	19.0914	0.2337	187.26714331303447	1.9985514574719827	30.480731031321305	0.2916292613900837	166.06743988146414	1.5133901318837975	11.697000000000001
20.006575	0.07846	10.084352	0.069451	-1.157564	0.072122	-12.367633	0.070216	19.0968	0.2338	187.62280794685407	1.9813659501575556	30.46997395253489	0.27137701157836686	166.06814845482555	1.4911539790816823	11.697000000000001
20.004785	0.076322	10.056185	0.077496	-1.153706	0.071431	-12.367814	0.068792	19.0968	0.2338	187.1253584116394	2.045852656200142	30.5570253133725	0.2872956759766023	166.00832948708447	1.4680717529747116	11.697000000000001
19.995884	0.082178	10.047859	0.071914	-1.171077	0.074458	-12.395149	0.07317	19.1022	0.2337	187.13618483588112	2.054224617806883	30.532387043571127	0.2817194133738511	165.8609648104913	1.542634960483592	11.697000000000001
19.966078	0.076316	10.03759	0.069583	-1.180726	0.073438	-12.396808	0.070841	19.1075	0.2336	187.50442336858984	1.950419526607328	30.534075697720105	0.27535875502214807	165.97912222158706	1.5099770410595839	11.697000000000001
19.957731	0.07172	10.017402	0.068185	-1.173005	0.068207	-12.391332	0.068979	19.1075	0.2336	187.2810523520568	1.8644401702291977	30.610228437793108	0.2638121798174653	165.94589940327643	1.4349638183706481	11.697000000000001
19.960941	0.074335	10.052333	0.076448	-1.145986	0.0709	-12.373562	0.070579	19.1075	0.2336	187.88061582344685	2.0218617949122337	30.58859940304408	0.28480271797523543	165.8092039440057	1.4774100289233778	11.697000000000001
19.979347	0.077954	10.039923	0.072951	-1.17108	0.074765	-12.376926	0.071406	19.1129	0.2333	187.2918740807503	2.0117944428287022	30.552973426603625	0.2846773718650284	166.12519043568602	1.532674517125808	11.696610100000001
19.949227	0.073695	10.031522	0.068086	-1.192308	0.069596	-12.400488	0.068513	19.1183	0.2341	187.7082665835454	1.898957103606615	30.51907524261232	0.26474103458219844	166.09613668254516	1.4472563435420944	11.697000000000001
19.952043	0.076067	10.003553	0.071286	-1.182664	0.075065	-12.393535	0.071479	19.1183	0.2329	187.12744207595009	1.9608891746343269	30.621692775859607	0.28338045873062695	166.05626311810863	1.535320341532349	11.697000000000001
19.900318	0.069443	9.982749	0.068064	-1.221256	0.070067	-12.422297	0.06889	19.1075	0.2336	187.7108605633786	1.8404109779874331	30.573077722882047	0.2665557865089603	166.20198587456196	1.4580097261241194	11.697000000000001
19.903131	0.075526	9.991186	0.071607	-1.205823	0.070068	-12.407985	0.06696	19.0968	0.2338	187.81736767730797	1.9720833830928892	30.59217881971076	0.27372343249823	166.18536149573575	1.4377980494120917	11.697000000000001
19.897757	0.070024	9.967382	0.067787	-1.221275	0.065891	-12.404849	0.068941	19.1183	0.2329	187.46878436195215	1.8398805532235953	30.615015358190515	0.2586703947482374	166.4615886717641	1.4194637588551196	11.697000000000001
19.916317	0.069593	9.99348	0.07332	-1.205829	0.067681	-12.415663	0.065304	19.1075	0.2336	187.6111912961651	1.9112903386609423	30.58589774749288	0.27251022261709107	166.07162329992804	1.3933279467505355	11.697000000000001
19.867805	0.072246	9.965128	0.072966	-1.2232	0.075136	-12.417458	0.072552	19.1075	0.2336	187.99313270397388	1.9493194708705264	30.615916326757638	0.2865995214889116	166.30270215018842	1.551679207487717	11.697000000000001
19.878412	0.076433	9.9773	0.073453	-1.225131	0.074757	-12.411983	0.069058	19.1075	0.2336	188.0228615391874	2.0130703569647914	30.577371995888893	0.2860649669179327	166.4128022744004	1.5139376454254216	11.697000000000001
19.839416	0.07679	9.914078	0.068041	-1.279152	0.071507	-12.455506	0.064433	19.1129	0.2333	187.56393622273382	1.938835409022029	30.602507113461233	0.26986217061245327	166.56911152107347	1.4345404605049739	11.697000000000001
19.884886	0.079891	9.951088	0.080125	-1.248293	0.073186	-12.415754	0.075416	19.1183	0.2329	187.40418859467837	2.1345879095738445	30.585698483360027	0.2963651123115848	166.7017630771053	1.568716140947876	11.697000000000001
19.840043	0.082021	9.93056	0.081866	-1.240565	0.080462	-12.424591	0.075406	19.1183	0.2329	187.86403376685288	2.1969658364754743	30.663061761212656	0.3150736754715384	166.45484928818215	1.641223829808864	11.697000000000001
19.839572	0.066977	9.916177	0.068548	-1.254068	0.069592	-12.427999	0.06485	19.0968	0.2338	187.60063810751492	1.81178749016141	30.66547850794244	0.26816680670100373	166.6052367183904	1.4183192995694474	11.697000000000001
19.831622	0.079005	9.912363	0.080569	-1.275302	0.07868	-12.45587	0.074169	19.1129	0.2333	187.67889260733574	2.1350251808355605	30.61772899912482	0.308194044285628	166.50632800961904	1.610288673068639	11.697000000000001
19.85104	0.067366	9.922703	0.068877	-1.257941	0.067994	-12.443264	0.06887	19.1129	0.2333	187.50727357597023	1.8195581228601105	30.63695764815472	0.26520704376920584	166.4355438068823	1.4400606453885665	11.697000000000001
19.821017	0.071043	9.902217	0.067869	-1.283019	0.07006	-12.452145	0.069205	19.1237	0.2323	187.68754502092762	1.8591471556094028	30.624379522279163	0.26706594314629417	166.6769101151704	1.4695769201146536	11.697000000000001
19.80636	0.072253	9.89619	0.070371	-1.290739	0.071504	-12.468749	0.068342	19.1129	0.2333	187.8509996635032	1.9118239630908007	30.619745365832866	0.2745967440972075	166.54444000783934	1.4737085173451165	11.697000000000001
19.804333	0.073196	9.906337	0.078512	-1.275303	0.071504	-12.452236	0.069119	19.1075	0.2336	188.08203666328617	2.039671961194501	30.63422873918788	0.2909363569331187	166.5604838980236	1.4820158224234474	11.697000000000001
19.778684	0.073347	9.885929	0.072933	-1.308099	0.071413	-12.466727	0.070834	19.1237	0.2323	188.1816915240716	1.9675753217703429	30.60032649916052	0.27903157774909704	166.83372164515623	1.5038504116254265	11.697000000000001
19.801368	0.072251	9.883678	0.07783	-1.294586	0.069294	-12.477491	0.07052	19.1183	0.2329	187.7085632219741	2.009948250921226	30.643481080271282	0.28566890353960295	166.47153301353703	1.4717696804482692	11.697000000000001
19.772838	0.076702	9.867965	0.076055	-1.302318	0.074133	-12.46516	0.074317	19.1183	0.2329	187.95146063160644	2.0496922561913764	30.66537314491493	0.2915680590752209	166.77073649317677	1.5682305285391702	11.697000000000001
19.774631	0.076411	9.867812	0.074164	-1.300384	0.078084	-12.494412	0.072805	19.1237	0.2323	187.91455726319845	2.0198265844114514	30.671104112336614	0.29575246549951817	166.30612364576086	1.5860975818370269	11.697000000000001
19.757637	0.079989	9.857629	0.072205	-1.30617	0.070427	-12.468566	0.074634	19.1129	0.2333	188.0438260281909	2.046786783420457	30.683184920460718	0.27721977650572766	166.77738901519848	1.5331926183573765	11.697000000000001
19.773385	0.079725	9.868232	0.0752	-1.302327	0.079198	-12.465479	0.076733	19.1237	0.2323	187.946161773219	2.0795222604451546	30.664615258912495	0.29980124848481865	166.76610272973937	1.6473712797480597	11.697000000000001
19.754676	0.074985	9.848133	0.068593	-1.315837	0.074058	-12.472975	0.067314	19.1129	0.2333	187.91977270317966	1.92776607359941	30.68271457837554	0.2774308778876204	166.85599865543938	1.4966882087733937	11.697000000000001
19.777594	0.067022	9.854083	0.069107	-1.315833	0.070154	-12.478357	0.070316	19.1129	0.2333	187.59844237948025	1.8199074857741906	30.666382212867383	0.2703568697536445	166.77548527473914	1.4840073225603658	11.697000000000001
19.701365	0.09309	9.817473	0.091242	-1.350551	0.087147	-12.516713	0.088799	19.1183	0.2329	188.35043986690587	2.4839692035875567	30.6715756616511	0.34651808633849185	166.7211537085382	1.8576723606525278	11.697000000000001
19.735189	0.068951	9.83776	0.07073	-1.329333	0.067672	-12.489213	0.071934	19.1183	0.2329	188.09281674337907	1.877190991839964	30.674133159078764	0.26888542523216835	166.8150088186	1.4762732757171229	11.697000000000001
19.741737	0.081034	9.84798	0.081502	-1.310044	0.079707	-12.481991	0.075935	19.1237	0.2323	188.16264795314973	2.1857930399068293	30.699064846404735	0.3136467821364105	166.63481378459406	1.6420155572181507	11.697000000000001
19.73363	0.073142	9.827921	0.068592	-1.315837	0.078355	-12.441697	0.076132	19.1237	0.2323	187.9355843071574	1.9024135150744454	30.738366399514096	0.2872427249203182	167.32507799938682	1.643036223581442	11.697000000000001
19.718354	0.077847	9.809465	0.07526	-1.348625	0.074738	-12.50025	0.071938	19.1129	0.2333	187.87528331950782	2.052989956815889	30.698882908841526	0.29181381637526366	166.9384888111795	1.552897390693383	11.697000000000001
19.692715	0.075092	9.825443	0.069778	-1.348618	0.069677	-12.498182	0.068059	19.1183	0.2329	188.667684634946	1.9599984051413708	30.655005583371143	0.2705267009805707	166.96934385220885	1.458615392987521	11.697000000000001
19.69357	0.076441	9.809693	0.074885	-1.352492	0.076213	-12.498684	0.072682	19.1237	0.2323	188.35071090032346	2.0392101906138596	30.68762176677108	0.2937475375669929	167.01984843029743	1.5780734833162255	11.697000000000001
19.664821	0.070101	9.778699	0.072573	-1.36404	0.069675	-12.50338	0.066586	19.1237	0.2323	188.3079547960757	1.921922570832236	30.741177926841427	0.2775552165997598	167.12258114711938	1.4459248113647687	11.697000000000001
19.679081	0.071536	9.788575	0.065787	-1.36596	0.068192	-12.508624	0.066378	19.1237	0.2323	188.22447465562013	1.8495576051592464	30.70866919639331	0.2608563369939143	167.07272854887088	1.426887179557658	11.697000000000001
19.699183	0.070446	9.801268	0.07325	-1.335117	0.068799	-12.492755	0.070203	19.1237	0.2323	188.0835834718358	1.9311722129276183	30.758717440777726	0.27756222620825766	166.84852022636932	1.469866596492268	11.697000000000001
19.660613	0.0701	9.790823	0.069881	-1.356324	0.068898	-12.496023	0.076874	19.1237	0.2323	188.6195446555866	1.8916218520152541	30.72902120392479	0.270523108068553	167.11720929361528	1.548664033439386	11.697000000000001
19.671365	0.074537	9.784874	0.072921	-1.35247	0.076214	-12.490641	0.074354	19.1237	0.2323	188.30092849244528	1.986042292650844	30.7560660690476	0.2912855796429975	167.1401325420442	1.5977858164642487	11.697000000000001
19.659053	0.079357	9.776943	0.073739	-1.377552	0.075847	-12.496342	0.071957	19.1237	0.2323	188.3844075947525	2.065076938450865	30.70877675862485	0.29122701310303784	167.43146948393985	1.574350372490813	11.697000000000001
19.660846	0.075853	9.780833	0.07292	-1.389119	0.071051	-12.516393	0.068685	19.1291	0.2329	188.42438464229838	2.006661261416628	30.666283692623022	0.2795164427318919	167.30381024362265	1.4858443327482167	11.697000000000001
19.654612	0.068434	9.786933	0.068525	-1.37369	0.073259	-12.501724	0.065088	19.1237	0.2323	188.70827951381924	1.8520449380870858	30.69978843760327	0.27593124577486366	167.33529779502697	1.4736015725940783	11.700000000000001
19.652354	0.071668	9.76059	0.069081	-1.383331	0.069291	-12.518186	0.064951	19.1237	0.2323	188.2005468404912	1.893872237318926	30.737917023874584	0.26988021357863984	167.1898993455512	1.4260233900444519	11.697000000000001
19.639577	0.076002	9.750412	0.071905	-1.389114	0.070141	-12.523613	0.069925	19.1237	0.2336	188.2982938457052	1.992160513115525	30.75792971384347	0.27735468891358117	167.23813843563022	1.4875877886636772	11.700000000000001
19.665442	0.074161	9.779002	0.070715	-1.364052	0.070423	-12.498228	0.069636	19.1291	0.2329	188.30189004916855	1.9517350280176555	30.740310134399518	0.27531824255892345	167.20010212790245	1.4872452265382634	11.697000000000001
19.623291	0.075608	9.760778	0.074015	-1.377552	0.07105	-12.507379	0.077254	19.1237	0.2323	188.75872843618103	2.025005303875591	30.75334301261978	0.28327623666374935	167.26543975500232	1.5773836106145833	11.697000000000001
19.654768	0.06989	9.774885	0.068557	-1.367906	0.068498	-12.522048	0.068569	19.1345	0.2334	188.47519097617254	1.8676258290534764	30.74891741404522	0.26743293277118263	166.94362524767084	1.4506064559053122	11.700000000000001
19.605535	0.070273	9.728001	0.070161	-1.400678	0.070694	-12.530741	0.068073	19.1237	0.2323	188.520004231854	1.8952478761662086	30.787910208177877	0.2755480717575243	167.3047921636121	1.4752313857183645	11.700000000000001
19.642999	0.075351	9.759136	0.073061	-1.385283	0.074661	-12.509676	0.073156	19.1237	0.2323	188.3509884635859	2.000078375117057	30.736543141070698	0.28810646300996	167.34714914420627	1.572440048144158	11.697000000000001
19.608645	0.074292	9.748693	0.071126	-1.39877	0.069674	-12.518461	0.068569	19.1237	0.2323	188.85618833521886	1.9699879478017797	30.736028526465734	0.27452672112214244	167.46084669647794	1.472187911617412	11.700000000000001
19.621498	0.076273	9.769012	0.074303	-1.381416	0.073414	-12.502044	0.068687	19.1345	0.2334	188.99929098885505	2.0426442664594093	30.727857452937933	0.2878489760727024	167.4467420185305	1.5138099438680857	11.700000000000001
19.623369	0.074294	9.72243	0.076328	-1.396842	0.070871	-12.516622	0.072752	19.1237	0.2323	188.02614038633018	2.022797408323306	30.806057777117097	0.2885665794787535	167.4165627123419	1.5291423474102963	11.697000000000001
19.641283	0.071821	9.755283	0.070301	-1.393006	0.069768	-12.513583	0.06859	19.1183	0.2329	188.31028538533874	1.914354786651768	30.725870955550395	0.2729766432555495	167.40456916323598	1.4728039147740641	11.697000000000001
19.624221	0.074388	9.732945	0.070239	-1.398788	0.070783	-12.50057	0.0677	19.1237	0.2323	188.20983095796552	1.9467144458895538	30.77157083630781	0.27565310859160846	167.68798236043241	1.4794492412612015	11.697000000000001
19.584195	0.078333	9.70967	0.071463	-1.410314	0.068491	-12.537914	0.068771	19.1237	0.2323	188.5291101124601	2.0244266224385536	30.804083094210373	0.2742021023617422	167.2989131306486	1.459242545097517	11.697000000000001
19.599535	0.075793	9.728152	0.075058	-1.39297	0.07404	-12.514371	0.074588	19.1237	0.2323	188.58909829866644	2.0378781095153253	30.800932695409724	0.2919997941644005	167.39216418489391	1.5818500427914235	11.697000000000001
19.606942	0.079095	9.727662	0.075259	-1.412234	0.077931	-12.521133	0.075885	19.1345	0.2334	188.43836877081748	2.082480955221289	30.74902174740242	0.2990407752953616	167.58054654726104	1.6408832643779492	11.697000000000001
19.56714	0.076169	9.703498	0.082544	-1.402595	0.07533	-12.528581	0.073193	19.1183	0.2329	188.73711769508236	2.149151425833627	30.8426120565667	0.3103399634147925	167.32318142546092	1.5795742189452306	11.697000000000001
19.556703	0.080282	9.693436	0.075656	-1.431522	0.072426	-12.537822	0.069773	19.1291	0.2329	188.7442946083838	2.1109727575236215	30.79030924509823	0.2898726487447053	167.61976673093272	1.5178015758110952	11.697000000000001
19.580453	0.083132	9.719996	0.074009	-1.406467	0.074732	-12.521636	0.06976	19.1237	0.2323	188.8465054433339	2.1316480892755534	30.794042943440548	0.291092064400519	167.52896363522763	1.5408518582104271	11.700000000000001
19.591432	0.08055	9.720221	0.077857	-1.408405	0.075842	-12.525589	0.070667	19.1291	0.2329	188.6407763327603	2.140855821174019	30.78805479767527	0.3006996059146918	167.49860463458734	1.5618305129726924	11.700000000000001
19.597432	0.07647	9.730172	0.071885	-1.398756	0.072514	-12.51621	0.072349	19.1237	0.2323	188.66790654400018	2.006764880838065	30.779328279566073	0.2823960602574192	167.45158703118307	1.5428606633854824	11.697000000000001
19.591277	0.069842	9.724186	0.067972	-1.402616	0.071496	-12.521819	0.06667	19.1291	0.2329	188.71953801564706	1.8640055349249682	30.793101655755745	0.2730125166654809	167.46819072008964	1.472343152911534	11.700000000000001
19.588308	0.071263	9.724788	0.071735	-1.4065	0.069672	-12.522551	0.073079	19.1345	0.2334	188.73945646812075	1.934859250458737	30.772800938726867	0.2764560491512835	167.4727126409255	1.5211860050820358	11.697000000000001
19.578101	0.076728	9.710797	0.071465	-1.410364	0.07042	-12.522735	0.07025	19.1345	0.2334	188.66706929436586	2.0048604146852065	30.800823713452793	0.2778723166723947	167.52818659733762	1.4995723307039543	11.697000000000001
19.541655	0.073797	9.692279	0.075123	-1.42192	0.071137	-12.537037	0.072085	19.1345	0.2334	189.0589477830487	2.021349034317097	30.828022461459142	0.28697024052734293	167.52975906353797	1.526445304691152	11.700000000000001
19.549044	0.073024	9.692804	0.07304	-1.423872	0.070141	-12.535839	0.071289	19.1291	0.2329	188.92728848396152	1.979755976224263	30.821152274324135	0.28075708840172564	167.57725399122722	1.5082148398177508	11.700000000000001
19.54943	0.075842	9.690971	0.073353	-1.408451	0.078865	-12.541586	0.070166	19.1237	0.2323	188.8847740740131	2.0215586497905647	30.869062592981493	0.29954324443910907	167.25862999246527	1.5858885250721202	11.700000000000001
19.530041	0.073734	9.692766	0.079436	-1.429656	0.071138	-12.548668	0.068075	19.1345	0.2334	189.29152943623643	2.085529897908243	30.805228276429048	0.295338521997221	167.47107834979911	1.4830052620850538	11.700000000000001
19.534247	0.081358	9.672566	0.076632	-1.433513	0.072506	-12.544989	0.072576	19.1291	0.2329	188.77465711460516	2.139446999622196	30.842648449402358	0.2929743406578703	167.54168184888687	1.5468559230826777	11.697000000000001
19.510346	0.074374	9.656034	0.071784	-1.454708	0.076699	-12.553727	0.069076	19.1237	0.2323	188.96425646601097	1.982119039892258	30.837613704139496	0.29156669541933783	167.77274519221228	1.5602648022484378	11.700000000000001
19.535656	0.077806	9.660111	0.072085	-1.452781	0.073161	-12.557451	0.071128	19.1345	0.2334	188.50963568201456	2.024647503446198	30.82374111294806	0.2848786018807578	167.64437914000837	1.5404425953596013	11.697000000000001
19.521861	0.072536	9.680758	0.07195	-1.447018	0.071921	-12.56168	0.069283	19.1291	0.2329	189.2179016878965	1.964417477151928	30.790407088907624	0.28149193126978533	167.53662095513414	1.5052974744515073	11.700000000000001
19.527013	0.073177	9.655959	0.072114	-1.448919	0.069667	-12.560991	0.071776	19.1345	0.2334	188.59539631690808	1.962919957673935	30.84598417261355	0.27851808569546604	167.53270133779023	1.5080673862648268	11.697000000000001
19.540324	0.07246	9.678514	0.072869	-1.437365	0.068083	-12.544852	0.068585	19.1291	0.2329	188.77846549656638	1.9671377020221212	30.81648638434777	0.276468870508648	167.60744114623938	1.4582563783831217	11.697389900000001
19.529501	0.073684	9.670284	0.082132	-1.447	0.068181	-12.535472	0.069633	19.1237	0.2336	188.8218257205111	2.113226757601304	30.811562895615527	0.29584193431396855	167.88925583856056	1.4755500160963175	11.697000000000001
19.524834	0.078527	9.655922	0.07446	-1.454702	0.070134	-12.555428	0.072083	19.1345	0.2334	188.68471826247506	2.068993257436602	30.837939931071617	0.283906386329871	167.74694758616764	1.5197756167736973	11.700000000000001
19.532684	0.076143	9.672828	0.075182	-1.437383	0.075032	-12.558185	0.073279	19.1399	0.2337	188.80959982205977	2.049083143587627	30.831179797311286	0.2947572863688077	167.40117747653792	1.5787453246500114	11.697000000000001
19.516808	0.076901	9.666207	0.075667	-1.44507	0.069665	-12.553818	0.069757	19.1291	0.2329	188.98698578706814	2.069817771395991	30.82822078468151	0.2853650196645358	167.58281888785353	1.4872341933287756	11.697000000000001
19.52817	0.07401	9.6545	0.069407	-1.46823	0.06766	-12.563519	0.065374	19.1237	0.2323	188.54543558598016	1.937528373563984	30.79647937347163	0.2683771026820425	167.7861102041934	1.422753011276957	11.697000000000001
19.502937	0.079314	9.646421	0.074264	-1.435447	0.066904	-12.534091	0.067047	19.1345	0.2334	188.92200817243068	2.082604913587381	30.91796106714357	0.27887409241740685	167.7784090230341	1.4318518708060897	11.700000000000001
19.527168	0.070698	9.635838	0.07519	-1.466277	0.074351	-12.550048	0.068073	19.1345	0.2334	188.25707944754242	1.964304695610568	30.86157568897126	0.2939440403665149	168.0035436035891	1.5279819322381034	11.700000000000001
19.532221	0.070857	9.672604	0.069091	-1.425801	0.068494	-12.530321	0.070968	19.1345	0.2334	188.81415890208638	1.895219000687681	30.863977495341196	0.27055188957008297	167.64663208512002	1.4890248410547144	11.697000000000001
19.521707	0.074419	9.658465	0.072947	-1.439301	0.066899	-12.543196	0.06893	19.1453	0.2339	188.7447645262114	1.9941629019983806	30.865755440314622	0.27528572821569836	167.65606243772686	1.450349837996	11.697000000000001
19.508475	0.077522	9.662205	0.076436	-1.445072	0.079432	-12.531794	0.075425	19.1399	0.2337	189.07011843258425	2.0904980571290896	30.839323832654493	0.306070399969169	167.91575918774888	1.6590117320379534	11.697000000000001
19.50427	0.070317	9.639989	0.069924	-1.460498	0.070417	-12.559381	0.065374	19.1291	0.2329	188.73118415573637	1.897310577029983	30.859216326596048	0.275876997681373	167.7373636011307	1.452127921742424	11.697389900000001
19.492988	0.074995	9.651733	0.075129	-1.458551	0.073564	-12.5626	0.072371	19.1399	0.2337	189.16646544579928	2.040473264136247	30.8309749939457	0.29178421375313385	167.65374304239157	1.5580853863419821	11.697000000000001
19.497116	0.073523	9.637559	0.072913	-1.45855	0.068789	-12.553359	0.068053	19.1453	0.2339	188.86375009010115	1.983492462470885	30.87828085774881	0.2789520255303802	167.83638931055577	1.4637906444527926	11.700000000000001
19.503808	0.071137	9.653902	0.070215	-1.452774	0.068081	-12.542554	0.067554	19.1453	0.2339	189.00032474865108	1.9179032577063508	30.840991420074683	0.2715752059777119	167.86945704653678	1.4518131663091187	11.697000000000001
19.484886	0.067089	9.629668	0.068528	-1.462415	0.068592	-12.55175	0.067064	19.1453	0.2339	188.89843467683545	1.8381660092866683	30.881567915893697	0.2699421553637198	167.87620127004524	1.4522294968072482	11.697000000000001
19.492911	0.074891	9.623423	0.078359	-1.477831	0.072418	-12.584621	0.071399	19.1291	0.2329	188.6253279274022	2.071578685815866	30.856055990446627	0.29656962840092793	167.61236211024936	1.5347014007777864	11.697000000000001
19.512449	0.070644	9.664113	0.065493	-1.44121	0.065397	-12.54637	0.066194	19.1561	0.234	189.0789267886356	1.8494988106364847	30.852662314341377	0.2571303727816118	167.6799573014415	1.4049926829191688	11.700000000000001
19.512064	0.072865	9.645749	0.072195	-1.458555	0.069762	-12.551658	0.065745	19.1399	0.2337	188.68598898938689	1.9616517033671839	30.847579575164676	0.2788899928947149	167.81917359975898	1.4501862321497532	11.697000000000001
19.476016	0.072628	9.625405	0.071473	-1.464332	0.072173	-12.568025	0.067045	19.1237	0.2323	188.98680074512367	1.9549369471513065	30.888098756664075	0.28291276912245467	167.65911489352445	1.4874163981499176	11.697000000000001
19.476016	0.070422	9.605213	0.069402	-1.481685	0.068181	-12.571703	0.069714	19.1453	0.2339	188.64855936047428	1.8896300965293211	30.903936131800723	0.27118720917756184	167.9089023647182	1.4763888918610162	11.700000000000001
19.486681	0.069593	9.62548	0.077472	-1.472048	0.070041	-12.560761	0.069282	19.1345	0.2334	188.7838356190817	1.9936638205056378	30.866414914786947	0.2904861567047597	167.8856109009083	1.4915820422497013	11.697000000000001
19.501244	0.077918	9.633483	0.079076	-1.468188	0.073794	-12.566186	0.073696	19.1237	0.2323	188.65834292979469	2.1224556256784997	30.85489538896813	0.30060862518365566	167.74515204089641	1.5763434972881913	11.697000000000001
19.487142	0.073007	9.643879	0.070844	-1.458562	0.071917	-12.553681	0.069923	19.1399	0.2337	189.17636563161398	1.9551177179551782	30.86066875470581	0.2806035522498107	167.83172642510064	1.5172894947715816	11.700000000000001
19.469709	0.073677	9.613289	0.074321	-1.479757	0.067654	-12.575381	0.071283	19.1345	0.2334	188.87541186681574	2.00539612284282	30.878886195883513	0.27976021058858624	167.7810398111298	1.4860827439271824	11.697000000000001
19.48263	0.073762	9.617477	0.072623	-1.481692	0.071219	-12.568209	0.068874	19.1453	0.2339	188.7566038011	1.980583177374415	30.869766594674644	0.2829013215848558	167.9619380961314	1.5009901215312602	11.700000000000001
19.487681	0.069999	9.64616	0.074972	-1.458575	0.073409	-12.531931	0.069827	19.1399	0.2337	189.2098586197193	1.9719902563665417	30.854294499153667	0.29153842674994324	168.16156338445356	1.5385752085131623	11.700000000000001
19.448152	0.075645	9.578705	0.074978	-1.495166	0.075615	-12.580576	0.071096	19.1507	0.234	188.67449469754834	2.036109787724236	30.940287553183108	0.2975210749620212	167.9787173802139	1.5727334678419231	11.700000000000001
19.447614	0.07579	9.592578	0.070282	-1.504791	0.068582	-12.591286	0.066962	19.1453	0.2339	188.90193249184603	1.9812537819360179	30.86685685850325	0.2731378995044424	167.91920391052798	1.4517883796577793	11.697000000000001
19.493142	0.074087	9.645749	0.077154	-1.456627	0.069667	-12.555336	0.070258	19.1291	0.2329	189.04855621748692	2.053503097608553	30.852937029883375	0.28887887929630246	167.73440281286375	1.4953192960169241	11.697000000000001
19.495321	0.076257	9.63165	0.073948	-1.450844	0.069181	-12.540669	0.068409	19.1291	0.2329	188.7365575624518	2.0325427117317396	30.908287779975574	0.2824168198870386	167.86877453354145	1.4727334815156485	11.697000000000001
19.478349	0.072826	9.625517	0.070652	-1.464338	0.070779	-12.579196	0.06807	19.1345	0.2334	188.94419732604473	1.9457679090977014	30.887772092613798	0.2785413334957426	167.4906917974783	1.4797745770674948	11.697000000000001
19.482092	0.07638	9.621255	0.074762	-1.491318	0.073477	-12.566049	0.070079	19.1399	0.2337	188.7908083488904	2.046267243007587	30.82462487203883	0.2907687653954272	168.09758171974934	1.541190452783608	11.697000000000001
19.456636	0.070836	9.615086	0.068701	-1.473961	0.069376	-12.565911	0.068141	19.1561	0.234	189.1607798181786	1.8966762590795876	30.89002282439264	0.27197950431187456	167.8366217317421	1.4714252301996285	11.697000000000001
19.470247	0.071947	9.637783	0.070609	-1.450848	0.067978	-12.546278	0.068128	19.1399	0.2337	189.33558186774027	1.9411567651418153	30.891182616364972	0.2730497557479469	167.78396597073666	1.4553527696455495	11.697000000000001
19.49127	0.074289	9.629705	0.075091	-1.460489	0.076764	-12.555474	0.073209	19.1453	0.2339	188.77686291926227	2.0220223397401877	30.88682824861492	0.2990723790724633	167.7907067743132	1.6042157286809815	11.697000000000001
19.473914	0.074412	9.619347	0.069997	-1.481685	0.086122	-12.555153	0.068838	19.1399	0.2337	188.91093740098566	1.958410432682375	30.85667253454751	0.30848296415439	168.11674267363762	1.6738532329318367	11.697000000000001
19.465889	0.074013	9.617514	0.071071	-1.48555	0.069568	-12.560899	0.068034	19.1507	0.234	189.02969629103	1.969514994327378	30.85102444322455	0.2763390566245015	168.08819280400974	1.4767846969963745	11.697000000000001
19.463787	0.069719	9.611456	0.067964	-1.464341	0.073808	-12.564577	0.064377	19.1453	0.2339	188.95379920253984	1.8673115879345916	30.926974423988774	0.2801583457886627	167.71133860700746	1.479730657427245	11.697000000000001
19.461762	0.068927	9.613513	0.068081	-1.473984	0.073569	-12.560945	0.065504	19.1507	0.234	189.0321149409091	1.8595892517275106	30.894341816240775	0.27930138990482395	167.91214155341174	1.4918590250595276	11.697000000000001
19.449687	0.066869	9.603676	0.071639	-1.489422	0.07069	-12.579656	0.066192	19.1399	0.2337	189.07509776868275	1.8818805877475184	30.878741444881026	0.28015397614773546	167.8625829479228	1.4658134066877728	11.697000000000001
19.487758	0.071957	9.644177	0.072596	-1.450864	0.07158	-12.563243	0.066662	19.1399	0.2337	189.12177116618776	1.963839853392423	30.87333370337183	0.28368920263321046	167.52806365692553	1.4746197289748364	11.697000000000001
19.475067	0.074515	9.617886	0.072992	-1.479785	0.073162	-12.559519	0.071778	19.1453	0.2339	188.86083763705747	1.998516854363797	30.86601615956461	0.28743740726186734	168.02167217017984	1.5542793554444463	11.697000000000001
19.436461	0.079757	9.613475	0.079113	-1.481694	0.075829	-12.555382	0.073356	19.1345	0.2334	189.5182873433805	2.1673907959808627	30.872976156759478	0.30492708310931643	168.11340621351195	1.6017026108205867	11.697000000000001
19.496168	0.073417	9.621962	0.074705	-1.458577	0.069758	-12.544852	0.071776	19.1453	0.2339	188.53520804601436	1.9999258104702724	30.913739646411173	0.28515967148399113	167.92253792570648	1.516050093572335	11.697000000000001
19.470785	0.079822	9.597656	0.076036	-1.479784	0.073159	-12.555795	0.071713	19.1453	0.2339	188.5557520161482	2.105367253727419	30.922391430071816	0.2945460061321139	168.07813680566858	1.554604431884368	11.697000000000001
19.465659	0.073537	9.613364	0.071401	-1.483616	0.068488	-12.568117	0.069714	19.1561	0.234	188.95449080484806	1.9657790830269346	30.867938741257884	0.2752099921281999	167.9494110851303	1.480736607760504	11.697000000000001
19.450791	0.075903	9.61127	0.071185	-1.477829	0.068984	-12.566186	0.073906	19.1453	0.2339	189.19980492319587	2.0009214003256623	30.88987780592252	0.2761273017300362	167.89099021860227	1.5307521957725985	11.697000000000001
19.48504	0.072324	9.619645	0.074107	-1.470132	0.076272	-12.551842	0.07179	19.1453	0.2339	188.70358092910266	1.9806881219318309	30.88799009594125	0.2961991300900902	167.99170630705444	1.5878431533793342	11.697000000000001
19.459583	0.073311	9.609437	0.069538	-1.473982	0.073403	-12.549865	0.067943	19.1453	0.2339	188.99571291878738	1.9387562442796578	30.90570804989604	0.2819469280183159	168.08008987237292	1.5178545489335429	11.697000000000001
19.479348	0.066959	9.621962	0.066674	-1.475931	0.065872	-12.570599	0.064948	19.1399	0.2337	188.85690136218804	1.8103866943426565	30.865399396650744	0.26067011881799096	167.79549871584877	1.3990590267999439	11.697000000000001
19.47258	0.079344	9.6177	0.076372	-1.473992	0.074187	-12.564807	0.072373	19.1561	0.234	188.90492584851697	2.1110097716039586	30.882657051075018	0.296453473330635	167.85379211278257	1.5685626089541458	11.697000000000001
19.46635	0.073848	9.611679	0.074147	-1.458568	0.068794	-12.557496	0.065748	19.1453	0.2339	188.9089315309364	2.0060608702199523	30.94248067878082	0.28271076844897725	167.73109053650012	1.438091089744169	11.697000000000001
19.474682	0.078035	9.625778	0.073425	-1.458566	0.077112	-12.55929	0.073191	19.1561	0.234	189.01953565900848	2.05637987980187	30.903129065779364	0.2968606231282196	167.70396815104814	1.6061741061067965	11.697000000000001
19.444945	0.074017	9.599378	0.073015	-1.491336	0.07183	-12.577495	0.071536	19.1399	0.2337	189.08360220739414	1.9967391340758893	30.885379535036513	0.2852313231692869	167.92428377518027	1.5355562792599153	11.697000000000001
19.438716	0.078627	9.599415	0.068929	-1.493266	0.06797	-12.584897	0.071851	19.1453	0.2339	189.20402272097758	2.010675353076222	30.879902702381806	0.26948474480578644	167.8414472745892	1.4966803460696372	11.697000000000001
19.466657	0.073876	9.617886	0.071	-1.479785	0.06766	-12.570553	0.066667	19.1561	0.234	189.07057104749575	1.9670226019297699	30.873932552526792	0.2728487428725758	167.89755777995578	1.4379471959483658	11.700000000000001
19.479271	0.077889	9.627983	0.075912	-1.472073	0.069662	-12.572392	0.072009	19.1453	0.2339	188.97380663171253	2.0863498826485096	30.859384833615692	0.28643664281157316	167.7100727346549	1.5137246123616817	11.697000000000001
19.435847	0.0811	9.586929	0.08009	-1.49903	0.075316	-12.575243	0.072765	19.1561	0.234	189.01927774969687	2.1875023536875378	30.89862661775	0.30642428601267674	168.0750759150067	1.5891368337455856	11.697000000000001
19.45607	0.072024	9.591598	0.065773	-1.479784	0.069669	-12.587058	0.065082	19.1615	0.2338	188.72124248295847	1.8660409198370909	30.939310473667067	0.2677489876221807	167.60506228027796	1.4386239655018176	11.697000000000001
19.458325	0.069389	9.611865	0.067274	-1.46629	0.066452	-12.566921	0.066251	19.1507	0.234	189.0664561073808	1.8557620393899064	30.920392454511926	0.26392965840472465	167.70536459910448	1.4176397124605644	11.697000000000001
