28.516100700626847	0.189322476689994	23.55959454410018	0.18912797685178773	17.61120229076698	0.3148650352007163	12.068028184118099	0.18875815031444265	20.0407	0.2366	202.3206334794792	10.92341958176645	30.783429368756593	1.9008089886654598	180.90780591404837	11.981047896593775	6.3008
28.516100700626847	0.189322476689994	23.55959454410018	0.18912797685178773	17.644846807311545	0.281335044405425	12.068028184118099	0.18875815031444265	20.0407	0.2366	202.3206334794792	10.92341958176645	30.958532964849763	1.7743516094323346	179.81640307663085	10.923808859736987	6.3008
28.516100700626847	0.189322476689994	23.55959454410018	0.18912797685178773	17.644846807311545	0.281335044405425	12.068028184118099	0.18875815031444265	20.0407	0.2366	202.3206334794792	10.92341958176645	30.958532964849763	1.7743516094323346	179.81640307663085	10.923808859736987	6.3008
28.516100700626847	0.189322476689994	23.55959454410018	0.18912797685178773	17.644846807311545	0.281335044405425	12.068028184118099	0.18875815031444265	19.9544	0.3504	202.3206334794792	10.92341958176645	30.958532964849763	1.7743516094323346	179.81640307663085	10.923808859736987	6.3008
28.516100700626847	0.189322476689994	23.55959454410018	0.18912797685178773	17.644846807311545	0.281335044405425	12.100921417272186	0.2790743431241799	19.9544	0.3504	202.3206334794792	10.92341958176645	30.958532964849763	1.7743516094323346	180.8832902468579	12.929299915712688	6.3008
28.516100700626847	0.189322476689994	23.55959454410018	0.18912797685178773	17.678495921694815	0.18893525265138994	12.068028184118099	0.18875815031444265	20.0407	0.2366	202.3206334794792	10.92341958176645	31.135664362188308	1.4153021718760208	178.73794349034918	8.508287108336534	6.3008
28.516100700626847	0.189322476689994	23.55959454410018	0.18912797685178773	17.577562371111902	0.3344054939571076	12.068028184118099	0.18875815031444265	19.9544	0.3504	202.3206334794792	10.92341958176645	30.610318950636696	1.965880120827621	182.01238641929166	12.685812207731079	6.3008
28.516100700626847	0.189322476689994	23.55959454410018	0.18912797685178773	17.678495921694815	0.18893525265138994	12.068028184118099	0.18875815031444265	20.0407	0.2366	202.3206334794792	10.92341958176645	31.135664362188308	1.4153021718760208	178.73794349034918	8.508287108336534	6.3008
28.516100700626847	0.189322476689994	23.55959454410018	0.18912797685178773	17.644846807311545	0.281335044405425	12.068028184118099	0.18875815031444265	20.0407	0.2366	202.3206334794792	10.92341958176645	30.958532964849763	1.7743516094323346	179.81640307663085	10.923808859736987	6.3008
28.516100700626847	0.189322476689994	23.55959454410018	0.18912797685178773	17.644846807311545	0.281335044405425	12.068028184118099	0.18875815031444265	19.9544	0.3504	202.3206334794792	10.92341958176645	30.958532964849763	1.7743516094323346	179.81640307663085	10.923808859736987	6.3008
28.516100700626847	0.189322476689994	23.55959454410018	0.18912797685178773	17.644846807311545	0.281335044405425	12.068028184118099	0.18875815031444265	19.9544	0.3504	202.3206334794792	10.92341958176645	30.958532964849763	1.7743516094323346	179.81640307663085	10.923808859736987	6.3008
28.516100700626847	0.189322476689994	23.55959454410018	0.18912797685178773	17.678495921694815	0.18893525265138994	12.068028184118099	0.18875815031444265	20.0407	0.2366	202.3206334794792	10.92341958176645	31.135664362188308	1.4153021718760208	178.73794349034918	8.508287108336534	6.3008
28.516100700626847	0.189322476689994	23.55959454410018	0.18912797685178773	17.61120229076698	0.3148650352007163	12.100921417272186	0.2790743431241799	20.0407	0.2366	202.3206334794792	10.92341958176645	30.783429368756593	1.9008089886654598	181.9877223059602	13.895768254961766	6.3008
28.516100700626847	0.189322476689994	23.55959454410018	0.18912797685178773	17.61120229076698	0.3148650352007163	12.068028184118099	0.18875815031444265	20.0407	0.2366	202.3206334794792	10.92341958176645	30.783429368756593	1.9008089886654598	180.90780591404837	11.981047896593775	6.3008
28.516100700626847	0.189322476689994	23.55959454410018	0.18912797685178773	17.678495921694815	0.18893525265138994	12.100921417272186	0.2790743431241799	20.0407	0.2366	202.3206334794792	10.92341958176645	31.135664362188308	1.4153021718760208	179.79203408905803	10.863608886411848	6.3008
28.516100700626847	0.189322476689994	23.55959454410018	0.18912797685178773	17.644846807311545	0.281335044405425	12.068028184118099	0.18875815031444265	20.0407	0.2366	202.3206334794792	10.92341958176645	30.958532964849763	1.7743516094323346	179.81640307663085	10.923808859736987	6.3008
28.516100700626847	0.189322476689994	23.55959454410018	0.18912797685178773	17.678495921694815	0.18893525265138994	12.100921417272186	0.2790743431241799	20.0407	0.2366	202.3206334794792	10.92341958176645	31.135664362188308	1.4153021718760208	179.79203408905803	10.863608886411848	6.3008
28.516100700626847	0.189322476689994	23.55959454410018	0.18912797685178773	17.678495921694815	0.18893525265138994	12.068028184118099	0.18875815031444265	20.0407	0.2366	202.3206334794792	10.92341958176645	31.135664362188308	1.4153021718760208	178.73794349034918	8.508287108336534	6.3008
28.516100700626847	0.189322476689994	23.55959454410018	0.18912797685178773	17.678495921694815	0.18893525265138994	12.068028184118099	0.18875815031444265	20.0407	0.2366	202.3206334794792	10.92341958176645	31.135664362188308	1.4153021718760208	178.73794349034918	8.508287108336534	6.3008
28.516100700626847	0.189322476689994	23.55959454410018	0.18912797685178773	17.644846807311545	0.281335044405425	12.068028184118099	0.18875815031444265	20.0407	0.2366	202.3206334794792	10.92341958176645	30.958532964849763	1.7743516094323346	179.81640307663085	10.923808859736987	6.3008
28.516100700626847	0.189322476689994	23.55959454410018	0.18912797685178773	17.678495921694815	0.18893525265138994	12.068028184118099	0.18875815031444265	20.0407	0.2366	202.3206334794792	10.92341958176645	31.135664362188308	1.4153021718760208	178.73794349034918	8.508287108336534	6.3008
28.516100700626847	0.189322476689994	23.55959454410018	0.18912797685178773	17.644846807311545	0.281335044405425	12.133819099033701	0.31189089111182183	20.0407	0.2366	202.3206334794792	10.92341958176645	30.958532964849763	1.7743516094323346	181.96305998011087	13.868551786139859	6.3008
28.516100700626847	0.189322476689994	23.55959454410018	0.18912797685178773	17.678495921694815	0.18893525265138994	12.068028184118099	0.18875815031444265	20.0407	0.2366	202.3206334794792	10.92341958176645	31.135664362188308	1.4153021718760208	178.73794349034918	8.508287108336534	6.3008
28.516100700626847	0.189322476689994	23.55959454410018	0.18912797685178773	17.678495921694815	0.18893525265138994	12.068028184118099	0.18875815031444265	20.0407	0.2366	202.3206334794792	10.92341958176645	31.135664362188308	1.4153021718760208	178.73794349034918	8.508287108336534	6.3008
28.516100700626847	0.189322476689994	23.55959454410018	0.18912797685178773	17.644846807311545	0.281335044405425	12.068028184118099	0.18875815031444265	20.0407	0.2366	202.3206334794792	10.92341958176645	30.958532964849763	1.7743516094323346	179.81640307663085	10.923808859736987	6.3008
28.516100700626847	0.189322476689994	23.55959454410018	0.18912797685178773	17.678495921694815	0.18893525265138994	12.068028184118099	0.18875815031444265	20.0407	0.2366	202.3206334794792	10.92341958176645	31.135664362188308	1.4153021718760208	178.73794349034918	8.508287108336534	6.3008
28.516100700626847	0.189322476689994	23.55959454410018	0.18912797685178773	17.678495921694815	0.18893525265138994	12.100921417272186	0.2790743431241799	20.0407	0.2366	202.3206334794792	10.92341958176645	31.135664362188308	1.4153021718760208	179.79203408905803	10.863608886411848	6.3008
28.516100700626847	0.189322476689994	23.55959454410018	0.18912797685178773	17.678495921694815	0.18893525265138994	12.068028184118099	0.18875815031444265	20.0407	0.2366	202.3206334794792	10.92341958176645	31.135664362188308	1.4153021718760208	178.73794349034918	8.508287108336534	6.3008
28.516100700626847	0.189322476689994	23.55959454410018	0.18912797685178773	17.678495921694815	0.18893525265138994	12.100921417272186	0.2790743431241799	20.0407	0.2366	202.3206334794792	10.92341958176645	31.135664362188308	1.4153021718760208	179.79203408905803	10.863608886411848	6.3008
28.516100700626847	0.189322476689994	23.55959454410018	0.18912797685178773	17.678495921694815	0.18893525265138994	12.100921417272186	0.2790743431241799	20.0407	0.2366	202.3206334794792	10.92341958176645	31.135664362188308	1.4153021718760208	179.79203408905803	10.863608886411848	6.3008
28.55316808419586	0.2916072844949909	23.595594461695473	0.28839926318549886	17.713324378380108	0.28488056200625	12.101767985621038	0.2816108648205332	20.0407	0.2366	202.27706975083575	16.734087003813404	31.129463658515977	2.1452925173112485	178.70326790752597	12.756594205400882	6.3008
28.516100700626847	0.189322476689994	23.55959454410018	0.18912797685178773	17.678495921694815	0.18893525265138994	12.068028184118099	0.18875815031444265	20.0407	0.2366	202.3206334794792	10.92341958176645	31.135664362188308	1.4153021718760208	178.73794349034918	8.508287108336534	6.3008
28.516100700626847	0.189322476689994	23.55959454410018	0.18912797685178773	17.678495921694815	0.18893525265138994	12.068028184118099	0.18875815031444265	19.9544	0.3504	202.3206334794792	10.92341958176645	31.135664362188308	1.4153021718760208	178.73794349034918	8.508287108336534	6.3008
28.516100700626847	0.189322476689994	23.55959454410018	0.18912797685178773	17.678495921694815	0.18893525265138994	12.068028184118099	0.18875815031444265	19.9544	0.3504	202.3206334794792	10.92341958176645	31.135664362188308	1.4153021718760208	178.73794349034918	8.508287108336534	6.3008
28.516100700626847	0.189322476689994	23.55959454410018	0.18912797685178773	17.644846807311545	0.281335044405425	12.100921417272186	0.2790743431241799	20.0407	0.2366	202.3206334794792	10.92341958176645	30.958532964849763	1.7743516094323346	180.8832902468579	12.929299915712688	6.3008
28.516100700626847	0.189322476689994	23.55959454410018	0.18912797685178773	17.644846807311545	0.281335044405425	12.068028184118099	0.18875815031444265	19.9544	0.3504	202.3206334794792	10.92341958176645	30.958532964849763	1.7743516094323346	179.81640307663085	10.923808859736987	6.3008
28.516100700626847	0.189322476689994	23.55959454410018	0.18912797685178773	17.678495921694815	0.18893525265138994	12.068028184118099	0.18875815031444265	20.0407	0.2366	202.3206334794792	10.92341958176645	31.135664362188308	1.4153021718760208	178.73794349034918	8.508287108336534	6.3008
28.516100700626847	0.189322476689994	23.55959454410018	0.18912797685178773	17.678495921694815	0.18893525265138994	12.100921417272186	0.2790743431241799	20.0407	0.2366	202.3206334794792	10.92341958176645	31.135664362188308	1.4153021718760208	179.79203408905803	10.863608886411848	6.3008
28.516100700626847	0.189322476689994	23.55959454410018	0.18912797685178773	17.678495921694815	0.18893525265138994	12.068028184118099	0.18875815031444265	20.0407	0.2366	202.3206334794792	10.92341958176645	31.135664362188308	1.4153021718760208	178.73794349034918	8.508287108336534	6.3008
28.516100700626847	0.189322476689994	23.55959454410018	0.18912797685178773	17.644846807311545	0.281335044405425	12.068028184118099	0.18875815031444265	20.0407	0.2366	202.3206334794792	10.92341958176645	30.958532964849763	1.7743516094323346	179.81640307663085	10.923808859736987	6.3008
28.516100700626847	0.189322476689994	23.55959454410018	0.18912797685178773	17.678495921694815	0.18893525265138994	12.068028184118099	0.18875815031444265	20.0407	0.2366	202.3206334794792	10.92341958176645	31.135664362188308	1.4153021718760208	178.73794349034918	8.508287108336534	6.3008
28.516100700626847	0.189322476689994	23.55959454410018	0.18912797685178773	17.644846807311545	0.281335044405425	12.068028184118099	0.18875815031444265	20.0407	0.2366	202.3206334794792	10.92341958176645	30.958532964849763	1.7743516094323346	179.81640307663085	10.923808859736987	6.3008
28.516100700626847	0.189322476689994	23.55959454410018	0.18912797685178773	17.61120229076698	0.3148650352007163	12.068028184118099	0.18875815031444265	20.0407	0.2366	202.3206334794792	10.92341958176645	30.783429368756593	1.9008089886654598	180.90780591404837	11.981047896593775	6.3008
28.516100700626847	0.189322476689994	23.55959454410018	0.18912797685178773	17.644846807311545	0.281335044405425	12.068028184118099	0.18875815031444265	20.0407	0.2366	202.3206334794792	10.92341958176645	30.958532964849763	1.7743516094323346	179.81640307663085	10.923808859736987	6.3008
28.516100700626847	0.189322476689994	23.55959454410018	0.18912797685178773	17.678495921694815	0.18893525265138994	12.100921417272186	0.2790743431241799	20.0407	0.2366	202.3206334794792	10.92341958176645	31.135664362188308	1.4153021718760208	179.79203408905803	10.863608886411848	6.3008
28.516100700626847	0.189322476689994	23.55959454410018	0.18912797685178773	17.678495921694815	0.18893525265138994	12.133819099033701	0.31189089111182183	20.0407	0.2366	202.3206334794792	10.92341958176645	31.135664362188308	1.4153021718760208	180.8587763555403	11.8944454279208	6.3008
28.516100700626847	0.189322476689994	23.55959454410018	0.18912797685178773	17.678495921694815	0.18893525265138994	12.068028184118099	0.18875815031444265	20.0407	0.2366	202.3206334794792	10.92341958176645	31.135664362188308	1.4153021718760208	178.73794349034918	8.508287108336534	6.3008
28.516100700626847	0.189322476689994	23.55959454410018	0.18912797685178773	17.644846807311545	0.281335044405425	12.068028184118099	0.18875815031444265	20.0407	0.2366	202.3206334794792	10.92341958176645	30.958532964849763	1.7743516094323346	179.81640307663085	10.923808859736987	6.3008
28.516100700626847	0.189322476689994	23.55959454410018	0.18912797685178773	17.678495921694815	0.18893525265138994	12.068028184118099	0.18875815031444265	20.0407	0.2366	202.3206334794792	10.92341958176645	31.135664362188308	1.4153021718760208	178.73794349034918	8.508287108336534	6.3008
28.516100700626847	0.189322476689994	23.55959454410018	0.18912797685178773	17.61120229076698	0.3148650352007163	12.068028184118099	0.18875815031444265	20.0407	0.2366	202.3206334794792	10.92341958176645	30.783429368756593	1.9008089886654598	180.90780591404837	11.981047896593775	6.3008
28.516100700626847	0.189322476689994	23.55959454410018	0.18912797685178773	17.678495921694815	0.18893525265138994	12.068028184118099	0.18875815031444265	19.9544	0.3504	202.3206334794792	10.92341958176645	31.135664362188308	1.4153021718760208	178.73794349034918	8.508287108336534	6.3008
28.516100700626847	0.189322476689994	23.55959454410018	0.18912797685178773	17.678495921694815	0.18893525265138994	12.068028184118099	0.18875815031444265	20.0407	0.2366	202.3206334794792	10.92341958176645	31.135664362188308	1.4153021718760208	178.73794349034918	8.508287108336534	6.3008
28.516100700626847	0.189322476689994	23.55959454410018	0.18912797685178773	17.678495921694815	0.18893525265138994	12.068028184118099	0.18875815031444265	20.0407	0.2366	202.3206334794792	10.92341958176645	31.135664362188308	1.4153021718760208	178.73794349034918	8.508287108336534	6.3008
28.516100700626847	0.189322476689994	23.55959454410018	0.18912797685178773	17.644846807311545	0.281335044405425	12.068028184118099	0.18875815031444265	20.0407	0.2366	202.3206334794792	10.92341958176645	30.958532964849763	1.7743516094323346	179.81640307663085	10.923808859736987	6.3008
28.516100700626847	0.189322476689994	23.55959454410018	0.18912797685178773	17.678495921694815	0.18893525265138994	12.199627812007183	0.34145753777704246	20.0407	0.2366	202.3206334794792	10.92341958176645	31.135664362188308	1.4153021718760208	183.0311380666886	13.036755287800174	6.3008
28.516100700626847	0.189322476689994	23.55959454410018	0.18912797685178773	17.644846807311545	0.281335044405425	12.068028184118099	0.18875815031444265	20.0407	0.2366	202.3206334794792	10.92341958176645	30.958532964849763	1.7743516094323346	179.81640307663085	10.923808859736987	6.3008
28.516100700626847	0.189322476689994	23.55959454410018	0.18912797685178773	17.61120229076698	0.3148650352007163	12.068028184118099	0.18875815031444265	20.0407	0.2366	202.3206334794792	10.92341958176645	30.783429368756593	1.9008089886654598	180.90780591404837	11.981047896593775	6.3008
28.516100700626847	0.189322476689994	23.55959454410018	0.18912797685178773	17.678495921694815	0.18893525265138994	12.100921417272186	0.2790743431241799	20.0407	0.2366	202.3206334794792	10.92341958176645	31.135664362188308	1.4153021718760208	179.79203408905803	10.863608886411848	6.3008
28.516100700626847	0.189322476689994	23.55959454410018	0.18912797685178773	17.678495921694815	0.18893525265138994	12.068028184118099	0.18875815031444265	20.0407	0.2366	202.3206334794792	10.92341958176645	31.135664362188308	1.4153021718760208	178.73794349034918	8.508287108336534	6.3008
28.516100700626847	0.189322476689994	23.55959454410018	0.18912797685178773	17.644846807311545	0.281335044405425	12.068028184118099	0.18875815031444265	20.0407	0.2366	202.3206334794792	10.92341958176645	30.958532964849763	1.7743516094323346	179.81640307663085	10.923808859736987	6.3008
28.516100700626847	0.189322476689994	23.55959454410018	0.18912797685178773	17.678495921694815	0.18893525265138994	12.068028184118099	0.18875815031444265	20.0407	0.2366	202.3206334794792	10.92341958176645	31.135664362188308	1.4153021718760208	178.73794349034918	8.508287108336534	6.3008
28.516100700626847	0.189322476689994	23.55959454410018	0.18912797685178773	17.678495921694815	0.18893525265138994	12.068028184118099	0.18875815031444265	20.0407	0.2366	202.3206334794792	10.92341958176645	31.135664362188308	1.4153021718760208	178.73794349034918	8.508287108336534	6.3008
28.516100700626847	0.189322476689994	23.55959454410018	0.18912797685178773	17.678495921694815	0.18893525265138994	12.068028184118099	0.18875815031444265	20.0407	0.2366	202.3206334794792	10.92341958176645	31.135664362188308	1.4153021718760208	178.73794349034918	8.508287108336534	6.3008
28.516100700626847	0.189322476689994	23.55959454410018	0.18912797685178773	17.644846807311545	0.281335044405425	12.068028184118099	0.18875815031444265	20.0407	0.2366	202.3206334794792	10.92341958176645	30.958532964849763	1.7743516094323346	179.81640307663085	10.923808859736987	6.3008
28.516100700626847	0.189322476689994	23.55959454410018	0.18912797685178773	17.644846807311545	0.281335044405425	12.100921417272186	0.2790743431241799	20.0407	0.2366	202.3206334794792	10.92341958176645	30.958532964849763	1.7743516094323346	180.8832902468579	12.929299915712688	6.3008
28.516100700626847	0.189322476689994	23.55959454410018	0.18912797685178773	17.678495921694815	0.18893525265138994	12.068028184118099	0.18875815031444265	20.0407	0.2366	202.3206334794792	10.92341958176645	31.135664362188308	1.4153021718760208	178.73794349034918	8.508287108336534	6.3008
28.516100700626847	0.189322476689994	23.55959454410018	0.18912797685178773	17.678495921694815	0.18893525265138994	12.068028184118099	0.18875815031444265	20.0407	0.2366	202.3206334794792	10.92341958176645	31.135664362188308	1.4153021718760208	178.73794349034918	8.508287108336534	6.3008
28.516100700626847	0.189322476689994	23.55959454410018	0.18912797685178773	17.678495921694815	0.18893525265138994	12.068028184118099	0.18875815031444265	20.0407	0.2366	202.3206334794792	10.92341958176645	31.135664362188308	1.4153021718760208	178.73794349034918	8.508287108336534	6.3008
28.516100700626847	0.189322476689994	23.55959454410018	0.18912797685178773	17.678495921694815	0.18893525265138994	12.068028184118099	0.18875815031444265	20.0407	0.2366	202.3206334794792	10.92341958176645	31.135664362188308	1.4153021718760208	178.73794349034918	8.508287108336534	6.3008
28.516100700626847	0.189322476689994	23.55959454410018	0.18912797685178773	17.644846807311545	0.281335044405425	12.068028184118099	0.18875815031444265	19.8681	0.418	202.3206334794792	10.92341958176645	30.958532964849763	1.7743516094323346	179.81640307663085	10.923808859736987	6.3008
28.516100700626847	0.189322476689994	23.55959454410018	0.18912797685178773	17.678495921694815	0.18893525265138994	12.068028184118099	0.18875815031444265	19.9544	0.3504	202.3206334794792	10.92341958176645	31.135664362188308	1.4153021718760208	178.73794349034918	8.508287108336534	6.3008
28.516100700626847	0.189322476689994	23.55959454410018	0.18912797685178773	17.678495921694815	0.18893525265138994	12.068028184118099	0.18875815031444265	20.0407	0.2366	202.3206334794792	10.92341958176645	31.135664362188308	1.4153021718760208	178.73794349034918	8.508287108336534	6.3008
28.516100700626847	0.189322476689994	23.55959454410018	0.18912797685178773	17.678495921694815	0.18893525265138994	12.068028184118099	0.18875815031444265	20.0407	0.2366	202.3206334794792	10.92341958176645	31.135664362188308	1.4153021718760208	178.73794349034918	8.508287108336534	6.3008
28.516100700626847	0.189322476689994	23.55959454410018	0.18912797685178773	17.61120229076698	0.3148650352007163	12.068028184118099	0.18875815031444265	20.0407	0.2366	202.3206334794792	10.92341958176645	30.783429368756593	1.9008089886654598	180.90780591404837	11.981047896593775	6.3008
28.516100700626847	0.189322476689994	23.55959454410018	0.18912797685178773	17.678495921694815	0.18893525265138994	12.068028184118099	0.18875815031444265	19.9544	0.3504	202.3206334794792	10.92341958176645	31.135664362188308	1.4153021718760208	178.73794349034918	8.508287108336534	6.3008
28.516100700626847	0.189322476689994	23.55959454410018	0.18912797685178773	17.678495921694815	0.18893525265138994	12.068028184118099	0.18875815031444265	20.0407	0.2366	202.3206334794792	10.92341958176645	31.135664362188308	1.4153021718760208	178.73794349034918	8.508287108336534	6.3008
28.516100700626847	0.189322476689994	23.55959454410018	0.18912797685178773	17.678495921694815	0.18893525265138994	12.068028184118099	0.18875815031444265	20.0407	0.2366	202.3206334794792	10.92341958176645	31.135664362188308	1.4153021718760208	178.73794349034918	8.508287108336534	6.3008
28.516100700626847	0.189322476689994	23.55959454410018	0.18912797685178773	17.678495921694815	0.18893525265138994	12.068028184118099	0.18875815031444265	20.0407	0.2366	202.3206334794792	10.92341958176645	31.135664362188308	1.4153021718760208	178.73794349034918	8.508287108336534	6.3008
28.516100700626847	0.189322476689994	23.55959454410018	0.18912797685178773	17.678495921694815	0.18893525265138994	12.068028184118099	0.18875815031444265	20.0407	0.2366	202.3206334794792	10.92341958176645	31.135664362188308	1.4153021718760208	178.73794349034918	8.508287108336534	6.3008
28.516100700626847	0.189322476689994	23.55959454410018	0.18912797685178773	17.678495921694815	0.18893525265138994	12.068028184118099	0.18875815031444265	20.0407	0.2366	202.3206334794792	10.92341958176645	31.135664362188308	1.4153021718760208	178.73794349034918	8.508287108336534	6.3008
28.516100700626847	0.189322476689994	23.55959454410018	0.18912797685178773	17.678495921694815	0.18893525265138994	12.13381909903322	0.3118908911118218	20.0407	0.2366	202.3206334794792	10.92341958176645	31.135664362188308	1.4153021718760208	180.8587763555246	11.89444542791873	6.3008
28.516100700626847	0.189322476689994	23.55959454410018	0.18912797685178773	17.644846807311545	0.281335044405425	12.068028184118099	0.18875815031444265	20.0407	0.2366	202.3206334794792	10.92341958176645	30.958532964849763	1.7743516094323346	179.81640307663085	10.923808859736987	6.3008
28.516100700626847	0.189322476689994	23.55959454410018	0.18912797685178773	17.678495921694815	0.18893525265138994	12.068028184118099	0.18875815031444265	20.0407	0.2366	202.3206334794792	10.92341958176645	31.135664362188308	1.4153021718760208	178.73794349034918	8.508287108336534	6.3008
28.516100700626847	0.189322476689994	23.55959454410018	0.18912797685178773	17.678495921694815	0.18893525265138994	12.100921417272186	0.2790743431241799	20.0407	0.2366	202.3206334794792	10.92341958176645	31.135664362188308	1.4153021718760208	179.79203408905803	10.863608886411848	6.3008
28.55125333945215	0.2858766184104283	23.55959454410018	0.18912797685178773	17.644846807311545	0.281335044405425	12.068028184118099	0.18875815031444265	19.9544	0.3504	200.8958357424558	13.795435863884927	30.958532964849763	1.7743516094323346	179.81640307663085	10.923808859736987	6.3008
28.516100700626847	0.189322476689994	23.55959454410018	0.18912797685178773	17.678495921694815	0.18893525265138994	12.100921417272186	0.2790743431241799	19.9544	0.3504	202.3206334794792	10.92341958176645	31.135664362188308	1.4153021718760208	179.79203408905803	10.863608886411848	6.3008
28.516100700626847	0.189322476689994	23.55959454410018	0.18912797685178773	17.678495921694815	0.18893525265138994	12.068028184118099	0.18875815031444265	20.0407	0.2366	202.3206334794792	10.92341958176645	31.135664362188308	1.4153021718760208	178.73794349034918	8.508287108336534	6.3008
28.55125333945215	0.2858766184104283	23.55959454410018	0.18912797685178773	17.678495921694815	0.18893525265138994	12.100921417272186	0.2790743431241799	20.0407	0.2366	200.8958357424558	13.795435863884927	31.135664362188308	1.4153021718760208	179.79203408905803	10.863608886411848	6.3008
28.55125333945215	0.2858766184104283	23.55959454410018	0.18912797685178773	17.678495921694815	0.18893525265138994	12.100921417272186	0.2790743431241799	20.0407	0.2366	200.8958357424558	13.795435863884927	31.135664362188308	1.4153021718760208	179.79203408905803	10.863608886411848	6.3008
28.516100700626847	0.189322476689994	23.55959454410018	0.18912797685178773	17.678495921694815	0.18893525265138994	12.100921417272186	0.2790743431241799	20.0407	0.2366	202.3206334794792	10.92341958176645	31.135664362188308	1.4153021718760208	179.79203408905803	10.863608886411848	6.3008
28.516100700626847	0.189322476689994	23.55959454410018	0.18912797685178773	17.678495921694815	0.18893525265138994	12.068028184118099	0.18875815031444265	20.0407	0.2366	202.3206334794792	10.92341958176645	31.135664362188308	1.4153021718760208	178.73794349034918	8.508287108336534	6.3008
28.516100700626847	0.189322476689994	23.55959454410018	0.18912797685178773	17.678495921694815	0.18893525265138994	12.068028184118099	0.18875815031444265	20.0407	0.2366	202.3206334794792	10.92341958176645	31.135664362188308	1.4153021718760208	178.73794349034918	8.508287108336534	6.3008
28.516100700626847	0.189322476689994	23.55959454410018	0.18912797685178773	17.678495921694815	0.18893525265138994	12.100921417272186	0.2790743431241799	20.0407	0.2366	202.3206334794792	10.92341958176645	31.135664362188308	1.4153021718760208	179.79203408905803	10.863608886411848	6.3008
28.516100700626847	0.189322476689994	23.55959454410018	0.18912797685178773	17.678495921694815	0.18893525265138994	12.166721230309085	0.33104104076397156	20.0407	0.2366	202.3206334794792	10.92341958176645	31.135664362188308	1.4153021718760208	181.9383994415956	12.58180223468431	6.3008
28.516100700626847	0.189322476689994	23.55959454410018	0.18912797685178773	17.678495921694815	0.18893525265138994	12.068028184118099	0.18875815031444265	20.0407	0.2366	202.3206334794792	10.92341958176645	31.135664362188308	1.4153021718760208	178.73794349034918	8.508287108336534	6.3008
28.516100700626847	0.189322476689994	23.55959454410018	0.18912797685178773	17.678495921694815	0.18893525265138994	12.100921417272186	0.2790743431241799	20.0407	0.2366	202.3206334794792	10.92341958176645	31.135664362188308	1.4153021718760208	179.79203408905803	10.863608886411848	6.3008
28.516100700626847	0.189322476689994	23.55959454410018	0.18912797685178773	17.678495921694815	0.18893525265138994	12.068028184118099	0.18875815031444265	20.0407	0.2366	202.3206334794792	10.92341958176645	31.135664362188308	1.4153021718760208	178.73794349034918	8.508287108336534	6.3008
28.516100700626847	0.189322476689994	23.55959454410018	0.18912797685178773	17.644846807312025	0.28133504440542506	12.068028184118099	0.18875815031444265	20.0407	0.2366	202.3206334794792	10.92341958176645	30.95853296485227	1.7743516094326226	179.81640307661536	10.923808859735109	6.3008
28.516100700626847	0.189322476689994	23.55959454410018	0.18912797685178773	17.678495921694815	0.18893525265138994	12.068028184118099	0.18875815031444265	20.0407	0.2366	202.3206334794792	10.92341958176645	31.135664362188308	1.4153021718760208	178.73794349034918	8.508287108336534	6.3008
28.516100700626847	0.189322476689994	23.55959454410018	0.18912797685178773	17.678495921694815	0.18893525265138994	12.133819099033701	0.31189089111182183	20.0407	0.2366	202.3206334794792	10.92341958176645	31.135664362188308	1.4153021718760208	180.8587763555403	11.8944454279208	6.3008
