17.834482045528198	0.08194801823534592	7.799203036138421	0.07580960484853583	-1.219349025428443	0.07769420960262208	-12.473111747554551	0.07386424586723117	19.1777	0.2326	185.69939380054373	2.0657839903370134	38.020773149966054	0.45763689425835963	165.59307981490247	1.5774232158942458	11.709
17.80879199346563	0.07662519390120226	7.768870710287289	0.07084316903405655	-1.2579408212634267	0.0749804589139296	-12.500295521604007	0.07328745184443318	19.1777	0.2326	185.61352983766218	1.9292866103333766	37.98598440606713	0.43408685710987965	165.761113070605	1.5459158563884912	11.709
17.826058439062642	0.07299252120958433	7.791155873401867	0.0704959895935852	-1.2405796348538185	0.07151156519559748	-12.500661026865947	0.06886670396919263	19.1669	0.2335	185.70636002386462	1.8779389631026335	37.965274975176484	0.4221073321702428	165.500156152068	1.459213481006859	11.709
17.809982858903158	0.07378610842819745	7.797439108571639	0.07767871222678566	-1.2483091429758788	0.07150786974559148	-12.497393001017935	0.07545528289478567	19.1777	0.2326	186.12105725893076	1.9915500919568498	37.90646307400072	0.4424403597086695	165.6619554249958	1.5309312782738975	11.709
17.800579686473903	0.0748852620311316	7.7689305805792745	0.07470189431781826	-1.2714516823580815	0.06890522325707787	-12.509584257105313	0.06977800476051757	19.1615	0.2338	185.76658822406156	1.9587314973279486	37.92896274748692	0.42638179409091526	165.8233889187695	1.4470021607563635	11.709
17.802597738570665	0.06828098788176742	7.764892666382424	0.07275032609472817	-1.2618015953798964	0.06940015810044851	-12.50218070342418	0.0650879905322145	19.1669	0.2335	185.6545111916449	1.8453960950777177	37.986477898836924	0.4231109051120583	165.79024699703757	1.4033634616848323	11.709
17.80461579187714	0.07127940887841841	7.772878739992434	0.07072723783224313	-1.2540810817214996	0.07107058879363079	-12.505813942481554	0.0665698583661421	19.1723	0.2331	185.76495965002297	1.8594504718779492	37.98536039223093	0.4219204653454191	165.62295352407793	1.433389593993438	11.709
17.829744193740055	0.07752673210837001	7.800966869575111	0.07460425891549802	-1.2521522492982329	0.07079614615982492	-12.485624723990703	0.06796518574713628	19.1777	0.2326	185.81978325240885	1.9935483677795696	37.875600394912865	0.430289560386845	165.89217918691872	1.4492913909790108	11.709
17.819162718311617	0.0712600638060622	7.780865016917444	0.07141749633300591	-1.2482903081542496	0.0711560622675263	-12.503928783599742	0.07441948348184042	19.1777	0.2326	185.64355073910423	1.8657812992543947	37.97612398159402	0.42402184792358605	165.56548371097574	1.514545041425392	11.709
17.817354852055686	0.06998160134689352	7.797018449364315	0.07137420811970595	-1.240574549235985	0.07151075845922344	-12.485715993168105	0.0665486384733196	19.1777	0.2326	185.9763139451557	1.8552185268820716	37.94066872972683	0.4241543644110891	165.72003455488522	1.4395985526925796	11.709
17.81359885728267	0.07417444468245385	7.791185896596956	0.07611798555627786	-1.2270698371173194	0.08798716003141824	-12.473111747554071	0.08124275964460367	19.1723	0.2331	185.9377812481898	1.9717587222974267	38.02202246185008	0.49051561365054697	165.70676541171005	1.7646042222660374	11.709
17.813949205194486	0.07309495852337776	7.799353312548783	0.0705445267181471	-1.2386556320751725	0.07071008350599445	-12.475179504981114	0.07149038384028882	19.1669	0.2335	186.0829182365223	1.8875582805491755	37.93892262940875	0.419276149799434	165.84712939172178	1.4841183821706716	11.709
17.79006961307117	0.07067100484842725	7.764892666382424	0.06670446408129753	-1.2733802917572479	0.07124445496736645	-12.511377958549062	0.07187077940546727	19.1669	0.2335	185.8865173724958	1.8019012751407224	37.937814410129214	0.40966157094495653	165.82537956648298	1.4932657002901102	11.709
17.822372543822343	0.06998283436224224	7.797379011620654	0.06898618940862301	-1.2463769999213816	0.07194311916394955	-12.491782705538668	0.06893563896633213	19.1777	0.2326	185.88991830039922	1.8221574987299425	37.91481345100181	0.41787076037097715	165.71614021289847	1.4683146682896906	11.709
17.810880120777384	0.07880662991626591	7.792919885501318	0.07449634315372257	-1.2579408212634267	0.0734255345290626	-12.49293742261195	0.07163218271745865	19.1777	0.2326	186.0204258049392	2.0136709322188038	37.885051287742144	0.4378312848888763	165.86967444559113	1.5144434980073302	11.709
17.785124260993832	0.07406489493306652	7.7405181238109995	0.06590016035008696	-1.2695083959143427	0.07142183837254815	-12.520071510487519	0.06615423449724447	19.1669	0.2335	185.52695876890434	1.8311183054414455	38.05674948051596	0.41047011680234424	165.64017371264728	1.43330110880257	11.709
17.84248488598778	0.07514377697745395	7.809074367676075	0.06998939412923895	-1.2289951343468033	0.06724934444397392	-12.504157286283087	0.06815204437199254	19.1777	0.2326	185.73397602558939	1.9009389828908998	37.938668428832855	0.4074315628906259	165.2787963091933	1.403499031815245	11.709
17.823339150381926	0.07881351672633545	7.806919592212677	0.07458246187050951	-1.2521501274342208	0.0747511725347702	-12.491052207764804	0.073791456128519	19.1831	0.2332	186.04903856519482	2.0154825455786978	37.850721176186916	0.441197934645549	165.81203531654828	1.5496632511068513	11.709
17.83823788324695	0.0740782772020572	7.803031287397947	0.07057079622118005	-1.2502244401843496	0.07513113614338704	-12.48939522840733	0.07081197330874776	19.1777	0.2326	185.70073379793152	1.893283282147897	37.87502887268634	0.43123213735882465	165.80807105589383	1.5231058969883728	11.709
17.82375979176993	0.07235165448112921	7.801087114220521	0.07137477511465773	-1.2270659732475373	0.07194451345942736	-12.485807263693633	0.06734830733551114	19.1777	0.2326	185.93296305458597	1.885404387973643	37.980339805043826	0.42633698418047206	165.519855247439	1.4488061847265339	11.709
17.829954591860336	0.0681555602365212	7.797048494945538	0.06824359866758707	-1.2463655700201042	0.06881218780908199	-12.48392198211824	0.06777485150320225	19.1723	0.2331	185.74331411674015	1.785596095463074	37.91624707336622	0.40633014586655275	165.83189087769526	1.4252898285794418	11.709
17.811020231347477	0.07340902943261851	7.772938641669127	0.07189223177522902	-1.2560131104677223	0.07115826879146818	-12.49854737983462	0.0673115303352502	19.1723	0.2331	185.64754749345647	1.9002753855141914	37.976980217314974	0.42546436993307835	165.75846548590906	1.444172530606194	11.709
17.804545762947395	0.07796604550490244	7.774852821430433	0.0755397647491621	-1.2560098838111662	0.07593596802646252	-12.49289176241819	0.0742844535047335	19.1723	0.2331	185.80281964057284	2.0110771201758926	37.968944193446156	0.4503278755756511	165.84184552218647	1.5677923074285256	11.709
17.834411892487534	0.07398971405192789	7.793160125511022	0.07378113226113454	-1.2444397115036727	0.07651279965805212	-12.487783829995799	0.07285046829629546	19.1723	0.2331	185.58893571335366	1.9312496598784037	37.94064002143923	0.44622070279537357	165.74652603561225	1.5574289852004244	11.709
17.813668925762787	0.0755088578008632	7.7852032163217695	0.07191618150135368	-1.2444417750415653	0.0696881284155124	-12.50259196090247	0.06804056011002133	19.1777	0.2326	185.82555723440527	1.932218001862254	37.97406458415162	0.4211449867436943	165.52854579995093	1.4320109783706236	11.709
17.815827251076353	0.06679058568820041	7.799263146007883	0.06962642145511794	-1.2347923875956834	0.06504139368327942	-12.480561962238308	0.0663819342527904	19.1831	0.2332	186.04635373121928	1.792048360246854	37.955525156841404	0.40030649375730754	165.71077828813006	1.369435653250146	11.709
17.819933722119313	0.07548652777021178	7.793220187827374	0.07753855418688482	-1.2386515926190533	0.07343052886070914	-12.489714773718177	0.07232541996985115	19.1777	0.2326	185.85803037950274	2.005900516945707	37.96470215801093	0.44888591458593957	165.63281164340165	1.5173179101041105	11.709
17.806984039098364	0.06625273202879396	7.779010807604177	0.068351846648244	-1.2598750281667752	0.06809886648904884	-12.505996771747471	0.06851964664927188	19.1723	0.2331	185.83468320500603	1.7640514327554475	37.935242053507615	0.40493891673164656	165.70558910468108	1.4234132131853778	11.709
17.84081752592295	0.07371639461258475	7.805246143664593	0.07378280547377555	-1.23672150035507	0.0762291802695533	-12.49155441571151	0.06966250601019533	19.1777	0.2326	185.69398369857834	1.9298805986641026	37.92231244056494	0.4449390952708778	165.57733399314387	1.519206694220714	11.709
17.823900009978306	0.07081826756314191	7.789121622795999	0.07389058991802941	-1.2540885596003255	0.07359012930018588	-12.49877578840902	0.06992915518578202	19.1777	0.2326	185.7086581048326	1.8940975473572783	37.91710190939417	0.43725386930539484	165.726728609101	1.4961725736951321	11.709
17.838869408863264	0.07477061390160679	7.7972888679301615	0.06997658929598223	-1.2618136681574985	0.06840586734093361	-12.499004205418712	0.0708617936381556	19.1777	0.2326	185.5828592985457	1.89264444478653	37.85058406261033	0.40886640054170836	165.83729024471944	1.4535408761317432	11.709
17.8325339378511	0.07807709554558234	7.783229007258587	0.07846325558305378	-1.236722502897996	0.07318940561019216	-12.491600073002349	0.069846673735866	19.1777	0.2326	185.4402111921115	2.042586776524777	38.014874213890316	0.45221695698834136	165.57667705004846	1.488358491657941	11.709
17.83309512277983	0.06984472263485056	7.821552963085101	0.07136650137862154	-1.225149244872674	0.07006844047373695	-12.49748436033343	0.06697244108866102	19.1723	0.2331	186.13967747800257	1.8565960117709959	37.902465914305566	0.41902234156071766	165.32024727574205	1.4215367836542554	11.709
17.811090287458942	0.06972128468293998	7.764952505752534	0.07511967398290581	-1.2637336270117379	0.06588770974478905	-12.51146941284726	0.06744139507700529	19.1669	0.2335	185.49867313749564	1.8924286243241208	37.978097480835864	0.42030477308900227	165.68181046800538	1.3888302778841428	11.709
17.82404023039223	0.07166762186968254	7.783169022955829	0.07016262766145803	-1.2656701207620848	0.07629825668669839	-12.495187985694646	0.06850197598307108	19.1723	0.2331	185.59596972848695	1.8538537203555134	37.893515027509665	0.43406966506004724	165.9506001128032	1.5153067604183388	11.709
17.80517604314676	0.07311924773344844	7.785143216786847	0.07269074485905992	-1.2502297085232652	0.07106761292059348	-12.511698054502173	0.07082976922414125	19.1723	0.2331	185.9819484583458	1.9137086259872855	37.94999109704414	0.4269837836272447	165.4797732773819	1.4743815658354162	11.709
17.83239364713795	0.07206743862514431	7.815238112978591	0.07206870668606422	-1.2251396577897427	0.07351366783447912	-12.484150129583565	0.07186066481827104	19.1777	0.2326	186.03536925309325	1.8928186619305734	37.92898159441078	0.4319164996214799	165.51589798513587	1.5112638757223777	11.709
17.83309512277983	0.06984472263482552	7.805516859378508	0.07246484991945269	-1.2483112358923876	0.07115934280432604	-12.490125641964768	0.06656906849431009	19.1777	0.2326	185.84200289561178	1.8652649520973226	37.872634477464416	0.4248384498989226	165.76907973648719	1.4368675127428285	11.709
17.8217416161486	0.07417707062617672	7.779070758207101	0.07167212888910314	-1.2656667843140839	0.06920164375146856	-12.50976714195928	0.06908089910980336	19.1723	0.2331	185.56271085887045	1.9058757100940444	37.91069895195793	0.4175877416483856	165.7353784997057	1.4412623313981674	11.709
17.81554694421686	0.07052948084767562	7.791125850438434	0.06745907279369343	-1.2540885596003255	0.07016058743327311	-12.50245487203888	0.06678851403191334	19.1777	0.2326	185.9005334302643	1.8099096066543083	37.90870028392429	0.40791452830874936	165.67252318252437	1.426713720140649	11.709
17.84109824796164	0.07512132347607402	7.81137975592242	0.07610947387926774	-1.2174234304183997	0.07286584763917366	-12.488057695404265	0.07315987514186732	19.1777	0.2326	185.8023463113281	1.9810569708022487	37.97760511523115	0.4431998841213657	165.34519574044043	1.5148110714907177	11.709
17.829954591860336	0.07056218870965969	7.797048494945538	0.07562461908700915	-1.2618048878558563	0.06713718544722919	-12.507836242604972	0.06659180915533544	19.1831	0.2332	185.74331411674015	1.9148725813607366	37.85162509915302	0.4225464772691521	165.70692094647606	1.3933350137351335	11.709
17.823339150381926	0.06939804940699432	7.770844774185687	0.07442958384306106	-1.2560098838111662	0.06930093942147987	-12.489212638504537	0.06850021382827402	19.1777	0.2326	185.3813749029073	1.8766582053828151	37.98580292529974	0.4279521103878821	165.8961624176498	1.439056774021821	11.709
17.818812284090292	0.07318823793492672	7.766687162090297	0.07276529752925706	-1.2502149576776986	0.06958929384819955	-12.507379113458507	0.07018486310087148	19.1777	0.2326	185.38818469185819	1.9033804801775769	38.02773031352536	0.4246269861547369	165.54304466689598	1.4534421993131377	11.709
17.842133969864783	0.07038645653551145	7.820950142225013	0.07136507852693674	-1.2328504019781543	0.06968850990334358	-12.496570827904796	0.0705798565357027	19.1777	0.2326	185.96058716367367	1.8600516429054772	37.87274972536638	0.41724941118015463	165.44668707983251	1.456899930560379	11.709
17.82737540974426	0.06679084324307102	7.774792905446763	0.0655079816602725	-1.263726998339139	0.0731905518099285	-12.516713152489379	0.06832996465967243	19.1777	0.2326	185.3797497176804	1.725226223181158	37.93677789328843	0.41227329442914995	165.60450738453136	1.4735496508016344	11.709
17.7849843678453	0.07151739091867772	7.760496024454069	0.0736736920584996	-1.2617873288491788	0.07342956215483869	-12.51078353853561	0.06922024046571465	19.1669	0.2335	185.89928631036494	1.9040938230429088	38.005049126333674	0.4381599883415827	165.66324620665415	1.486132622636905	11.709
17.82716504874147	0.07499905272667776	7.794743874075735	0.07543499138082399	-1.2424953394752092	0.07278074296436009	-12.488984408710646	0.07018684396369286	19.1723	0.2331	185.7522921155763	1.969524473753172	37.94215401091082	0.4400835588130538	165.70017693439067	1.4897042755332714	11.709
17.87763920333092	0.08583840449628699	7.84500440846765	0.08398654144246283	-1.2328504019781543	0.07475379389863865	-12.487373054636425	0.07232268320666459	19.1777	0.2326	185.74833697895014	2.2234237333554594	37.772395487029534	0.467839552979251	165.58189859992342	1.530288524723756	11.709
17.80245769717852	0.07346497200411505	7.766836793402929	0.07088409898295517	-1.259869577287489	0.0700636611459745	-12.503928783599742	0.06990982342433476	19.1777	0.2326	185.6930673778143	1.8889473057869512	37.9864269416538	0.4194205136361488	165.73598506283525	1.4588973280806983	11.709
17.819232806809875	0.07725215640350878	7.784903227894692	0.07699162033595892	-1.2598706674462363	0.07505187790521156	-12.494776969270287	0.07610279439265857	19.1777	0.2326	185.71696434795314	2.018628902772615	37.910546581006344	0.4506615719524579	165.87100760782008	1.578040345751856	11.709
17.831622087668915	0.07192439141452411	7.79085565418009	0.070495317775962	-1.2637281030970788	0.07351010987033635	-12.500204148662567	0.07058344876600262	19.1777	0.2326	185.59790639562604	1.8615862718178589	37.869473767737794	0.42597076592528915	165.8478353094035	1.5041765289838844	11.709
17.836079342322307	0.0726543183213908	7.8110185371594865	0.0734038175818214	-1.248293447112799	0.07319123380028933	-12.487509976722407	0.06523047094457882	19.1777	0.2326	185.88867088998535	1.9150599789314688	37.84970897009418	0.4330839580537545	165.8073962498641	1.4463522920066685	11.709
17.840115759473765	0.07358953391881606	7.7969283140105885	0.07536625679869416	-1.252151188362382	0.07382713145791783	-12.498456018765836	0.06868776016278604	19.1777	0.2326	185.55316614197267	1.9461221084656573	37.892508512503916	0.44178060057605023	165.70289146218607	1.485756689917971	11.709
17.82946367063699	0.06948005385577849	7.8028508775127445	0.07048757828280297	-1.2328484263184991	0.07080182642827386	-12.48728177493161	0.07315215147938643	19.1669	0.2335	185.85989776536798	1.8346588458512447	37.9486203053041	0.41959460240190083	165.58321249400336	1.4978186019783326	11.709
17.82298863105792	0.07701074730410998	7.782719170157239	0.07014661781894632	-1.2502149576776986	0.07142057585489339	-12.500021406828877	0.06689735335584755	19.1831	0.2332	185.60709310841838	1.9256978628827979	37.96023719661274	0.4206929979467707	165.65131472138447	1.4409383816156334	11.709
17.833990985832163	0.07919271321335582	7.809014182566173	0.07307602509391271	-1.2521533102422542	0.07413940787338139	-12.493028744010685	0.07295233264588245	19.1777	0.2326	185.89022849966966	1.998108443210728	37.84195826267814	0.4347495253044929	165.7829267518412	1.5340061427149736	11.709
17.85327842676755	0.06984611057228325	7.813233670200887	0.07059900816325122	-1.2212792519453044	0.07006820117725514	-12.497027577251654	0.06886271441568788	19.1777	0.2326	185.61124714550263	1.835974022917509	37.95360358979229	0.4178584988175094	165.27020423829583	1.4399567167590697	11.709
17.842204151985598	0.06866256219001912	7.810958337280254	0.06879991510991011	-1.2502212792770273	0.0652870604374636	-12.48741869499468	0.07335872320377637	19.1777	0.2326	185.7740566910574	1.8001122078826433	37.84190763059518	0.39610367112622585	165.8371887332362	1.4492734044234732	11.709
17.812758078516676	0.07328798752758875	7.786817351809859	0.0724149236042629	-1.238638465231949	0.07194160530619116	-12.49096090161265	0.0705980514983491	19.1777	0.2338	185.87235646615616	1.9100762294497513	37.99169028411234	0.42967811985659177	165.61427555949155	1.4835275082453914	11.709
17.810669959055783	0.06921179147669236	7.786817351809859	0.07230654868833523	-1.2405684467495035	0.06680908409067753	-12.49096090161265	0.06264580839669656	19.1777	0.2326	185.91107647731224	1.856402485320752	37.983567970332345	0.4142223491713085	165.64268634535125	1.34844282181522	11.709
17.8256377366811	0.0740537366561649	7.7969884040147495	0.06785211968429547	-1.2463634919584758	0.07071079541115438	-12.493028744010685	0.06817126468147103	19.1777	0.2326	185.822154793355	1.861035680538596	37.9165077305765	0.41088786843202363	165.69758118505007	1.4470920086717902	11.709
17.829674062136785	0.07286242002683516	7.798932553192615	0.06700368085751018	-1.2270611435745602	0.06920838048789973	-12.47638084535173	0.0669762263577939	19.1723	0.2331	185.78339667125547	1.83337796539549	37.98942627190241	0.4054386592839693	165.6584822963649	1.4182695272258488	11.709
17.820830355034413	0.07615864579477231	7.7806851305033575	0.07105018411969329	-1.2463541410718884	0.07261397521114753	-12.49261780833799	0.07778194801325691	19.1777	0.2326	185.60938980342718	1.9254850500660894	37.98502607091868	0.4274902972812211	165.70349796147178	1.567836362536768	11.709
17.837466079325072	0.07294067946539377	7.792679660302759	0.06785121435071403	-1.24635310212374	0.0666944862405854	-12.485214029374822	0.06854052709496646	19.1777	0.2326	185.5236289677513	1.8399445988396217	37.93462542799149	0.39928658173362314	165.81264246667817	1.410944571402334	11.709
17.811917379114806	0.07069126618870145	7.790465403779072	0.07268467520853475	-1.248275660624788	0.06635399492245218	-12.50328902097351	0.06744115801161789	19.1777	0.2326	185.95561134748348	1.8814032695153522	37.93584965326225	0.4130590950312567	165.57467938938663	1.3918345952576974	11.709
17.82876240149659	0.07160225535184575	7.798541888724067	0.07662502730578713	-1.248277753033766	0.0676767091486583	-12.492343866396709	0.06992691017730464	19.1777	0.2326	185.7930467520586	1.9425907560581928	37.901973914820644	0.42830768674417796	165.73588325385987	1.4343861268390836	11.709
17.835307638096534	0.07150203092544498	7.822713407874905	0.07375789045367537	-1.2289824826494127	0.06930352212686725	-12.475970451315996	0.07034936520343128	19.1777	0.2326	186.12011890366526	1.9095449066818444	37.88155570194819	0.42356081466339207	165.69282672433943	1.4548377979021878	11.709
17.814145542215684	0.0728145290141911	7.774493339377842	0.07380307424120224	-1.2521373969249334	0.07079720357311708	-12.496022773213218	0.07551802030722483	19.1831	0.2332	185.6185046067877	1.9168299680011458	37.98674523097174	0.43038224827712496	165.73854733462045	1.5258349970131504	11.709
17.86071944867922	0.07688286139543732	7.820859727110464	0.07189674911213269	-1.2058254876015893	0.07080494116475072	-12.483556963698229	0.07150202333108706	19.1777	0.2326	185.61466796787258	1.9460626584777692	37.9865159710159	0.4246469367904174	165.24114203400046	1.4743914560592695	11.709
17.835097184897172	0.0735880246956536	7.7985719384477195	0.0713219097154752	-1.2579278275837016	0.07277813889293229	-12.499747304199875	0.06877733396638269	19.1777	0.2326	185.67633547499472	1.8958738387984517	37.86146203636999	0.4259987302681088	165.76900496750693	1.4765623143621422	11.709
17.82695469270345	0.07680305060206241	7.79064551449041	0.08010812348813909	-1.2502117969861728	0.07193799930713138	-12.48884747487937	0.0726365672159221	19.1777	0.2326	185.68033283673773	2.0531802002169224	37.92696978401821	0.4516738733015925	165.8159657518451	1.508324281280351	11.709
17.814075477902986	0.07146489878500148	7.788491358797721	0.06692665003862829	-1.2521363361015465	0.07079961762445816	-12.492298210586647	0.06853951814533252	19.1777	0.2326	185.87896790090622	1.8153004988762023	37.92793306458717	0.4087276505835494	165.7934511506641	1.4534832899231462	11.709
17.86712567337136	0.07470022201628837	7.816911207644288	0.07033999244336903	-1.2347794501518783	0.06528815443897262	-12.496525154825239	0.06449899871817635	19.1777	0.2326	185.42342902412747	1.893035984246925	37.88157760104863	0.40163748906399604	165.47569777656008	1.3485071116579166	11.709
17.8312714008906	0.07222757352026804	7.790705553245042	0.07581648302457754	-1.2424943151358658	0.07421647655789645	-12.503654591518004	0.07319711423819641	19.1723	0.2331	185.60161418591673	1.935651263505175	37.95912047448716	0.4458316483251469	165.48430027866564	1.531815884286177	11.709
17.84004558586562	0.07112174828408936	7.796898269355994	0.07484020238979161	-1.2425004612887165	0.07015878256412247	-12.494731302464693	0.07193458516061813	19.1777	0.2326	185.55390754844117	1.9075055728306434	37.93308961043436	0.43048187348169586	165.6156236898036	1.4789564766819132	11.709
17.840256108347223	0.0688739733861989	7.805005523239132	0.07331717966542646	-1.230923284550998	0.0684081578731298	-12.478311739084273	0.0657775354324527	19.1831	0.2332	185.69991978361045	1.8614569713043259	37.94765644660406	0.42111918826330286	165.68692689829686	1.3980129840281543	11.709
17.852857057131395	0.07182470499968696	7.827084135325384	0.07268979406117876	-1.215482992615657	0.06647194044961352	-12.485715993168105	0.06664864557941873	19.1777	0.2326	185.87546747740515	1.8945602238149357	37.91979835178373	0.4130590933522415	165.3510826769646	1.381035218145565	11.709
17.83523748647849	0.075711148461298	7.798632038589033	0.08188991977988269	-1.2289815094937537	0.07219719590494653	-12.485122767611404	0.06727568201814621	19.1777	0.2326	185.67485175526926	2.063212220183955	37.98260971713984	0.45932566408084863	165.55808832969822	1.4514625782803245	11.709
17.8312714008906	0.08030233556596014	7.818764947032349	0.06930180351211838	-1.223194241869995	0.07089191986721403	-12.479740896706726	0.06963814465292337	19.1777	0.2326	186.12175055776353	1.9717590359806179	37.92234790164079	0.4157901355554671	165.55212586999508	1.4615077336858548	11.709
17.839835068352144	0.07146815603172757	7.820859727110464	0.07189674911213269	-1.2424973881774464	0.06840675710111592	-12.498273300677461	0.0673112421767469	19.1777	0.2326	186.00157852390203	1.8820151570994659	37.83281599878788	0.4142546761299246	165.56346209713158	1.4116455395474334	11.709
17.862948515693883	0.07673516130485758	7.83294679045154	0.06781409900361188	-1.2289892949466519	0.06541093662126969	-12.470770561961396	0.06746841755635993	19.1831	0.2332	185.79709951325816	1.8969868590357848	37.8387486782771	0.39342075081063516	165.76956839846673	1.3856841241153641	11.709
17.83378053995451	0.0859747024186268	7.8089239066413905	0.07777500713582544	-1.2444304259707721	0.08167253331653959	-12.48553345616143	0.07557769544097892	19.1777	0.2326	185.89245680285788	2.149774683729202	37.874616355047465	0.47181447306047536	165.77957017723335	1.6410595216817458	11.709
17.813655103600997	0.07559163067975261	7.780295405139785	0.07401212937150742	-1.254059718538031	0.07106726788126358	-12.508578486968105	0.06982709453738664	19.1723	0.2331	185.73491678453522	1.9583886725071578	37.95426650600864	0.4310658716476033	165.58195574655866	1.4658229595268433	11.709
17.849925973216614	0.0720047413524849	7.822713407874905	0.07009319255212816	-1.2212622601842518	0.07151268676543737	-12.475970451315996	0.07034936520343128	19.1777	0.2326	185.84878065756817	1.8624797200947685	37.91389259095358	0.4197851744974279	165.57916891451714	1.4758332839585195	11.709
17.864896536936513	0.0706420188726927	7.826872998634761	0.06967447645576484	-1.230917401383548	0.07587179313744291	-12.48723613558409	0.06986372189672904	19.1777	0.2326	185.6486211207152	1.8350486121957654	37.85606720081526	0.43051932065012327	165.5554780090684	1.5169327219465758	11.709
17.8495749227523	0.07095444248608034	7.798511839232552	0.06967116948288504	-1.2386273584526721	0.0707105158346225	-12.501495335034914	0.06609370632374933	19.1831	0.2332	185.40777360342807	1.834355261114822	37.94257392448055	0.4167764527012325	165.45920919411347	1.4219149556561654	11.709
17.83948421687104	0.07356981298709768	7.814696035685966	0.07414324624657616	-1.2328424995188034	0.07079958121206636	-12.485168398324657	0.06984442205380792	19.1777	0.2326	185.89372612985275	1.9368531539420082	37.89896232436792	0.4294317370785021	165.61422459873563	1.4637657137988207	11.709
17.871654411052038	0.07660980680449228	7.851139376789849	0.07582540666133743	-1.2116225171986845	0.07359276146299686	-12.483876353636488	0.07113727174867002	19.1777	0.2326	185.97299862244213	2.0004877898068125	37.83530077088731	0.44113702287037926	165.3214393237892	1.5011516828507852	11.709
17.842625256301517	0.0790920346955259	7.81514776154086	0.07053386241208923	-1.2328573170229296	0.07253445410242629	-12.49505097718429	0.06943422491913935	19.1777	0.2326	185.84387046859018	1.9640726837049953	37.89700813567851	0.4237629805518107	165.46911595518617	1.4752819404127901	11.709
17.84436275336261	0.0794894738828871	7.8069797602342765	0.07667291429728068	-1.240572515043065	0.06968625243818247	-12.504020183660902	0.06984304095870311	19.1777	0.2326	185.66046846461867	2.0428243085153137	37.898904769078165	0.43400502069883196	165.45069356119114	1.449265379213352	11.709
17.844924302717484	0.06682822619849474	7.8172425723769585	0.0671268763668697	-1.232860280725325	0.06768101430274766	-12.491508758757583	0.06755921478755983	19.1777	0.2326	185.840085353379	1.755432754706616	37.88822377377208	0.39907517743093884	165.52121973602158	1.4059131544953556	11.709
17.825918202728793	0.06875698913038053	7.7971085868019925	0.06915493577327055	-1.2251367818069814	0.08330019184073331	-12.504248689719134	0.06619929518596142	19.1777	0.2326	185.81918493132997	1.806882011397206	38.00520913197672	0.4560546472520033	165.22091844445214	1.5586107753692942	11.709
17.83621965935639	0.07580500993596913	7.819096385334357	0.07731293244607976	-1.2347854211216287	0.07142117382539778	-12.49312006675851	0.06976472542409276	19.1777	0.2326	186.03596837984801	2.0108794990245635	37.87240980211258	0.4402751385904813	165.52583373289684	1.4679046457586276	11.709
17.852997511466906	0.07540248613555404	7.815117644858744	0.07057226401752081	-1.2367164877538652	0.07475660504877638	-12.487646901842039	0.07245656576796301	19.1777	0.2326	185.6512783005344	1.9101009461761944	37.88097716446162	0.43023072361681913	165.6347661993813	1.5326667291818634	11.709
17.825497506966293	0.07142084765444286	7.804945370450658	0.07191756936406135	-1.252151188362382	0.07679590255496846	-12.478220523479699	0.06886842252686182	19.1777	0.2326	185.97231003590167	1.8810781873415807	37.85896725814851	0.4397933123532937	166.00157838269115	1.5253338513230625	11.709
17.865669582453002	0.07625578920679811	7.825200263168508	0.0705882686791005	-1.2289980541463665	0.06767952478078217	-12.506133897241211	0.06824053753822427	19.1831	0.2332	185.60339854669294	1.9208635474726035	37.871085882695915	0.4090344322942914	165.24986970021104	1.4083629137383402	11.709
17.83378053995451	0.06980330910658795	7.786877361952457	0.06880097674438027	-1.2386404847458943	0.0677858907328394	-12.502089316585247	0.06676833567624209	19.1777	0.2326	185.48454142001503	1.809458058526513	37.99142917870655	0.40655512693359885	165.45067647443474	1.397629056318353	11.709
17.865599302823362	0.07278906121921436	7.827174625965378	0.06973693790533736	-1.2232066086803126	0.0703456440694514	-12.487692544222726	0.06798645272062764	19.1777	0.2326	185.64120254437074	1.8641783567156671	37.88705836626739	0.41466487929120815	165.43544368793854	1.4367734536152605	11.709
17.84199360728079	0.07741952979770113	7.788821484361451	0.07024988018052014	-1.2424984125403402	0.07124551664440301	-12.501997931096845	0.07610863127725088	19.1831	0.2332	185.3688771939426	1.9276159961584711	37.96702209514494	0.42062334651037386	165.50870894321187	1.5324471935797908	11.709
