19.55318352094563	0.189006562987904	9.63200635693438	0.4407817821172198	1.4098988481398134	0.1883648250229382	-10.220450310803736	0.18797699962304928	20.0407	0.2366	187.9313439825435	9.084715235517184	40.99941873345305	2.3902377634254193	160.31334337781112	3.668129312731754	11.715
19.55318352094563	0.189006562987904	9.501722050985645	0.18863473399439076	1.4098988481398134	0.1883648250229382	-10.220450310803736	0.18797699962304928	20.0407	0.2366	185.49542908698794	4.927977239628531	41.65953953442543	1.3724421126070174	160.31334337781112	3.668129312731754	11.715
19.621052082407623	0.38383283072971397	9.63200635693438	0.4407817821172198	1.4098988481398134	0.1883648250229382	-10.220450310803736	0.18797699962304928	20.0407	0.2366	186.65448227620573	10.921534565790791	40.99941873345305	2.3902377634254193	160.31334337781112	3.668129312731754	11.715
19.55318352094563	0.189006562987904	9.501722050985645	0.18863473399439076	1.4098988481398134	0.1883648250229382	-10.220450310803736	0.18797699962304928	20.0407	0.2366	185.49542908698794	4.927977239628531	41.65953953442543	1.3724421126070174	160.31334337781112	3.668129312731754	11.715
19.55318352094563	0.189006562987904	9.63200635693438	0.4407817821172198	1.4098988481398134	0.1883648250229382	-10.220450310803736	0.18797699962304928	20.0407	0.2366	187.9313439825435	9.084715235517184	40.99941873345305	2.3902377634254193	160.31334337781112	3.668129312731754	11.715
19.55318352094563	0.189006562987904	9.501722050985645	0.18863473399439076	1.4098988481398134	0.1883648250229382	-10.220450310803736	0.18797699962304928	20.0407	0.2366	185.49542908698794	4.927977239628531	41.65953953442543	1.3724421126070174	160.31334337781112	3.668129312731754	11.715
19.55318352094563	0.189006562987904	9.63200635693438	0.4407817821172198	1.4098988481398134	0.1883648250229382	-10.220450310803736	0.18797699962304928	20.0407	0.2366	187.9313439825435	9.084715235517184	40.99941873345305	2.3902377634254193	160.31334337781112	3.668129312731754	11.715
19.55318352094563	0.189006562987904	9.501722050985645	0.18863473399439076	1.4098988481398134	0.1883648250229382	-10.220450310803736	0.18797699962304928	20.0407	0.2366	185.49542908698794	4.927977239628531	41.65953953442543	1.3724421126070174	160.31334337781112	3.668129312731754	11.715
19.621052082407623	0.38383283072971397	9.63200635693438	0.4407817821172199	1.4098988481398134	0.1883648250229382	-10.220450310803736	0.18797699962304928	20.0407	0.2366	186.65448227620573	10.921534565790793	40.99941873345305	2.3902377634254197	160.31334337781112	3.668129312731754	11.715
19.55318352094563	0.189006562987904	9.501722050985645	0.18863473399439076	1.4098988481398134	0.1883648250229382	-10.220450310803736	0.18797699962304928	20.0407	0.2366	185.49542908698794	4.927977239628531	41.65953953442543	1.3724421126070174	160.31334337781112	3.668129312731754	11.715
19.55318352094563	0.189006562987904	9.63200635693438	0.4407817821172198	1.4098988481398134	0.1883648250229382	-10.220450310803736	0.18797699962304928	20.0407	0.2366	187.9313439825435	9.084715235517184	40.99941873345305	2.3902377634254193	160.31334337781112	3.668129312731754	11.715
19.55318352094563	0.189006562987904	9.501722050985645	0.18863473399439076	1.4098988481398134	0.1883648250229382	-10.220450310803736	0.18797699962304928	20.0407	0.2366	185.49542908698794	4.927977239628531	41.65953953442543	1.3724421126070174	160.31334337781112	3.668129312731754	11.715
19.55318352094563	0.189006562987904	9.566855451676362	0.37561722182761015	1.4098988481398134	0.1883648250229382	-10.220450310803736	0.18797699962304928	20.0407	0.2366	186.7052779949363	7.861517071545235	41.326887589224434	2.1289355761486912	160.31334337781112	3.668129312731754	11.715
19.55318352094563	0.189006562987904	9.566855451676362	0.37561722182761015	1.4098988481398134	0.1883648250229382	-10.220450310803736	0.18797699962304928	20.0407	0.2366	186.7052779949363	7.861517071545235	41.326887589224434	2.1289355761486912	160.31334337781112	3.668129312731754	11.715
19.55318352094563	0.189006562987904	9.566855451676362	0.37561722182761015	1.4098988481398134	0.1883648250229382	-10.220450310803736	0.18797699962304928	20.0407	0.2366	186.7052779949363	7.861517071545235	41.326887589224434	2.1289355761486912	160.31334337781112	3.668129312731754	11.715
19.55318352094563	0.189006562987904	9.63200635693438	0.4407817821172198	1.4098988481398134	0.1883648250229382	-10.220450310803736	0.18797699962304928	20.0407	0.2366	187.9313439825435	9.084715235517184	40.99941873345305	2.3902377634254193	160.31334337781112	3.668129312731754	11.715
19.55318352094563	0.189006562987904	9.566855451676362	0.37561722182761015	1.4098988481398134	0.1883648250229382	-10.220450310803736	0.18797699962304928	20.0407	0.2366	186.7052779949363	7.861517071545235	41.326887589224434	2.1289355761486912	160.31334337781112	3.668129312731754	11.715
19.55318352094563	0.189006562987904	9.501722050985645	0.18863473399439076	1.4098988481398134	0.1883648250229382	-10.220450310803736	0.18797699962304928	20.0407	0.2366	185.49542908698794	4.927977239628531	41.65953953442543	1.3724421126070174	160.31334337781112	3.668129312731754	11.715
19.55318352094563	0.189006562987904	9.501722050985645	0.18863473399439076	1.4098988481398134	0.1883648250229382	-10.220450310803736	0.18797699962304928	20.0407	0.2366	185.49542908698794	4.927977239628531	41.65953953442543	1.3724421126070174	160.31334337781112	3.668129312731754	11.715
19.55318352094563	0.189006562987904	9.501722050985645	0.18863473399439076	1.4098988481398134	0.1883648250229382	-10.220450310803736	0.18797699962304928	20.0407	0.2366	185.49542908698794	4.927977239628531	41.65953953442543	1.3724421126070174	160.31334337781112	3.668129312731754	11.715
19.55318352094563	0.189006562987904	9.501722050985645	0.18863473399439076	1.4098988481398134	0.1883648250229382	-10.220450310803736	0.18797699962304928	20.0407	0.2366	185.49542908698794	4.927977239628531	41.65953953442543	1.3724421126070174	160.31334337781112	3.668129312731754	11.715
19.55318352094563	0.189006562987904	9.63200635693438	0.4407817821172198	1.4098988481398134	0.1883648250229382	-10.220450310803736	0.18797699962304928	20.0407	0.2366	187.9313439825435	9.084715235517184	40.99941873345305	2.3902377634254193	160.31334337781112	3.668129312731754	11.715
19.55318352094563	0.189006562987904	9.566855451676362	0.37561722182761015	1.4098988481398134	0.1883648250229382	-10.220450310803736	0.18797699962304928	20.0407	0.2366	186.7052779949363	7.861517071545235	41.326887589224434	2.1289355761486912	160.31334337781112	3.668129312731754	11.715
19.55318352094563	0.189006562987904	9.501722050985645	0.18863473399439076	1.4098988481398134	0.1883648250229382	-10.220450310803736	0.18797699962304928	20.0407	0.2366	185.49542908698794	4.927977239628531	41.65953953442543	1.3724421126070174	160.31334337781112	3.668129312731754	11.715
19.621052082407623	0.38383283072971397	9.63200635693438	0.4407817821172198	1.4098988481398134	0.1883648250229382	-10.220450310803736	0.18797699962304928	20.0407	0.2366	186.65448227620573	10.921534565790791	40.99941873345305	2.3902377634254193	160.31334337781112	3.668129312731754	11.715
19.55318352094563	0.189006562987904	9.63200635693438	0.4407817821172198	1.4098988481398134	0.1883648250229382	-10.220450310803736	0.18797699962304928	20.0407	0.2366	187.9313439825435	9.084715235517184	40.99941873345305	2.3902377634254193	160.31334337781112	3.668129312731754	11.715
19.621052082407623	0.38383283072971397	9.501722050985645	0.18863473399439076	1.4098988481398134	0.1883648250229382	-10.220450310803736	0.18797699962304928	20.0407	0.2366	184.251343965659	7.78714866249396	41.65953953442543	1.3724421126070174	160.31334337781112	3.668129312731754	11.715
19.55318352094563	0.189006562987904	9.501722050985645	0.18863473399439076	1.4098988481398134	0.1883648250229382	-10.220450310803736	0.18797699962304928	20.0407	0.2366	185.49542908698794	4.927977239628531	41.65953953442543	1.3724421126070174	160.31334337781112	3.668129312731754	11.715
19.55318352094563	0.189006562987904	9.566855451676362	0.37561722182761015	1.4098988481398134	0.1883648250229382	-10.220450310803736	0.18797699962304928	20.0407	0.2366	186.7115015042028	7.861779122114286	41.328265152144084	2.129006540667896	160.31868715592375	3.668251583708845	11.715390500000002
19.55318352094563	0.189006562987904	9.566855451676362	0.37561722182761015	1.4098988481398134	0.1883648250229382	-10.220450310803736	0.18797699962304928	20.0407	0.2366	186.7052779949363	7.861517071545235	41.326887589224434	2.1289355761486912	160.31334337781112	3.668129312731754	11.715
19.55318352094563	0.189006562987904	9.501722050985645	0.18863473399439076	1.4098988481398134	0.1883648250229382	-10.220450310803736	0.18797699962304928	20.0407	0.2366	185.49542908698794	4.927977239628531	41.65953953442543	1.3724421126070174	160.31334337781112	3.668129312731754	11.715
19.55318352094563	0.189006562987904	9.566855451676362	0.37561722182761015	1.4098988481398134	0.1883648250229382	-10.220450310803736	0.18797699962304928	20.0407	0.2366	186.7052779949363	7.861517071545235	41.326887589224434	2.1289355761486912	160.31334337781112	3.668129312731754	11.715
19.55318352094563	0.189006562987904	9.501722050985645	0.18863473399439076	1.4098988481398134	0.1883648250229382	-10.220450310803736	0.18797699962304928	20.0407	0.2366	185.49542908698794	4.927977239628531	41.65953953442543	1.3724421126070174	160.31334337781112	3.668129312731754	11.715
19.55318352094563	0.189006562987904	9.501722050985645	0.18863473399439076	1.4098988481398134	0.1883648250229382	-10.220450310803736	0.18797699962304928	20.0407	0.2366	185.49542908698794	4.927977239628531	41.65953953442543	1.3724421126070174	160.31334337781112	3.668129312731754	11.715
19.55318352094563	0.189006562987904	9.501722050985645	0.18863473399439076	1.4098988481398134	0.1883648250229382	-10.220450310803736	0.18797699962304928	20.0407	0.2366	185.49542908698794	4.927977239628531	41.65953953442543	1.3724421126070174	160.31334337781112	3.668129312731754	11.715
19.55318352094563	0.189006562987904	9.501722050985645	0.18863473399439076	1.4098988481398134	0.1883648250229382	-10.220450310803736	0.18797699962304928	20.0407	0.2366	185.49542908698794	4.927977239628531	41.65953953442543	1.3724421126070174	160.31334337781112	3.668129312731754	11.715
19.55318352094563	0.189006562987904	9.501722050985645	0.18863473399439076	1.4098988481398134	0.1883648250229382	-10.220450310803736	0.18797699962304928	20.0407	0.2366	185.49542908698794	4.927977239628531	41.65953953442543	1.3724421126070174	160.31334337781112	3.668129312731754	11.715
19.55318352094563	0.189006562987904	9.501722050985645	0.18863473399439076	1.4098988481398134	0.1883648250229382	-10.220450310803736	0.18797699962304928	20.0407	0.2366	185.49542908698794	4.927977239628531	41.65953953442543	1.3724421126070174	160.31334337781112	3.668129312731754	11.715
19.55318352094563	0.189006562987904	9.501722050985645	0.18863473399439076	1.4098988481398134	0.1883648250229382	-10.220450310803736	0.18797699962304928	20.0407	0.2366	185.49542908698794	4.927977239628531	41.65953953442543	1.3724421126070174	160.31334337781112	3.668129312731754	11.715
19.55318352094563	0.189006562987904	9.566855451676362	0.37561722182761015	1.4098988481398134	0.1883648250229382	-10.220450310803736	0.18797699962304928	20.0407	0.2366	186.7052779949363	7.861517071545235	41.326887589224434	2.1289355761486912	160.31334337781112	3.668129312731754	11.715
19.55318352094563	0.189006562987904	9.501722050985645	0.18863473399439076	1.4098988481398134	0.1883648250229382	-10.220450310803736	0.18797699962304928	20.0407	0.2366	185.49542908698794	4.927977239628531	41.65953953442543	1.3724421126070174	160.31334337781112	3.668129312731754	11.715
19.55318352094563	0.189006562987904	9.501722050985645	0.18863473399439076	1.4098988481398134	0.1883648250229382	-10.220450310803736	0.18797699962304928	20.0407	0.2366	185.49542908698794	4.927977239628531	41.65953953442543	1.3724421126070174	160.31334337781112	3.668129312731754	11.715
19.55318352094563	0.189006562987904	9.501722050985645	0.18863473399439076	1.4098988481398134	0.1883648250229382	-10.220450310803736	0.18797699962304928	20.0407	0.2366	185.49542908698794	4.927977239628531	41.65953953442543	1.3724421126070174	160.31334337781112	3.668129312731754	11.715
19.55318352094563	0.189006562987904	9.566855451676362	0.37561722182761015	1.4098988481398134	0.1883648250229382	-10.220450310803736	0.18797699962304928	20.0407	0.2366	186.7052779949363	7.861517071545235	41.326887589224434	2.1289355761486912	160.31334337781112	3.668129312731754	11.715
19.55318352094563	0.189006562987904	9.501722050985645	0.18863473399439076	1.4098988481398134	0.1883648250229382	-10.220450310803736	0.18797699962304928	20.0407	0.2366	185.49542908698794	4.927977239628531	41.65953953442543	1.3724421126070174	160.31334337781112	3.668129312731754	11.715
19.55318352094563	0.189006562987904	9.501722050985645	0.18863473399439076	1.4098988481398134	0.1883648250229382	-10.220450310803736	0.18797699962304928	20.0407	0.2366	185.49542908698794	4.927977239628531	41.65953953442543	1.3724421126070174	160.31334337781112	3.668129312731754	11.715
19.55318352094563	0.189006562987904	9.501722050985645	0.18863473399439076	1.4098988481398134	0.1883648250229382	-10.220450310803736	0.18797699962304928	20.0407	0.2366	185.49542908698794	4.927977239628531	41.65953953442543	1.3724421126070174	160.31334337781112	3.668129312731754	11.715
19.55318352094563	0.189006562987904	9.63200635693438	0.4407817821172198	1.4098988481398134	0.1883648250229382	-10.220450310803736	0.18797699962304928	20.0407	0.2366	187.9313439825435	9.084715235517184	40.99941873345305	2.3902377634254193	160.31334337781112	3.668129312731754	11.715
19.55318352094563	0.189006562987904	9.501722050985645	0.18863473399439076	1.4098988481398134	0.1883648250229382	-10.220450310803736	0.18797699962304928	20.0407	0.2366	185.49542908698794	4.927977239628531	41.65953953442543	1.3724421126070174	160.31334337781112	3.668129312731754	11.715
19.55318352094563	0.189006562987904	9.501722050985645	0.18863473399439076	1.4098988481398134	0.1883648250229382	-10.220450310803736	0.18797699962304928	20.0407	0.2366	185.49542908698794	4.927977239628531	41.65953953442543	1.3724421126070174	160.31334337781112	3.668129312731754	11.715
19.55318352094563	0.189006562987904	9.501722050985645	0.18863473399439076	1.4098988481398134	0.1883648250229382	-10.220450310803736	0.18797699962304928	20.0407	0.2366	185.49542908698794	4.927977239628531	41.65953953442543	1.3724421126070174	160.31334337781112	3.668129312731754	11.715
19.55318352094563	0.189006562987904	9.501722050985645	0.18863473399439076	1.4098988481398134	0.1883648250229382	-10.220450310803736	0.18797699962304928	20.0407	0.2366	185.49542908698794	4.927977239628531	41.65953953442543	1.3724421126070174	160.31334337781112	3.668129312731754	11.715
19.55318352094563	0.189006562987904	9.566855451676362	0.37561722182761015	1.4098988481398134	0.1883648250229382	-10.220450310803736	0.18797699962304928	20.0407	0.2366	186.7052779949363	7.861517071545235	41.326887589224434	2.1289355761486912	160.31334337781112	3.668129312731754	11.715
19.55318352094563	0.189006562987904	9.566855451676362	0.37561722182761015	1.4098988481398134	0.1883648250229382	-10.220450310803736	0.18797699962304928	20.0407	0.2366	186.7052779949363	7.861517071545235	41.326887589224434	2.1289355761486912	160.31334337781112	3.668129312731754	11.715
19.55318352094563	0.189006562987904	9.501722050985645	0.18863473399439076	1.4098988481398134	0.1883648250229382	-10.220450310803736	0.18797699962304928	20.0407	0.2366	185.49542908698794	4.927977239628531	41.65953953442543	1.3724421126070174	160.31334337781112	3.668129312731754	11.715
19.55318352094563	0.189006562987904	9.501722050985645	0.18863473399439076	1.4098988481398134	0.1883648250229382	-10.220450310803736	0.18797699962304928	20.0407	0.2366	185.49542908698794	4.927977239628531	41.65953953442543	1.3724421126070174	160.31334337781112	3.668129312731754	11.715
19.55318352094563	0.189006562987904	9.501722050985645	0.18863473399439076	1.4098988481398134	0.1883648250229382	-10.220450310803736	0.18797699962304928	20.0407	0.2366	185.49542908698794	4.927977239628531	41.65953953442543	1.3724421126070174	160.31334337781112	3.668129312731754	11.715
19.55318352094563	0.189006562987904	9.501722050985645	0.18863473399439076	1.4098988481398134	0.1883648250229382	-10.220450310803736	0.18797699962304928	20.0407	0.2366	185.49542908698794	4.927977239628531	41.65953953442543	1.3724421126070174	160.31334337781112	3.668129312731754	11.715
19.55318352094563	0.189006562987904	9.501722050985645	0.18863473399439076	1.4098988481398134	0.1883648250229382	-10.220450310803736	0.18797699962304928	20.0407	0.2366	185.49542908698794	4.927977239628531	41.65953953442543	1.3724421126070174	160.31334337781112	3.668129312731754	11.715
19.55318352094563	0.189006562987904	9.501722050985645	0.18863473399439076	1.4098988481398134	0.1883648250229382	-10.220450310803736	0.18797699962304928	20.0407	0.2366	185.49542908698794	4.927977239628531	41.65953953442543	1.3724421126070174	160.31334337781112	3.668129312731754	11.715
19.55318352094563	0.189006562987904	9.501722050985645	0.18863473399439076	1.4098988481398134	0.1883648250229382	-10.220450310803736	0.18797699962304928	19.9544	0.3504	185.49542908698794	4.927977239628531	41.65953953442543	1.3724421126070174	160.31334337781112	3.668129312731754	11.715
19.55318352094563	0.189006562987904	9.501722050985645	0.18863473399439076	1.4098988481398134	0.1883648250229382	-10.220450310803736	0.18797699962304928	20.0407	0.2366	185.49542908698794	4.927977239628531	41.65953953442543	1.3724421126070174	160.31334337781112	3.668129312731754	11.715
19.55318352094563	0.189006562987904	9.501722050985645	0.18863473399439076	1.4098988481398134	0.1883648250229382	-10.220450310803736	0.18797699962304928	20.0407	0.2366	185.49542908698794	4.927977239628531	41.65953953442543	1.3724421126070174	160.31334337781112	3.668129312731754	11.715
19.55318352094563	0.189006562987904	9.501722050985645	0.18863473399439076	1.4098988481398134	0.1883648250229382	-10.220450310803736	0.18797699962304928	20.0407	0.2366	185.49542908698794	4.927977239628531	41.65953953442543	1.3724421126070174	160.31334337781112	3.668129312731754	11.715
19.55318352094563	0.189006562987904	9.501722050985645	0.18863473399439076	1.4098988481398134	0.1883648250229382	-10.220450310803736	0.18797699962304928	20.0407	0.2366	185.49542908698794	4.927977239628531	41.65953953442543	1.3724421126070174	160.31334337781112	3.668129312731754	11.715
19.55318352094563	0.189006562987904	9.501722050985645	0.18863473399439076	1.4098988481398134	0.1883648250229382	-10.220450310803736	0.18797699962304928	20.0407	0.2366	185.49542908698794	4.927977239628531	41.65953953442543	1.3724421126070174	160.31334337781112	3.668129312731754	11.715
19.55318352094563	0.189006562987904	9.501722050985645	0.18863473399439076	1.4098988481398134	0.1883648250229382	-10.220450310803736	0.18797699962304928	20.0407	0.2366	185.49542908698794	4.927977239628531	41.65953953442543	1.3724421126070174	160.31334337781112	3.668129312731754	11.715
19.55318352094563	0.189006562987904	9.501722050985645	0.18863473399439076	1.4098988481398134	0.1883648250229382	-10.220450310803736	0.18797699962304928	20.0407	0.2366	185.49542908698794	4.927977239628531	41.65953953442543	1.3724421126070174	160.31334337781112	3.668129312731754	11.715
19.55318352094563	0.189006562987904	9.501722050985645	0.18863473399439076	1.4098988481398134	0.1883648250229382	-10.220450310803736	0.18797699962304928	20.0407	0.2366	185.49542908698794	4.927977239628531	41.65953953442543	1.3724421126070174	160.31334337781112	3.668129312731754	11.715
19.55318352094563	0.189006562987904	9.501722050985645	0.18863473399439076	1.4098988481398134	0.1883648250229382	-10.220450310803736	0.18797699962304928	20.0407	0.2366	185.49542908698794	4.927977239628531	41.65953953442543	1.3724421126070174	160.31334337781112	3.668129312731754	11.715
19.55318352094563	0.189006562987904	9.566855451676362	0.37561722182761015	1.4098988481398134	0.1883648250229382	-10.220450310803736	0.18797699962304928	20.0407	0.2366	186.7052779949363	7.861517071545235	41.326887589224434	2.1289355761486912	160.31334337781112	3.668129312731754	11.715
19.55318352094563	0.189006562987904	9.501722050985645	0.18863473399439076	1.4098988481398134	0.1883648250229382	-10.220450310803736	0.18797699962304928	20.0407	0.2366	185.49542908698794	4.927977239628531	41.65953953442543	1.3724421126070174	160.31334337781112	3.668129312731754	11.715
19.55318352094563	0.189006562987904	9.501722050985645	0.18863473399439076	1.4098988481398134	0.1883648250229382	-10.220450310803736	0.18797699962304928	20.0407	0.2366	185.49542908698794	4.927977239628531	41.65953953442543	1.3724421126070174	160.31334337781112	3.668129312731754	11.715
19.55318352094563	0.189006562987904	9.501722050985645	0.18863473399439076	1.4098988481398134	0.1883648250229382	-10.220450310803736	0.18797699962304928	20.0407	0.2366	185.49542908698794	4.927977239628531	41.65953953442543	1.3724421126070174	160.31334337781112	3.668129312731754	11.715
19.55318352094563	0.189006562987904	9.501722050985645	0.18863473399439076	1.4098988481398134	0.1883648250229382	-10.220450310803736	0.18797699962304928	20.0407	0.2366	185.49542908698794	4.927977239628531	41.65953953442543	1.3724421126070174	160.31334337781112	3.668129312731754	11.715
19.55318352094563	0.189006562987904	9.501722050985645	0.18863473399439076	1.4098988481398134	0.1883648250229382	-10.220450310803736	0.18797699962304928	20.0407	0.2366	185.49542908698794	4.927977239628531	41.65953953442543	1.3724421126070174	160.31334337781112	3.668129312731754	11.715
19.55318352094563	0.189006562987904	9.566855451676362	0.37561722182761015	1.4098988481398134	0.1883648250229382	-10.220450310803736	0.18797699962304928	20.0407	0.2366	186.7052779949363	7.861517071545235	41.326887589224434	2.1289355761486912	160.31334337781112	3.668129312731754	11.715
19.55318352094563	0.189006562987904	9.501722050985645	0.18863473399439076	1.4098988481398134	0.1883648250229382	-10.220450310803736	0.18797699962304928	20.0407	0.2366	185.49542908698794	4.927977239628531	41.65953953442543	1.3724421126070174	160.31334337781112	3.668129312731754	11.715
19.55318352094563	0.189006562987904	9.501722050985645	0.18863473399439076	1.4098988481398134	0.1883648250229382	-10.220450310803736	0.18797699962304928	20.0407	0.2366	185.49542908698794	4.927977239628531	41.65953953442543	1.3724421126070174	160.31334337781112	3.668129312731754	11.715
19.55318352094563	0.189006562987904	9.501722050985645	0.18863473399439076	1.346937802425616	0.36904323539429446	-10.220450310803736	0.18797699962304928	20.0407	0.2366	185.49542908698794	4.927977239628531	41.337896668947714	2.100956729207152	161.18592547172932	5.771114000194716	11.715
19.55318352094563	0.189006562987904	9.501722050985645	0.18863473399439076	1.4098988481398134	0.1883648250229382	-10.220450310803736	0.18797699962304928	19.9544	0.3504	185.49542908698794	4.927977239628531	41.65953953442543	1.3724421126070174	160.31334337781112	3.668129312731754	11.715
19.55318352094563	0.189006562987904	9.501722050985645	0.18863473399439076	1.4098988481398134	0.1883648250229382	-10.220450310803736	0.18797699962304928	20.0407	0.2366	185.49542908698794	4.927977239628531	41.65953953442543	1.3724421126070174	160.31334337781112	3.668129312731754	11.715
19.55318352094563	0.189006562987904	9.501722050985645	0.18863473399439076	1.4098988481398134	0.1883648250229382	-10.220450310803736	0.18797699962304928	20.0407	0.2366	185.49542908698794	4.927977239628531	41.65953953442543	1.3724421126070174	160.31334337781112	3.668129312731754	11.715
19.55318352094563	0.189006562987904	9.501722050985645	0.18863473399439076	1.4098988481398134	0.1883648250229382	-10.220450310803736	0.18797699962304928	20.0407	0.2366	185.49542908698794	4.927977239628531	41.65953953442543	1.3724421126070174	160.31334337781112	3.668129312731754	11.715
19.55318352094563	0.189006562987904	9.501722050985645	0.18863473399439076	1.4098988481398134	0.1883648250229382	-10.220450310803736	0.18797699962304928	20.0407	0.2366	185.49542908698794	4.927977239628531	41.65953953442543	1.3724421126070174	160.31334337781112	3.668129312731754	11.715
19.55318352094563	0.189006562987904	9.501722050985645	0.18863473399439076	1.4098988481398134	0.1883648250229382	-10.220450310803736	0.18797699962304928	20.0407	0.2366	185.49542908698794	4.927977239628531	41.65953953442543	1.3724421126070174	160.31334337781112	3.668129312731754	11.715
19.55318352094563	0.189006562987904	9.501722050985645	0.18863473399439076	1.4098988481398134	0.1883648250229382	-10.220450310803736	0.18797699962304928	20.0407	0.2366	185.49542908698794	4.927977239628531	41.65953953442543	1.3724421126070174	160.31334337781112	3.668129312731754	11.715
19.55318352094563	0.189006562987904	9.501722050985645	0.18863473399439076	1.4098988481398134	0.1883648250229382	-10.220450310803736	0.18797699962304928	20.0407	0.2366	185.49542908698794	4.927977239628531	41.65953953442543	1.3724421126070174	160.31334337781112	3.668129312731754	11.715
19.55318352094563	0.189006562987904	9.501722050985645	0.18863473399439076	1.4098988481398134	0.1883648250229382	-10.220450310803736	0.18797699962304928	20.0407	0.2366	185.49542908698794	4.927977239628531	41.65953953442543	1.3724421126070174	160.31334337781112	3.668129312731754	11.715
19.55318352094563	0.189006562987904	9.501722050985645	0.18863473399439076	1.4098988481398134	0.1883648250229382	-10.220450310803736	0.18797699962304928	20.0407	0.2366	185.49542908698794	4.927977239628531	41.65953953442543	1.3724421126070174	160.31334337781112	3.668129312731754	11.715
19.55318352094563	0.189006562987904	9.566855451676362	0.37561722182761015	1.4098988481398134	0.1883648250229382	-10.220450310803736	0.18797699962304928	20.0407	0.2366	186.7052779949363	7.861517071545235	41.326887589224434	2.1289355761486912	160.31334337781112	3.668129312731754	11.715
19.55318352094563	0.189006562987904	9.501722050985645	0.18863473399439076	1.4098988481398134	0.1883648250229382	-10.220450310803736	0.18797699962304928	20.0407	0.2366	185.49542908698794	4.927977239628531	41.65953953442543	1.3724421126070174	160.31334337781112	3.668129312731754	11.715
19.55318352094563	0.189006562987904	9.501722050985645	0.18863473399439076	1.4098988481398134	0.1883648250229382	-10.220450310803736	0.18797699962304928	20.0407	0.2366	185.49542908698794	4.927977239628531	41.65953953442543	1.3724421126070174	160.31334337781112	3.668129312731754	11.715
19.55318352094563	0.189006562987904	9.501722050985645	0.18863473399439076	1.4098988481398134	0.1883648250229382	-10.220450310803736	0.18797699962304928	20.0407	0.2366	185.49542908698794	4.927977239628531	41.65953953442543	1.3724421126070174	160.31334337781112	3.668129312731754	11.715
19.55318352094563	0.189006562987904	9.501722050985645	0.18863473399439076	1.4098988481398134	0.1883648250229382	-10.220450310803736	0.18797699962304928	20.0407	0.2366	185.49542908698794	4.927977239628531	41.65953953442543	1.3724421126070174	160.31334337781112	3.668129312731754	11.715
19.55318352094563	0.189006562987904	9.501722050985645	0.18863473399439076	1.4098988481398134	0.1883648250229382	-10.220450310803736	0.18797699962304928	20.0407	0.2366	185.49542908698794	4.927977239628531	41.65953953442543	1.3724421126070174	160.31334337781112	3.668129312731754	11.715
19.55318352094563	0.189006562987904	9.501722050985645	0.18863473399439076	1.4098988481398134	0.1883648250229382	-10.220450310803736	0.18797699962304928	20.0407	0.2366	185.49542908698794	4.927977239628531	41.65953953442543	1.3724421126070174	160.31334337781112	3.668129312731754	11.715
19.55318352094563	0.189006562987904	9.501722050985645	0.18863473399439076	1.4098988481398134	0.1883648250229382	-10.220450310803736	0.18797699962304928	20.0407	0.2366	185.49542908698794	4.927977239628531	41.65953953442543	1.3724421126070174	160.31334337781112	3.668129312731754	11.715
19.55318352094563	0.189006562987904	9.501722050985645	0.18863473399439076	1.4098988481398134	0.1883648250229382	-10.220450310803736	0.18797699962304928	20.0407	0.2366	185.49542908698794	4.927977239628531	41.65953953442543	1.3724421126070174	160.31334337781112	3.668129312731754	11.715
19.55318352094563	0.189006562987904	9.501722050985645	0.18863473399439076	1.4098988481398134	0.1883648250229382	-10.220450310803736	0.18797699962304928	20.0407	0.2366	185.49542908698794	4.927977239628531	41.65953953442543	1.3724421126070174	160.31334337781112	3.668129312731754	11.715
