17.578778315123568	0.07328917074031505	7.767585036456785	0.07451767003288426	-1.0204541551468362	0.07625956338048129	-12.153436336295456	0.07406479988362634	19.6038	0.2351	189.89206622651452	2.0229238082252965	39.00807234370692	0.4732735751272535	167.34669413092595	1.5979613911267463	11.706
17.513214558930773	0.06740360439506501	7.727117896536871	0.07335684122094738	-1.0610175773346218	0.06737412288442789	-12.171281191657956	0.06721499008618986	19.5984	0.2355	190.37904775589843	1.9380427618038776	39.007644973682666	0.4420992090129841	167.68888916657772	1.4363992205425058	11.706
17.540606026923562	0.06925037296088471	7.7152146861248285	0.06837649099696044	-1.068745074177612	0.06693482088088853	-12.173301420521904	0.06540470751346894	19.6092	0.2346	189.61766500816776	1.8781311162385506	39.026188404761385	0.4251180595507391	167.77507409803573	1.4139362809122962	11.706
17.53441713720828	0.07316429781011675	7.719251796391405	0.07349736315335373	-1.0494295213845095	0.07036419227556556	-12.169661496020606	0.06947260869088437	19.6038	0.2351	189.8152195242257	2.0055621872144087	39.09418715565256	0.4536392558443197	167.53857006608845	1.4897598548502373	11.706
17.52545351921757	0.07210467778823398	7.722991432252604	0.07869341994648786	-1.051358481729019	0.07321253758682969	-12.163734418831286	0.07369978920541648	19.6092	0.2346	190.06120577718747	2.0694422912618187	39.06893067931547	0.47858478415099626	167.65701361967712	1.5673299355379986	11.706
17.516972838338518	0.08316500896377868	7.704899695057184	0.07104248313301402	-1.053289447696709	0.07017768108244704	-12.17285630444467	0.07241813132903696	19.6038	0.2351	189.87503829498397	2.1165833412746036	39.141021386712765	0.4462802747212447	167.54859140067276	1.5194915307553682	11.706
17.548605085081114	0.0752203256190466	7.75113405363404	0.07088032148563207	-1.0359059909327089	0.06852818718650522	-12.15097182992543	0.06853795766278527	19.6092	0.2346	190.15802729641283	2.0059926981394387	39.01250783048047	0.43772097088906026	167.61643977833276	1.461570516027234	11.706
17.559104314442934	0.06469617301641928	7.737136782391055	0.07203091202187092	-1.0417013945437819	0.06942055799921493	-12.160227813326522	0.06640751523859761	19.6092	0.2346	189.6837632331817	1.869800314470133	39.04895632386484	0.4449782584622975	167.56427008946176	1.4478232801598816	11.706
17.59129680170377	0.06857013522189422	7.7655808748284025	0.06945648613623479	-1.0146581878745724	0.0642892057000123	-12.15712114385266	0.06863851295175315	19.6092	0.2346	189.6114011130579	1.8834628446224184	39.042726068995464	0.4208453032279574	167.20430403891672	1.4112343890814352	11.706
17.541726528163696	0.07300415880584946	7.716802102586696	0.06563276039843827	-1.0513566802220233	0.06441636253211591	-12.170836155045777	0.06908612702544265	19.6092	0.2346	189.6266763114885	1.89472919759257	39.096516958329374	0.4100540341605607	167.5499080736652	1.4233104066080604	11.706
17.556880185087977	0.0749969991147006	7.7250546399429165	0.07250886539523196	-1.0455642004789283	0.0732941673489731	-12.160138882945907	0.07094630455000407	19.6092	0.2346	189.4935742379712	2.0105569968160664	39.085550835420605	0.4594559269436824	167.62384680114474	1.538411855053003	11.706
17.560776181875305	0.06925161257635644	7.708906739998351	0.07346073153653417	-1.0629470439023812	0.06769511698697335	-12.169172012404387	0.06860140038932307	19.5984	0.2355	189.10804439962004	1.9378792273132819	39.080048184862115	0.4450507802592301	167.7498672246881	1.4557107213494993	11.706
17.540123335670554	0.07876545107620683	7.7310360368968905	0.07048990899493073	-1.0397689206476295	0.0685277049135026	-12.176674109084678	0.06925450803572542	19.6092	0.2346	189.93283545010846	2.046694027196217	39.08472143717325	0.4380923374697672	167.28774577052764	1.463469941319859	11.706
17.530176411342573	0.06965833837250923	7.701189421714174	0.06927128612541611	-1.043634167629179	0.06542635398280844	-12.176985786622232	0.06550937794285155	19.6092	0.2346	189.5482989040118	1.8944915846325956	39.200844367307226	0.42713604305008035	167.34114106801474	1.391618105210423	11.706
17.557570437009012	0.07109408844372278	7.747394900134466	0.07272519746415171	-1.047498699794355	0.07008644016846513	-12.167952737646269	0.06898526192336213	19.6092	0.2346	189.91176629111442	1.9688161081990283	38.977670923520904	0.44761849136165455	167.5352245054202	1.48156598461573	11.706
17.52579799605808	0.07497069312010665	7.733158974560936	0.0719984792276793	-1.0185200722102217	0.0902363111199253	-12.175010052721555	0.070739040988397	19.6092	0.2346	190.2518575170447	2.019431854041385	39.17013714892571	0.5166776670970061	166.99407852184862	1.716248927070438	11.706
17.5617427571862	0.07545632103765025	7.753406868515024	0.06847594317770825	-1.0243170656923866	0.06493167539034103	-12.156898865324225	0.06942455012260126	19.6092	0.2346	189.947386078571	1.973291688703666	39.05391319149061	0.41985708351636	167.35271272790825	1.4289674767259513	11.706
17.555760385391043	0.07202960121567567	7.739498463179457	0.07476425116666219	-1.0494315721384966	0.07574988912781218	-12.17734200926765	0.06923427613752678	19.6092	0.2346	189.7940151350384	2.0072644494128675	39.00411849540957	0.472330593169122	167.42296537699062	1.5439921761422297	11.706
17.55500118081209	0.07414645990000886	7.743178148837123	0.0723976157461512	-1.0378382180310888	0.07036572678548882	-12.169483497374	0.06654390654323783	19.6092	0.2346	189.87987836330964	2.005457347803932	39.039269968661785	0.4488514092880052	167.36679233671214	1.4561230879503753	11.706
17.561604668484588	0.06677110351551588	7.7373156580749205	0.07274872376858696	-1.0243166701530855	0.06932537215943346	-12.164179209935186	0.06908768820855599	19.6092	0.2346	189.63894098185105	1.9060994662304163	39.125639573001365	0.4487478353056084	167.24333511122205	1.469371802124635	11.706
17.523849964211617	0.0771879270551395	7.705166869832994	0.06957387788317859	-1.051360583590753	0.06811640794616561	-12.178783414734013	0.07021780741462313	19.6092	0.2346	189.74721415546728	2.0081858054206294	39.14844901346953	0.4353066279680526	167.43030188620148	1.4719877143078601	11.706
17.528090541177672	0.07139041586910305	7.735252190152656	0.07232429529137151	-1.0417024491994231	0.06822120253418451	-12.17514361089137	0.06756824747937452	19.6038	0.2351	190.24798501230444	1.9742715060649259	39.05733624376026	0.4424311548210701	167.33979519685153	1.4431978301417467	11.706
17.542967872464256	0.06743994746870563	7.733367555446544	0.07053300926473857	-1.0532937539639324	0.06554669305310165	-12.153214124090109	0.06679826740825938	19.6092	0.2346	189.92290242464554	1.8893573246866837	39.01418940300608	0.4275317951092823	167.84514678572862	1.4151443930956629	11.706
17.53441713720828	0.07092534485148558	7.73327816226057	0.07151912388592963	-1.0455661486233156	0.0667129882774176	-12.180714634107947	0.0685704227634108	19.6038	0.2351	190.08686323047132	1.9534842856019137	39.04892903960054	0.43503887527812846	167.3141374147236	1.437497520356989	11.706
17.493412467505298	0.07312585936126735	7.694615569982322	0.07052047168830375	-1.0648753525488586	0.07072794512697865	-12.194559534803776	0.06955186692725378	19.6092	0.2346	190.13229719096321	1.9712154869076248	39.135204497289145	0.4462290090056537	167.3962830683181	1.4919642247485945	11.706
17.539778572468922	0.07179374933297467	7.730887101250487	0.07232298286938227	-1.0339726055703677	0.06693716072909986	-12.165398695587617	0.06860162875950139	19.6092	0.2346	189.93662732434146	1.9732909731970183	39.111232810564395	0.4397369157887628	167.37008796245257	1.4411473487496884	11.706
17.528591502045938	0.06872910207767507	7.730559463025616	0.07339431983165473	-1.0436279354071292	0.06726554103397028	-12.168593583068693	0.06445600913893416	19.6092	0.2346	190.14713938616697	1.9513512286734354	39.06965431427164	0.44330201849381884	167.46728240238102	1.4023999770658402	11.706
17.54832913322235	0.07862617453473245	7.7429991388427055	0.075467506200969	-1.0320415773768399	0.07710258138183898	-12.154478702510923	0.06981955205381878	19.6092	0.2346	190.00561581319815	2.1118607392827777	39.065855034925974	0.48031652645234274	167.50535362646676	1.5665125979473844	11.706
17.523092214520823	0.07536115108592499	7.7348945467005255	0.07481059949065358	-1.045562530723685	0.07515701021483792	-12.172767285177002	0.07018537425666078	19.6092	0.2346	190.33818350019158	2.06490156457536	39.04175665601785	0.47151537236200375	167.4335832714943	1.547346957714349	11.706
17.510805307146647	0.08012593534920469	7.698029163905965	0.08351483230842438	-1.080317834928274	0.07674168603290182	-12.201034806587192	0.07578288190270592	19.6092	0.2346	189.86143540195405	2.2393113867379655	39.051141244579426	0.504555833195993	167.53126336923634	1.62478709897232	11.706
17.54165756974223	0.06954834074778753	7.734805141005076	0.07043097285964899	-1.035903574101183	0.06637228226395747	-12.15789650448454	0.06304549380907454	19.6092	0.2346	189.97611898129045	1.9174624424745337	39.08515032029	0.43127032888508526	167.51204352451515	1.3787508647442888	11.706
17.535331144216887	0.07095143796459699	7.726760640608328	0.08025424540172474	-1.0436298320549513	0.06492943598234042	-12.167062909918654	0.0650915921363444	19.6038	0.2351	189.94284265462608	2.074391538827715	39.086568564296456	0.4600631515600674	167.49035579144564	1.3843627169928499	11.706
17.560776181875305	0.07536602034534313	7.73295040492703	0.0735656020721471	-1.0416998126206372	0.07017896097234144	-12.156276529145002	0.06923941205286122	19.6038	0.2351	189.57069509755235	2.0315027204551592	39.067593584512416	0.45267215181063836	167.62381612462576	1.4868175191819217	11.706
17.54165756974223	0.07382995694149114	7.73079774261696	0.0709350982091752	-1.0436301030132913	0.07478045804394556	-12.159738712501266	0.07296120114780093	19.6038	0.2351	189.8985202787913	1.981755477247173	39.068583681627246	0.4589347582067012	167.60071615740918	1.575230042988593	11.706
17.541657569742714	0.08055285112655647	7.734805141005076	0.07739792686877042	-1.0455616958744198	0.076467211773593	-12.172633758742265	0.07640938494647188	19.6092	0.2346	189.97611898128108	2.164027420239543	39.042157909114984	0.48378715433541003	167.43557993580097	1.6266453997401855	11.706
17.518576476402128	0.06965713079982057	7.7006850365437	0.06780301036297538	-1.0532872947344367	0.06801177514339704	-12.167018421984876	0.06700189691262975	19.6092	0.2346	189.76251420647117	1.8788559806123897	39.15987571956993	0.429604381988169	167.63656979837822	1.4400705860112546	11.706
17.543191720298225	0.07061041456577913	7.7185380429824555	0.06966391264859809	-1.051353978115087	0.07153072124343024	-12.174119740594984	0.0673399758875476	19.6038	0.2363	189.63190205222	1.9145522963743202	39.088790115172266	0.4450400870029548	167.50040445141437	1.4794365575156292	11.706
17.53122850278492	0.0724176625250916	7.736808865117153	0.07196520887590199	-1.035903574101183	0.07045713049467614	-12.15789650448454	0.07243757990998054	19.6092	0.2346	190.217269910375	1.9827777924436383	39.07622310893279	0.44860710703632534	167.51204352451515	1.5219706718711978	11.706
17.537968491465126	0.0755178099103829	7.74503281874011	0.07737881875134736	-1.0339735430157753	0.07485771502536911	-12.167418825225981	0.07152422829341976	19.6038	0.2351	190.2460943374402	2.1004769856158285	39.0482082390064	0.4788717088973065	167.33973326394	1.5561612068878612	11.706
17.527952728583724	0.0723202504563881	7.733188771141724	0.07759988339021923	-1.035906716018405	0.07765287288702119	-12.1676857755171	0.06967126438885686	19.6038	0.2351	190.21058311652112	2.0599410988505795	39.092340714882894	0.4893969097713067	167.36478094613096	1.5685372408188607	11.706
17.512801497256444	0.07038249445255992	7.710910287383589	0.07602413862594082	-1.084192370000082	0.07263473847418675	-12.178382632720858	0.07226202007129723	19.6092	0.2346	190.07227523165844	2.008985712533449	38.97674443374624	0.46596505679937217	167.93183817065906	1.5508955189345375	11.706
17.534072479701802	0.07197329207771754	7.735132971993982	0.06841726865335183	-1.03976968965346	0.0689297087592357	-12.17312337014371	0.06996048788342535	19.6092	0.2346	190.1295300749885	1.926782452489657	39.06646965369825	0.43238337832415896	167.34111008244622	1.4761999787920534	11.706
17.534692872969586	0.07321213322792008	7.713359623533075	0.06868539159601715	-1.0474989854369563	0.06811758342120619	-12.16799723248554	0.06487102206751211	19.6038	0.2351	189.696013414535	1.9389582509792491	39.129094971857725	0.43205338961659745	167.53455847431937	1.4171276330851907	11.706
17.53684778233453	0.0712027035113419	7.73743491312568	0.07024590517289	-1.0359086496597232	0.06932359816595117	-12.151460602142935	0.06953720088491969	19.6092	0.2346	190.12034585130618	1.9405380264844794	39.07341210248588	0.43954284894679435	167.60910945295146	1.4805796017339667	11.706
17.53260692504389	0.07215695536229468	7.72337828091922	0.06921592995622187	-1.0378402102364315	0.06530405711592002	-12.155100950444238	0.0654326360859509	19.6092	0.2346	189.93009862703417	1.9359940411416363	39.127487676681376	0.42498424133669715	167.5833469566445	1.3935282471915604	11.706
17.551864125906683	0.07197625583342812	7.739617755126629	0.07341085452856637	-1.0320463456203601	0.06769865214801526	-12.14804228671472	0.0728233258458402	19.6038	0.2351	189.87168620039623	1.9894077795850365	39.080893272715805	0.4449173163319222	167.6024149078908	1.499166115633682	11.706
17.539002726878167	0.0681003399015664	7.733456950699169	0.0653563283664049	-1.0359088913730585	0.06769870050228138	-12.160716953917468	0.0662245818554216	19.6092	0.2346	190.0014345310336	1.8289514213866127	39.09113551868877	0.4194630216801244	167.46965460971876	1.4256436781231365	11.706
17.530658831932342	0.07078522176287441	7.7234377995382095	0.0683350513795501	-1.0552263519868639	0.0654255620216178	-12.16992850385732	0.06456879715465304	19.5984	0.2355	189.96897874330014	1.9058095215893847	39.04973041779392	0.42082891587158633	167.62192440039408	1.3862831201294183	11.706
17.54143355945428	0.06676999301832601	7.721582780487385	0.07378337438848409	-1.0552279266935587	0.06542557114065213	-12.173835603242567	0.06454085290147298	19.6092	0.2346	189.72465119574173	1.9225831112155998	39.05797675059035	0.43884026191515746	167.56304548484488	1.3850137115305308	11.706
17.498064795288055	0.07394660449287543	7.696826497562828	0.08066662712363203	-1.072603484930128	0.07090777408992782	-12.191187734529963	0.0701833351174724	19.6038	0.2351	190.08493694782698	2.12230713420863	39.09084960251362	0.478754497712412	167.56339854157062	1.5035575078328658	11.706
17.52079987703216	0.07370461081188043	7.724786769619111	0.0719090760451265	-1.0494248343569277	0.068011581157353	-12.17447584965401	0.06844325160583181	19.6092	0.2346	190.18632819344293	1.99917195648969	39.06954653225638	0.44072280658306157	167.46599734886482	1.4524484446610204	11.706
17.540743943589625	0.07730555862658055	7.721285263539317	0.07860974899010698	-1.0417029765390189	0.07798925613096339	-12.173390447685131	0.07455385190173681	19.6092	0.2346	189.7322270543107	2.1303085407862317	39.11958559724613	0.4943327987489576	167.3661579758587	1.6221624415675093	11.706
17.52343663807447	0.0713553246493658	7.692967873899334	0.06993030949560688	-1.0841936440838544	0.06715407320158873	-12.18956860444647	0.06486890483687072	19.6092	0.2346	189.51972774922447	1.9261286564853322	39.05641565818822	0.4314200453152886	167.76270684091278	1.4104632409804334	11.706
17.54901902914196	0.07144034029681937	7.731274345868293	0.06840084960540847	-1.0474978428780852	0.07321428102521632	-12.156765502149945	0.06612444961461758	19.6038	0.2351	189.76535079464892	1.9117357334160983	39.049249846675735	0.4456811832231009	167.70392261444883	1.4892791351190213	11.706
17.55151909886079	0.07994256865712493	7.733456950698688	0.0798383733928528	-1.022385731825623	0.07589787065567152	-12.160716953917468	0.07688373579086434	19.6092	0.2346	189.75921477360836	2.183670814333032	39.15151070834169	0.49256579377183995	167.26632802394178	1.622383461028101	11.706
17.54067498498553	0.07262449694440955	7.721255513105359	0.06784609611166925	-1.0417027128682597	0.06625687648084383	-12.160450145028394	0.06525797766917363	19.6092	0.2346	189.7329846401802	1.9203419675210178	39.119719586169545	0.42334934545442077	167.5609393235199	1.4014875937431013	11.706
17.547622856858357	0.07438481105758858	7.725560667910881	0.07683377707531608	-1.0417053496676485	0.06842693991096047	-12.15721005756407	0.06612487743692806	19.6038	0.2351	189.68193521826717	2.065239476935748	39.100498132265685	0.45885703287043456	167.6098218473345	1.4348562775802554	11.706
17.52405663459228	0.06825872308852737	7.711266806870441	0.06745308586607965	-1.0417029765390189	0.06602430367461572	-12.177074840308736	0.06588034826281887	19.6092	0.2346	189.8611706296232	1.8567522163571937	39.16436101437978	0.42233123494993663	167.3107810521752	1.401407943646605	11.706
17.502786260348724	0.07146936650737229	7.707081370735202	0.073406039318611	-1.066812125111292	0.07153028421169678	-12.182334042992474	0.06671796690020824	19.6038	0.2351	190.19231232753398	1.9891875573079651	39.07096304595984	0.4564154828490761	167.6095623397287	1.4749474092021728	11.706
17.530245326944033	0.07402254176986994	7.725262996371708	0.06996989840667382	-1.0397709713679735	0.0668256668578106	-12.158607830909911	0.06580504511015377	19.6038	0.2351	190.0123530079812	1.9739295818224514	39.11045522551556	0.4317287572091389	167.55959165233037	1.4133570728373668	11.706
17.544571074824926	0.07288172944251804	7.7251439341787025	0.0696858718959599	-1.0552232027517823	0.07764967095078498	-12.16395681027373	0.06973296989812534	19.6038	0.2351	189.7328364627101	1.948369312250178	39.04215657492953	0.46392433331878447	167.7119849711947	1.5756382778190738	11.706
17.523229982317513	0.06969507291616524	7.708906739998832	0.06514174417032277	-1.0590840526575547	0.06852620647621845	-12.18943489406604	0.0650685866532529	19.6038	0.2351	189.83150624184742	1.8452232356211087	39.09726602730023	0.42159724500159484	167.38625676582592	1.4211204336987477	11.706
17.48756871510749	0.07105866508002914	7.692790045858922	0.07002573219543404	-1.0648774614299898	0.0710881173017207	-12.192985116896041	0.06911319938043754	19.6038	0.2351	190.21029741927356	1.9373809566901952	39.14335275461112	0.44600170374002773	167.41999821673187	1.4916474563678221	11.706
17.526349187171036	0.0717943236657991	7.713359623533075	0.07263038744609399	-1.059088995974114	0.07221949282371529	-12.162470342312021	0.06853742425786093	19.6092	0.2346	189.85730615034237	1.975876354483219	39.07739827431027	0.45625716546173817	167.7928286636935	1.5046012909971371	11.706
17.528572902323887	0.06884653920956241	7.73946864076748	0.06750728895537969	-1.047499556729849	0.06682528567049821	-12.175455258138099	0.06734142260533675	19.6038	0.2351	190.3205557989951	1.874632006870929	39.01282681813301	0.42173563918338325	167.42228436423002	1.4273512364887226	11.706
17.526486990366536	0.07092495370155243	7.717426508204815	0.07188791662930241	-1.0610212830735604	0.06715623021722292	-12.173613021351217	0.06445676555518239	19.6038	0.2351	189.9333547001582	1.9554019741041033	39.0506928669088	0.4376229088497498	167.65375780128173	1.4043425066286361	11.706
17.503061475822033	0.06734496974842463	7.675144661372505	0.07044096149342868	-1.0841966170597364	0.06902530191333851	-12.165932512650802	0.0649577042920961	19.6092	0.2346	189.56893907511966	1.8797720666640643	39.13587308094489	0.44063614525180456	168.12057076499718	1.4379633813442154	11.706
17.564381388235304	0.07326158288118231	7.741621724273577	0.07704078679434691	-1.0417056133585936	0.07515970213240998	-12.149884761639154	0.0681864889255578	19.6038	0.2351	189.66846666004167	2.0528144054787667	39.02899839297345	0.478258342500486	167.72035623157123	1.532241839964241	11.706
17.537950956668038	0.07719969482934724	7.723884218424675	0.07734929455702376	-1.059094599079876	0.07845562662811317	-12.16506889077597	0.07356482956866366	19.6092	0.2346	189.8364677482518	2.1138881909502203	39.03054711485738	0.48959832725627356	167.75365356524708	1.6245272336037009	11.706
17.527038224820004	0.07179508414377468	7.713656833596754	0.07078142012470375	-1.0455700452220882	0.06801355894880375	-12.183180459113888	0.07879957706870915	19.5984	0.2355	189.84972554923735	1.9504518619094335	39.136384213812256	0.43859130826869125	167.2771532311766	1.5633759405917809	11.706
17.550260978504937	0.07485148493163918	7.735818526596006	0.06797388033317298	-1.0281840153225401	0.07008944866808184	-12.16493543026493	0.06771222906197152	19.6092	0.2346	189.82920048314674	1.9556479180750324	39.11505809198016	0.4357684742656722	167.29005563812927	1.4639145253180783	11.706
17.526762603258835	0.06809956730967914	7.711534218120872	0.06599525623150918	-1.0417053496676485	0.07036722642136241	-12.162737198881572	0.06865974877076167	19.6038	0.2351	189.81400031962062	1.8339112565615971	39.163153926108556	0.4316302208419331	167.52651993937192	1.4810008581089018	11.706
17.518281256469933	0.07623885285388635	7.71147479179602	0.07446158736387246	-1.0552269818625248	0.07288699077845348	-12.16449058326923	0.0694530166192748	19.6038	0.2351	189.97700939086246	2.064444275577708	39.103014725040154	0.4647610838498256	167.70398387142575	1.5198350008829258	11.706
17.51383418797918	0.07139003599875574	7.717367036649669	0.06999341699171226	-1.0378402102364315	0.07313430167473578	-12.179050617553768	0.06807181027416874	19.6092	0.2346	190.17751349075706	1.940861086541373	39.15435224760995	0.45271711118745567	167.2231019539941	1.4996203576520757	11.706
17.553881277170408	0.07249686039194364	7.733576147583855	0.06950345134003559	-1.0436371486414413	0.06970987517836225	-12.159052452644724	0.06360487318937774	19.6092	0.2346	189.71587331036056	1.9402132290969492	39.056185257891734	0.4380255670101439	167.61116997245546	1.4229687472749133	11.706
17.507439278458065	0.07578414833951569	7.7072892362445184	0.07081885364838725	-1.066814637004823	0.07153132244732832	-12.190014327125532	0.06889370683817743	19.6092	0.2346	190.1060448879534	2.012055777298011	39.07002623829822	0.44821809124921685	167.4938700856416	1.4954617372794148	11.706
17.53684778233453	0.071064352005938	7.7254118292739395	0.07280058749926197	-1.0436357936051082	0.07153341232084472	-12.168041727653552	0.06630824927097664	19.6038	0.2351	189.88736946833555	1.968951867186511	39.09255409344629	0.45500063547793507	167.47570835503583	1.4684267951640615	11.706
17.50890553112713	0.06792866931436858	7.699007900168275	0.06602725207634255	-1.0726057695980133	0.06980110758186636	-12.178560754768993	0.06758609159642265	19.5984	0.2355	189.91714632720627	1.833962136131566	39.08111796202026	0.4280854858946201	167.75394518718593	1.4675893185618634	11.706
17.52696931861651	0.07173606415180335	7.723646121929773	0.07205970310987198	-1.0475015563212986	0.0750841794018792	-12.157343430595786	0.06740377881876053	19.593	0.2358	190.04451107593746	1.971125219548116	39.08319425466103	0.46371651605812886	167.69525479455953	1.5230215705574877	11.706
17.532400147886204	0.06841879774456328	7.727296536889983	0.07235591202590994	-1.0590880072657203	0.07082095065631636	-12.178917014662632	0.07071202847864957	19.593	0.2358	190.01000272392176	1.9297617840321843	39.01541832395936	0.44958194450345884	167.54464143238297	1.5079092745168086	11.706
17.51543798012541	0.07152511968942457	7.721166263179487	0.07282059632009838	-1.0610182510823558	0.07054744400477193	-12.173212394674604	0.07026616410788848	19.6092	0.2346	190.22014271977685	1.98239752203887	39.03407722631059	0.4506436886534072	167.65975645845324	1.5023098192011355	11.706
17.500769448140385	0.07213408149884923	7.701100407765486	0.06914630626227361	-1.0706754517078745	0.06769452504426324	-12.182378588246443	0.07305819996625043	19.6038	0.2351	190.11537595380392	1.9385178647338603	39.08039535405856	0.43111840985245686	167.66716505477982	1.5028800050065725	11.706
17.55631257542212	0.07387541057763845	7.747753152571322	0.07341205860261776	-1.0359110668762224	0.06932468309603106	-12.155589904708041	0.06996352723813187	19.5984	0.2355	189.94305723360117	2.0168386129405445	39.027501505171	0.4486356634584779	167.54690409718694	1.4840484913430798	11.706
17.518212387484382	0.07080666656247259	7.713448784147512	0.07451676729097519	-1.0552266669234927	0.07153210689865627	-12.177342009268129	0.06923427613752677	19.6038	0.2351	190.01659185333813	1.992124774290768	39.09421331171924	0.4605241043066877	167.51019985744696	1.4993246118912937	11.706
17.519953858072128	0.07404169601778601	7.711296518315386	0.07419017270832841	-1.059088336832782	0.0738512834782655	-12.1771193676463	0.07078975349177935	19.6038	0.2351	189.9411610886115	2.0297209260875797	39.086593599616265	0.46652901644904127	167.57173627868568	1.5418661723970144	11.706
17.543381692940457	0.07656751274732976	7.733546348017962	0.07526128206715323	-1.0378414554255684	0.07393316763417643	-12.162692721964953	0.07324277168140184	19.6092	0.2346	189.9183521768322	2.0785498007956824	39.08212431456118	0.4700723703386943	167.46900423175478	1.5666313801214493	11.706
17.530658831932342	0.06873093963502068	7.721434019147438	0.06914878854292242	-1.0494312791665006	0.0703656992582083	-12.16992850385732	0.06857177970318222	19.6038	0.2351	189.9301728109532	1.887759612491207	39.08445254669508	0.439625042593934	167.53457387653143	1.4802015471788346	11.706
17.528435082144856	0.06936308770645933	7.735401218019183	0.07409369692637137	-1.0513623852755765	0.06970798614395471	-12.164312653677053	0.07212988102171863	19.6092	0.2346	190.24418680492968	1.9716790987034425	39.013735206995314	0.45168892902223373	167.64834889355774	1.5132490361882844	11.706
17.50695752684015	0.07160527936966267	7.69906722551618	0.07345625993259894	-1.0726065311773652	0.07017622343819106	-12.180491937699255	0.07183287348416156	19.6038	0.2351	189.9560156767079	1.9867814116216758	39.08085025207604	0.4526186206835452	167.72479150170602	1.5163399859645188	11.706
17.555484303400682	0.07021468595257248	7.731363715520423	0.0708240905174552	-1.0571570446709935	0.06648591314237023	-12.171637244631498	0.06871042748236153	19.6038	0.2351	189.64219210950455	1.925169045185257	39.005934889313416	0.4311404136206826	167.62527174598299	1.4419794066236546	11.706
17.553674235460992	0.07919524470500103	7.735490637495335	0.07313741042094479	-1.0339772930814493	0.07575143180240462	-12.157076687489587	0.07367451100168589	19.6038	0.2351	189.75686747391416	2.083471184143676	39.09068044483502	0.46936863480388946	167.49538035867394	1.5912190487444806	11.706
17.532193375606774	0.07542651614507048	7.719192311898556	0.07245932649966973	-1.068744708015485	0.07108769703160306	-12.186151886196631	0.0743405743139097	19.6092	0.2346	189.85708365241894	2.0235966910003746	39.0085258654663	0.4505797005073093	167.58113955654656	1.550472560114026	11.706
17.538313223049915	0.07050538760482816	7.719132828322723	0.06966517789615445	-1.0532916007733677	0.06882899807072788	-12.165799053946396	0.06782481749860815	19.6038	0.2351	189.73760425403498	1.9152602861479748	39.07750603224384	0.4362461744102561	167.65502940578483	1.457884137521396	11.706
17.511473054414903	0.07640864496467577	7.707229844954653	0.07172022560253566	-1.0513611841435495	0.07567527008722921	-12.178872481024191	0.0723169102481363	19.6092	0.2346	190.0266776364776	2.031152999084829	39.13922540811926	0.46591155662715594	167.42897078486882	1.5749549244519956	11.706
17.514040740738686	0.0758999698176339	7.713448784147512	0.0761948216604677	-1.0552266669234927	0.07153096752899561	-12.1662884169972	0.07173115612894952	19.6038	0.2351	190.09747289608987	2.086047511565097	39.09421331171924	0.4659465842390635	167.67684364830103	1.528742501571609	11.706
17.52621138614263	0.07098044597709707	7.705285620124941	0.07077978021448476	-1.0610199354963878	0.06758879706342694	-12.162381392751943	0.0674028559968414	19.6092	0.2346	189.7038841572658	1.9362598029602667	39.10478209667068	0.4365672958572496	167.82335851393032	1.4430071878535495	11.706
17.53670989530133	0.07123011767878107	7.729359892208238	0.07455750002435592	-1.0494304002654122	0.07017911075732312	-12.164268172100863	0.07189815734661942	19.6038	0.2351	189.96648057285026	1.9973033421950275	39.049169318841514	0.45544836570671393	167.61987912722083	1.5151784392644738	11.706
17.53253799878285	0.06937097252259963	7.711326229989584	0.06885918170539611	-1.0494304002654122	0.06822023541938833	-12.162425867367851	0.07310294882337127	19.6092	0.2346	189.69203652594086	1.8878817794433456	39.128246131842374	0.43292307517677353	167.64207877974468	1.5083751573259603	11.7056098
17.521419758140127	0.07377175227591133	7.701011395874313	0.06932057569655242	-1.0571538222976875	0.06862798113684453	-12.171192181704148	0.07044515900965174	19.5984	0.2355	189.71387900654173	1.9556040511909631	39.14112830780277	0.43594112866564355	167.63193571820847	1.4833724261145322	11.706
17.52121312623037	0.07751090056220353	7.704929380228292	0.07002724555153024	-1.064878867404413	0.07072860501454678	-12.18763745026858	0.07121936827498784	19.6092	0.2346	189.79359318056663	2.0196761832997545	39.08916351026732	0.4436322688381342	167.500512571044	1.5115427104493038	11.706
