18.359085265669247	0.07287813519925576	8.429314265830804	0.07061492916021361	-1.2309281873958429	0.07124748304599965	-12.515331204635489	0.072707915483892	21.1033	0.2429	187.5282757483	1.9164498167711774	35.46792569101512	0.36830229332576275	165.0165127326939	1.4886209371851595	11.700000000000001
18.36587009743204	0.07366394810332667	8.439590087359264	0.07580376714022595	-1.2251444512406122	0.07351286781017724	-12.51933032059547	0.07043647310565296	21.1194	0.2417	187.59422787646338	1.9976060671673908	35.45144050463166	0.3873363557504449	164.87357793780868	1.48624350991917	11.700000000000001
18.3508585847147	0.06899420065076906	8.423350750487405	0.07323685589348898	-1.2521607370758132	0.07151031180777849	-12.539334151709394	0.06666604289353982	21.1033	0.2429	187.57102641159614	1.901069892511463	35.41195335550406	0.3746294547442627	164.97601000450533	1.4289632656751006	11.700000000000001
18.323365330971328	0.0807436329606141	8.413173627077407	0.07626057892247615	-1.2425066077217664	0.07571997003464924	-12.528115245567164	0.07348635682132618	21.1087	0.2426	187.89877025724064	2.1057904838567163	35.48468395353386	0.39494245838477826	164.99888432518625	1.542683805077104	11.700000000000001
18.338446633039496	0.07553596873162914	8.42341575460109	0.07626923267354771	-1.2463728434833212	0.07358964514645007	-12.528389977587368	0.07300429628223985	21.114	0.2422	187.80706353871227	2.033267749242841	35.43291127958136	0.38835307739232716	165.0514098712237	1.5164809865831943	11.700000000000001
18.337003785335266	0.07187909166589401	8.405622708152169	0.07133010521317841	-1.2328711482126105	0.07383265564209827	-12.5196048725548	0.06657147478853326	21.1087	0.2426	187.49787362940853	1.91181472712328	35.547956620004214	0.3786258103180077	164.98243687269263	1.4531629692634553	11.700000000000001
18.334694451349563	0.06941715799093745	8.407534826773857	0.07585695348679956	-1.2367285183155972	0.07116079248221824	-12.512109630759134	0.06814744375096693	21.114	0.2422	187.57760573984564	1.9429225719225116	35.526690761994566	0.38314389425712236	165.14854935769256	1.443134823709413	11.700000000000001
18.314418523171664	0.08411887639358234	8.430998489311062	0.07564675630810265	-1.2212679238471527	0.07565113111199516	-12.503837384889113	0.0700987939548514	21.1087	0.2426	188.4077402149839	2.1566000840633497	35.497234206170695	0.39344414059650484	165.04332994402918	1.508683723897057	11.700000000000001
18.35020826687712	0.0742524215448283	8.411001989246806	0.07270463077357359	-1.2502212792770273	0.07468060940024984	-12.529725580674368	0.07185731002543537	21.114	0.2422	187.3502553585332	1.9588541737685383	35.46432495815652	0.38259351314516166	165.0881798009946	1.5168463099876182	11.700000000000001
18.339383910953746	0.07302398947779969	8.406821191879052	0.08050461731956157	-1.2405664126488618	0.07185477489775546	-12.52581813520473	0.0723757637167289	21.1087	0.2426	187.47556766987603	2.0515050424257004	35.51518561640693	0.3972440155991709	165.00410269567715	1.4911747902473234	11.700000000000001
18.322788175341163	0.07205437222814855	8.402867558562695	0.07215477237731176	-1.2328484263184991	0.07414420651001713	-12.527748955143487	0.0689661325092834	21.1087	0.2426	187.71448947137887	1.929600966803623	35.558204706928876	0.3817880077982347	164.86314593236102	1.4780233007687158	11.700000000000001
18.328055306948894	0.06915972499176809	8.416477987917192	0.0692241915715383	-1.2540629228094151	0.0686108628168989	-12.536303636963078	0.06714288256192455	21.114	0.2422	187.87250245222242	1.8547744903660566	35.43015480221866	0.35708472019507215	165.04813904911106	1.4043568702959468	11.700000000000001
18.35829007547609	0.06921904361802833	8.434984914629817	0.06737623430664985	-1.2328474384997257	0.06681022674473457	-12.507470536587313	0.06587985775590288	21.1194	0.2417	187.6504656454979	1.8266422836511746	35.44008097919913	0.3478268947652714	165.1596526087891	1.3744725666863733	11.700000000000001
18.334549092045844	0.07423529878462455	8.394474493271346	0.07343581220536138	-1.259855405965845	0.07475324012397841	-12.52172772364404	0.0680758890612255	21.0979	0.243	187.33388926525302	1.9679479837283294	35.48964713908358	0.38521024655452524	165.34664766640495	1.4844332349506715	11.700000000000001
18.343207967646023	0.08020319685624896	8.422733261447707	0.08027024011949631	-1.252140579443636	0.07678728274985278	-12.510874984053915	0.07828164600096511	21.1087	0.2426	187.7040050323123	2.146986331072353	35.41428726854242	0.4066152897829883	165.39273130136803	1.6108562959080668	11.700000000000001
18.31174937693718	0.07742204491449127	8.404617387852339	0.07213441666889725	-1.2617884262248562	0.07512882537358567	-12.547613044267425	0.06982080290719163	21.1087	0.2426	187.95680084072305	2.0075739167532367	35.44531111959543	0.38191163697552094	164.9957266922462	1.4994517951835775	11.700000000000001
18.31600610768525	0.07764011157055475	8.384558678764195	0.07498204489010113	-1.2540703997250866	0.07277509099914993	-12.523750018836335	0.07583701590142251	21.1194	0.2417	187.49662096106715	2.03774266939817	35.547457911092735	0.3853675893927654	165.23210038885082	1.5410410489074016	11.700000000000001
18.322283193990053	0.07839088716972559	8.404649813785849	0.07650186342010448	-1.2424912421639744	0.07176674100843974	-12.523750018836335	0.0716262463228757	21.1194	0.2417	187.75778079193677	2.073663496643282	35.51609326546726	0.3861731902976082	165.0625050837141	1.4835561685040684	11.700000000000001
18.316078220543023	0.07875704507090764	8.398654700673315	0.0740162329698888	-1.2502117969856923	0.0719379993071314	-12.525635027249765	0.06941016296450353	21.1087	0.2438	187.70735273167455	2.0456146673091276	35.499453745420176	0.3797441475414678	165.10008332432147	1.4637235068267271	11.696610100000001
18.34645633049505	0.07270793387918253	8.409187342293663	0.06756549693603546	-1.2425076321538688	0.0721145627236899	-12.520803652081144	0.06807547889212323	21.114	0.2422	187.38677964600532	1.8716470970572658	35.499335857103645	0.3634680582248281	165.10586624832916	1.451781845445641	11.700000000000001
18.321272822972805	0.07160965283058113	8.401117635778336	0.06936032872894957	-1.2521564931228608	0.07043530442362493	-12.531793835376552	0.06581184208111263	21.114	0.2422	187.71005080433648	1.8864095391003666	35.493528611440425	0.36346783581592884	165.08623262200754	1.4108409218022049	11.700000000000001
18.31297507260816	0.07068635988844355	8.38708543056333	0.07003307416322377	-1.2540874913076852	0.07034440674891985	-12.52632170997103	0.06779169193561746	21.114	0.2422	187.6016056321539	1.8806625252510878	35.538078640927445	0.3658875117533304	165.19465423208564	1.4317009614387315	11.700000000000001
18.310594265168078	0.07631253619719107	8.380928647052226	0.0697939487330606	-1.2656623358354613	0.07070677065248981	-12.540852554091577	0.07019828797840882	21.1087	0.2426	187.53026595154478	1.9530935604497466	35.51811848310242	0.3658042968643278	165.15134539904733	1.4593943265812335	11.700000000000001
18.349705130213955	0.07208312390312453	8.421763704041725	0.06966594152198025	-1.2367335313719454	0.0728695466925684	-12.521535880190939	0.06779136192184192	21.1194	0.2417	187.56283445289452	1.8938951080464923	35.474334478448256	0.37027328038186597	165.01067334777508	1.4553228248056291	11.700000000000001
18.33433347708177	0.07705482878128464	8.415410308238037	0.0701017288855354	-1.2483039108235052	0.06968662568963427	-12.52475702667228	0.06907972033942734	21.114	0.2422	187.73336605976007	1.9716317854400873	35.45518355793281	0.36265491666585803	165.13284940262133	1.4369255421124714	11.700000000000001
18.266730008092523	0.07174496518812236	8.368906686261726	0.0761543730114394	-1.2849607924200361	0.07421369716447554	-12.54641590365183	0.07244947394968118	21.1194	0.2417	188.13356973831506	1.9887067923437554	35.49134709429618	0.3909290516351642	165.3527733123908	1.522840663832219	11.700000000000001
18.332024268487828	0.07154162162112435	8.425360255731668	0.06798070795312858	-1.2270698371178	0.0655328047335656	-12.509904309145979	0.06755763552038443	21.1087	0.2426	187.9656796452828	1.8724974982566478	35.49663226694096	0.347243154941162	165.0394534096578	1.376739204539755	11.700000000000001
18.312830864600915	0.0720867568401947	8.405103803129322	0.07387617331422336	-1.2714539504245281	0.07150637562633469	-12.539105012606319	0.06758161375275326	21.114	0.2422	187.94551188399373	1.9580245538228944	35.40812448129059	0.37621577397626144	165.26184773551273	1.4430676136372516	11.700000000000001
18.31052217169499	0.0739564626235453	8.38491451308724	0.07206186731341135	-1.2598717576141154	0.06767637755391187	-12.520574848539853	0.06708840261159982	21.114	0.2422	187.6069353356217	1.9517344052563914	35.524764558967966	0.36412680985486984	165.36381601924398	1.39939565430953	11.700000000000001
18.333467196828853	0.07687125290264607	8.41502067423236	0.08027609339096718	-1.2347814404448496	0.06920768301544594	-12.516850389883986	0.0688630752985518	21.114	0.2422	187.74238787625222	2.103839711766852	35.50629923976357	0.3899898757872346	165.05065183702382	1.428290538355035	11.700000000000001
18.340322681249493	0.07106273791726206	8.403224192857182	0.07539064233775454	-1.2482997252437724	0.06968762113660255	-12.515376946863675	0.06657127090079924	21.1194	0.2417	187.38999481089382	1.9537129536880606	35.49996502061701	0.3776197300764482	165.2702646434382	1.4136661576092273	11.700000000000001
18.306121228836176	0.07105859538728716	8.396872323742322	0.07482630283357912	-1.2617983029789126	0.07176890407383033	-12.535151676399582	0.06877276858135958	21.1194	0.2417	187.9166475693184	1.9568820478598579	35.47369764741033	0.38079243324372125	165.1782546412058	1.456426386539458	11.700000000000001
18.34241537450531	0.07437864569115768	8.429346790926937	0.07455720525766146	-1.2174178537551705	0.0738319506190072	-12.498821471135981	0.0720171119470114	21.1087	0.2426	187.84424000252392	1.9956038681478765	35.517479083218895	0.38632499170309115	165.06038586424586	1.5090442757524651	11.700000000000001
18.2932075482284	0.07088476950327716	8.372601699112971	0.07244624428345076	-1.2888080751673487	0.0719369188723337	-12.551474576676314	0.06847579916740662	21.114	0.2422	187.70152372712312	1.9176994689638907	35.46364034784507	0.37475468245485216	165.33498829302022	1.4579643083458789	11.700000000000001
18.31694361913035	0.07341746769348667	8.39301587739776	0.06609752937101285	-1.2618037903556993	0.06691799474165376	-12.528023670932326	0.06937192411031477	21.114	0.2422	187.6386933315251	1.86784847636058	35.48784682458571	0.3457252323840739	165.28284144227703	1.4140627029130868	11.700000000000001
18.329715134020255	0.07842727559159605	8.411196707087985	0.07133371236071781	-1.2482976325017274	0.07115547855096273	-12.528161033392356	0.07227435092466916	21.114	0.2422	187.69288811229148	2.0061866740909586	35.461577585457235	0.3698885793438979	165.0405951900898	1.483968350962368	11.697000000000001
18.325313547297927	0.08366685723450987	8.403062082606514	0.07782652747598556	-1.2540842864783057	0.076860886246543	-12.524345049146111	0.07348670106183794	21.1087	0.2426	187.67039323701403	2.161270317420844	35.47929671906819	0.4018598623193275	165.22358030466646	1.5589381042277275	11.700000000000001
18.316510909614703	0.07986339326149913	8.39683992735324	0.08133187479995119	-1.2772351077484305	0.07926428929674423	-12.544301673408333	0.07531599716944266	21.1194	0.2417	187.67108028833923	2.1565294724362367	35.408130153710935	0.4156709755812006	165.22804391871148	1.6034433866342308	11.697000000000001
18.31066635920781	0.06850880533160346	8.397034309438464	0.07128186071742088	-1.2560141860359284	0.0685084192654423	-12.524345049146111	0.06901940795346526	21.1194	0.2417	187.83356340308194	1.873220974406351	35.49435824847102	0.3635316898768883	165.25187774449253	1.4261506174332754	11.700000000000001
18.270050942210414	0.08637119118986064	8.34843104385935	0.0768386289193651	-1.2849465709076606	0.07358130281011849	-12.55322185818723	0.07292704812220391	21.1194	0.2417	187.68233950230768	2.186812849076536	35.566835972776204	0.3927885695104945	165.2526927769737	1.5192974508028165	11.700000000000001
18.31896394635477	0.07494694554283078	8.388965145986086	0.06853085882307108	-1.2733814330843	0.07437078392383512	-12.529817166499873	0.06807597360744318	21.114	0.2422	187.52397372958782	1.9178345024763783	35.4602020000401	0.37114462100353235	165.42650606953268	1.4817174828509208	11.700000000000001
18.300060511913617	0.06941292345450795	8.370851103788667	0.07215167501009165	-1.2714505483383156	0.0707981394222915	-12.53896753320568	0.06708673859698285	21.1087	0.2426	187.53888226503022	1.8910263276811818	35.53391854450564	0.3725207374117158	165.26381426147861	1.430567846746625	11.700000000000001
18.30424512263024	0.07653960604653344	8.380896312750563	0.07524395155585328	-1.2791694276720023	0.07474986355798227	-12.53896753320568	0.07051198529816409	21.1033	0.2429	187.64964024254175	2.0296213896343485	35.468574510264624	0.3894254787199696	165.3771068292985	1.5092670723693244	11.700000000000001
18.310594265167598	0.07057977742534033	8.36686541605691	0.07504497569268188	-1.2791705909194708	0.06680420967222989	-12.553726508529909	0.0673066057360943	21.114	0.2422	187.26504538000478	1.9401339386879775	35.520161985755614	0.3699725969554984	165.16063672775124	1.389181388264923	11.700000000000001
18.31326349543587	0.07157360391250216	8.393242557458725	0.07094614990655423	-1.2502318159149675	0.0695919421568457	-12.543058461205115	0.06840839154575233	21.114	0.2422	187.71259111423723	1.906975398287627	35.52959734452702	0.3661474143709694	164.89342240561174	1.4248914518412261	11.700000000000001
18.30027666588136	0.07113307479554085	8.376975135470623	0.07014547159229118	-1.2656645600581913	0.06880820290495512	-12.539105012606319	0.06767614598016207	21.1194	0.2417	187.6505342973389	1.889145674467045	35.53267282683034	0.36208212596853634	165.17697875933553	1.4140860436920055	11.700000000000001
18.321272822972805	0.07146706905552466	8.374998381415805	0.06980621232689319	-1.2618059853646646	0.06900845569890277	-12.542829254317398	0.07541894431991011	21.114	0.2422	187.21711783811173	1.8804429491764703	35.55418875880948	0.36214731009360485	165.0659510028689	1.4957912020952686	11.700000000000001
18.311098935370772	0.07153960635997467	8.383164149061804	0.07136327479594336	-1.2695298031400222	0.06860917884313578	-12.526459055643624	0.06449145810635137	21.1194	0.2417	187.56295989606076	1.9090375885755266	35.49566195560122	0.3640310026579114	165.41925354652398	1.3836905868036895	11.700000000000001
18.32856074929632	0.07234033211513856	8.395543355114055	0.06620715939076413	-1.252171347521957	0.0731930928263333	-12.52691689652956	0.06666596046481324	21.1194	0.2417	187.4669861411709	1.8507697026929584	35.513981502232554	0.363302294638774	165.15785886973546	1.450242137476826	11.700000000000001
18.300492824955164	0.0711405494161678	8.377072094055121	0.0720614670786886	-1.2637380462934173	0.06767633662813598	-12.552116783015888	0.06957931159377351	21.1087	0.2426	187.6482802323231	1.9148127014374765	35.53941593085304	0.36442604448257837	164.95839461139767	1.418403562651373	11.700000000000001
18.32221066733678	0.07250908581007989	8.40153903940702	0.07139102793589314	-1.2598902917296755	0.07318863168192927	-12.54342520982985	0.0697417112328932	21.1087	0.2426	187.70027917593322	1.9252320879610474	35.46356856164273	0.3752898502112685	165.02920828366635	1.4786021378578362	11.700000000000001
18.294720099708808	0.0748465189904946	8.383325872474723	0.0683647262687671	-1.265675681676488	0.07070923226113099	-12.543241832809212	0.07018100596243591	21.114	0.2422	187.8759729946515	1.921511493760856	35.50924513436584	0.36195250351144304	165.11655167619162	1.4586267868292362	11.700000000000001
18.315716559255286	0.08258262330269556	8.38335821790601	0.07658963917787201	-1.2772559153921579	0.07421376275325786	-12.541448410480818	0.07072664943163523	21.1087	0.2426	187.47942534685214	2.1259900807000336	35.46656110684111	0.39152939924373553	165.31258987158486	1.5045478902817206	11.700000000000001
18.292771811561835	0.07468032372710778	8.373344679804372	0.07419836881733108	-1.2714675595441314	0.07413994859975953	-12.558047176391879	0.07141786893672328	21.114	0.2422	187.72382814462574	1.9922903640949063	35.52466890857551	0.38634442166975447	164.98468955072585	1.5047964605853206	11.700000000000001
18.30554243061278	0.06928764045897196	8.383487602127962	0.0713639854785051	-1.2676111649335586	0.0649133359449287	-12.534274446315434	0.06495139240576445	21.1087	0.2426	187.67411250634424	1.881394301652022	35.501528868153194	0.3548663975865062	165.2763367173945	1.3470744392687188	11.700000000000001
18.29262776308162	0.07739391486793994	8.381316678129433	0.07060702625445271	-1.267605567267409	0.07444901427900386	-12.537724010599966	0.0705157440740864	21.114	0.2422	187.87754901592407	1.985863578001249	35.50953700053789	0.3776063628130982	165.2256667521368	1.5033367392080323	11.700000000000001
18.289671303460008	0.0705777432192076	8.370883398663954	0.07120577432065926	-1.2830299508593244	0.06540518034132858	-12.551887415987391	0.06778914998314028	21.114	0.2422	187.73592620876428	1.8975961702644435	35.491178456159616	0.35545014547688997	165.24415540240514	1.3812952411093444	11.700000000000001
18.31954098799291	0.07379406602113289	8.379178184324116	0.07693105657747767	-1.2714607548295713	0.06850563814358349	-12.53937998054555	0.06605011620483814	21.114	0.2422	187.3284578192565	2.008936506172285	35.5032204238986	0.37896423679055014	165.25791469337182	1.3956551587401669	11.700000000000001
18.285630907506174	0.07129666137201449	8.368938973750906	0.0708681947778603	-1.2772431992725142	0.07406376022821597	-12.548300906458394	0.06627760342889774	21.1087	0.2426	187.7756056772077	1.9034942713329386	35.519623758136184	0.3774570920127099	165.2118978139898	1.4568495471769434	11.700000000000001
18.270410575385505	0.07455168589025708	8.382743697388806	0.07003203526993229	-1.2733745852507925	0.07527948355605807	-12.54241670324569	0.06985829234514722	21.114	0.2422	188.3268173525331	1.9482057799717953	35.48307419806909	0.3778215230278287	165.24144773597686	1.5059141089007515	11.700000000000001
18.30157635444592	0.07449351293873484	8.384655721493507	0.07584502796140884	-1.2617928158102325	0.07088580269477637	-12.533083442914194	0.07176097323084912	21.1194	0.2417	187.7712752875786	2.012913904740772	35.51864296619155	0.38224622022542254	165.20848372921654	1.4784744819670468	11.700000000000001
18.301432246629812	0.07873997193955294	8.380572983459853	0.0783530317790817	-1.2714392086082948	0.07971018292331121	-12.55322185818723	0.07693416117614119	21.1087	0.2426	187.6967291621658	2.1016025133383187	35.4981691558366	0.41107390932901733	165.05484035758073	1.6207590087012458	11.700000000000001
18.29912390372338	0.07795248213424581	8.368422403819295	0.07624032797943592	-1.2714358068570717	0.07534725694790684	-12.536532707492817	0.07342947130572985	21.114	0.2422	187.5107044747202	2.0588373358921084	35.54292542485355	0.3952198028746351	165.29931793752147	1.543804186577721	11.700000000000001
18.299556172512688	0.07663120360229694	8.376651956397893	0.07014481466211923	-1.2849501261642786	0.06880579356879367	-12.531290046213208	0.07116376691695563	21.114	0.2422	187.65804784763566	1.9646815545688145	35.46293446576825	0.3606543223347464	165.57500906188815	1.4573497809816802	11.700000000000001
18.293423611698543	0.07014779957540673	8.362653923870655	0.0737198440714915	-1.2772339518515035	0.07070730362705069	-12.540577562743461	0.06619572152389684	21.114	0.2422	187.50941696468516	1.9214192096817049	35.5428160478023	0.37662413183653626	165.32504898229885	1.4216905238127802	11.700000000000001
18.27647078680141	0.07588063560258361	8.36657491306728	0.07186707352104013	-1.2810897440858224	0.07260987617749315	-12.549635529006032	0.07055894659789949	21.1194	0.2417	187.90437941034756	1.9816810224192603	35.51416572446845	0.3760700288819347	165.248725941824	1.4847326504508596	11.700000000000001
18.291475456906657	0.07588722397587522	8.382808379516185	0.07385437300279564	-1.2733768678275175	0.07615149625779226	-12.538830056850705	0.07483210333684975	21.1087	0.2426	187.9276818598671	2.0083666414721026	35.48282812640585	0.3898134403552853	165.29409007616115	1.5665346942953633	11.700000000000001
18.258872596891763	0.07489884692599412	8.352126352209671	0.06606082826518225	-1.2965114083118798	0.06778053099104775	-12.569313047779652	0.06668062849864452	21.114	0.2422	187.96411941758896	1.89485409102636	35.510583980065576	0.34833972088450565	165.18633909565472	1.3932807827903806	11.700000000000001
18.287147116319318	0.07308341116107017	8.372698602160366	0.06845816265111701	-1.2868820932075742	0.07115471537377005	-12.544255829145843	0.0742352155009351	21.1194	0.2417	187.8180951281222	1.8970101071539127	35.47035552511437	0.3625757385458197	165.41272217253737	1.51094486640652	11.700000000000001
18.31052217169499	0.06981546791562958	8.380896312750563	0.069677752031435	-1.2753100194523461	0.06767748864960674	-12.53344988114268	0.06860380767324334	21.114	0.2422	187.53101684066155	1.8628527904223429	35.48275064769324	0.35693326494881555	165.40146569964466	1.4158068340352417	11.700000000000001
18.29356765684761	0.07755836037667023	8.37477220689754	0.07554060799475139	-1.281095596588528	0.07342233024789234	-12.544347518009655	0.07371651311055821	21.114	0.2422	187.7357833994398	2.0491941436554626	35.48399465085186	0.38712242677527137	165.32639482507696	1.5271848442552811	11.700000000000001
18.295515812284485	0.07704846831924315	8.376716590217594	0.07581133695218373	-1.273374585251273	0.07033967170053541	-12.553451239625076	0.07077500789222248	21.114	0.2422	187.73571200356918	2.045880777102831	35.505235676862405	0.38049762528282094	165.07980319913423	1.4602968699055663	11.700000000000001
18.306337454586323	0.07595611944365266	8.386923638274768	0.07467873607445268	-1.2444324893673637	0.0809560197638971	-12.511377958549062	0.08488316007041222	21.1087	0.2426	187.72408013799202	2.0158586124445277	35.574300954865826	0.40681175084039517	165.2721972666491	1.7206299805144343	11.700000000000001
18.26370326066119	0.07328443635228778	8.350407576717368	0.06873916711106845	-1.2695083959143427	0.06959104485921354	-12.545819842328395	0.06812755440032875	21.114	0.2422	187.83993674184123	1.9038717867085775	35.61660647171949	0.3621525427599888	165.13492404179215	1.4261788375780187	11.700000000000001
18.278346940934377	0.07351034727314062	8.37853166348821	0.07197768483924791	-1.2849453858402242	0.07436955187546869	-12.556853965608212	0.06803430665246395	21.114	0.2422	188.09571512081195	1.9547363103017366	35.45605373089217	0.3797383880626816	165.19942660974849	1.477226819318021	11.700000000000001
18.297824150429932	0.07740535258077348	8.380831644896519	0.07744830060979802	-1.273378009129097	0.07389935135823608	-12.546232494073301	0.07231511044608334	21.1087	0.2426	187.76991443082844	2.0732539312995057	35.49008917010237	0.3935232725289364	165.1855647265008	1.5150920342481788	11.700000000000001
18.274234885667617	0.06925148728876639	8.386600072423889	0.07096859828589949	-1.2637203699688477	0.06680693754842315	-12.540348412593909	0.06627249683602936	21.1194	0.2417	188.32742808027442	1.888638978139099	35.50439216330102	0.35858778773830463	165.1302878073558	1.3779927508661391	11.700000000000001
18.314923293119005	0.07088423514713142	8.38300243188872	0.06829267434888191	-1.2656645600577108	0.06669546330517848	-12.540944220582233	0.06824020348528599	21.114	0.2434	187.48768341922857	1.8580909205829967	35.51047639785043	0.35131782690565966	165.15003531970495	1.3976279163113978	11.700000000000001
18.2921956312525	0.07917934292969243	8.36906812619866	0.07624219461131868	-1.2791775705888384	0.07318167924459666	-12.544805982640513	0.07510445379786967	21.114	0.2422	187.65382519037504	2.0786558387211382	35.51202697940359	0.3889763339950529	165.29151912938443	1.5385697792419109	11.700000000000001
18.29010336361678	0.07187335374444474	8.367059095925109	0.07084674952722059	-1.281107302260554	0.06996840208218921	-12.555840907222596	0.06886131561272826	21.1194	0.2417	187.65539928487556	1.9085235551261635	35.5123188539393	0.36650262052073046	165.15803383200603	1.4380522491932932	11.700000000000001
18.272790331850985	0.0758002681226149	8.362782973735245	0.07418804928092289	-1.252151188362382	0.08526435972944538	-12.481899835909703	0.07463426588069974	21.1087	0.2426	187.9022655467768	2.011062475707279	35.6350605955146	0.41888283452848896	165.8196360950499	1.673220775551348	11.700000000000001
18.29544378201817	0.07200770340030814	8.37266630089577	0.06893531684570714	-1.2714437443970668	0.07219416533424408	-12.542370865930025	0.06928384133438006	21.114	0.2422	187.66044464039976	1.885259880269273	35.52725548330558	0.3677206378635343	165.213811969171	1.4667378968568445	11.700000000000001
18.271855174567964	0.07514540997454626	8.35834596356279	0.07108987257275615	-1.2868713617673067	0.07150336963187418	-12.560394186830688	0.07307094402995508	21.1194	0.2417	187.83589085770043	1.9599964407487707	35.52317692090014	0.37135181703003084	165.17577185680705	1.4979191225556372	11.700000000000001
18.275823241979413	0.07448705257812202	8.354231734119368	0.07338642247552603	-1.2887972782234423	0.06756645124124201	-12.552900738402306	0.06983969204705519	21.1087	0.2426	187.68287655261554	1.9780197309091414	35.53123827063851	0.36755784884776044	165.31389655272284	1.4261437716480379	11.700000000000001
18.31066635920781	0.07497351186013272	8.386988354441296	0.07192996422161699	-1.2637336270112574	0.07185069788448809	-12.524345049146111	0.07495374556684288	21.1194	0.2417	187.64341540311673	1.964585466342722	35.502914926647016	0.37401563249755604	165.36516218958076	1.5247661727138448	11.700000000000001
18.26103627141222	0.07972494699777641	8.348141204050151	0.07590746505512459	-1.2868654001724524	0.07474588470185539	-12.556486869914302	0.07093838004801757	21.114	0.2422	187.84752804517527	2.086030415003335	35.560822691919384	0.3931845883931912	165.2329529589631	1.5108914269353648	11.700000000000001
18.271855174567964	0.07514540997454623	8.34830222368164	0.07247798765831687	-1.2810827213744058	0.07124055469761029	-12.54016509856569	0.07179033406778121	21.114	0.2422	187.64578003373893	1.9741615760573759	35.58158318970787	0.3755265288270134	165.38761968270654	1.4856552696549132	11.700000000000001
18.26521991934199	0.0756138095905851	8.350149879266208	0.07644720253108371	-1.2868654001724524	0.07317947910075394	-12.563842448675102	0.07279516305560003	21.114	0.2422	187.80632175553882	2.0366847991399504	35.55341063111709	0.3904238245732711	165.12517726746867	1.5114177801711648	11.700000000000001
18.26738368176087	0.0708814533330507	8.35219079034896	0.0705670325921941	-1.28879607860872	0.07193620699917226	-12.543659884538569	0.06919498995042993	21.1194	0.2417	187.80399479550758	1.8944713276279876	35.538764459003474	0.3714587715649716	165.44961061137715	1.4672882438253347	11.700000000000001
18.269691323193307	0.07467515684846954	8.356304946283121	0.07580795053337983	-1.2714335390655374	0.06890429831797197	-12.545636450355792	0.0723455101618629	21.114	0.2422	187.8319570075847	2.016194879740148	35.586481815112215	0.3786558764846159	165.16030254189124	1.463597095997409	11.69961
18.253603309570234	0.0717234906743284	8.348559868012234	0.07044020724524211	-1.2945991016578222	0.06540810115451434	-12.5570834114289	0.06514984905438716	21.1194	0.2417	187.99643284373897	1.9080275058486391	35.53075942913295	0.3541784623230232	165.33766289553438	1.3552729497718927	11.700000000000001
18.27055443261995	0.06987888267322072	8.34664770407182	0.07084400587860858	-1.2984618165455488	0.0731846093381736	-12.57377175814738	0.07216004946126217	21.1194	0.2417	187.63909064344898	1.881484316932149	35.5235739683235	0.37514625596969153	165.1495917912332	1.5053721757944662	11.700000000000001
18.300636933841602	0.07301261702251252	8.369100414933117	0.07088420006695187	-1.2830381961310335	0.06809654524518212	-12.555886795200477	0.06894522719209424	21.1087	0.2426	187.4949390388819	1.921130195813637	35.49770421815953	0.36149616916119753	165.18565097458068	1.4199888750129388	11.700000000000001
18.25670136808847	0.07539493355178531	8.355037498066034	0.07252361813930572	-1.2733894226168565	0.07227978842582283	-12.548530210788126	0.07153995777713876	21.1194	0.2417	188.0605985639216	1.9869140898732718	35.58512354206367	0.3784230104089477	165.15206942060672	1.4896056566229259	11.700000000000001
18.25591077044052	0.06618924726951056	8.34463893608293	0.06607316807565769	-1.3042502735478696	0.06996789813768439	-12.562738106107734	0.06746059014663909	21.114	0.2422	187.8782930481364	1.772837122239001	35.509658577719584	0.3541621229215862	165.39635356623054	1.4278411921449636	11.700000000000001
18.298544586734582	0.07168031818170362	8.373118541287608	0.07094714276959896	-1.2637402559847217	0.07006390023952228	-12.546691028178167	0.06930154512114287	21.1194	0.2417	187.61036812413414	1.9063453040914167	35.55398794316794	0.36787431931269704	165.0377522486677	1.4414753280571535	11.700000000000001
18.26637044050374	0.07530277753964906	8.360709546909629	0.0713239486123594	-1.2946027666068782	0.06850275021886534	-12.56089911300179	0.06604766002533041	21.1194	0.2417	187.9847144151063	1.968326130774318	35.486036118022305	0.3634583498988379	165.28171964614003	1.3960017583743776	11.700000000000001
18.287435106379206	0.07598808575190143	8.346712103363876	0.07197501480661847	-1.2791682644336655	0.07185325635302738	-12.53340407518	0.06697309521651212	21.114	0.2422	187.32167002443776	1.972278092674734	35.59453768347921	0.3760731385964328	165.4588428293905	1.4441059411621668	11.700000000000001
18.305254124058585	0.0760210009476456	8.379339830123795	0.07459387300143196	-1.2695365639565561	0.07052581983816886	-12.537769834518459	0.07183845180946616	21.1194	0.2417	187.60113970689997	2.012970041479018	35.50970574132728	0.37779156207538545	165.25330896724677	1.476382224202248	11.700000000000001
18.262689798315883	0.07797623310621452	8.35089080231303	0.07539227663330143	-1.2946113184779704	0.07621868755018224	-12.550185908218657	0.07405325666038785	21.1033	0.2429	187.86830069154075	2.055814147372397	35.52212805486732	0.39481732190348	165.43916255261357	1.561991428058561	11.700000000000001
