19.792256000924844	0.07684474978924602	9.980442930797482	0.07443720901105827	-1.393038322955045	0.0715838111853691	-12.387531883288203	0.07059320232048745	19.5121	0.2351	189.9773956321492	2.0714754656023464	30.156129680120372	0.2738201907781357	169.54147849223847	1.5503354140517915	11.712000000000002
19.79841522131589	0.0831426625343295	9.980365657944622	0.07461716142548196	-1.402679691926154	0.07620634490389944	-12.400325014095438	0.07353318942474589	19.5013	0.2341	189.8567206715364	2.1603066850371353	30.130792337260853	0.28231257821143557	169.49289042216543	1.6320837834695148	11.712000000000002
19.783444772428613	0.07593085009611167	9.96609224614629	0.07301967205557068	-1.4046036416991	0.0730914472700067	-12.38546488782068	0.06759797066875065	19.5067	0.2346	189.87020059655075	2.0373816381253365	30.163516726289814	0.27407110576169125	169.75195767551003	1.5390603339233089	11.712000000000002
19.781105353488183	0.07235850293951393	9.965976509594153	0.07440275885251604	-1.3988122181255866	0.07078340453982311	-12.39821258228203	0.06951107862404114	19.5067	0.2346	189.9132169469057	2.0081574070293366	30.179195040029196	0.2727039460930912	169.4658464807352	1.528468981334206	11.712000000000002
19.79864980624986	0.07552870053952834	9.986549466278221	0.07474851061118568	-1.40268458479341	0.07218011773277269	-12.367329685078563	0.07043648996273716	19.5013	0.2341	189.9718336449122	2.057364376462281	30.114419816520293	0.2747500324976827	170.00301208506983	1.5636861762782837	11.712000000000002
19.794673903181323	0.07641398894699775	9.996779071845367	0.07314331434362625	-1.3949736876926835	0.07317313246179152	-12.376669049149987	0.07178196495153018	19.5013	0.2341	190.24726490538546	2.0539132806311087	30.107761539628736	0.27344253663585555	169.73906415529243	1.5843491878060922	11.712000000000002
19.778379438995014	0.0734434989000883	9.99502717828345	0.07495247196271682	-1.3911268090934663	0.0696784940510693	-12.375145032271924	0.0661682053239583	19.5013	0.2341	190.53006002634768	2.0436446214625184	30.122566055475705	0.2707383331029552	169.7031683322248	1.484594139616364	11.712000000000002
19.7779888686604	0.07281089883423071	9.968539174532033	0.0738367532566648	-1.4026927398203282	0.07217976401737544	-12.378600259406634	0.0692172760239478	19.5067	0.2346	190.02316660108107	2.0087812630015347	30.16209485356481	0.2738854326748217	169.82857136559906	1.5473584723495648	11.712000000000002
19.76036821458747	0.07795893036760244	9.9600635522972	0.07947692648189941	-1.4046052799057458	0.07540545093100536	-12.3983938787279	0.07642552919740862	19.5013	0.2341	190.20048434460284	2.1606323927696724	30.179513425917875	0.2909326491659509	169.55235010540272	1.6558143092428763	11.712000000000002
19.784147982493106	0.07408600642260141	9.978574856950356	0.07262527817327699	-1.3930447008849751	0.07014503231234545	-12.371146860537879	0.06784238425328752	19.5013	0.2341	190.09829100520858	2.0112926973150116	30.161066667610886	0.26780137671541643	169.7946208173393	1.5093209689405196	11.712000000000002
19.758653500611082	0.07030070337993563	9.968346225391961	0.06888261487060446	-1.4142576670728304	0.06808649801241205	-12.398620506819373	0.06541418084305593	19.5013	0.2341	190.39470785666012	1.9140500023032228	30.13196091534292	0.2563898058825261	169.69784417056727	1.458669568382956	11.712000000000002
19.78180846907654	0.07335067817182536	9.976436386183368	0.07433051008896348	-1.40268458479341	0.07041894181363001	-12.391258340660798	0.07471535357132195	19.5013	0.2341	190.10218865068097	2.0246165258514663	30.141183706313825	0.2712139552145934	169.6328144948726	1.5849435628167665	11.712000000000002
19.796231832373422	0.07485914176795325	9.974259370895268	0.07191432015081511	-1.404606918124407	0.06918857389742036	-12.396598710540637	0.06979138369129358	19.5013	0.2341	189.7808918527301	2.005735710713459	30.141858326742675	0.2643461379675442	169.5800659875251	1.5161412596102823	11.712000000000002
19.756470588165282	0.07451088116574772	9.96426267313516	0.07305733210960409	-1.4065406961726319	0.07474046435970942	-12.396734667539544	0.07255702154906407	19.5013	0.2341	190.35775278333077	2.028564548449291	30.16323160845041	0.2772476286794834	169.60780659091859	1.6075649388606332	11.712000000000002
19.79038531835303	0.07114914165847545	9.968423404151737	0.07997344721324709	-1.387256073570117	0.06679627788621109	-12.382145838447677	0.06987635250617885	19.5121	0.2351	189.78109564822702	2.068274677559709	30.20340405657408	0.27714534332841523	169.53536900813455	1.490548966650035	11.712000000000002
19.78243350267477	0.07753194960259259	9.982813353392103	0.07474871433240897	-1.383407321248943	0.07149570108830033	-12.36953221366184	0.07018626498518175	19.5013	0.2341	190.21377003359922	2.090426974985346	30.17539298421292	0.2746050742027619	169.67062651723424	1.5473204153555704	11.712000000000002
19.75179286018831	0.06815421414489053	9.935719056319176	0.07114659164492106	-1.4103884149141386	0.06634243002310365	-12.389100717243686	0.0697329905344045	19.5067	0.2346	189.89493464867283	1.9059626058719543	30.228884793499805	0.2591750681163958	169.78518446983585	1.488496599371171	11.712000000000002
19.759821969318637	0.06991564976616671	9.97192803286932	0.07589504289286747	-1.4219522942415461	0.06967093635286489	-12.399917039034296	0.06647959180805085	19.5067	0.2346	190.4416522691169	2.007760566473171	30.10213954823487	0.2721869100181426	169.79674619345562	1.4894678653130617	11.712000000000002
19.78781123054577	0.0739050609146115	9.956057327465766	0.07402846132341566	-1.4084645852437736	0.07209269710488095	-12.394758202785777	0.06979392051963783	19.5067	0.2346	189.5920821317887	2.017162788060667	30.179903583890017	0.2744118694712395	169.6680207523274	1.5496450066453724	11.712000000000002
19.7928813754519	0.07328218417784603	9.982774706132108	0.06862861352478122	-1.3756892276421993	0.07078985607323829	-12.380531482858594	0.07279829308142143	19.5013	0.2341	190.01044089783844	1.9446325862408784	30.195999881879292	0.2621122392656622	169.38204567255065	1.5628943899402536	11.712000000000002
19.78180846907654	0.07712770822914021	9.986549466278221	0.07797231205346561	-1.3756785260678923	0.0734923572582798	-12.378373987007548	0.07451422880643234	19.5013	0.2341	190.29845897487374	2.130701656009652	30.185996605033754	0.28466118099585097	169.41509470199284	1.6114966412006198	11.712000000000002
19.764187732426084	0.08240966234703884	9.949759192375351	0.07922026459730475	-1.4123121851875717	0.07641292561225556	-12.403688531575847	0.0746515949000966	19.5067	0.2346	189.92676811345382	2.2121393242428358	30.186412688787904	0.29242322125594455	169.58956137506743	1.648253607144528	11.712000000000002
19.783679170228964	0.0787330465016996	9.98238824999085	0.06862802289549774	-1.3968930043511507	0.0712333909351873	-12.370875497554328	0.06825443418532076	19.5067	0.2346	190.18134536169788	2.026614275045285	30.14075915134869	0.261997779421521	169.85836223511163	1.5270139044823514	11.712000000000002
19.79256868324884	0.07445218736394418	9.990710848556912	0.07503042500287005	-1.4007605538247114	0.06690403833275338	-12.384031762596607	0.06735938926994813	19.5067	0.2346	190.17034575781156	2.0507528664653107	30.108505169127856	0.2657008192243877	169.71471049568174	1.4670097822006074	11.712000000000002
19.779625264689667	0.06645377251417706	9.986510805429768	0.0710400156170892	-1.387251355852318	0.06766892253195426	-12.369125218245156	0.0670813592662121	19.5067	0.2346	190.34013145121042	1.8906845826063392	30.155384888399805	0.26012279013432105	169.73630519246623	1.4727095598356255	11.712000000000002
19.77081472506904	0.07128267066937258	9.962047396413599	0.0690559480018252	-1.4046036416991	0.06755798653748041	-12.402029470056128	0.07157590085193372	19.5067	0.2346	190.03638592249018	1.922822477478342	30.174250485262288	0.2564543509325756	169.49627327204772	1.5169387532867422	11.712000000000002
19.777285880929846	0.07855000086052574	9.97021435442246	0.07445206155188712	-1.4026780609945928	0.07113895508632495	-12.380033614440144	0.07412036140471578	19.5067	0.2346	190.06924630395932	2.097541265664802	30.157691031846618	0.2730606737458211	169.80616911030114	1.5891913358172607	11.712000000000002
19.768319431729118	0.07391778029923987	9.969944190610502	0.08144525189995697	-1.3872356309013951	0.0731735142839884	-12.392600551790435	0.0733709338246662	19.5067	0.2346	190.23793717043594	2.135427858733447	30.199414026441012	0.29113593016007533	169.37400139764728	1.594766359588278	11.712000000000002
19.807070904386133	0.07218566392458271	9.998685718448835	0.07507844180326956	-1.385323900646295	0.07614166324922238	-12.383895940582557	0.07018417951775843	19.4959	0.2346	190.04378989569125	2.0180031976812396	30.12824014372551	0.2829982709763402	169.4786092889092	1.5956743820324129	11.712000000000002
19.785627983584487	0.06845829319645501	9.982310962353282	0.07058557223365974	-1.40074756453253	0.06599927299729416	-12.385510166103005	0.06375583904673938	19.5013	0.2341	190.14203962345948	1.9071847155066384	30.130757457891427	0.25578984289542717	169.69166845952432	1.4175690635659755	11.712000000000002
19.75608048400659	0.07730162633803793	9.960024996817562	0.07369920555082828	-1.408461279618159	0.07308821418155288	-12.39466757969762	0.0714232727444166	19.5067	0.2346	190.2829864459209	2.0746107301442014	30.169379393411322	0.27544908587392025	169.66936925977774	1.578235793980187	11.712000000000002
19.792099663468154	0.08005430455256689	9.976320524400476	0.07239402933849741	-1.3911061753457497	0.07592484769245204	-12.367194044812347	0.07219818729921892	19.5013	0.2341	189.90063520004256	2.088126990697738	30.1721915312844	0.2784512347882224	169.8257808847939	1.6210673437491303	11.712000000000002
19.79443936457153	0.07320813220645671	9.976436386183368	0.07426559978571015	-1.40268458479341	0.0721829764158505	-12.40046101180973	0.0680513558973301	19.5067	0.2346	189.85762151380996	2.0165811993585403	30.141183706313825	0.27432516890320924	169.4908698919592	1.528865155192854	11.712000000000002
19.796622764027955	0.06844841267010046	9.990633493396635	0.06618810529147465	-1.3930415118957389	0.06977333013425192	-12.38762245677198	0.07035866681237944	19.5067	0.2346	190.09022364270552	1.8457693683793324	30.12912573866741	0.2545398153324976	169.5401309825238	1.5279879704289878	11.712000000000002
19.77830132369387	0.07058349630452618	9.97476135029127	0.06864489806963535	-1.3853379885128103	0.06859735398620234	-12.382462719507307	0.06931972692821875	19.5013	0.2341	190.13771541192747	1.909590561640947	30.19165285210314	0.257915607804837	169.50091401970582	1.5031485744549764	11.712000000000002
19.760914490058695	0.07088378602386543	9.964378392885921	0.07327155269376423	-1.3969010496827474	0.07526560145518355	-12.389508349962991	0.07079520581994425	19.4959	0.2346	190.27365131949293	1.9800739529727482	30.18851682474196	0.279108952136781	169.57057070934914	1.5939393231492558	11.712000000000002
19.78040647022427	0.06895723213550858	9.9788066419206	0.07024721790226761	-1.4007702963109905	0.06777414404218976	-12.393506677077793	0.06869159550647339	19.4959	0.2346	190.17535159001474	1.9099149488092886	30.13997598190843	0.25853408091572944	169.5685795534608	1.4885314627660597	11.712000000000002
19.786409423821198	0.070882251571182	9.976629495135958	0.06954291760877164	-1.3969058770276204	0.07420766019649226	-12.380440958318829	0.07254252908782069	19.5013	0.2341	190.016769697514	1.923456534076301	30.155986188957044	0.2696504777833252	169.7106332065493	1.6034615121469813	11.712000000000002
19.788749077403182	0.07368071216636263	9.970677526450848	0.06949833000598671	-1.3969107044825546	0.07341820630275533	-12.382417449780908	0.07018247811276825	19.5067	0.2346	189.8562954872204	1.9586122744012497	30.171762790392428	0.26832623041174386	169.6801737698677	1.5687825174325565	11.712000000000002
19.777520204621126	0.07058278578538849	9.952128187496154	0.07509457989427173	-1.393038322955045	0.0790001866554004	-12.404096631790845	0.07034296412090944	19.5067	0.2346	189.71484193642524	1.9899249309928293	30.231391957678625	0.2904421281970615	169.2864247205464	1.626267013868471	11.712000000000002
19.79038531835303	0.08771316120686912	9.952243763434584	0.07018595130768884	-1.4161898232976484	0.07938388146680508	-12.387667744015392	0.06578650418954315	19.5013	0.2341	189.4689848775743	2.1634606410179917	30.16951922056012	0.28120071273875447	169.8971375563171	1.5965433404812377	11.712000000000002
19.780562718736235	0.07356721273292226	9.974838582375394	0.07379182322553866	-1.3853411192797405	0.07192536639828864	-12.373349493684943	0.07265447800090036	19.5067	0.2346	190.09536343983524	2.020012846751082	30.191439273853067	0.2738608978691588	169.64154285086093	1.5783797824119534	11.712000000000002
19.770658566698053	0.07690999952075908	9.961970270371154	0.07264699636383218	-1.4046003653228156	0.07032740775015606	-12.394576957947976	0.06846163071935579	19.5067	0.2346	190.03791711785837	2.0497336060510905	30.174463925428203	0.2684173309930008	169.6111613871074	1.5147364255630285	11.712000000000002
19.792412340851417	0.07380060689683776	9.984565469716186	0.07239525250240288	-1.3756800548296175	0.07149650125307663	-12.372897135792096	0.06951437761250281	19.5013	0.2341	190.0542206646955	2.0032907314029593	30.191264340327013	0.2704101333191693	169.4994906228712	1.5369725884752365	11.712000000000002
19.781574091660076	0.07747322881305507	9.962163087716217	0.07446723363536076	-1.3988219159237067	0.07149071397711279	-12.391122442226878	0.07011364129592934	19.5013	0.2341	189.83039743866655	2.077417287031636	30.18929921064877	0.2743090161293309	169.57530309801032	1.544742718602636	11.712000000000002
19.77315395634189	0.07439670589688605	9.96823045949341	0.07318030470980322	-1.3930351340624125	0.07357257602572825	-12.39848452895981	0.0726503437064521	19.5013	0.2341	190.1108860351044	2.023397642514289	30.188553623561063	0.27573302294562624	169.37270134162083	1.5912731114359986	11.712000000000002
19.78687831759301	0.06654853409610384	9.980906593043164	0.06908735989549851	-1.3891993197367907	0.06939110823381772	-12.391756660689618	0.06787515550921679	19.5121	0.2351	190.09056377611049	1.859540430117345	30.16508185883043	0.25978154515663804	169.41722144488762	1.4946489877148628	11.712000000000002
19.78672201719999	0.07959713086203124	9.976783987680255	0.07979949157318877	-1.3949832987583546	0.07503413419593452	-12.376940543329699	0.07423548421318168	19.5013	0.2341	190.01370731223017	2.183147778279153	30.160674850566096	0.29051527392188436	169.7350164437866	1.6313770149944062	11.712000000000002
19.78461681697661	0.07229094302652023	9.97071612606257	0.07408029140833552	-1.3949832987583546	0.07349568332454048	-12.387984764088404	0.07051361702674476	19.5067	0.2346	189.93698348894426	2.003277273196541	30.17677687776642	0.2770644181707645	169.56449058713136	1.5710400581082649	11.712000000000002
19.78461681697661	0.07214009838617486	9.972738729751722	0.07509783366483631	-1.3911252218100112	0.07285120364195821	-12.380622008736873	0.06438947517123247	19.5013	0.2341	189.976136772352	2.0162260807375905	30.18165098284581	0.2778844076144398	169.61856667629456	1.5006774533129759	11.712000000000002
