18.466134	0.080439	8.282791	0.074719	-1.250233	0.075129	-12.583564	0.071397	20.1863	0.2385	183.14001579140648	1.9744521705730198	35.996541808470354	0.4000989583448419	164.5568828120141	1.5048731431128899	11.718
18.489749	0.068844	8.3192	0.071358	-1.240591	0.068101	-12.565541	0.067553	20.2025	0.2373	183.37040399236423	1.787694900842998	35.89575073688985	0.370376184730761	164.67865412158105	1.3948343587582466	11.718
18.500147	0.078706	8.301091	0.067045	-1.24059	0.073194	-12.567335	0.065401	20.1971	0.2378	182.85786747152892	1.8536912914581807	35.96388324671649	0.3741229526996045	164.65256855023904	1.4268597018131792	11.718
18.493354	0.068507	8.300867	0.069737	-1.261813	0.076014	-12.585403	0.06851	20.2025	0.2373	182.97570098804053	1.7549422071526466	35.8849104506	0.3871065267686164	164.69843820102577	1.4883780673251585	11.718
18.478988	0.070049	8.284927	0.071332	-1.273396	0.07359	-12.594781	0.068925	20.2025	0.2373	182.94746455082355	1.7942136200735415	35.90126382516056	0.3849461635002387	164.7305197355653	1.4670754651028313	11.718
18.465843	0.075738	8.278646	0.069006	-1.273387	0.068199	-12.581541	0.071235	20.2025	0.2373	183.07074011234144	1.8412718637658179	35.924903679016325	0.36488917597118464	164.9232615315133	1.4382921356293998	11.718
18.490969	0.069988	8.300738	0.069737	-1.254089	0.068201	-12.572346	0.068234	20.2025	0.2373	183.01623207004005	1.774449193195294	35.9144004353756	0.3666397107556825	164.77603318593853	1.4045099035286337	11.718
18.476166	0.074171	8.292641	0.068859	-1.252156	0.066355	-12.583288	0.073762	20.2025	0.2373	183.1367344518067	1.8200789344499015	35.95213963521306	0.3601965149265997	164.58882580697363	1.4411464489976171	11.718
18.500584	0.068381	8.313335	0.0689	-1.236736	0.069305	-12.562093	0.066486	20.2025	0.2373	183.06979547860067	1.744457761934257	35.93228888949815	0.3676962867300231	164.67274188423568	1.396424957754351	11.718
18.457105	0.070594	8.268446	0.070519	-1.265662	0.068809	-12.575794	0.065662	20.1809	0.2387	183.0444640424907	1.7926313190670122	35.99244755803073	0.37195059574846395	164.89441496791773	1.386654212884144	11.718
18.493646	0.070376	8.305012	0.069351	-1.227076	0.071945	-12.565358	0.07064	20.2025	0.2373	183.0449106088231	1.775085622370539	36.00007753245263	0.3774029520990595	164.48502578718336	1.4627023969769517	11.718
18.489021	0.074987	8.29076	0.076163	-1.238651	0.067784	-12.565082	0.067458	20.1971	0.2378	0.0	0.0	0.0	0.0	0.0	0.0	0.0
18.31348	0.072011	8.292897	0.07417	-1.242515	0.069009	-12.407052	0.071303	20.1863	0.2385	0.0	0.0	0.0	0.0	0.0	0.0	0.0
17.989073	0.076158	8.260636	0.074209	-1.23672	0.072864	-10.835464	0.084407	20.2025	0.2373	0.0	0.0	0.0	0.0	0.0	0.0	0.0
17.601176	0.081182	8.230738	0.073128	-1.072608	0.074395	-8.932519	0.084847	20.2025	0.2373	0.0	0.0	0.0	0.0	0.0	0.0	0.0
17.181743	0.065135	8.206454	0.065423	-0.6802	0.073575	-7.060575	0.091517	20.2241	0.2389	0.0	0.0	0.0	0.0	0.0	0.0	0.0
16.814205	0.079463	8.299242	0.073291	-0.058321	0.076742	-5.314437	0.086356	20.2403	0.2388	0.0	0.0	0.0	0.0	0.0	0.0	0.0
16.418699	0.068345	8.397358	0.067072	0.674053	0.078139	-3.684701	0.077555	20.251	0.2381	0.0	0.0	0.0	0.0	0.0	0.0	0.0
16.109373	0.079837	8.58423	0.07465	1.461408	0.07509	-2.195728	0.078186	20.2564	0.2376	0.0	0.0	0.0	0.0	0.0	0.0	0.0
15.821588	0.070339	8.813746	0.071251	2.292586	0.067452	-0.780539	0.081389	20.2564	0.2376	0.0	0.0	0.0	0.0	0.0	0.0	0.0
15.572895	0.072704	9.051232	0.071653	3.097073	0.076096	0.528409	0.074171	20.2834	0.2392	0.0	0.0	0.0	0.0	0.0	0.0	0.0
15.403691	0.07166	9.311524	0.065642	3.898543	0.068121	1.744935	0.075077	20.305	0.2383	0.0	0.0	0.0	0.0	0.0	0.0	0.0
15.227501	0.068206	9.58165	0.072553	4.664826	0.070275	2.875268	0.080167	20.305	0.2383	0.0	0.0	0.0	0.0	0.0	0.0	0.0
15.082246	0.07214	9.821629	0.074643	5.365973	0.071164	3.888557	0.077851	20.3212	0.2389	0.0	0.0	0.0	0.0	0.0	0.0	0.0
14.990155	0.07058	10.145763	0.073863	6.091684	0.074865	4.859018	0.072029	20.3427	0.2394	0.0	0.0	0.0	0.0	0.0	0.0	0.0
14.915497	0.07305	10.427001	0.071155	6.783139	0.081599	5.775416	0.072168	20.3643	0.2381	0.0	0.0	0.0	0.0	0.0	0.0	0.0
14.859839	0.070701	10.71087	0.069059	7.432747	0.067178	6.617657	0.074352	20.3697	0.2387	0.0	0.0	0.0	0.0	0.0	0.0	0.0
14.814162	0.074981	11.002942	0.072413	8.027721	0.079148	7.402645	0.070121	20.4021	0.2395	0.0	0.0	0.0	0.0	0.0	0.0	0.0
14.77445	0.077549	11.266713	0.077875	8.587796	0.0813	8.125805	0.080568	20.4182	0.2383	0.0	0.0	0.0	0.0	0.0	0.0	0.0
14.81262	0.07559	11.568602	0.070814	9.186477	0.072577	8.845981	0.069028	20.4182	0.2383	0.0	0.0	0.0	0.0	0.0	0.0	0.0
14.787403	0.074419	11.828947	0.07291	9.674514	0.070892	9.456409	0.080874	20.4452	0.24	0.0	0.0	0.0	0.0	0.0	0.0	0.0
14.799606	0.07012	12.063271	0.070294	10.15765	0.065063	10.044262	0.076458	20.4668	0.2391	0.0	0.0	0.0	0.0	0.0	0.0	0.0
14.872801	0.08081	12.360035	0.073317	10.654812	0.075936	10.632334	0.073571	20.4722	0.2386	0.0	0.0	0.0	0.0	0.0	0.0	0.0
14.888844	0.073124	12.588499	0.07097	11.068566	0.074237	11.11106	0.070933	20.4938	0.2401	0.0	0.0	0.0	0.0	-0.0	0.0	0.0
14.921746	0.074577	12.817462	0.07255	11.477185	0.071079	11.611333	0.072892	20.5153	0.2398	0.0	0.0	0.0	0.0	-0.0	0.0	0.0
14.9507	0.07869	13.040645	0.076817	11.862176	0.075596	12.05361	0.080003	20.5261	0.2388	0.0	0.0	0.0	0.0	-0.0	0.0	0.0
15.023012	0.073595	13.241486	0.070734	12.217157	0.076355	12.478304	0.074638	20.5369	0.2399	0.0	0.0	0.0	0.0	-0.0	0.0	0.0
15.074872	0.071651	13.457226	0.074748	12.57097	0.073811	12.873466	0.073741	20.5585	0.2405	0.0	0.0	0.0	0.0	-0.0	0.0	0.0
15.141194	0.073159	13.679079	0.071078	12.912783	0.085449	13.254605	0.077691	20.5801	0.2391	0.0	0.0	0.0	0.0	-0.0	0.0	0.0
15.225535	0.072041	13.894433	0.06945	13.221736	0.069915	13.602972	0.069864	20.5801	0.2391	0.0	0.0	0.0	0.0	-0.0	0.0	0.0
15.300466	0.077638	14.071716	0.077478	13.527813	0.071773	13.927979	0.070413	20.6016	0.2407	0.0	0.0	0.0	0.0	-0.0	0.0	0.0
15.370508	0.070057	14.26488	0.073459	13.79656	0.072027	14.244479	0.078675	20.6124	0.2407	0.0	0.0	0.0	0.0	-0.0	0.0	0.0
15.457838	0.077876	14.45063	0.070339	14.074529	0.07172	14.527039	0.069178	20.6286	0.2399	0.0	0.0	0.0	0.0	-0.0	0.0	0.0
15.505047	0.068264	14.582146	0.074803	14.28611	0.071574	14.821501	0.07193	20.6394	0.2399	0.0	0.0	0.0	0.0	-0.0	0.0	0.0
15.604418	0.068554	14.850251	0.071169	14.601325	0.075549	15.131178	0.07752	20.6502	0.2407	0.0	0.0	0.0	0.0	-0.0	0.0	0.0
15.863228	0.07127	15.352082	0.072679	15.121292	0.072764	15.544613	0.072429	20.6502	0.2407	0.0	0.0	0.0	0.0	-0.0	0.0	0.0
16.018833	0.076984	15.507358	0.073792	15.373611	0.077037	15.784911	0.073844	20.6556	0.2409	0.0	0.0	0.0	0.0	-0.0	0.0	0.0
16.115774	0.074448	15.608251	0.074823	15.559257	0.071999	16.006099	0.073828	9.1721	1.2403	0.0	0.0	0.0	0.0	-0.0	0.0	0.0
16.16724	0.077866	15.767275	0.075813	15.734809	0.071574	16.221376	0.077891	1.0491	0.1862	0.0	0.0	0.0	0.0	-0.0	0.0	0.0
16.270773	0.078972	15.924509	0.073061	15.90239	0.076576	16.430799	0.076608	2.9099	0.2656	0.0	0.0	0.0	0.0	-0.0	0.0	0.0
16.3831	0.074007	16.063623	0.072104	16.09958	0.079367	16.617998	0.073413	1.2324	0.1841	0.0	0.0	-0.0	0.0	-0.0	0.0	0.0
16.473025	0.072891	16.192828	0.070373	16.286965	0.070589	16.816143	0.076366	1.2271	0.1837	0.0	0.0	-0.0	0.0	-0.0	0.0	0.0
16.570585	0.078928	16.30273	0.075986	16.452985	0.078683	16.970017	0.078093	1.2217	0.1832	0.0	0.0	-0.0	0.0	-0.0	0.0	0.0
16.662537	0.068365	16.409106	0.073677	16.675857	0.073816	17.147504	0.069226	1.2271	0.1837	0.0	0.0	-0.0	0.0	-0.0	0.0	0.0
16.715793	0.07316	16.481009	0.073411	16.839292	0.070823	17.290417	0.075727	1.2217	0.1832	0.0	0.0	-0.0	0.0	-0.0	0.0	0.0
16.79714	0.071317	16.603828	0.070577	17.024767	0.073853	17.457439	0.070245	1.2217	0.1832	0.0	0.0	-0.0	0.0	-0.0	0.0	0.0
16.905362	0.076327	16.707806	0.074161	17.191425	0.072481	17.599334	0.074288	1.2271	0.1837	0.0	0.0	-0.0	0.0	-0.0	0.0	0.0
16.937852	0.071803	16.769385	0.072851	17.344754	0.068369	17.711176	0.070562	1.1623	0.1824	0.0	0.0	-0.0	0.0	-0.0	0.0	0.0
17.00712	0.072359	16.867719	0.076831	17.493435	0.073941	17.885106	0.071577	1.1677	0.1831	0.0	0.0	-0.0	0.0	-0.0	0.0	0.0
17.121411	0.069174	16.979866	0.067259	17.674727	0.0692	18.014423	0.066842	1.1731	0.1837	0.0	0.0	-0.0	0.0	-0.0	0.0	0.0
17.164331	0.067147	17.029012	0.070049	17.761515	0.07178	18.103437	0.070904	1.1839	0.1843	0.0	0.0	-0.0	0.0	-0.0	0.0	0.0
17.225405	0.074002	17.085883	0.073157	17.900088	0.077213	18.223341	0.074504	1.1839	0.1843	0.0	0.0	-0.0	0.0	-0.0	0.0	0.0
17.264782	0.073887	17.143979	0.072757	18.023145	0.069551	18.327719	0.073563	1.1893	0.1844	0.0	0.0	-0.0	0.0	-0.0	0.0	0.0
17.337232	0.074016	17.2039	0.069627	18.104142	0.072994	18.425568	0.073687	1.1893	0.1844	0.0	0.0	-0.0	0.0	-0.0	0.0	0.0
17.400235	0.071645	17.273116	0.074721	18.253154	0.078826	18.541231	0.074449	1.2001	0.1841	0.0	0.0	-0.0	0.0	-0.0	0.0	0.0
17.455123	0.075121	17.342558	0.072168	18.358537	0.071572	18.608992	0.067944	1.1947	0.1843	0.0	0.0	-0.0	0.0	-0.0	0.0	0.0
17.506979	0.073251	17.406899	0.073976	18.47965	0.073766	18.705075	0.071751	1.1947	0.1843	0.0	0.0	-0.0	0.0	-0.0	0.0	0.0
17.578238	0.07304	17.471872	0.074932	18.58685	0.074748	18.814444	0.07291	1.2001	0.1841	0.0	0.0	-0.0	0.0	-0.0	0.0	0.0
17.632274	0.076246	17.5384	0.085714	18.680905	0.077431	18.864542	0.07601	1.2055	0.1837	0.0	0.0	-0.0	0.0	-0.0	0.0	0.0
17.713869	0.071317	17.626222	0.066731	18.802718	0.065815	18.975932	0.0705	1.2109	0.1832	0.0	0.0	-0.0	0.0	-0.0	0.0	0.0
17.745459	0.071001	17.689102	0.071909	18.920476	0.070046	19.058068	0.072067	1.2163	0.1824	0.0	0.0	-0.0	0.0	-0.0	0.0	0.0
17.818462	0.074908	17.741214	0.082019	19.186955	0.071882	19.135655	0.075512	4.0103	0.8849	0.0	0.0	-0.0	0.0	0.0	0.0	0.0
17.870881	0.078189	17.797792	0.076993	19.342646	0.078873	19.232472	0.080218	1.3943	0.1858	0.0	0.0	-0.0	0.0	0.0	0.0	0.0
17.927632	0.072828	18.036289	0.075377	19.494395	0.074349	19.346291	0.071924	0.8657	0.1842	-0.0	0.0	-0.0	0.0	0.0	0.0	0.0
18.010643	0.073742	18.46244	0.080571	19.636767	0.074172	19.419226	0.077058	6.8204	0.332	-0.0	0.0	-0.0	0.0	0.0	0.0	0.0
18.155806	0.074805	18.609987	0.068475	19.486389	0.070364	19.546371	0.075065	14.4904	0.2136	-0.0	0.0	-0.0	0.0	-0.0	0.0	0.0
18.226698	0.066988	18.641192	0.068023	19.3306	0.070474	19.565065	0.069524	20.5585	0.2405	-0.0	0.0	-0.0	0.0	-0.0	0.0	0.0
18.316078	0.073364	18.68251	0.07564	19.266929	0.064891	19.56234	0.069375	20.6879	0.2396	-0.0	0.0	-0.0	0.0	-0.0	0.0	0.0
18.402024	0.069885	18.745529	0.069917	19.258686	0.067705	19.581423	0.068631	20.6879	0.2396	-0.0	0.0	-0.0	0.0	-0.0	0.0	0.0
18.466337	0.069332	18.791053	0.072016	19.281154	0.067067	19.587109	0.071603	20.5315	0.2394	-0.0	0.0	-0.0	0.0	-0.0	0.0	0.0
18.533267	0.069426	18.835006	0.073915	19.295779	0.073236	19.574413	0.0768	20.5369	0.2399	-0.0	0.0	-0.0	0.0	-0.0	0.0	0.0
18.628181	0.074889	18.904877	0.074206	19.321714	0.072485	19.615075	0.074309	20.5207	0.2394	-0.0	0.0	-0.0	0.0	-0.0	0.0	0.0
18.707478	0.071593	18.961208	0.06959	19.361467	0.069273	19.656918	0.070872	20.5261	0.2388	-0.0	0.0	-0.0	0.0	-0.0	0.0	0.0
18.743479	0.078185	18.976269	0.072775	19.387092	0.075064	19.650997	0.068937	20.5261	0.2401	-0.0	0.0	-0.0	0.0	-0.0	0.0	0.0
18.801662	0.070939	19.036598	0.072188	19.407548	0.074978	19.688324	0.073055	20.5261	0.2388	-0.0	0.0	-0.0	0.0	-0.0	0.0	0.0
18.772853	0.077683	18.969978	0.080145	19.353314	0.077269	19.621463	0.076182	20.5261	0.2388	-0.0	0.0	-0.0	0.0	-0.0	0.0	0.0
18.827584	0.078436	18.932442	0.076861	19.326237	0.079661	19.613284	0.078574	20.5261	0.2388	-0.0	0.0	-0.0	0.0	-0.0	0.0	0.0
18.845547	0.067954	18.952517	0.068085	19.308609	0.070397	19.599806	0.070876	20.5261	0.2388	-0.0	0.0	-0.0	0.0	-0.0	0.0	0.0
18.830126	0.073935	18.962259	0.071935	19.284696	0.074462	19.580098	0.069896	20.5369	0.2399	-0.0	0.0	-0.0	0.0	-0.0	0.0	0.0
18.825635	0.079421	18.945178	0.072193	19.269669	0.077035	19.558756	0.074184	20.5315	0.2394	-0.0	0.0	-0.0	0.0	-0.0	0.0	0.0
18.88517	0.071936	19.004746	0.071645	19.335686	0.071273	19.586952	0.073951	20.5315	0.2394	-0.0	0.0	-0.0	0.0	-0.0	0.0	0.0
18.91184	0.074623	19.035622	0.071073	19.351855	0.070351	19.592639	0.072853	20.5207	0.2394	-0.0	0.0	-0.0	0.0	-0.0	0.0	0.0
18.939333	0.077376	19.050538	0.069835	19.400436	0.069513	19.620218	0.067659	20.5315	0.2394	-0.0	0.0	-0.0	0.0	-0.0	0.0	0.0
18.988259	0.072018	19.097391	0.078329	19.426387	0.070063	19.641957	0.070756	20.5315	0.2394	-0.0	0.0	-0.0	0.0	-0.0	0.0	0.0
19.018985	0.073472	19.134424	0.073949	19.463422	0.067706	19.649591	0.070756	20.5369	0.2399	-0.0	0.0	-0.0	0.0	-0.0	0.0	0.0
19.067328	0.073633	19.18699	0.076211	19.503454	0.074264	19.672812	0.075516	20.5261	0.2388	-0.0	0.0	-0.0	0.0	-0.0	0.0	0.0
19.104959	0.075559	19.203638	0.074604	19.541145	0.076176	19.704218	0.073201	20.5207	0.2394	-0.0	0.0	-0.0	0.0	-0.0	0.0	0.0
19.156099	0.069562	19.263204	0.074117	19.577714	0.074547	19.738673	0.072673	20.5261	0.2388	-0.0	0.0	-0.0	0.0	-0.0	0.0	0.0
19.165993	0.072595	19.270998	0.070562	19.585478	0.070594	19.527678	0.072255	20.5261	0.2388	-17765.306288122305	17127.78315470715	-1091.4656766393405	346.41999185088906	32274.668970297298	56406.77936830262	11.721
19.411775	0.08931	19.285702	0.078939	19.606514	0.078201	17.606918	0.104329	20.5207	0.2394	14796.62933358642	13989.437274918457	-1069.9234075545746	370.57601205222574	932.9158912375125	60.83065919908877	11.721
19.804724	0.077531	19.304228	0.075809	19.406339	0.080674	15.220849	0.087099	20.4776	0.2392	3726.2601417065266	807.3144647634259	-3360.6161782165345	3643.4193265025065	445.58160582294806	12.638766432680258	11.718
20.271099	0.072189	19.273403	0.073252	18.928263	0.077919	12.967051	0.099611	20.4722	0.2386	1869.2838323817414	192.69103238232628	994.2533118292733	308.07988819837584	312.85208066853966	6.63712387991601	11.718
20.637291	0.068658	19.106531	0.068873	18.171075	0.075363	10.935734	0.083979	20.4668	0.2391	1218.3340960090402	77.40129907272357	366.83280671776043	40.035343917585415	257.75947203332834	4.019800586776634	11.718
21.015979	0.075041	18.920081	0.069333	17.329954	0.084257	9.10131	0.09152	20.429	0.2394	890.0505631085844	43.386569087582565	215.85934849995098	14.81239996828501	226.70261638010118	3.42725282419603	11.721
21.358055	0.068169	18.686373	0.06794	16.401042	0.083954	7.424977	0.085204	20.4236	0.2389	698.053726036709	25.14650780540983	150.15592007801638	7.096100407872593	207.77229860365068	2.768790008403552	11.718
21.633085	0.073891	18.355044	0.069896	15.405914	0.07802	5.87285	0.07619	20.4075	0.2393	569.0762995375454	17.657361393558585	116.38811038005642	4.1339851539785135	195.68263554506913	2.238458931883669	11.721
21.869935	0.078069	18.030232	0.071031	14.462052	0.079607	4.445297	0.079535	20.4075	0.2393	485.83311161848724	13.354725140371071	96.19574696062091	2.876267720191737	186.2334720676987	2.092177544265995	11.721
22.055287	0.074373	17.700721	0.069015	13.586417	0.080749	3.156195	0.083427	20.3805	0.2394	428.390632563463	9.981542016239846	83.4269305720461	2.153932449135426	178.85093604789367	1.9909041818156419	11.721
22.225464	0.074945	17.3567	0.073906	12.721781	0.08718	1.948212	0.075726	20.3697	0.2387	383.14759338140476	8.28311936029268	74.05603033696595	1.8261288991049325	173.1510782869445	1.8559239832702215	11.721
22.320255	0.077809	16.979052	0.073833	11.877933	0.072927	0.878629	0.082859	20.3373	0.2395	349.25747700834546	7.013916987078317	67.28792443725969	1.3689017402470536	169.59756317908733	1.7019567585904811	11.721
22.412689	0.07441	16.653256	0.076884	11.121349	0.074675	-0.118235	0.078201	20.3212	0.2389	323.8955978980299	6.017136007831206	62.047991680220036	1.2021717068966813	165.97190922695617	1.5967089990036567	11.721
22.477843	0.073789	16.320356	0.071221	10.384403	0.078852	-1.018235	0.072885	20.3104	0.2378	302.9572318154971	5.045805499831074	57.824535151818445	1.0350745183405892	163.59855323785996	1.540590507755481	11.721
22.501161	0.071307	15.98014	0.069075	9.706629	0.075029	-1.864785	0.074896	20.305	0.2383	286.06794138440245	4.35517036618271	54.71318468329123	0.8894336943687543	161.212362839735	1.4769708273287099	11.721
22.527057	0.073855	15.661402	0.073202	9.075272	0.071773	-2.597087	0.072545	20.2618	0.2381	271.7082564457684	4.115227797159546	52.11614995823534	0.8112249589675614	159.81817677337062	1.3972665846512342	11.721
22.54285	0.071563	15.36617	0.074164	8.487968	0.070156	-3.298524	0.077193	20.2564	0.2376	259.9328711528282	3.7327736794553203	49.90311647522915	0.7406813494242664	158.27060356368568	1.4006880039356437	11.721
22.504004	0.070739	15.037289	0.069994	7.899489	0.070609	-3.967179	0.074267	20.2456	0.2385	249.83610844947526	3.329756690276217	48.08817426317986	0.6698214128884141	157.20125537609755	1.3575193731058521	11.721
22.480149	0.073125	14.746038	0.073707	7.368517	0.071118	-4.540688	0.074833	20.2133	0.2383	241.2064313733861	3.23806753442789	46.52717032103877	0.6459388824235305	156.6449800534696	1.357893775242303	11.7213907
22.482902	0.072816	14.511446	0.068507	6.926955	0.070899	-5.057939	0.074511	20.2079	0.2379	234.01687055338274	2.9350125979762196	45.25599777357505	0.5882745547054454	155.65053119279858	1.335765970893764	11.721
22.435913	0.068208	14.251865	0.068357	6.481931	0.070701	-5.566319	0.074775	20.1917	0.2382	227.93794891244988	2.689506189404959	44.175888651596544	0.5591237414311228	154.8320320383266	1.3224599032396531	11.721
22.369879	0.076049	14.000842	0.0707	6.049702	0.074942	-6.033904	0.064629	20.1755	0.2387	222.907022701775	2.765642267434656	43.17056475509691	0.5593911065524961	154.3841544185567	1.264353477656361	11.7213907
22.308825	0.07136	13.744344	0.068857	5.656199	0.067817	-6.442225	0.072171	20.1539	0.2376	217.81298888156974	2.521958340293435	42.437881831677814	0.5070938274784565	154.18992107534405	1.2621560382483061	11.721
22.244331	0.079144	13.550925	0.069049	5.294696	0.075556	-6.832519	0.072454	20.1432	0.2376	214.58275986666013	2.5925302406287614	41.57391224744488	0.5154026530195703	153.82386082138814	1.3278055008289107	11.721
22.21076	0.071538	13.321438	0.077305	4.955842	0.070009	-7.175438	0.069029	20.1378	0.238	209.85346584139853	2.486478572438749	41.030400898061544	0.5115283228620987	153.7723223891236	1.2462398458406003	11.721
22.110349	0.077185	13.091596	0.075562	4.636999	0.073935	-7.526961	0.0742	20.1162	0.2384	206.84180964260625	2.47726766499122	40.59847478885521	0.507645960756449	153.3591930231438	1.3206244343680924	11.721
22.085554	0.0711	12.940464	0.071731	4.380131	0.066346	-7.795766	0.076718	20.0946	0.2368	203.9843227393989	2.252801367463352	40.097011902313874	0.4576759871209698	153.20883390070827	1.2762501113974893	11.721
21.98342	0.07758	12.760276	0.074222	4.099641	0.075168	-8.088357	0.073132	20.0946	0.2368	202.25804426702587	2.354490752351128	39.632627365919056	0.4834130979189067	153.0567318538389	1.3170022409114324	11.721
21.904682	0.07724	12.557739	0.073782	3.813568	0.073876	-8.363725	0.068934	20.0784	0.238	199.57917924964823	2.280785102777559	39.25400211653365	0.4687133324767215	153.19127826397192	1.2711216176742568	11.721
21.853648	0.074281	12.406484	0.070462	3.590878	0.072379	-8.606999	0.070906	20.0515	0.2376	197.4619141230989	2.1400081241236584	38.9359191678526	0.4461424859292755	152.93277014667288	1.270354011350464	11.721
21.755857	0.079079	12.220574	0.068915	3.346735	0.071297	-8.833167	0.068446	20.0407	0.2366	195.63711202163407	2.1521360698108416	38.68041074439873	0.4322276544227351	153.15846035757917	1.2428018203834068	11.721
21.703249	0.07626	12.082052	0.077828	3.159965	0.073462	-9.038807	0.074861	20.0407	0.2366	193.8901156155902	2.1958519782776476	38.47123813076696	0.46147191700492013	152.9215433187542	1.3148189975762248	11.721
21.646152	0.077697	11.967931	0.07791	2.967394	0.074129	-9.212457	0.074272	19.9975	0.2373	192.7477284714761	2.1913195106448	38.13591720999514	0.4556579090949926	153.15910698544562	1.3195410406020927	11.721
21.565642	0.075011	11.813948	0.073063	2.776566	0.073691	-9.39627	0.070443	20.0029	0.2377	191.29547787377516	2.054124096413078	37.980442643264816	0.4361118126521412	153.2473685586319	1.2834083286535218	11.721
21.507484	0.074372	11.692358	0.071405	2.621749	0.068576	-9.543981	0.06923	19.9867	0.2363	190.0592252952472	1.9964408992661342	37.84130760562228	0.4130202047731337	153.33688899082637	1.228192516373422	11.721
21.41424	0.076419	11.551868	0.076943	2.449188	0.073075	-9.709735	0.07203	19.9867	0.2363	189.1487219619698	2.079823596659173	37.70798960558108	0.4395803485110741	153.42272302224856	1.294718112964835	11.721
21.333148	0.076624	11.427423	0.075611	2.294295	0.07613	-9.871397	0.072533	19.9598	0.2377	188.32090215055757	2.046545683740606	37.582278676680694	0.4415225809696083	153.33735965740988	1.3253409106396963	11.721
21.288926	0.078889	11.325855	0.074736	2.151376	0.074339	-9.988682	0.071691	19.9544	0.2376	187.2369537350135	2.0422327033938203	37.41288518988519	0.42986327642314026	153.6611340464019	1.30719814155102	11.721
21.210752	0.0677	11.228349	0.070445	2.016353	0.069598	-10.113309	0.064333	19.9382	0.2366	186.87435031892358	1.8290198279361471	37.26051850990982	0.4005415897661936	153.79283047414845	1.2016793946245183	11.721
21.152845	0.075583	11.138534	0.069468	1.89693	0.068697	-10.222598	0.069827	19.9328	0.2373	186.27891707102722	1.9095573504408485	37.14114447656431	0.39264220686945267	153.92143382983036	1.2440522450210636	11.721
21.071849	0.077937	11.020409	0.078724	1.777596	0.081168	-10.3449	0.078027	19.9274	0.2366	185.59082841760184	2.0454067913310516	37.136285103717064	0.45431573160899336	153.88375413301767	1.4292228290448707	11.721
21.041781	0.074538	10.938003	0.0668	1.65469	0.069276	-10.432905	0.067327	19.9058	0.2375	184.62946157937705	1.8289998817382263	36.97427406575508	0.38329874837445094	154.32804869165122	1.2333731826553873	11.721
20.964096	0.08083	10.82665	0.076855	1.543423	0.07748	-10.540798	0.072387	19.9004	0.2374	184.01628313116433	2.0246091975448475	36.97461188272528	0.4346673996576778	154.37115365336922	1.354528273398759	11.721
20.919685	0.075045	10.784034	0.075539	1.484845	0.072861	-10.607574	0.069907	19.9004	0.2374	184.04887296387395	1.9335123179195182	36.911146550429265	0.41658223993430316	154.2664896735268	1.2881500950149434	11.721
20.853645	0.073357	10.688433	0.073976	1.357922	0.068648	-10.703761	0.067862	19.8789	0.2358	183.51365606074958	1.880789680663143	36.78723838161803	0.3978980981408295	154.65960554508555	1.237724498632175	11.721
20.807634	0.07312	10.605533	0.072719	1.270182	0.07282	-10.789258	0.072548	19.8789	0.2358	182.85007936228064	1.8482719264385097	36.7681681063918	0.4053259397004035	154.6883609935056	1.3185119458142869	11.721
20.73976	0.078443	10.52229	0.069574	1.176547	0.069526	-10.850286	0.068367	19.8681	0.2367	182.5750526055594	1.8735857172358779	36.72728413610254	0.3865344102291551	155.10774770682815	1.2575497322904452	11.721
20.681404	0.074566	10.452735	0.073266	1.096493	0.072226	-10.944113	0.070668	19.8681	0.2367	182.37515341739763	1.8638654941344783	36.68606777669762	0.40339787947442074	154.9303402038203	1.3002075757907494	11.721
20.631608	0.085671	10.359986	0.080575	1.010834	0.07871	-10.994549	0.074661	19.8573	0.2372	181.61251921413773	2.0794461047555313	36.713887115003345	0.44233072390645295	155.3848876351815	1.4041427890404623	11.721
20.581329	0.069602	10.325754	0.069025	0.956321	0.072511	-11.055843	0.064719	19.8465	0.2371	181.89667857775558	1.7386137289368833	36.6344188759459	0.3914342642274681	155.29716882233288	1.256529717078284	11.721
20.552661	0.07846	10.289739	0.073	0.92913	0.068199	-11.095159	0.072324	19.8573	0.2372	181.76647316711933	1.8980452905799217	36.668952246389836	0.3913474491578255	155.14057534378577	1.282583583731119	11.721
20.48348	0.069811	10.181644	0.070158	0.816045	0.065932	-11.166512	0.067085	19.8411	0.2369	181.07986647038524	1.7396945418104868	36.649415732729906	0.376749352163203	155.6808968753528	1.2220684608318817	11.721
20.463586	0.075117	10.180211	0.071608	0.798625	0.073435	-11.200426	0.072305	19.8303	0.2361	181.40494282612102	1.8307381303677404	36.586963336529465	0.40000672044547453	155.46688265875912	1.335265192356746	11.721
20.40847	0.082853	10.101164	0.080036	0.732425	0.080544	-11.235449	0.0754	19.8249	0.2356	180.98377574798445	2.022715552635412	36.637131908761965	0.4440356160095816	155.87188696331447	1.4369464618852905	11.721
20.341111	0.07347	10.040545	0.06972	0.674059	0.066038	-11.285466	0.071366	19.8087	0.2368	181.10220085741605	1.7807693630206645	36.64594356527895	0.3757138486746333	155.98069819053822	1.2681435772464076	11.721
20.30573	0.077999	9.990208	0.070796	0.600168	0.073733	-11.341186	0.069871	19.8141	0.2365	180.83962476138154	1.8466400355144186	36.554024174551834	0.3979212039750292	156.21804444384384	1.3288851210135317	11.721
20.254707	0.079077	9.931367	0.080777	0.545681	0.07499	-11.381649	0.073991	19.8141	0.2365	180.70266606679633	1.9786907291921223	36.570979237196546	0.4294672645957584	156.40173126948133	1.381418455877805	11.721
20.235138	0.075429	9.887613	0.075358	0.518565	0.070266	-11.406472	0.073074	19.7926	0.2369	180.28030900771495	1.8576378340528523	36.63592488692683	0.4028966617393243	156.4318176302622	1.3298439229725032	11.721
20.172948	0.078907	9.838598	0.078015	0.464051	0.076466	-11.452133	0.073657	19.7926	0.2369	180.51013729657484	1.9381811295788294	36.61443511535799	0.42666185444861987	156.5480312486566	1.3948243290952942	11.721
20.12633	0.071084	9.779872	0.074597	0.419326	0.065902	-11.496354	0.066653	19.7872	0.2367	180.29889752127673	1.79563175709561	36.66919948567402	0.3899312233082463	156.55465604119917	1.2315029834728455	11.721
20.103383	0.073693	9.763819	0.070686	0.372697	0.076214	-11.516803	0.068612	19.7818	0.2363	180.4191296308614	1.7818098496501258	36.54981243145303	0.4045569192268439	156.89936972040977	1.3532753310287715	11.721
20.062784	0.076812	9.706982	0.077329	0.339628	0.077575	-11.546065	0.072988	19.7818	0.2363	180.13623539866376	1.8959218719222832	36.64255036469633	0.42846556772666655	156.9496291050924	1.4065061141168886	11.721
20.005338	0.074916	9.650162	0.071895	0.291025	0.076784	-11.575321	0.069597	19.7818	0.2363	180.14710543140043	1.8063667400066783	36.674721062431615	0.4121918551782623	157.20552265485486	1.3729168552895274	11.721
19.9636	0.075014	9.63823	0.072677	0.265796	0.077831	-11.599542	0.072689	19.771	0.2353	180.66714867393452	1.8275348519637575	36.62268979762651	0.4160992557772515	157.21887274534265	1.4110976420200294	11.721
19.933481	0.072115	9.581391	0.071053	0.217206	0.071576	-11.619515	0.068235	19.771	0.2353	180.20082369565583	1.7622754101231417	36.65494935971183	0.3947854653666513	157.59897985328894	1.3166604335168883	11.721
19.918738	0.069446	9.561201	0.071051	0.195846	0.069443	-11.639826	0.07189	19.771	0.2353	180.1060529548269	1.7276356618469846	36.65036942510593	0.38879920865531176	157.61295206923086	1.3310455389437008	11.721
19.872488	0.068825	9.537012	0.070691	0.166725	0.070304	-11.656485	0.067427	19.771	0.2353	180.49049519522396	1.72294755567321	36.63108186277019	0.38975147839360164	157.77906446621125	1.2999464343189118	11.721
19.850032	0.075938	9.488898	0.070726	0.13376	0.070212	-11.688254	0.069849	19.771	0.2353	179.9974407015429	1.802780614846492	36.681006994246786	0.39075818603410223	157.75465073071788	1.3215871681478468	11.718
19.815641	0.082474	9.456277	0.074426	0.106546	0.074	-11.715557	0.073876	19.7764	0.2359	180.07427838253406	1.931059771127421	36.711618081306185	0.41209798223159194	157.79384328325858	1.3956558884206485	11.721
19.769722	0.073817	9.420136	0.074678	0.077452	0.075148	-11.750839	0.068399	19.7656	0.2358	180.24442948518728	1.828705763789636	36.739306736965915	0.4166125455776689	157.71129017763062	1.354876643999487	11.721
19.77713	0.081802	9.4267	0.072576	0.054218	0.07881	-11.738521	0.071501	19.771	0.2353	180.22972713580558	1.9042034451924335	36.62250165867401	0.41863178269828555	158.18674706131205	1.4273962999929428	11.721
19.70035	0.066541	9.365698	0.065757	0.02506	0.069024	-11.765646	0.067249	19.7602	0.2362	180.50488987880976	1.6339419775159856	36.74735143475398	0.37505094394948235	158.21403602958935	1.2931125041734728	11.721
19.689906	0.072849	9.349596	0.069301	0.00178	0.071287	-11.797059	0.069675	19.7656	0.2358	180.4061077852298	1.7542201561137039	36.719134149005264	0.39053418949803453	158.10497809969957	1.3357383982430588	11.721
19.66302	0.075162	9.329641	0.070227	-0.0176	0.072339	-11.789937	0.067347	19.7602	0.2362	180.52713009851328	1.7970674851314592	36.721394049751765	0.39607984392798345	158.46090095408604	1.330372495302827	11.721
19.63754	0.073178	9.291212	0.075005	-0.040891	0.076673	-11.815639	0.072156	19.7494	0.2367	180.30116622590273	1.8261170930679442	36.78096461840974	0.422742701324303	158.4284428524423	1.4166145811554078	11.721
19.621331	0.074295	9.267299	0.073319	-0.06802	0.071645	-11.827055	0.069187	19.7656	0.2358	180.16701931052617	1.8163114080125855	36.76829282012215	0.40375585417029747	158.64014784364565	1.3436756535208545	11.721
19.549044	0.078321	9.20242	0.073311	-0.11848	0.071638	-11.870897	0.070219	19.7548	0.2365	180.29600695792595	1.8693917435811336	36.82517066164564	0.4049640787919339	158.72948666720688	1.3548467707929661	11.721
19.544915	0.075209	9.206487	0.070555	-0.124295	0.066787	-11.869096	0.063475	19.7602	0.2362	180.43894720238643	1.7998425926563162	36.78616978758052	0.3830174897773876	158.83241084149012	1.246048069278124	11.721
19.522786	0.07486	9.17671	0.0704	-0.126192	0.069806	-11.877039	0.070335	19.744	0.2367	180.3055625518913	1.7908941937770857	36.89641593381087	0.3932081720689193	158.75069319618402	1.3387519085140378	11.721
19.501527	0.077106	9.160477	0.071678	-0.170801	0.06767	-11.902732	0.066544	19.7548	0.2365	180.39319381284093	1.8364861746319432	36.78421681666914	0.38858697413573823	159.0066505295075	1.286306030339911	11.721
19.46781	0.072135	9.140285	0.071137	-0.174682	0.068305	-11.897155	0.070296	19.7548	0.2365	180.629444138687	1.7719448787216843	36.848628140970426	0.3901294947185103	159.13493606485528	1.3305812826702075	11.721
19.426565	0.076115	9.10341	0.071347	-0.207689	0.070912	-11.935143	0.069839	19.7386	0.2366	180.70590425140162	1.8262119546161886	36.86393455690873	0.3982592565667387	159.06735574034127	1.3499695479856066	11.721
19.416592	0.077674	9.06537	0.071348	-0.217361	0.069105	-11.928072	0.065966	19.744	0.2367	180.21593819185682	1.836242282344463	36.97658704583028	0.3956600358226767	159.29477557744903	1.2995197134622773	11.721
19.361262	0.082186	9.044908	0.077531	-0.258089	0.073637	-11.953495	0.071637	19.7548	0.2365	180.8250371724161	1.9803975384736126	36.89603655541206	0.4240775444317069	159.5032365012759	1.4010963203185025	11.721
19.35129	0.076725	9.022992	0.068128	-0.261947	0.069393	-11.955645	0.065897	19.7386	0.2366	180.6159257873393	1.7943402601833396	36.96779717811276	0.38718490647277204	159.52652310755204	1.3055062384355016	11.721
19.334557	0.074354	9.008926	0.072539	-0.292951	0.069005	-11.981502	0.069575	19.7278	0.2361	180.66258018500508	1.8174915338540383	36.900481275934524	0.3971691156700902	159.59677482381375	1.3379942105375024	11.721
19.31347	0.072011	8.99882	0.068568	-0.291016	0.067866	-11.985146	0.065895	19.7332	0.2364	180.85490250875543	1.7434624059224848	36.948312589108774	0.3837095978853196	159.52063797792468	1.2903642975584126	11.721
19.298687	0.071676	8.976629	0.074567	-0.298769	0.071169	-11.981415	0.067024	19.7278	0.2361	180.7250978295901	1.8109042090958978	37.00582268676781	0.4112506052754002	159.6774584928291	1.3361932184653915	11.721
19.292766	0.068114	8.964718	0.073162	-0.331697	0.065963	-12.005601	0.067192	19.744	0.2367	180.62029394627135	1.7481491585289022	36.92216455137891	0.39123917854846635	159.79702033679638	1.2888843625470126	11.721
19.250373	0.069416	8.924268	0.071383	-0.358832	0.072295	-12.018285	0.068914	19.744	0.2367	180.6080370664955	1.7415194710721433	36.96565700633877	0.40456631819803157	159.9541226181732	1.3702133277129496	11.718
19.238757	0.073132	8.922702	0.07156	-0.362676	0.0723	-12.017013	0.073692	19.7494	0.2367	180.83027036961334	1.7935436811669265	36.966046501686414	0.4049815645994052	160.06531425986643	1.4178929138592262	11.721
19.184663	0.074654	8.909897	0.069675	-0.360788	0.078211	-12.03268	0.066239	19.7278	0.2361	181.5569396589362	1.804423393057412	37.024635666117085	0.4183249658238518	159.8245655763281	1.4034334145225178	11.721
19.18542	0.070772	8.871987	0.072462	-0.389822	0.066882	-12.047866	0.06965	19.7332	0.2364	180.87624361828017	1.776395988902264	37.06012062575803	0.3945775673298594	160.01441288613012	1.3253854606486772	11.721
19.152277	0.071918	8.862126	0.065988	-0.409178	0.065475	-12.062876	0.068633	19.7386	0.2366	181.28548513567318	1.7195288815906626	37.02216254459908	0.3712030735019994	160.0741006234377	1.3029196553423616	11.721
19.167278	0.077723	8.866289	0.071322	-0.418854	0.070432	-12.057523	0.069128	19.7548	0.2365	181.094766835418	1.854519101057323	36.966981549917016	0.39907613371900763	160.28080291719124	1.359079332293577	11.721
19.131357	0.067444	8.819886	0.070139	-0.440165	0.071594	-12.059233	0.067107	19.7224	0.2356	180.91066804131765	1.707168903550188	37.06715331267363	0.40119234009917637	160.55117363520299	1.3559159675809525	11.721
19.112312	0.075122	8.803716	0.069786	-0.46728	0.07262	-12.097847	0.071994	19.7332	0.2364	180.9611224035302	1.7999432966154232	37.023392506682974	0.4022068836601592	160.39244558910482	1.4102015473295755	11.721
19.078951	0.073129	8.785704	0.070499	-0.457592	0.069671	-12.08508	0.06741	19.7386	0.2366	181.18457798791545	1.78799797036594	37.12483916483574	0.39809450668627805	160.39385818988987	1.3372872224061285	11.718
19.047092	0.079017	8.763397	0.080845	-0.47503	0.07546	-12.108816	0.076785	19.7494	0.2367	181.39931000123775	1.9940888118265538	37.15391546895259	0.4447562601744816	160.34807026588314	1.4838385046127387	11.721
19.047017	0.073941	8.763363	0.06851	-0.476968	0.071505	-12.105086	0.066525	19.7332	0.2364	181.40003799632024	1.7780883400847474	37.14625824829924	0.39809237963922833	160.42622933745503	1.3474314730147594	11.721
19.034725	0.076323	8.741363	0.075854	-0.496323	0.071156	-12.118162	0.070132	19.7278	0.2361	181.22895152556507	1.8945562072305757	37.15689297261184	0.4183396786391273	160.5129067407978	1.3798655107000208	11.721
19.02618	0.07091	8.737272	0.073478	-0.504072	0.072534	-12.116231	0.06982	19.7386	0.2366	181.30738087494703	1.799414573004554	37.14219174535419	0.41496812746040157	160.64670477491748	1.392816603284066	11.721
18.988484	0.065805	8.695054	0.067533	-0.515686	0.067419	-12.121803	0.07136	19.744	0.2367	181.1813518932814	1.6596931072697008	37.25606122426138	0.3859831111238985	160.68920277890402	1.3592051702851349	11.718
18.969002	0.07175	8.712891	0.072918	-0.527316	0.068269	-12.147243	0.068897	19.744	0.2367	181.88718574932062	1.8142341003308038	37.146758270717186	0.4015657892374907	160.53931100678187	1.34003244602937	11.721
18.999575	0.070379	8.71343	0.067681	-0.515672	0.066531	-12.133213	0.066679	19.7494	0.2367	181.35609489668616	1.721532772018049	37.1914554900069	0.3824505351839524	160.57228535714958	1.3019042893860682	11.721
18.92532	0.0757	8.672824	0.067946	-0.554408	0.069661	-12.138253	0.070222	19.7278	0.2361	181.95130545947615	1.8052512993632597	37.198990528285414	0.39229997282149626	161.03938004398256	1.3750916490183467	11.721
18.941729	0.078952	8.660588	0.071454	-0.579579	0.071229	-12.15277	0.068625	19.744	0.2367	181.4443540830372	1.879272812240368	37.14692245667452	0.4056012935532195	161.18761568621835	1.3775678753787393	11.721
18.910339	0.076766	8.660621	0.070154	-0.579577	0.071584	-12.167552	0.068723	19.7494	0.2367	181.95404633849714	1.8461071408900653	37.13728628315075	0.4028322429494175	160.9407673080128	1.3782064626003367	11.718
18.924724	0.067018	8.654453	0.068484	-0.564099	0.06774	-12.16369	0.067729	19.744	0.2367	181.58992215922365	1.6942054983973973	37.224487901425924	0.38896579110102314	160.7796040509072	1.327738740218005	11.718
18.889215	0.073621	8.636418	0.072068	-0.575709	0.068575	-12.160094	0.068357	19.7494	0.2367	181.89938986456198	1.8277764219612842	37.250450708797956	0.40226165445370543	160.99064199996354	1.3456103145091187	11.718
18.864197	0.075879	8.620395	0.077061	-0.593125	0.073188	-12.167552	0.070378	19.744	0.2367	182.1057259306197	1.9225594776091943	37.25435494270713	0.4297264404036788	161.17039960639175	1.4138552816339067	11.721
18.846529	0.071378	8.579778	0.068324	-0.620234	0.064834	-12.196491	0.066595	19.7548	0.2365	181.6986723210997	1.7486782323502055	37.309052029560625	0.38196799839435597	161.1449359441963	1.293794833335994	11.721
18.821071	0.076279	8.55954	0.070461	-0.635719	0.069652	-12.21473	0.071828	19.744	0.2367	181.74456822305348	1.8391796097811357	37.318784818348725	0.4020997041200098	161.06536395915236	1.3917506149615486	11.718
18.858426	0.075355	8.584429	0.07393	-0.618274	0.071225	-12.17339	0.066617	19.744	0.2367	181.57052413405313	1.8656241915636727	37.29814466362415	0.41606638855668715	161.4397439066462	1.3625282618673369	11.721
18.817471	0.079438	8.559804	0.073911	-0.649253	0.074833	-12.216929	0.075709	19.744	0.2367	181.85958172272464	1.9236811880588156	37.27240855516902	0.4256987581100019	161.26446467366068	1.4840206463244134	11.721
18.796135	0.071441	8.553607	0.073555	-0.658933	0.07666	-12.216706	0.068084	19.7548	0.2365	182.1283907326183	1.8233056006321207	37.25831616253567	0.42967033534969	161.402643593903	1.4318053477502757	11.721
18.809455	0.075212	8.553937	0.071772	-0.645377	0.06975	-12.213469	0.06953	19.7494	0.2367	181.89769563557286	1.8439361949562314	37.31188168105197	0.4059247633989851	161.25867070919213	1.3728850510022628	11.721
18.779364	0.070015	8.531493	0.070264	-0.67441	0.070216	-12.222231	0.068267	19.7548	0.2365	181.98683772419594	1.7615035132897572	37.27563489022936	0.40221347224922416	161.5003963914057	1.3696111748951327	11.718
18.775541	0.070037	8.529647	0.0684	-0.670535	0.0704	-12.233504	0.071604	19.7386	0.2366	182.06855249717424	1.7396235382926908	37.308361847861676	0.39804284405871326	161.33011069910575	1.4010283649356028	11.721
18.750017	0.077216	8.50737	0.07072	-0.678279	0.070218	-12.224073	0.068455	19.7602	0.2362	182.07966070110467	1.8613460072545696	37.35782333604366	0.4053107262348131	161.5287562939793	1.3719499962068116	11.718
18.743655	0.070879	8.481208	0.071748	-0.691822	0.072595	-12.247968	0.06801	19.744	0.2367	181.77487636974965	1.786402706133188	37.418796863248005	0.4163577433283522	161.42536048078514	1.3895521886789153	11.721
18.707952	0.076056	8.473136	0.074629	-0.695692	0.074825	-12.235033	0.073231	19.7494	0.2367	182.26561916765885	1.897577264586749	37.4359463196674	0.4314870731925299	161.66045190674632	1.4667638627898667	11.721
18.716703	0.072061	8.481339	0.071399	-0.71503	0.071568	-12.255513	0.068713	19.7656	0.2358	182.25584813925366	1.8063263970480903	37.32383294022795	0.41029052851680164	161.64445412613458	1.3896725339339555	11.721
18.749473	0.071619	8.500019	0.07047	-0.689864	0.06926	-12.236062	0.069249	19.7548	0.2365	181.95873576939607	1.783745219315871	37.34061524167893	0.4014789355745871	161.52309561461934	1.3701242329201893	11.718
18.691923	0.075023	8.465423	0.076524	-0.713091	0.078035	-12.263103	0.072105	19.744	0.2367	182.36714678609562	1.9110562932061415	37.38686593183944	0.4451915826973083	161.46975500464654	1.4853552602496052	11.718
18.688247	0.074638	8.453593	0.069802	-0.716953	0.069258	-12.252368	0.06801	19.7494	0.2367	182.22184559489443	1.8194603498038282	37.41935182297602	0.4012295684549544	161.67408051375074	1.3604448594473701	11.718
18.697146	0.071867	8.455831	0.074316	-0.715012	0.077422	-12.236107	0.068066	19.7548	0.2365	182.10333916452123	1.838250762126413	37.41813999581934	0.4378695853254909	161.87503364347958	1.4484206071955668	11.718
18.665637	0.081726	8.44374	0.077038	-0.742093	0.075123	-12.267369	0.075675	19.7656	0.2358	182.44925645455157	2.0046322762264768	37.357079346546925	0.437597955881162	161.81630806267347	1.4971116454474034	11.718
18.664976	0.077056	8.419332	0.078109	-0.755639	0.074895	-12.266965	0.075207	19.7494	0.2367	182.0263981852592	1.9493175642284613	37.40130397056433	0.44112937668127444	162.01240520434416	1.493810777508317	11.718
18.639538	0.07039	8.399108	0.071058	-0.753709	0.071563	-12.285199	0.070994	19.7494	0.2367	182.16571085368335	1.7792450479251134	37.50143130050907	0.413205215563228	161.7705090210343	1.414143131390723	11.721
18.603262	0.071177	8.384753	0.073862	-0.78079	0.079784	-12.282954	0.069887	19.7494	0.2367	182.50975047782495	1.8320807505441683	37.43977922299635	0.4441238199336083	162.14145516489702	1.4951483636686296	11.718
18.652844	0.069799	8.435603	0.067657	-0.734359	0.069738	-12.243294	0.071945	19.7656	0.2358	182.57914499211685	1.737074376206995	37.43131460350178	0.3966178748314571	162.08754250107336	1.4111413082651354	11.721
18.602193	0.072262	8.387215	0.067861	-0.774978	0.068036	-12.290947	0.068613	19.7548	0.2365	182.57283744240127	1.7717659602115945	37.45346673510895	0.39281640149931	161.9470790482621	1.3588378535587537	11.718
18.608552	0.073112	8.379211	0.068074	-0.774977	0.069829	-12.276262	0.066706	19.744	0.2367	182.36317198931292	1.780917207517072	37.49581592328034	0.3994447062015304	162.1953646013374	1.3618612727471613	11.721
18.563391	0.07149	8.326464	0.068969	-0.815595	0.071902	-12.310525	0.065934	19.7494	0.2367	182.18140373565942	1.7678192145283986	37.53595177507017	0.40907442325217025	162.24348917721701	1.3769428914938668	11.718
18.602193	0.076146	8.377169	0.07422	-0.792382	0.073243	-12.296471	0.068709	19.7602	0.2362	182.39346449451565	1.8967734659627258	37.42341128667867	0.42557277477789307	162.1143253602307	1.4152053438884522	11.718
18.595909	0.073076	8.379178	0.070059	-0.794316	0.075038	-12.301995	0.067389	19.7656	0.2358	182.54152916610238	1.8087429859754327	37.407326391790455	0.4186198879884549	162.06375448227732	1.4203723379198094	11.718
18.555232	0.067885	8.350665	0.066446	-0.815593	0.067716	-12.301455	0.066688	19.7602	0.2362	182.75911287956305	1.701255972293693	37.436856150686076	0.38747228477495066	162.37158379409925	1.343561170170618	11.718
18.548949	0.078423	8.316518	0.079379	-0.823326	0.074808	-12.314342	0.07036	19.7548	0.2365	182.26143759324762	1.9875681224839519	37.54504681801669	0.448062621562384	162.2987645071325	1.4504988223140916	11.718
18.583413	0.075752	8.369165	0.071692	-0.792381	0.06772	-12.294675	0.068537	19.7656	0.2358	182.58589424128866	1.8643904221645466	37.456109348634584	0.4031943238046458	162.13963214571578	1.358179297985976	11.718
18.564122	0.073576	8.336829	0.070567	-0.819456	0.071556	-12.32018	0.07091	19.7656	0.2358	182.35300719012199	1.8177124568077108	37.47763360948175	0.4113515420455685	162.16175160561036	1.4204435215374946	11.718
18.49421	0.073547	8.310364	0.07378	-0.850394	0.072908	-12.338093	0.069864	19.7656	0.2358	183.1778596296991	1.8738166105471001	37.46892203519603	0.4242551619144331	162.38718819633831	1.4274088440962853	11.721
18.517681	0.076015	8.304531	0.071318	-0.836859	0.070013	-12.319955	0.067387	19.7656	0.2358	182.60552064088608	1.863639243604015	37.53869931977532	0.41040016948142016	162.41069472364006	1.3743785796451438	11.718
18.502731	0.070168	8.300386	0.073456	-0.827194	0.070843	-12.314252	0.069186	19.7602	0.2362	182.7989131551703	1.8201217764274504	37.595492598669544	0.4203405475296817	162.3546845768975	1.3995537684179635	11.718
18.518921	0.075315	8.309093	0.068471	-0.844583	0.07129	-12.315197	0.070031	19.771	0.2353	182.66493115255025	1.821088934929419	37.488312672875814	0.4048185808206086	162.5874294872697	1.4164824092291632	11.718
18.50122	0.071967	8.280559	0.070533	-0.858122	0.068134	-12.33118	0.070617	19.7656	0.2358	182.47131958707828	1.7990197843136597	37.54982647378973	0.40294508104065907	162.55278887589773	1.3902926997285028	11.718
18.50346	0.074257	8.310749	0.073081	-0.842655	0.071202	-12.32943	0.071124	19.7656	0.2358	182.9716898016588	1.8702766699398594	37.489426688999856	0.4178891991481347	162.35869105495925	1.4224743653178946	11.718
18.477969	0.073975	8.282471	0.072859	-0.860057	0.066039	-12.332886	0.068257	19.7656	0.2358	182.9216836884427	1.862866948878781	37.53402685746673	0.4037037749105673	162.55603073511608	1.3456662234185357	11.718
18.484396	0.075481	8.268478	0.07455	-0.871654	0.071984	-12.336658	0.071232	19.7656	0.2358	182.55603894298795	1.8958104264289335	37.543866410839094	0.42567422570158503	162.66698778927872	1.4368407568860095	11.718
18.489458	0.075604	8.288944	0.074277	-0.854251	0.073559	-12.33904	0.075182	19.7602	0.2362	182.83172959063162	1.899667746076395	37.53128932597971	0.42910707254890806	162.38675454049735	1.4872052948937313	11.718
18.459416	0.073564	8.282599	0.071426	-0.865854	0.070475	-12.34043	0.069305	19.7656	0.2358	183.30436920235718	1.846849503867487	37.51931928529764	0.4115175836881948	162.57290607085213	1.4004184327157057	11.721
18.462237	0.079795	8.242754	0.073339	-0.877449	0.073234	-12.344563	0.072096	19.7656	0.2358	182.4923671923016	1.9353429773050244	37.625903452174	0.42758509827913893	162.63705659005836	1.4575396813397643	11.718
18.449457	0.066128	8.274789	0.067823	-0.871651	0.067172	-12.344427	0.063961	19.771	0.2353	183.29617385195294	1.7064722371212158	37.51797197821995	0.39155537270591917	162.5567821266879	1.3142047700711765	11.718
18.443249	0.077143	8.240683	0.071388	-0.889048	0.075401	-12.353676	0.072092	19.7656	0.2358	182.79495848019775	1.8831363730820436	37.58663974905755	0.427480282988803	162.67230965126333	1.4802015009393645	11.718
18.447872	0.071039	8.238865	0.074842	-0.894845	0.073633	-12.341061	0.065523	19.7656	0.2358	182.6796395214827	1.8464458411081375	37.570262636400145	0.43186541105305426	162.93397819841	1.4030432120130532	11.718
18.459489	0.068462	8.260541	0.071665	-0.887117	0.06844	-12.344156	0.070877	19.771	0.2353	182.85979455352265	1.7769878257045089	37.51297904073811	0.4063748054811997	162.7800634975907	1.399862055091837	11.718
18.422096	0.067377	8.216493	0.070477	-0.892914	0.06813	-12.342496	0.06748	19.771	0.2353	182.74055723768714	1.7458606029564412	37.670496094943445	0.4053625324345705	162.88609181800862	1.3641973945993409	11.718
18.375611	0.075875	8.206264	0.075139	-0.925772	0.071458	-12.371676	0.068721	19.7656	0.2358	183.3920664501757	1.9257284817473503	37.57714732479061	0.42668016768653344	162.9384369267171	1.4113168169348473	11.718
18.424625	0.070592	8.244794	0.07012	-0.887114	0.070381	-12.35013	0.068555	19.7602	0.2362	183.20320895231976	1.7906539022031873	37.57767711210032	0.4088237347991688	162.69518778203027	1.3944821421546434	11.718
18.405567	0.070215	8.196511	0.071263	-0.910309	0.066035	-12.348154	0.069036	19.771	0.2353	182.67874767798304	1.7901379336536944	37.68119900205848	0.4019942043338105	163.05323773888824	1.3618810715918617	11.718
18.390552	0.075005	8.188322	0.076119	-0.93157	0.073227	-12.38474	0.069758	19.771	0.2353	182.80097740042098	1.9147666428568109	37.62718829459402	0.43578525423674636	162.83504649992972	1.4378878111372875	11.718
18.418997	0.069489	8.21496	0.07824	-0.89291	0.070103	-12.361581	0.070907	19.7764	0.2359	182.76860499482143	1.8743042863560955	37.67685328381325	0.4345700125015794	162.6149649927518	1.4137976628839273	11.718
18.363849	0.069324	8.182521	0.069377	-0.933501	0.070924	-12.377695	0.065498	19.771	0.2353	183.17624682653482	1.7645410647641364	37.64316249193	0.40968777675035656	162.9627739439052	1.3747240706315071	11.718
18.386873	0.07004	8.20862	0.070554	-0.91804	0.075174	-12.377695	0.070985	19.7656	0.2358	183.23160627680008	1.789705842070412	37.59928534795294	0.42473122672598906	162.7429044931548	1.4683164492587992	11.718
18.382687	0.065781	8.198581	0.06662	-0.923838	0.066382	-12.381376	0.065163	19.7656	0.2358	183.12631110630088	1.6835073003875587	37.61676297499566	0.3878069073296772	162.77297457213703	1.321501190753059	11.718
18.377059	0.075758	8.178789	0.072369	-0.931567	0.071892	-12.378102	0.071737	19.7656	0.2358	182.87197104684302	1.8786725080655713	37.66657045338347	0.42175217538666415	162.9294418483179	1.4456231747901929	11.718
18.353746	0.076581	8.170633	0.075992	-0.923837	0.07047	-12.368718	0.073664	19.7764	0.2359	183.14415043470197	1.940340201584771	37.73236713531037	0.42998761253838247	162.95298916201338	1.4514735866273298	11.718
18.33823	0.073649	8.154196	0.072013	-0.933502	0.073468	-12.388421	0.073519	19.771	0.2353	183.1275996010927	1.8522165232948593	37.760482642553	0.4274624305243109	162.81019328003862	1.4772496404860724	11.718
18.321706	0.077195	8.16232	0.072958	-0.947029	0.073225	-12.390398	0.069427	19.771	0.2353	183.61888728811113	1.9197364622250348	37.680379039144036	0.42757480839196144	163.01625776889006	1.4374522687656786	11.721
18.331952	0.075689	8.152189	0.070594	-0.954759	0.073546	-12.392102	0.068699	19.771	0.2353	183.20442635565036	1.8626985547042967	37.680665937100606	0.4218006631334053	163.06039168893045	1.4348224321917606	11.718
18.340828	0.068345	8.152409	0.066495	-0.948961	0.066945	-12.388738	0.063755	19.7764	0.2359	183.04877630593526	1.713194966081263	37.70375850275799	0.3908875055775204	163.0256979485276	1.3174322842449575	11.718
18.326107	0.071547	8.152378	0.07091	-0.943164	0.073226	-12.37765	0.068442	19.771	0.2353	183.31307410564355	1.8150313209394555	37.72792083101112	0.4228099558979522	163.10113397764061	1.4296983423932863	11.718
18.33253	0.071004	8.140397	0.067542	-0.956691	0.067165	-12.388784	0.070873	19.771	0.2353	182.98208395528383	1.7593775584039015	37.721507008615426	0.39497064304876056	163.13528102885476	1.393361532794631	11.718
18.320118	0.071061	8.144474	0.068466	-0.952826	0.068022	-12.387034	0.068516	19.771	0.2353	183.32551294854218	1.777791435724279	37.730284139923825	0.4002750793252263	163.14686189238992	1.3775639244593858	11.721
18.301141	0.073463	8.140397	0.067542	-0.954759	0.066833	-12.386943	0.066623	19.771	0.2353	183.59433723275274	1.8031650057598914	37.73918101843912	0.394269334831334	163.17573410727775	1.346945178948047	11.721
18.277118	0.068798	8.119888	0.06754	-0.981811	0.068935	-12.419434	0.068178	19.771	0.2353	183.6108354377464	1.7427800803832176	37.702400480527515	0.3997660690565585	163.05639248283188	1.3822026311571036	11.718
18.289383	0.072012	8.12779	0.07452	-0.989539	0.071537	-12.408212	0.070513	19.771	0.2353	183.53201025412804	1.8716782493190807	37.637764288066464	0.4264366037687877	163.32700452190534	1.4367461203062284	11.718
18.298184	0.072903	8.138013	0.072419	-0.97215	0.071098	-12.406644	0.071341	19.771	0.2353	183.60469459961058	1.8569547224046854	37.67701168747658	0.41971930158178145	163.14278188269847	1.4370338392972208	11.721
18.289959	0.068636	8.136069	0.072328	-0.966353	0.067704	-12.390171	0.063589	19.7764	0.2359	183.71826323635986	1.8040967764863503	37.70905382089469	0.4104263369942903	163.2952402694447	1.3276981479610366	11.721
18.307202	0.078967	8.136289	0.071317	-0.948962	0.07019	-12.390488	0.068856	19.771	0.2353	183.36382292078991	1.9182821033519208	37.770658078934595	0.41599831604923215	163.00076698372877	1.4007720264275905	11.718
18.283755	0.070721	8.120044	0.073451	-0.993404	0.073219	-12.401259	0.071571	19.771	0.2365	183.49377660627513	1.8408242963501267	37.65379316574043	0.4285041308170922	163.48188283537863	1.4672990767491683	11.718
18.271202	0.076961	8.099975	0.073449	-0.98954	0.070827	-12.386536	0.071256	19.7764	0.2359	183.40512805054308	1.918312836894336	37.76260209592057	0.42390968721026073	163.67954088934565	1.4428919552855461	11.721
18.288371	0.071607	8.122239	0.07103	-0.979879	0.070186	-12.392329	0.069648	19.771	0.2353	183.45006858696607	1.8200405425773765	37.70066224969248	0.41360261335117043	163.41606573489096	1.4158556149398724	11.718
18.254322	0.073782	8.097906	0.066689	-0.995336	0.068225	-12.401168	0.066656	19.7764	0.2359	183.62556844248482	1.7981087739767374	37.737463982714765	0.3959332330692779	163.51087228697983	1.3673622478387792	11.718
18.24336	0.074987	8.077621	0.0741	-1.006927	0.072808	-12.415573	0.069144	19.771	0.2353	183.4571715921943	1.9025049863288195	37.773578501252764	0.4319480609386381	163.47054993986515	1.438725449641519	11.718
18.264494	0.075951	8.099788	0.07178	-1.001131	0.07256	-12.417549	0.073017	19.771	0.2353	183.52277489185377	1.8867848310046986	37.71528235976477	0.4229695817240025	163.40109022624478	1.4733507186868404	11.721
18.235352	0.070024	8.07577	0.071309	-1.02045	0.068529	-12.41948	0.067354	19.7872	0.2367	183.6153523121447	1.8062596789460645	37.73476317486427	0.41027844342840036	163.65034367122234	1.3794865560836098	11.721
18.275314	0.075617	8.091917	0.075875	-1.004996	0.07626	-12.408575	0.071039	19.771	0.2353	183.1859343357191	1.926969864915851	37.73189252267062	0.4461996643894761	163.5850549871714	1.4950607646566694	11.721
18.250066	0.07	8.093861	0.071625	-1.003063	0.07471	-12.415845	0.070195	19.771	0.2353	183.67639493049174	1.8112384606894734	37.73184228528803	0.4292823268057434	163.45315271686403	1.4681870890347313	11.721
18.218403	0.073034	8.069657	0.072668	-1.016586	0.07046	-12.439584	0.070507	19.7764	0.2359	183.76434895588696	1.8655246547705098	37.766528879932494	0.4207085591348769	163.26516143055596	1.4246750150807064	11.718
18.263265	0.067904	8.084109	0.066073	-0.9992	0.068225	-12.410732	0.065927	19.7872	0.2367	183.26224732032964	1.7057610634692844	37.78840243796581	0.39511629450440794	163.47104747099652	1.3590721703668316	11.721
18.229005	0.075491	8.065707	0.075111	-1.02045	0.072558	-12.428635	0.071034	19.7818	0.2363	183.5012238197688	1.9227443673626092	37.766889579528176	0.43407998783119117	163.47715722887423	1.4550580021891062	11.718
18.224821	0.071649	8.077746	0.071981	-1.010791	0.072138	-12.426795	0.068457	19.771	0.2353	183.79459397799482	1.8395952345170794	37.75699990574654	0.42336160720235017	163.36518726067303	1.423151796368719	11.718
18.239679	0.072239	8.075833	0.075807	-1.003064	0.075163	-12.41037	0.070575	19.7764	0.2359	183.4913281891054	1.8904531515988858	37.797092319871425	0.44442965548066055	163.48975265743317	1.4776784880666496	11.718
18.201169	0.069867	8.053389	0.072801	-1.039765	0.070457	-12.441106	0.066652	19.7764	0.2359	183.82887338586076	1.8278695336133755	37.747490426055364	0.420567469055786	163.61716767891102	1.391845875284869	11.721
18.21018	0.07014	8.043637	0.070497	-1.028177	0.066826	-12.423115	0.067801	19.7818	0.2363	183.44264052469737	1.7943725110992306	37.82660149872736	0.4050285183877759	163.66721058657163	1.367344145021866	11.718
18.211842	0.07371	8.045457	0.072034	-1.041697	0.076751	-12.422842	0.068368	19.7764	0.2359	183.49247079073973	1.8601880959007946	37.772412688725815	0.43753166760718704	163.90750920201862	1.4802824831890065	11.721
18.209893	0.073781	8.041506	0.075347	-1.037835	0.069225	-12.428453	0.066882	19.771	0.2353	183.4563375107982	1.9026059722702129	37.804917598146076	0.42604159736816616	163.77118490075054	1.3839520997499726	11.721
18.197202	0.070289	8.045457	0.071977	-1.039766	0.068928	-12.448602	0.073029	19.771	0.2353	183.71005679169465	1.8205814327281078	37.770773485900925	0.41431900811828587	163.46782541599055	1.4388519553071573	11.718
18.236141	0.065599	8.074106	0.067363	-1.014657	0.074093	-12.416299	0.0667	19.7818	0.2363	183.5710150812444	1.6985412861297735	37.765726707893975	0.41609334314013935	163.61284404065202	1.4305806995503374	11.721
18.198133	0.067986	8.035828	0.070065	-1.045564	0.07162	-12.438153	0.064023	19.7764	0.2359	183.519164843167	1.7630535593107675	37.78670299908364	0.4168913100049675	163.70094544000457	1.380352993406519	11.718
18.176861	0.080246	8.025642	0.075166	-1.049426	0.074397	-12.439766	0.070938	19.7764	0.2359	183.71958044807124	1.9899268642692747	37.813035235061626	0.44066138266806976	163.73326951765867	1.477674087955836	11.718
18.178952	0.071531	8.031661	0.068873	-1.045563	0.070731	-12.437926	0.071571	19.7764	0.2359	183.79068483752883	1.79851661146421	37.804056673446595	0.411154740780888	163.7041918984954	1.4459339429218008	11.718
18.157754	0.076206	8.025519	0.076979	-1.053288	0.072802	-12.434064	0.069056	19.7926	0.2369	184.063780255643	1.9677498243402196	37.79746595817919	0.4411096590527403	163.87086196645686	1.4448434868656672	11.718
18.214435	0.072099	8.04768	0.070925	-1.037836	0.06822	-12.425	0.069644	19.7764	0.2359	183.4857938415416	1.8252769485855012	37.7792225891175	0.40920405984991354	163.82086493269117	1.4025389273437212	11.721
18.180185	0.077814	8.035302	0.077082	-1.032038	0.071531	-12.44474	0.07318	19.7818	0.2363	183.88137691886817	1.985272840674959	37.854953390858384	0.43902483051826774	163.4542917975043	1.4656240060468688	11.721
18.176289	0.075843	8.029407	0.072994	-1.037834	0.071091	-12.441242	0.068545	19.7764	0.2359	183.79810751224008	1.9067034225125128	37.845676395845395	0.4252866582107096	163.54563604832742	1.4163116733453756	11.718
18.185298	0.069866	8.037711	0.068943	-1.037836	0.07055	-12.437972	0.073419	19.7764	0.2359	183.83237888207384	1.7781656036785838	37.82072096507614	0.41107706306380476	163.63447246086872	1.461521347063536	11.721
18.183421	0.071701	8.049842	0.072721	-1.041701	0.071445	-12.432588	0.069753	19.7818	0.2363	184.08648980307345	1.8551906179000346	37.754181382986424	0.42334281305027943	163.76732263745134	1.4355333820514773	11.721
18.173036	0.066984	8.027803	0.066547	-1.053291	0.069803	-12.439993	0.068686	19.7764	0.2359	183.82797614807592	1.710870951019924	37.787945116742335	0.4013082376638864	163.78557175156936	1.4086097461415823	11.718
18.167192	0.073403	8.025983	0.068943	-1.055224	0.068527	-12.434746	0.065384	19.7872	0.2367	183.90092098217096	1.8261472650116288	37.78747523385584	0.4044815225782164	163.88892695165796	1.3641007104503253	11.718
18.166977	0.069362	8.033915	0.067874	-1.043633	0.071181	-12.44197	0.065781	19.7764	0.2359	184.09589207413353	1.7631126562765669	37.812383171274476	0.4096923968488532	163.66029189099348	1.3916275818038564	11.721
18.185942	0.074603	8.021939	0.07235	-1.059087	0.076254	-12.449421	0.069854	19.7872	0.2367	183.48850159913806	1.8761202292988128	37.788226374407756	0.43740879739441096	163.7333576050084	1.4865366082809763	11.718
18.151481	0.073902	8.013482	0.07087	-1.066808	0.073532	-12.441424	0.068784	19.798	0.237	183.9591424241916	1.8579510316756334	37.79128948545286	0.42503417741055305	163.9596116481398	1.4513784873388944	11.718
18.166834	0.071558	8.027834	0.07052	-1.047496	0.070086	-12.456599	0.068508	19.7872	0.2367	183.98808058088494	1.823137905267822	37.821624118951284	0.41435114368488624	163.5058562387584	1.4045608779841152	11.721
18.134019	0.068813	7.985984	0.068496	-1.068747	0.066022	-12.468048	0.066259	19.798	0.237	183.82427453062877	1.7587630819104716	37.90766827700783	0.39828237692727336	163.64643750679716	1.342803570096839	11.721
18.150462	0.071855	8.013946	0.071713	-1.057156	0.070549	-12.451306	0.067544	19.7764	0.2359	184.03315675968062	1.8431113446664278	37.83925694278274	0.4196345371872687	163.7204152566652	1.4033932635155453	11.721
18.144331	0.075597	8.001971	0.075593	-1.057156	0.072968	-12.432997	0.074445	19.771	0.2353	183.8800339234081	1.9382174572343287	37.87957454201767	0.4393133432052739	163.94196520857366	1.5022710718931263	11.718
18.153053	0.066107	8.008143	0.070433	-1.068748	0.066256	-12.455305	0.068174	19.7872	0.2367	183.88089384795737	1.7508659020077835	37.81512140396044	0.4028565258696058	163.82959383590494	1.3678034455438441	11.721
18.135682	0.070446	7.993823	0.072851	-1.059087	0.072219	-12.465935	0.065818	19.7926	0.2369	183.93622132512294	1.8379507421327834	37.91529281999153	0.4296273448605041	163.5381720604965	1.4008778021107897	11.721
18.134896	0.075047	8.003514	0.075814	-1.080328	0.0728	-12.467273	0.070124	19.7818	0.2363	184.12641023463118	1.9387165956341417	37.78618318186278	0.43721680387610623	163.82402024040968	1.4542361530713608	11.721
18.15645	0.073067	8.027865	0.069647	-1.066812	0.067695	-12.447444	0.067192	19.771	0.2353	184.17727897003283	1.8355317660623893	37.74116684565706	0.40305190626651616	163.91488897676166	1.3737627961129144	11.721
18.12487	0.071956	7.979628	0.071285	-1.086125	0.069704	-12.467547	0.070256	19.7764	0.2359	183.8748735065809	1.8357637944154979	37.86157955169553	0.416381945687997	163.90351898557924	1.4252212623618468	11.721
18.142597	0.0715	7.986077	0.067414	-1.078405	0.066823	-12.458985	0.068082	19.7764	0.2359	183.6236725912972	1.7766546224694253	37.8571973147228	0.3964287678160949	163.87369034269034	1.3736487790973921	11.718
18.140149	0.075252	8.009995	0.07397	-1.06102	0.076609	-12.438517	0.074375	19.7818	0.2363	184.14873684573845	1.9181698502113216	37.83961840307468	0.44422902678261295	163.9600520719603	1.5387043292422689	11.721
18.148371	0.070725	8.005921	0.070958	-1.089991	0.069704	-12.475225	0.06665	19.7926	0.2369	183.9254975288752	1.8167841504256907	37.736044609902955	0.4126589107139292	163.84863231183346	1.3879205031245876	11.721
18.129409	0.066887	7.981788	0.066679	-1.07647	0.068218	-12.464095	0.067053	19.7818	0.2363	183.78471653384457	1.7105201535985652	37.88320882645687	0.39895037838874475	163.77231114265427	1.3756678730550158	11.718
18.12133	0.075627	7.993947	0.074681	-1.068746	0.074549	-12.475316	0.072865	19.7818	0.2363	184.1519645734282	1.9326536121617712	37.864672576953254	0.44087654391026254	163.50029341997603	1.4942240497684554	11.718
18.13409	0.069422	7.979997	0.069303	-1.084199	0.069989	-12.475453	0.070256	19.7872	0.2367	183.71459705963338	1.7747706535232515	37.868083511332124	0.41149188814302257	163.76204308677433	1.4256521868934253	11.721
18.108857	0.071412	7.983948	0.072336	-1.088061	0.069989	-12.471682	0.065408	19.7872	0.2367	184.24413414549502	1.8496857325032579	37.83547408295566	0.4197801953129316	163.871846588392	1.379009922445903	11.721
18.125441	0.072686	7.983886	0.070095	-1.080334	0.070362	-12.462392	0.065233	19.7818	0.2363	183.8946446666743	1.8310096821663888	37.85829001233747	0.41482130956599056	163.85241668924874	1.38125055443527	11.718
18.140149	0.075132	7.985923	0.072528	-1.082266	0.069318	-12.451398	0.069935	19.7818	0.2363	183.71218080516755	1.8893291736544224	37.85141012703232	0.418772095061149	164.08070373764397	1.4211018025533426	11.721
18.119168	0.071127	7.973857	0.069651	-1.089991	0.070817	-12.464232	0.067705	19.7872	0.2367	183.82655215573413	1.8037875603650242	37.859845513545245	0.41489924506849674	163.96502496925223	1.412345400453427	11.718
18.130122	0.075558	7.996138	0.074895	-1.072611	0.072636	-12.459031	0.072083	19.7872	0.2367	184.0320140539276	1.931975077448116	37.83938592698459	0.4353267544420151	163.78964567523371	1.4720135714679607	11.718
18.138844	0.070153	8.000304	0.067021	-1.074545	0.067696	-12.453738	0.067471	19.7818	0.2363	183.99642966081518	1.7607802198390123	37.82363244096573	0.39704183851567776	163.93561267320712	1.3769495560000653	11.721
18.100066	0.071636	7.963705	0.07415	-1.088058	0.07036	-12.462209	0.069086	19.7818	0.2363	184.03597521256054	1.8719104208362098	37.92009698402197	0.42822216915828254	164.0082861068045	1.4218626209376262	11.721
18.125584	0.073865	7.983948	0.072392	-1.084198	0.072801	-12.471682	0.067374	19.798	0.237	183.8931736328749	1.8753398884468289	37.841902772046694	0.4284371742004016	163.7743303673237	1.4265954673336736	11.718
18.137915	0.07034	7.989873	0.071768	-1.078402	0.070454	-12.462346	0.067833	19.7872	0.2367	183.77708330490648	1.8198454615949458	37.84136053888803	0.41967538179321406	163.82526696724716	1.4074451445796596	11.718
18.134682	0.074573	7.983363	0.07552	-1.072602	0.076322	-12.456098	0.072924	19.7872	0.2367	183.76479015297286	1.9212861326964177	37.90250307733694	0.44938083942778406	163.8736552580395	1.5196142004075466	11.721
18.121638	0.072587	7.981142	0.074676	-1.099636	0.069219	-12.470497	0.067796	19.7872	0.2367	183.96092375698817	1.889246333022739	37.79893563145324	0.42383723255188027	164.0557456562258	1.3978936118725276	11.721
18.102751	0.076398	7.96306	0.072073	-1.091911	0.071958	-12.459413	0.068431	19.7764	0.2359	183.92845015349164	1.9051702751003026	37.89695849368315	0.42624351808867844	164.062219208858	1.4331695254701688	11.718
18.098072	0.071111	7.956829	0.072285	-1.118942	0.067582	-12.462774	0.068887	19.7818	0.2363	183.9003086617984	1.8387790772649326	37.81010852762485	0.41225907106066484	164.4045495198828	1.3985923256950976	11.718
18.073414	0.080892	7.932949	0.079021	-1.115083	0.074693	-12.486962	0.073072	19.7764	0.2359	183.91439481134182	2.0509559753039133	37.92602524032556	0.4557786764585109	163.99907131935154	1.5069263331967744	11.718
18.087762	0.070409	7.962907	0.065502	-1.103495	0.072466	-12.473903	0.064546	19.798	0.237	184.19795705042773	1.7495170173197998	37.84917932059596	0.4077890209731186	164.02029517305812	1.3998733576162028	11.718
18.115723	0.076628	7.973273	0.076256	-1.07067	0.07625	-12.446808	0.077261	19.7872	0.2367	183.87841711466783	1.9599142950406585	37.9431732570551	0.45242541240607853	163.93768047137235	1.5642957791311356	11.718
18.095244	0.072381	7.955406	0.069316	-1.099641	0.072298	-12.4526	0.069205	19.7926	0.2369	183.92579112689148	1.8178512214931872	37.896639653822284	0.4191772026163588	164.27238402867007	1.4481426492147764	11.718
18.124014	0.072817	7.989288	0.071226	-1.084189	0.074083	-12.452282	0.074177	19.7926	0.2369	184.01854789329278	1.8494959926327326	37.81966977221757	0.4283549524568982	164.05369022613752	1.5128913750404676	11.718
18.058072	0.075203	7.936653	0.077011	-1.111216	0.07864	-12.475469	0.071867	19.7764	0.2359	184.26049093890674	1.9595790691754356	37.92670640205591	0.4613808978684081	164.10912631265734	1.538406863209592	11.718
18.079685	0.071035	7.950997	0.070899	-1.103497	0.068006	-12.468566	0.068414	19.7926	0.2369	184.12824429664303	1.8244849418876115	37.89895713066332	0.41120797490386574	164.09734163883508	1.3928220068006192	11.718
18.106837	0.072061	7.96392	0.070121	-1.084198	0.067799	-12.445968	0.068868	19.7872	0.2367	183.86994625984107	1.8227130845260218	37.92566256161413	0.4088368814573164	164.1449884698687	1.3961924269209158	11.718
18.094079	0.072195	7.949788	0.06917	-1.101579	0.069703	-12.464232	0.067798	19.8034	0.2369	183.84504609682816	1.8119946386064307	37.9120502608697	0.4113096231974285	164.1322382792216	1.404580767758423	11.718
18.077639	0.075316	7.959939	0.071342	-1.093856	0.072215	-12.466254	0.067952	19.7818	0.2363	184.32822487857314	1.8899916594338577	37.90188409591323	0.42495932745148873	163.9915874491795	1.4298884080755718	11.718
18.089755	0.070589	7.949727	0.070004	-1.097715	0.078974	-12.46782	0.068156	19.8034	0.2369	183.92232587498344	1.8032068104194763	37.9284964419338	0.44241605398018	164.02466428006264	1.5048749487202844	11.718
18.085574	0.078125	7.967778	0.066598	-1.103509	0.074082	-12.47334	0.066493	19.7926	0.2369	184.32646681130024	1.8702398696473899	37.82879740824857	0.4154200838170067	164.0286203885403	1.436124454911681	11.718
18.055668	0.070289	7.937418	0.068934	-1.118953	0.068214	-12.491326	0.065045	19.7926	0.2369	184.31819600961	1.7934175541993447	37.89110042723148	0.4057545660317989	163.99195285946314	1.359173029646616	11.718
18.080966	0.075776	7.939515	0.0732	-1.111231	0.071784	-12.471226	0.072328	19.7926	0.2369	183.89653343883666	1.9104720047141235	37.91465119225788	0.4294863851373042	164.17062785147047	1.4726636675567746	11.718
18.093082	0.07821	7.955376	0.075446	-1.118952	0.069216	-12.480151	0.069084	19.798	0.237	183.96445511990984	1.9719653250260645	37.81612305030285	0.42668256820792066	164.15322897570118	1.4129706179153232	11.718
18.061655	0.072711	7.93529	0.068435	-1.128606	0.068921	-12.476426	0.066691	19.798	0.237	184.1705012888197	1.8160202855894623	37.859643542434625	0.4056923988334793	164.34676717001506	1.3889609617387322	11.718
18.091632	0.069394	7.967686	0.069705	-1.084195	0.074853	-12.465844	0.068973	19.7926	0.2369	184.2144877897377	1.7897050559936842	37.90989869725377	0.4283655932908042	163.8583007570237	1.4653720713352558	11.718
18.068424	0.076659	7.951549	0.072443	-1.115093	0.071083	-12.465707	0.073509	19.798	0.237	184.3432518736889	1.9218608804471664	37.84818050729303	0.4236739539561508	164.3063194274788	1.4802177314636684	11.718
18.083199	0.07349	7.949604	0.072655	-1.103507	0.073449	-12.462118	0.068781	19.7872	0.2367	184.03909862249517	1.8768284385215197	37.90474524610437	0.43256408300728144	164.19063755693526	1.4545622995350571	11.718
18.079374	0.07238	7.951763	0.070916	-1.12089	0.0697	-12.473385	0.067055	19.798	0.237	184.14784160367148	1.8424745107941527	37.823101757224144	0.4145341584175279	164.27909222970789	1.399588778750562	11.718
18.107051	0.074086	7.964012	0.072368	-1.091925	0.070728	-12.455305	0.068082	19.7926	0.2369	183.8677401501128	1.8773823726176813	37.89291720644254	0.4234121251896148	164.12173437925938	1.4178920431390092	11.718
18.069063	0.072029	7.937785	0.068974	-1.109304	0.069702	-12.455077	0.067095	19.8034	0.2369	184.08117869290652	1.8120145125102674	37.92997500891722	0.4111181666075977	164.37642348571364	1.4016735974928198	11.718
18.047521	0.075084	7.945532	0.072764	-1.111231	0.074999	-12.469387	0.071319	19.8034	0.2369	184.6148997682844	1.9107928603604456	37.889464113143426	0.43716332462548096	164.19722014296062	1.4961505246009574	11.718
18.045572	0.067347	7.921528	0.073979	-1.128611	0.069701	-12.491554	0.066157	19.798	0.237	184.21270480207735	1.8203270211604827	37.91719417254143	0.4258479659544698	164.12804252224657	1.3880681815562046	11.718
18.078876	0.075401	7.931494	0.07244	-1.122817	0.071082	-12.489623	0.069137	19.7872	0.2367	183.78904336220745	1.8938009613935118	37.899724526848345	0.4248193188779294	164.07226064499034	1.4312966452372806	11.718
18.103012	0.072614	7.960062	0.072378	-1.078406	0.069706	-12.462756	0.068063	19.7926	0.2369	183.86935235997845	1.8585581022779145	37.966155663965196	0.4220940173384467	163.81941920693774	1.4019258240439745	11.718
18.062792	0.069391	7.947813	0.068437	-1.095786	0.067371	-12.453238	0.065754	19.8034	0.2369	184.3778046307444	1.7765542330996773	37.944616132144844	0.4029326030833579	164.2073971438565	1.3610906708731725	11.718
18.094079	0.074334	7.957811	0.073095	-1.109304	0.072548	-12.475271	0.070124	19.798	0.237	183.99055505302405	1.8923522397037171	37.84620584361148	0.42986492746252813	164.08437838653256	1.4566258073361773	11.718
18.070229	0.073218	7.935382	0.073821	-1.124746	0.073526	-12.482082	0.070521	19.7764	0.2359	184.01635201198243	1.8878149365609753	37.87539044848391	0.43556005715441315	164.20906550121796	1.4730018664049687	11.718
18.074695	0.070296	7.933499	0.070014	-1.1093	0.06811	-12.452828	0.067375	19.8087	0.2368	183.90115810932858	1.7991566730447743	37.94797332251531	0.40990499234418865	164.4089548741627	1.3885541752583312	11.718
18.068352	0.072165	7.947507	0.07416	-1.118954	0.070171	-12.471181	0.071169	19.798	0.237	184.27092972272612	1.8840229702388709	37.8489326921454	0.4262136242526644	164.2829843565165	1.446343958196134	11.718
18.070727	0.077049	7.939607	0.075139	-1.117026	0.070814	-12.476882	0.073374	19.8034	0.2369	184.0840522611066	1.9555049593210103	37.890007073024535	0.43196108931663596	164.17263388519922	1.473704582362331	11.718
18.074766	0.075287	7.95559	0.06801	-1.099644	0.070543	-12.465753	0.071938	19.798	0.237	184.30134305262857	1.8478450419520867	37.895857472383035	0.4100776754177695	164.08233821096098	1.4545051704516734	11.718
18.053649	0.068261	7.927422	0.064972	-1.113161	0.069317	-12.469295	0.063953	19.798	0.237	184.17299433085668	1.713982296489488	37.95727570195927	0.3988880538507998	164.22644425501989	1.3638921702163964	11.718
18.055313	0.066705	7.929244	0.068703	-1.134398	0.069604	-12.472701	0.069915	19.798	0.237	184.17586902661546	1.7416858164592695	37.860706968941756	0.4085307299181394	164.48471534661633	1.4311937524331395	11.718
18.065835	0.069391	7.937296	0.072106	-1.136329	0.072546	-12.498502	0.068241	19.7872	0.2367	184.1309493510064	1.819242089498883	37.81904964455776	0.42632464436812134	164.13917849277925	1.438800771953339	11.718
18.078662	0.072379	7.947446	0.072401	-1.122815	0.070903	-12.476609	0.067831	19.7872	0.2367	184.08229651738785	1.860130830653474	37.8330773576565	0.42268678557496336	164.26030854027766	1.4196006165893573	11.718
18.029806	0.075284	7.904998	0.071604	-1.130533	0.070721	-12.490824	0.071722	19.8034	0.2369	184.19881339154392	1.8901935885592094	37.97849735549553	0.42301517215361234	164.1663550275152	1.4555642043798944	11.718
18.064314	0.072192	7.943557	0.079831	-1.124749	0.071869	-12.487829	0.069221	19.798	0.237	184.27254536098172	1.9597025620855062	37.84123457882957	0.4482370304233938	164.12605459825755	1.4412553868776912	11.718
18.030587	0.071804	7.941429	0.067079	-1.115091	0.068624	-12.46925	0.065597	19.8034	0.2369	184.89701166672512	1.8007823592354517	37.90017835766706	0.40158821051487253	164.2970785900456	1.3736927706488389	11.721
18.053578	0.079365	7.921375	0.073298	-1.126677	0.075737	-12.474769	0.071692	19.7872	0.2367	184.0643779187633	1.9625798338213034	37.92593831047058	0.4417862136997939	164.34283866169807	1.5102894708237788	11.718
18.060702	0.073817	7.947813	0.07249	-1.107373	0.072962	-12.477156	0.074988	19.8034	0.2369	184.41591663913158	1.8866488274105053	37.896060103556685	0.4304290879375983	164.0293061328203	1.509412198589266	11.718
18.019711	0.073984	7.907156	0.070957	-1.151774	0.06931	-12.514965	0.068772	19.8034	0.2369	184.42198985873364	1.8694923314207916	37.880398743154444	0.41477141257293293	164.12446463751888	1.4102555161322863	11.718
18.062437	0.069352	7.929611	0.074672	-1.120888	0.06726	-12.476928	0.06808	19.8087	0.2368	184.05305474466905	1.8510909407762943	37.91568719763348	0.42101934020082893	164.2278170571954	1.3840048039405775	11.718
18.049753	0.069257	7.909496	0.068702	-1.138266	0.06715	-12.495234	0.066975	19.7926	0.2369	183.91818661524076	1.7693472450465542	37.92715579521122	0.4027051637660013	164.21439850159604	1.3713347938102753	11.718
18.056663	0.072448	7.921803	0.073182	-1.118961	0.070542	-12.466208	0.066673	19.8034	0.2369	184.01611241322192	1.8697379022306002	37.95651433576605	0.42674551796921617	164.35507333842037	1.4058930613694685	11.718
18.070869	0.072379	7.923625	0.070525	-1.117027	0.072212	-12.484333	0.069639	19.7926	0.2369	183.79153129425762	1.830384833326922	37.95698568676982	0.42378400391227655	164.06505033523226	1.4479333971730795	11.718
18.017763	0.072023	7.905211	0.074517	-1.130537	0.068212	-12.487464	0.067091	19.8034	0.2369	184.42206099007294	1.8899779002588841	37.97758326150678	0.42460392653273493	164.21497950010166	1.3834384267197788	11.718
18.062081	0.071526	7.94149	0.073857	-1.097712	0.070816	-12.467501	0.066591	19.798	0.237	184.2755637687686	1.872046927612868	37.963071085008366	0.4297343492067942	164.02921821560244	1.4023857591898479	11.718
18.047663	0.074017	7.923533	0.077919	-1.12668	0.073445	-12.489715	0.070752	19.7926	0.2369	184.21116068158298	1.9554460720619216	37.916882633017636	0.44861062593614087	164.12672310166775	1.472997611510121	11.718
18.045999	0.07149	7.947783	0.082112	-1.126684	0.072127	-12.486309	0.071582	19.798	0.237	184.6838719399074	1.9911431693503487	37.81554431992776	0.4554469156726595	164.17597736758864	1.4686508150749888	11.718
18.056308	0.075289	7.917639	0.070459	-1.124752	0.07187	-12.46966	0.071726	19.8034	0.2369	183.94699595354652	1.8708451086625986	37.94968469479731	0.4224011624162458	164.38895213921043	1.4712951878249239	11.718
18.046354	0.071526	7.899805	0.073428	-1.147928	0.070812	-12.508613	0.075584	19.798	0.237	183.8041401708018	1.8569006995323598	37.92727909133048	0.42761659014042575	164.16065420541173	1.496618672675838	11.718
18.041534	0.071489	7.923594	0.075709	-1.130543	0.066705	-12.480608	0.067314	19.7926	0.2369	184.3238522354574	1.8969501041374999	37.90044868606211	0.42237895887162186	164.31427993841763	1.371933852617802	11.718
18.041463	0.070697	7.899501	0.071643	-1.153713	0.070169	-12.498959	0.070013	19.8034	0.2369	183.88725421344685	1.8249476326359284	37.90431600760757	0.4198624175697664	164.38407396570858	1.436222115909584	11.718
18.022581	0.073761	7.89947	0.069295	-1.145989	0.079161	-12.486035	0.065298	19.7872	0.2367	184.22969054781436	1.8418238963265863	37.93681010248392	0.44123330790284754	164.45944034954758	1.4882092478228874	11.718
18.020491	0.075394	7.905486	0.070073	-1.155643	0.070445	-12.502592	0.074355	19.798	0.237	184.37732093442727	1.87621056100481	37.87120540283964	0.41528298182501794	164.3593972804745	1.4836274318724572	11.718
18.037425	0.069295	7.913598	0.070949	-1.134406	0.068213	-12.491691	0.069376	19.8087	0.2368	184.21667165594718	1.8046118588689124	37.926141257058134	0.4125487754043269	164.20980454156614	1.4067218875535858	11.718
18.005224	0.077232	7.909222	0.07855	-1.124744	0.073202	-12.483785	0.070518	19.8034	0.2369	184.72436556197627	2.0155449365469784	37.985076500201345	0.4514669239083734	164.18442466969566	1.469165882967648	11.718
18.03087	0.070406	7.901445	0.069402	-1.138265	0.072295	-12.504386	0.068129	19.8087	0.2368	184.11484493536793	1.79693558524713	37.960938534247866	0.42084033994634834	164.08216193016096	1.4340561151606488	11.718
18.048373	0.075773	7.951916	0.074551	-1.113168	0.072212	-12.468094	0.070756	19.7926	0.2369	184.7160563151844	1.9447400831501773	37.85468055491067	0.43341405463827976	164.243933848716	1.4623447075334626	11.718
18.023678	0.069347	7.895034	0.075704	-1.149842	0.069214	-12.516667	0.06731	19.8087	0.2368	184.1290442314542	1.8663582512322732	37.93925991929668	0.43025920845713883	164.0719811343448	1.3935776600897263	11.718
18.064172	0.073057	7.929458	0.075437	-1.120885	0.064924	-12.47486	0.064044	19.8195	0.2361	184.01877209863753	1.906780590464179	37.916339259518296	0.4169735039093425	164.2576850713993	1.3193322973143635	11.718
18.030232	0.076766	7.923228	0.076438	-1.145983	0.073441	-12.485579	0.072325	19.8034	0.2369	184.5232881106726	1.9778196542760669	37.83745850377488	0.4422493102872625	164.46596338113463	1.494975488775374	11.718
18.036644	0.080376	7.899227	0.076811	-1.130537	0.077018	-12.456234	0.089205	19.8034	0.2369	183.9696998703993	2.0175949059024383	38.00275211631397	0.45778566560915723	164.66780009701307	1.7134926846202634	11.718
18.039515	0.07086	7.935657	0.076359	-1.124751	0.067689	-12.482493	0.068847	19.8087	0.2368	184.62801036407447	1.903541148551236	37.88391427902606	0.42666299020988896	164.24524288458827	1.3961997079520068	11.721
18.03087	0.076279	7.909466	0.077702	-1.134403	0.07688	-12.48599	0.071392	19.8034	0.2369	184.26074837770747	1.982269183812437	37.943481559140054	0.4585984543105892	164.29224688442432	1.5184518939029814	11.718
18.045217	0.075885	7.91937	0.073211	-1.140194	0.076241	-12.493166	0.073199	19.7872	0.2367	184.17990595557674	1.91792249471036	37.87774976795498	0.4419309492952329	164.27219316455106	1.5293214194436895	11.718
18.052625	0.075001	7.943924	0.067996	-1.120893	0.071525	-12.482858	0.067773	19.798	0.237	184.49232909923612	1.8476287229681492	37.85579453619985	0.4121322670281709	164.14217909641314	1.4234934887872144	11.718
18.054573	0.075286	7.929824	0.070998	-1.130548	0.069795	-12.477247	0.070335	19.8141	0.2365	184.19989929437466	1.8826673018730802	37.87436972453731	0.41618106380989284	164.3630014951664	1.4353361028130083	11.718
18.041534	0.071489	7.923594	0.072363	-1.120888	0.069316	-12.471409	0.074245	19.8141	0.2365	184.3238522354574	1.8530995338586416	37.94090788494659	0.42035142219089366	164.30767528644995	1.4703402206467466	11.718
18.009758	0.077573	7.891328	0.070542	-1.128609	0.06892	-12.476654	0.074105	19.798	0.237	184.36210755239566	1.9104355588369422	38.05389565186746	0.41606922274761915	164.38558260897346	1.4659700976571959	11.721
18.026548	0.069943	7.891358	0.071642	-1.145987	0.074541	-12.489578	0.067772	19.798	0.237	184.01012805863647	1.8177813174899748	37.97086973076352	0.4343865844514927	164.40805427939065	1.4601308333304792	11.718
18.049966	0.074126	7.909588	0.067612	-1.134406	0.070172	-12.467775	0.066651	19.8141	0.2365	183.9159804927234	1.819674568107078	37.94295961362411	0.408815709230168	164.55633555541064	1.4052095075063238	11.718
18.026194	0.074791	7.911257	0.067521	-1.138261	0.069216	-12.48935	0.069606	19.7926	0.2369	184.37858193535794	1.8367084199262889	37.9197951782187	0.4051776031726065	164.29944962371115	1.4208365363171664	11.718
18.047094	0.074915	7.929305	0.07122	-1.122814	0.069216	-12.483831	0.069435	19.8141	0.2365	184.3265871720081	1.8831208211246577	37.90890295046919	0.41590855873295096	164.15586821996808	1.4166038261631284	11.718
18.034412	0.073262	7.913202	0.072596	-1.144052	0.070077	-12.485579	0.065406	19.8034	0.2369	184.2642898521213	1.8777079154861804	37.88740972529953	0.42207785035395334	164.4379648008265	1.389818358421795	11.718
18.051204	0.068889	7.903206	0.065518	-1.128606	0.066818	-12.481945	0.065856	19.8087	0.2368	183.77789700964408	1.721691546028333	37.99413377388845	0.39366378560059234	164.26687600574672	1.3574038109735176	11.718
18.028142	0.073612	7.909191	0.074411	-1.145983	0.06998	-12.498456	0.068688	19.8087	0.2368	184.30543768611474	1.9064379889885588	37.89611082778646	0.42749259756685254	164.27941226799982	1.4189682709311797	11.718
18.026123	0.077123	7.911227	0.075766	-1.113158	0.075958	-12.480106	0.071564	19.798	0.237	184.37931909594872	1.9707500875861013	38.0254035591628	0.4520603612988152	164.07022059563366	1.5063261726130266	11.718
18.029064	0.07018	7.907582	0.076002	-1.120889	0.068521	-12.478813	0.06665	19.7926	0.2369	184.25934600473963	1.8832401437376511	38.008193609216306	0.43078923715007694	164.20056406090467	1.3819274599020204	11.718
18.029419	0.072341	7.923778	0.068445	-1.130547	0.069984	-12.477202	0.069833	19.8141	0.2365	184.5481704771616	1.8186858024710721	37.89966651024938	0.40975064519003945	164.363653444062	1.4321309100177533	11.718
18.016524	0.073515	7.907582	0.072753	-1.145991	0.069018	-12.489852	0.067348	19.8034	0.2369	184.48792081252213	1.8875724578353699	37.90280960976642	0.41983163496418163	164.4041418596442	1.3975816980394797	11.718
18.060844	0.07561	7.941858	0.074958	-1.105443	0.073528	-12.466208	0.073291	19.798	0.237	184.30478785564486	1.9391957047672528	37.92909075545394	0.44019412905568345	164.15950591314376	1.5001206320530476	11.718
18.020704	0.069741	7.905577	0.075136	-1.138268	0.066479	-12.504569	0.068571	19.7926	0.2369	184.37510945133084	1.8686055038016034	37.94358311633384	0.4209107284252825	164.07955919655623	1.3786920209929128	11.718
18.048018	0.068487	7.935719	0.075694	-1.122821	0.06693	-12.473385	0.069025	19.8034	0.2369	184.42666727623777	1.8616870699715766	37.88203107520618	0.42254318939900426	164.30704105205714	1.3917808362475017	11.718
18.062508	0.071984	7.931647	0.070526	-1.120889	0.070449	-12.486172	0.068483	19.8034	0.2369	184.08875256236863	1.831187584424513	37.907157224231895	0.4174248726456401	164.09424579614964	1.4185559144174773	11.718
18.026336	0.072605	7.909313	0.076863	-1.128608	0.068109	-12.485762	0.073083	19.8087	0.2368	184.34056393095932	1.9265346398316174	37.96845380167718	0.43143331518600175	164.2117056389962	1.4444373189941817	11.718
18.02669	0.071652	7.905455	0.070608	-1.138265	0.068619	-12.480471	0.068954	19.798	0.237	184.21666278402168	1.8309477964659202	37.93439074828024	0.412991886548751	164.38603330619506	1.4098996352358448	11.715
18.028284	0.073187	7.889201	0.071215	-1.138261	0.069214	-12.48567	0.068451	19.798	0.237	183.892394840425	1.8521003747048919	38.00270999668452	0.418058785103088	164.3106441896045	1.4095701663243805	11.715
18.040895	0.074012	7.923319	0.077302	-1.111228	0.070903	-12.472838	0.069205	19.798	0.237	184.28329370474572	1.9492897532173956	37.97290654475953	0.44088084653598275	164.1052751194719	1.43108154576445	11.715
18.01755	0.077189	7.89309	0.071927	-1.147912	0.068106	-12.485488	0.068505	19.7926	0.2369	184.15797147855162	1.9190941098332925	37.945797459202616	0.41574237265847847	164.45316262609109	1.4011850784260427	11.715
18.029735	0.070286	7.912988	0.070948	-1.157562	0.070537	-12.503655	0.066647	19.798	0.237	184.34558084779647	1.8197882936475962	37.831869920611005	0.4172743357556331	164.37179984646502	1.405866878129157	11.718
18.051985	0.068778	7.94766	0.06842	-1.122819	0.069218	-12.46037	0.067798	19.8034	0.2369	184.5249558897182	1.771670395512526	37.822480556406404	0.4058362764064537	164.45352980524592	1.4054100231989899	11.715
18.056379	0.07234	7.943741	0.069251	-1.105441	0.065901	-12.475225	0.06665	19.8087	0.2368	184.42048343441894	1.8262909698768754	37.92120633819786	0.40060347509363853	164.02928853914474	1.3522110541341208	11.718
18.018543	0.072578	7.895521	0.070086	-1.136336	0.068921	-12.489806	0.067795	19.8141	0.2365	184.23130581734304	1.836194641107478	37.993945418779404	0.4134994583725078	164.26499166431051	1.3987367705036586	11.718
18.013938	0.076607	7.91539	0.072416	-1.132471	0.072877	-12.476654	0.071108	19.798	0.237	184.67780125762118	1.9278166339868805	37.926742700451356	0.4306579378487922	164.39945503268544	1.4755719271142882	11.718
18.020491	0.069254	7.915512	0.06604	-1.136335	0.06852	-12.493394	0.070335	19.798	0.237	184.56026162656613	1.7477948312890172	37.91004016219034	0.39855891135600485	164.21307840764604	1.4197929702208325	11.718
18.033528	0.072842	7.90971	0.07216	-1.140201	0.072877	-12.484515	0.068521	19.8087	0.2368	184.21681370913743	1.8657234605520665	37.918150557315435	0.4297045817542317	164.39756871693703	1.4496108559812628	11.718
18.043837	0.068649	7.911654	0.072754	-1.118959	0.068213	-12.484424	0.073704	19.8141	0.2365	184.06473263111454	1.8171564074022413	37.999180184433634	0.4196469709735002	164.09162502301123	1.4499196534969565	11.718
18.019995	0.071979	7.919309	0.069312	-1.120883	0.073844	-12.482037	0.066953	19.798	0.237	184.6387091631767	1.8266243895073349	37.95891480587866	0.4252544710165884	164.15389756592543	1.4402162638154892	11.718
18.021659	0.073182	7.879025	0.069695	-1.138258	0.066014	-12.483603	0.06669	19.8141	0.2365	183.87506608137699	1.8321048445043373	38.05535497151009	0.4051305964215298	164.38263001523387	1.359613846650473	11.718
18.026903	0.072962	7.919584	0.069684	-1.118957	0.067151	-12.464049	0.068544	19.7926	0.2369	184.51752832766613	1.8418833361188245	37.965849573245926	0.40649122010410477	164.38629155710035	1.3903593435736425	11.718
18.007243	0.071681	7.893151	0.070857	-1.169151	0.072789	-12.502135	0.069745	19.8141	0.2365	184.39396529381222	1.8375569878314255	37.866306365846164	0.42445628236940164	164.56191980979773	1.4638242123360306	11.718
18.034838	0.078416	7.9194	0.076769	-1.118954	0.073763	-12.471135	0.071031	19.798	0.237	184.36945166815767	2.0001518475108093	37.966632944529586	0.44721083538448025	164.28363596125885	1.4819342576829908	11.718
18.03009	0.071582	7.89309	0.076916	-1.126673	0.069982	-12.485488	0.071786	19.798	0.237	183.97726796476869	1.9069485993876372	38.044889439993376	0.43861596356313043	164.18769796090024	1.449126131436896	11.718
18.030303	0.074876	7.909222	0.070141	-1.132468	0.069315	-12.485625	0.064043	19.8034	0.2369	184.26664208401846	1.8679063246012404	37.9526285959652	0.4139247357082662	164.2695170308554	1.365467359100252	11.718
18.016099	0.075257	7.901384	0.070202	-1.147918	0.069698	-12.496936	0.067771	19.8087	0.2368	184.38262330615632	1.8760817167140138	37.92070087533878	0.414538769878251	164.32942723760615	1.4076313197962014	11.718
18.027187	0.070553	7.91369	0.069582	-1.120891	0.071525	-12.467911	0.068174	19.8034	0.2369	184.4048183762383	1.8068076457710103	37.98249316034527	0.4195169379696226	164.35835052897713	1.4312480715333376	11.718
18.00781	0.076187	7.901414	0.076963	-1.136334	0.073841	-12.509859	0.073142	19.8034	0.2369	184.53439953753346	1.9773711894484693	37.96917937199616	0.448086304071152	163.9753422828278	1.4984443384467727	11.718
18.044334	0.077906	7.921894	0.076439	-1.126687	0.075295	-12.479224	0.076647	19.7872	0.2367	184.24190436693593	1.9865488682575034	37.923720875796604	0.4496876062598816	164.27849314213088	1.5547822526461517	11.718
18.031296	0.07208	7.899622	0.071292	-1.1402	0.069699	-12.495462	0.069638	19.8195	0.2361	184.0739901094311	1.8419005238861865	37.96046720844062	0.41867137468063065	164.23906586097604	1.4250464213583534	11.718
18.036186	0.07434	7.936025	0.070527	-1.124758	0.06811	-12.475681	0.070235	19.8034	0.2369	184.64829346116917	1.8733609951263128	37.87265439204484	0.4098155499511112	164.30184481357975	1.416156352490062	11.718
18.027684	0.075852	7.909893	0.071817	-1.132481	0.071523	-12.488469	0.070568	19.8087	0.2368	184.3265607124562	1.902995193878432	37.949757342581506	0.4253814611447703	164.22857366359767	1.453060171964082	11.718
18.012131	0.068009	7.881424	0.070407	-1.159505	0.069697	-12.487875	0.073288	19.8034	0.2369	184.09155661099726	1.7788078767992381	37.95581956786541	0.41591551398722537	164.62894389136196	1.4697748258068022	11.718
18.014718	0.073053	7.907704	0.066029	-1.13827	0.070172	-12.495553	0.065089	19.798	0.237	184.52311959517525	1.79777412930662	37.93465012521742	0.40405951707129634	164.20983968941835	1.3838504629019595	11.718
18.02878	0.076628	7.923503	0.072025	-1.132473	0.069314	-12.471272	0.074767	19.8087	0.2368	184.55481163629747	1.9206375520648624	37.892758407893695	0.41826091539486043	164.4775213382875	1.4789115636510046	11.718
18.020846	0.071297	7.883581	0.071174	-1.144062	0.06811	-12.484424	0.065156	19.7926	0.2369	183.97247417128534	1.8282931255312846	38.011679805499455	0.41479654966268775	164.45485678435134	1.3668793368977086	11.718
17.99729	0.081584	7.901384	0.072158	-1.149849	0.071607	-12.495097	0.072182	19.8087	0.2368	184.72612767100725	1.9928528789488764	37.91261169425326	0.4258124908340381	164.3840389263907	1.4731961870938364	11.718
18.035335	0.067514	7.909588	0.069763	-1.134406	0.068213	-12.493531	0.065379	19.8034	0.2369	184.18173379018248	1.765889666284346	37.94295961362411	0.409343584928505	164.1832102301034	1.3656736860580694	11.718
18.031438	0.069944	7.927758	0.068436	-1.130546	0.069795	-12.477156	0.067093	19.8087	0.2368	184.58399145164614	1.7877048113969547	37.883015513750834	0.4087977769738843	164.3643053933187	1.4024187559605419	11.718
18.03987	0.071986	7.917761	0.074082	-1.120892	0.073844	-12.469842	0.06975	19.8195	0.2361	184.24794010472078	1.8802483324532178	37.965378143832346	0.4393546076999688	164.33040138251988	1.470821682412204	11.718
18.001611	0.078906	7.881394	0.0694	-1.159504	0.074463	-12.504386	0.068129	19.8087	0.2368	184.2823716878011	1.9134982464758092	37.95595007743528	0.4273367295049224	164.38934220568925	1.4624522238384827	11.718
18.008022	0.078506	7.865415	0.070979	-1.153713	0.073603	-12.473203	0.071642	19.8034	0.2369	183.8755628849585	1.9186973825922533	38.04756531310957	0.43135564820684047	164.75810223558398	1.4950208370375457	11.718
17.981813	0.075759	7.856911	0.076165	-1.190382	0.076802	-12.503746	0.072378	19.8249	0.2356	184.1971098076787	1.954360457527979	37.929120274455464	0.4534605049623903	164.84731259854894	1.5377179537858408	11.718
18.025555	0.078928	7.916998	0.077911	-1.147909	0.070074	-12.48342	0.069638	19.798	0.237	184.4949411590644	2.0241584683554166	37.85542060383836	0.4375995129017055	164.52523372508514	1.4338795061925675	11.718
18.008624	0.068837	7.896856	0.070009	-1.128599	0.069698	-12.472246	0.068042	19.8141	0.2365	184.43635448142615	1.7908289759147618	38.02089294725881	0.41615977561734235	164.40724498829988	1.4117155029730357	11.718
18.033915	0.072079	7.914993	0.069311	-1.132463	0.069698	-12.472382	0.069291	19.8034	0.2369	184.30596136451322	1.8213453140264217	37.92843836147229	0.4120680989192319	164.4612751413967	1.4253453684875672	11.718
18.020808	0.079728	7.920765	0.077999	-1.122804	0.074231	-12.470178	0.073778	19.7872	0.2367	184.65044926556965	2.039128287251207	37.94474274097192	0.4517842384372166	164.3532331785998	1.5158559993609952	11.718
18.013725	0.08324	7.893242	0.074586	-1.149846	0.072626	-12.502272	0.069552	19.8141	0.2365	184.27752468923688	2.0351051451829303	37.94675850851881	0.43684305017885255	164.28009889416177	1.4551724381059836	11.718
17.996794	0.074836	7.901171	0.068333	-1.147914	0.071521	-12.492937	0.068504	19.8141	0.2365	184.73129721990514	1.8543334126464037	37.92161374573366	0.4145279133183667	164.38728120092435	1.4350096846338016	11.718
18.037283	0.076945	7.907521	0.076779	-1.134405	0.076598	-12.471363	0.072567	19.8141	0.2365	184.10874300348527	1.975612786791415	37.95163530481015	0.4552127970004998	164.50423065504967	1.531053727254766	11.718
18.007456	0.074369	7.883217	0.072448	-1.167223	0.075067	-12.498593	0.072755	19.7926	0.2369	184.20916849980654	1.8890698335835296	37.91593666640357	0.4370605885328985	164.58535334183367	1.5183951409905594	11.718
18.042102	0.066836	7.907796	0.072329	-1.115099	0.065298	-12.460734	0.068959	19.8141	0.2365	184.02617457550448	1.788280218644221	38.03168252140719	0.4107269049249051	164.3784319348527	1.3759405491631762	11.718
17.995838	0.076574	7.907674	0.067522	-1.13827	0.072126	-12.47895	0.068542	19.798	0.237	184.867898380968	1.8708607387609948	37.93478058705305	0.41432353016106127	164.45023832687775	1.4428426738001003	11.718
17.999521	0.073856	7.879389	0.072382	-1.161435	0.073282	-12.491509	0.070989	19.8141	0.2365	184.28391625772784	1.8830915564541777	37.956261914032325	0.4324353284750866	164.60418959241488	1.482260091166739	11.718
18.012557	0.068258	7.915695	0.070425	-1.124753	0.062751	-12.473431	0.069258	19.8195	0.2361	184.70864317776758	1.7941604653125502	37.957841584481535	0.39604263134950035	164.33434732449456	1.3533180886056948	11.718
18.027258	0.075805	7.903694	0.075767	-1.126684	0.074543	-12.473476	0.070601	19.798	0.237	184.22144622017862	1.9503336271406302	38.00016774825818	0.44726657962765715	164.36166265367703	1.4872110278850146	11.718
18.027825	0.076746	7.923991	0.074935	-1.122827	0.0798	-12.468322	0.076416	19.7872	0.2367	184.58118154395987	1.9595130587709004	37.93111298506486	0.45897529263924575	164.38045787091548	1.6008078700684816	11.718
18.016099	0.071661	7.897374	0.071041	-1.136333	0.077089	-12.491417	0.070599	19.8141	0.2365	184.30954852521643	1.837982123460344	37.986165370269944	0.44080802789305384	164.24163623724334	1.5119655195267034	11.718
18.004941	0.077331	7.893059	0.068969	-1.138258	0.073604	-12.481763	0.066589	19.8195	0.2361	184.43428487932027	1.8899270600997575	37.9962171076333	0.42436577235247375	164.40928850026322	1.4385772619914197	11.718
18.037212	0.070143	7.903481	0.064457	-1.136335	0.070449	-12.487875	0.066572	19.8141	0.2365	184.03661797480552	1.7300235214331146	37.96049610976045	0.4009756660506149	164.29291601708965	1.402845665559882	11.718
18.047947	0.072608	7.927666	0.070887	-1.10544	0.068111	-12.46598	0.071172	19.8195	0.2361	184.2812187392142	1.8477345648004446	37.98868971812345	0.4134262505836835	164.1627616002447	1.4235238949265685	11.718
18.022581	0.071846	7.927544	0.072385	-1.118956	0.075886	-12.465798	0.068044	19.8087	0.2368	184.74202478265806	1.8663923653178933	37.932446585493	0.43973674239594546	164.36094087534363	1.4763998408489896	11.718
18.011494	0.070547	7.905211	0.066643	-1.149845	0.063465	-12.480106	0.064163	19.8141	0.2365	184.53647042895852	1.7720412184323118	37.89660318833106	0.3851493119557528	164.60147358909498	1.3110923200961824	11.718
18.04954	0.071115	7.903389	0.068433	-1.132471	0.069699	-12.461982	0.066282	19.8195	0.2361	183.81134773498812	1.787967399820968	37.977111769449934	0.4105348178091251	164.61237568773615	1.3975000528946604	11.718
17.994775	0.071109	7.887166	0.069696	-1.132468	0.072877	-12.480106	0.070014	19.8034	0.2369	184.5122362475512	1.8176190334808324	38.045434791078804	0.4253488367124061	164.34940949524696	1.4636597799662192	11.718
18.015744	0.073431	7.887196	0.068414	-1.144053	0.06892	-12.48751	0.070862	19.798	0.237	184.1308006181596	1.8245276325187305	37.996500429657466	0.4085649583677548	164.40999300636108	1.4327169585036381	11.718
18.026548	0.075686	7.923442	0.0705	-1.117023	0.068922	-12.482219	0.073372	19.8141	0.2365	184.5944665543866	1.8898607876673863	37.95776890984296	0.41395689566204114	164.0955122072068	1.4534621507997405	11.718
18.006818	0.07096	7.900988	0.068252	-1.142117	0.070722	-12.490824	0.064405	19.798	0.237	184.54472816104408	1.7979259384060045	37.946685841258294	0.41242186519266255	164.33393673304025	1.385100194395812	11.718
18.043411	0.069823	7.90746	0.07084	-1.115093	0.066481	-12.487829	0.07407	19.8195	0.2361	183.99631828560808	1.8055973671409242	38.03312090882391	0.40951808256965067	163.98671488557264	1.435141652444677	11.718
18.0133	0.073051	7.895064	0.067921	-1.14405	0.06892	-12.481763	0.064517	19.8034	0.2369	184.3184619949619	1.8170680470176623	37.96344062515442	0.4064008120572679	164.49328395840482	1.3696883260122517	11.718
18.028	0.07434	7.891085	0.072435	-1.144051	0.073201	-12.492846	0.070831	19.8195	0.2361	183.9788099775494	1.8838066244400957	37.98015918724716	0.43289386275882336	164.3326508012285	1.4749483898987858	11.718
18.006605	0.078714	7.892877	0.081493	-1.132462	0.072874	-12.496205	0.074642	19.8034	0.2369	184.40059975199958	2.0657740466673347	38.0213869622037	0.4605545738836869	164.11647862279776	1.506561009142114	11.718
18.04472	0.077284	7.923167	0.07587	-1.126673	0.074995	-12.468931	0.072779	19.8195	0.2361	184.25804102503267	1.9715679971282585	37.918447570118055	0.4469829446423131	164.42737274149832	1.5149802060533877	11.718
18.019853	0.076388	7.927269	0.069763	-1.124744	0.069699	-12.474587	0.070185	19.8034	0.2369	184.78692951868032	1.8940893363276656	37.909344804324206	0.4129898276689375	164.3174860651665	1.4320142796460085	11.718
18.03427	0.068679	7.921162	0.069951	-1.118949	0.067584	-12.481809	0.06496	19.8034	0.2369	184.41190708217195	1.7875706514435492	37.95925561060685	0.40841714645845345	164.12925642856544	1.3540276885346496	11.718
18.023962	0.071945	7.909191	0.07265	-1.130536	0.069216	-12.4819	0.066574	19.8034	0.2369	184.38160167963062	1.8638226061916645	37.96086580999009	0.4213775993820832	164.2954698861298	1.389990478898733	11.718
18.000195	0.069969	7.888806	0.072827	-1.167212	0.071864	-12.501632	0.06859	19.8087	0.2368	184.44327497251905	1.8422092204464542	37.89257853849996	0.4281077620584007	164.54106925197723	1.4421573446032634	11.718
18.00278	0.077123	7.91308	0.078114	-1.132465	0.074463	-12.478038	0.071741	19.8141	0.2365	184.83974100569685	2.010967129949721	37.93645476048261	0.45260597128127117	164.37931779377502	1.4980985022022684	11.718
18.032038	0.079794	7.915085	0.078836	-1.128603	0.075662	-12.485397	0.074248	19.8195	0.2361	184.34182471897387	2.04386973025477	37.94424263250086	0.4584575149690749	164.21691573681528	1.5328333664228555	11.718
18.021092	0.074199	7.890811	0.072846	-1.140183	0.072873	-12.488756	0.070083	19.8195	0.2361	184.0992971131042	1.8896694844352497	37.99757433986909	0.4335340876197984	164.33587440268468	1.4640742317280178	11.718
18.01886	0.069385	7.89476	0.0701	-1.136321	0.072545	-12.516256	0.074568	19.8195	0.2361	184.21168769485348	1.7946509097786372	37.99721128419818	0.4244405987194098	163.88297671251416	1.4981987711221807	11.718
