18.766812	0.076596	8.705511	0.075452	-1.587644	0.076473	-12.35537	0.066266	19.2855	0.2331	184.93439262999559	1.9762464177801782	33.26144349980253	0.3471486227577044	172.801607981689	1.6238973513444144	11.690999999999999
18.696696	0.083314	8.662838	0.07375	-1.631927	0.072738	-12.312451	0.067326	19.2855	0.2331	0.0	0.0	0.0	0.0	0.0	0.0	0.0
18.549192	0.073417	8.64635	0.069661	-1.628044	0.072737	-11.038407	0.081886	19.2909	0.2337	0.0	0.0	0.0	0.0	0.0	0.0	0.0
18.228811	0.075276	8.640217	0.069766	-1.502787	0.074109	-9.219351	0.087962	19.3125	0.2348	0.0	0.0	0.0	0.0	0.0	0.0	0.0
17.841889	0.074765	8.654126	0.075072	-1.157522	0.073756	-7.42734	0.089322	19.3179	0.2347	0.0	0.0	0.0	0.0	0.0	0.0	0.0
17.460444	0.081338	8.720662	0.069774	-0.591289	0.072932	-5.720256	0.089842	19.3287	0.2343	0.0	0.0	0.0	0.0	0.0	0.0	0.0
17.085214	0.078175	8.788925	0.074255	0.079102	0.081386	-4.16635	0.084233	19.3395	0.2333	0.0	0.0	0.0	0.0	0.0	0.0	0.0
16.761635	0.076554	8.954448	0.080227	0.876058	0.080518	-2.652227	0.091281	19.3557	0.2347	0.0	0.0	0.0	0.0	0.0	0.0	0.0
16.46006	0.077781	9.121447	0.077986	1.6541	0.086956	-1.29987	0.086106	19.3718	0.235	0.0	0.0	0.0	0.0	0.0	0.0	0.0
16.195687	0.079092	9.30843	0.080342	2.442395	0.077297	-0.017406	0.077669	19.3826	0.2345	0.0	0.0	0.0	0.0	0.0	0.0	0.0
15.99767	0.080294	9.54302	0.081471	3.23959	0.077142	1.188197	0.091824	19.3934	0.2348	0.0	0.0	0.0	0.0	0.0	0.0	0.0
15.813109	0.078906	9.79129	0.075646	4.033266	0.083835	2.323491	0.085002	19.3934	0.2336	0.0	0.0	0.0	0.0	0.0	0.0	0.0
15.622421	0.075976	10.005391	0.075612	4.764232	0.088708	3.35988	0.081184	19.415	0.2352	0.0	0.0	0.0	0.0	0.0	0.0	0.0
15.502316	0.081368	10.276429	0.077519	5.485551	0.071819	4.361265	0.083036	19.4258	0.2352	0.0	0.0	0.0	0.0	0.0	0.0	0.0
15.397645	0.067313	10.550406	0.076054	6.147739	0.077154	5.28186	0.07574	19.4474	0.2338	0.0	0.0	0.0	0.0	0.0	0.0	0.0
15.281181	0.075037	10.764838	0.077349	6.797102	0.075434	6.119895	0.084756	19.4635	0.2352	0.0	0.0	0.0	0.0	0.0	0.0	0.0
15.2545	0.068681	11.03084	0.083786	7.422636	0.07697	6.915264	0.067856	19.4689	0.2354	0.0	0.0	0.0	0.0	0.0	0.0	0.0
15.167738	0.07241	11.274647	0.078521	8.015607	0.075819	7.659113	0.076588	19.4851	0.2353	0.0	0.0	0.0	0.0	0.0	0.0	0.0
15.12844	0.073447	11.532897	0.073427	8.575822	0.073222	8.419289	0.080098	19.4959	0.2346	0.0	0.0	0.0	0.0	0.0	0.0	0.0
15.262406	0.078177	12.117376	0.084207	9.395238	0.072264	9.290561	0.077407	19.5067	0.2346	0.0	0.0	0.0	0.0	0.0	0.0	0.0
15.378498	0.079191	12.40748	0.072668	10.033763	0.073606	9.969179	0.07854	19.4743	0.2355	0.0	0.0	0.0	0.0	0.0	0.0	0.0
15.416313	0.075874	12.649073	0.077136	10.552536	0.074426	10.585023	0.07433	7.3382	0.3698	0.0	0.0	0.0	0.0	-0.0	0.0	0.0
15.459554	0.077655	13.322423	0.076441	10.708525	0.07624	11.13079	0.076182	0.8441	0.2582	0.0	0.0	0.0	0.0	-0.0	0.0	0.0
15.525006	0.071567	13.925195	0.079392	10.760718	0.080239	11.602035	0.074471	0.0296	0.182	0.0	0.0	0.0	0.0	-0.0	0.0	0.0
15.669956	0.073204	14.369567	0.074832	10.935331	0.072803	11.985096	0.07282	0.0242	0.1827	0.0	0.0	0.0	0.0	-0.0	0.0	0.0
15.831189	0.074999	14.748421	0.077474	11.170743	0.079226	12.368475	0.075616	0.0296	0.182	0.0	0.0	0.0	0.0	-0.0	0.0	0.0
15.968032	0.074931	15.016718	0.074827	11.467692	0.07279	12.711848	0.07319	0.0242	0.1827	0.0	0.0	0.0	0.0	-0.0	0.0	0.0
16.107217	0.077657	15.283427	0.076604	11.754972	0.074646	13.025151	0.078773	0.0242	0.1827	0.0	0.0	0.0	0.0	-0.0	0.0	0.0
16.231265	0.084847	15.493922	0.079396	12.048163	0.076657	13.348541	0.07671	0.0296	0.182	0.0	0.0	0.0	0.0	-0.0	0.0	0.0
16.362044	0.076845	15.682251	0.078009	12.364519	0.076465	13.641931	0.077758	0.0296	0.182	0.0	0.0	0.0	0.0	-0.0	0.0	0.0
16.47213	0.074546	15.870726	0.076175	12.652665	0.06354	13.919237	0.075969	0.035	0.1827	0.0	0.0	0.0	0.0	-0.0	0.0	0.0
16.590445	0.080006	16.030203	0.083959	12.961515	0.084628	14.229664	0.07852	0.0404	0.1833	0.0	0.0	0.0	0.0	-0.0	0.0	0.0
16.702778	0.072685	16.187899	0.082596	13.256574	0.076562	14.493278	0.068738	0.0404	0.1833	0.0	0.0	0.0	0.0	-0.0	0.0	0.0
16.784701	0.096401	16.286224	0.083326	13.538255	0.078963	14.74751	0.077807	0.0404	0.1833	0.0	0.0	0.0	0.0	-0.0	0.0	0.0
16.87445	0.073609	16.433907	0.080001	13.877356	0.076154	15.001557	0.074496	0.0458	0.1837	0.0	0.0	0.0	0.0	-0.0	0.0	0.0
16.980614	0.071603	16.556497	0.080793	14.196127	0.080619	15.2763	0.072991	0.0404	0.1833	0.0	0.0	0.0	0.0	-0.0	0.0	0.0
17.061711	0.073748	16.658236	0.078043	14.527557	0.075331	15.526407	0.070896	0.062	0.1839	0.0	0.0	0.0	0.0	-0.0	0.0	0.0
17.131953	0.072734	16.749162	0.08268	14.811554	0.068863	15.77426	0.078022	0.9789	0.195	0.0	0.0	0.0	0.0	-0.0	0.0	0.0
17.212164	0.076612	16.88746	0.075235	15.097375	0.079254	15.99485	0.068893	1.8366	0.2583	0.0	0.0	0.0	0.0	-0.0	0.0	0.0
17.282582	0.066397	16.936987	0.075128	15.704905	0.070565	16.226702	0.070527	10.9845	0.5833	0.0	0.0	0.0	0.0	-0.0	0.0	0.0
17.359065	0.07652	16.738834	0.077406	16.025408	0.082373	16.468949	0.074739	17.6512	0.2272	0.0	0.0	0.0	0.0	-0.0	0.0	0.0
17.367401	0.076081	16.709734	0.080866	16.245236	0.075737	16.709935	0.080603	19.9975	0.2373	0.0	0.0	0.0	0.0	-0.0	0.0	0.0
17.39282	0.077321	16.793281	0.085017	16.432447	0.077332	16.914112	0.085059	19.9867	0.2363	0.0	0.0	0.0	0.0	-0.0	0.0	0.0
17.422275	0.07472	16.864249	0.077321	16.63214	0.075782	17.151647	0.07005	19.8411	0.2369	0.0	0.0	0.0	0.0	-0.0	0.0	0.0
17.489127	0.073304	16.964234	0.073247	16.827701	0.074795	17.355933	0.070526	19.8465	0.2371	0.0	0.0	0.0	0.0	-0.0	0.0	0.0
17.507412	0.077923	17.028276	0.084776	16.962431	0.077989	17.503459	0.075326	19.8627	0.237	0.0	0.0	0.0	0.0	-0.0	0.0	0.0
17.513599	0.081069	17.071918	0.081007	17.056018	0.089334	17.647312	0.076574	19.8573	0.2372	0.0	0.0	0.0	0.0	-0.0	0.0	0.0
17.597439	0.076109	17.143104	0.075721	17.173047	0.075845	17.781303	0.07959	19.8735	0.2363	0.0	0.0	-0.0	0.0	-0.0	0.0	0.0
17.553928	0.074851	17.103881	0.068373	17.183686	0.068485	17.83375	0.0749	19.8843	0.2364	0.0	0.0	-0.0	0.0	-0.0	0.0	0.0
17.561856	0.083362	17.145114	0.083291	17.237409	0.08426	17.875086	0.085466	19.895	0.2372	0.0	0.0	-0.0	0.0	-0.0	0.0	0.0
17.585281	0.078241	17.210136	0.078192	17.310829	0.076754	17.961213	0.07538	19.8789	0.2358	0.0	0.0	-0.0	0.0	-0.0	0.0	0.0
17.592933	0.073411	17.251113	0.066392	17.389298	0.076317	18.060787	0.075271	19.9058	0.2375	0.0	0.0	-0.0	0.0	-0.0	0.0	0.0
17.629432	0.079848	17.325043	0.072881	17.484198	0.076238	16.713431	0.101631	19.9004	0.2374	0.0	0.0	-0.0	0.0	0.0	0.0	0.0
17.696476	0.074749	17.412842	0.07006	17.467807	0.074841	14.631606	0.102664	19.8789	0.237	0.0	0.0	-0.0	0.0	0.0	0.0	0.0
17.729169	0.065711	17.324635	0.074707	17.108724	0.07297	12.505268	0.10007	19.8843	0.2364	0.0	0.0	0.0	0.0	0.0	0.0	0.0
17.74976	0.076567	17.174398	0.078996	16.51373	0.079047	10.588164	0.095915	19.8627	0.237	0.0	0.0	0.0	0.0	0.0	0.0	0.0
17.776344	0.071246	16.930281	0.068079	15.756208	0.073108	8.87614	0.09658	19.8411	0.2369	0.0	0.0	0.0	0.0	0.0	0.0	0.0
17.719779	0.072924	16.553835	0.063229	14.844559	0.08369	7.213126	0.085547	19.8249	0.2356	0.0	0.0	0.0	0.0	0.0	0.0	0.0
17.640903	0.075326	16.122552	0.076796	13.92245	0.084455	5.702732	0.095179	19.8249	0.2368	0.0	0.0	0.0	0.0	0.0	0.0	0.0
17.543071	0.075473	15.681471	0.076578	12.976987	0.077627	4.330002	0.08639	19.7926	0.2369	0.0	0.0	0.0	0.0	0.0	0.0	0.0
17.393093	0.07749	15.197726	0.076253	12.028986	0.076939	3.053438	0.085764	19.7764	0.2359	0.0	0.0	0.0	0.0	0.0	0.0	0.0
17.228556	0.078543	14.700436	0.078202	11.102886	0.086176	1.848125	0.07978	19.7656	0.2358	0.0	0.0	0.0	0.0	0.0	0.0	0.0
17.048012	0.072856	14.192248	0.072556	10.200882	0.082252	0.738377	0.080808	19.771	0.2353	0.0	0.0	0.0	0.0	0.0	0.0	0.0
16.772227	0.070455	13.628213	0.074315	9.315202	0.076852	-0.302352	0.078635	19.744	0.2367	0.0	0.0	0.0	0.0	0.0	0.0	0.0
16.554355	0.074649	13.109732	0.075949	8.483946	0.077682	-1.247832	0.071771	19.7386	0.2366	0.0	0.0	0.0	0.0	0.0	0.0	0.0
16.295034	0.082345	12.59223	0.083079	7.707523	0.082486	-2.128067	0.075639	19.717	0.2351	0.0	0.0	0.0	0.0	0.0	0.0	0.0
16.025304	0.079961	12.077617	0.073102	6.923436	0.072649	-2.941791	0.082406	19.717	0.2351	0.0	0.0	0.0	0.0	0.0	0.0	0.0
15.747961	0.067983	11.576577	0.07901	6.189843	0.07321	-3.714602	0.069295	19.6901	0.2365	0.0	0.0	0.0	0.0	0.0	0.0	0.0
15.495741	0.082099	11.092802	0.072994	5.514037	0.075164	-4.412571	0.078609	19.6685	0.2354	0.0	0.0	0.0	0.0	0.0	0.0	0.0
15.184856	0.076686	10.588959	0.084012	4.827829	0.075459	-5.081586	0.081369	19.6739	0.2358	404.752975217013	10.017620060698132	59.411495613686604	1.1645321992922713	187.72076949310028	2.1022274456708874	11.688
15.106848	0.075819	10.13158	0.07859	4.215151	0.068911	-4.492429	0.073605	19.6793	0.2362	373.89001891824057	8.206427021870196	57.852015956558276	1.0220497418031402	213.6302854529705	2.4737221429812446	11.688
15.158538	0.073813	9.725266	0.079435	3.727982	0.074053	-3.296002	0.076446	19.6847	0.2364	342.37249498624396	6.832958710055639	57.07205587817982	1.0334612649062105	264.8358996567889	4.012981555337422	11.688
15.257222	0.073355	9.486733	0.082007	3.515133	0.083512	-3.433602	0.071228	19.6955	0.2364	322.36486329865346	6.1466264426385955	57.31752810297965	1.1234329498149545	267.703832625643	4.228628348322331	11.688
15.352768	0.082429	9.365978	0.073263	3.471964	0.066311	-4.124808	0.085299	19.6793	0.2362	310.717929224118	5.723685792222113	58.07202946778797	0.9736091120666059	244.86754250660533	3.4825242489200865	11.688
15.470681	0.078009	9.259137	0.067456	3.344074	0.078117	-4.865229	0.072001	19.6739	0.2358	299.4751644649891	4.972150650861051	57.86537626692129	1.0096849075651315	226.59693461180876	2.9324059962562097	11.688
15.637286	0.080725	9.227524	0.074816	3.147712	0.071518	-5.495669	0.07469	19.6793	0.2362	290.2140503847689	4.983339694356848	56.29735782195063	0.9583822993601767	215.21705241838492	2.574836340885479	11.688
15.758869	0.073878	9.148595	0.07583	2.870564	0.070836	-4.882492	0.0776	19.6955	0.2364	281.41089068879626	4.506988549496273	54.51985380697933	0.9011481586185061	239.93156613900032	3.2515341339064423	11.688
15.881624	0.072734	9.086447	0.076387	2.680311	0.075744	-3.550545	0.076891	19.7063	0.236	273.7534117049463	4.249248919411603	53.42961801059751	0.8972046483067414	298.54690888635713	5.171501804577809	11.688
16.024047	0.071365	9.096204	0.075879	2.725313	0.075536	-2.187743	0.082799	19.7063	0.236	268.51114370665414	4.037303432409603	53.7251922806479	0.9028827767941284	378.6244095640128	8.637218117924371	11.688
16.102322	0.078391	9.180558	0.078906	3.003994	0.075592	-0.896394	0.086843	19.717	0.2351	268.7469243471507	4.3185223197537	55.415496333422475	0.9803793081638097	476.92766649718203	14.078252739728862	11.688
16.251909	0.073659	9.386366	0.074281	3.452383	0.072362	0.332019	0.084733	19.717	0.2351	270.94769399720866	4.128405183180712	57.68087796957071	1.0080192064174698	596.1493436049675	21.288303064946735	11.688
16.403603	0.076403	9.658952	0.076512	4.014035	0.075006	1.471174	0.074596	19.744	0.2367	275.80421702004895	4.421561877461961	60.63461112003648	1.150887780594927	731.5391514420439	30.43262208686702	11.688
16.5861	0.082508	9.965954	0.080145	4.646093	0.079762	2.574564	0.085062	19.7602	0.2362	281.0633699341728	4.883472022183931	64.35604054129074	1.367857128978345	898.2158614601327	50.56131644435696	11.690999999999999
16.756385	0.075568	10.334159	0.073168	5.307617	0.071694	3.600339	0.077761	19.7656	0.2371	289.6508434583272	4.744026264425849	68.09399872477928	1.387718813471115	1089.5719252525237	67.49990770866744	11.688
16.977252	0.086064	10.711363	0.088307	5.979129	0.08865	4.563416	0.087176	19.7656	0.2358	296.95391699421066	5.843881803630151	72.34748939330133	1.912973662635189	1314.3060878605731	115.42593303568563	11.690999999999999
17.220631	0.076419	11.135508	0.071146	6.67423	0.074036	5.492504	0.078352	19.771	0.2353	305.77534260552625	5.246599385894613	76.74151089733672	1.7662616504916344	1574.5448377115363	143.63132918243215	11.690999999999999
17.455493	0.075577	11.556045	0.076151	7.363133	0.074464	6.349317	0.075513	19.7818	0.2363	315.4095611241152	5.736079479694955	81.65605486655278	2.0742031893423003	1835.3840574272028	191.99362985847824	11.6913897
17.712964	0.072071	11.986459	0.066268	7.99856	0.072388	7.149781	0.078528	19.7926	0.2369	324.924291171709	5.555253100302166	85.85102496828341	2.112751101886921	2192.18491861479	275.8434083347075	11.690999999999999
17.997255	0.084258	12.443798	0.080239	8.66154	0.077565	7.942682	0.087093	19.7926	0.2369	335.0490023364877	7.019690172650381	90.51873359199894	2.6708652590771664	2588.3863394569353	419.93144786438125	11.690999999999999
18.274528	0.076188	12.919675	0.076844	9.311647	0.07494	8.671323	0.079812	19.8034	0.2369	347.47548941907087	7.021818839080952	94.88984899584344	2.82290298613266	2905.842644562964	496.8319890121381	11.690999999999999
18.56524	0.075242	13.36405	0.082076	9.939526	0.081744	9.353987	0.077985	19.8087	0.2368	357.7413317347458	7.6584236501572915	99.9745215746089	3.381750237250771	3177.722405351666	613.1251266566512	11.690999999999999
18.902716	0.078023	13.80944	0.072259	10.52866	0.07707	9.820377	0.075937	19.8195	0.2361	365.30879878142656	7.627340288867851	104.35133459271385	3.360283261002442	2626.939990804103	401.2827702852957	11.6906103
19.215458	0.077561	14.263878	0.073194	11.102979	0.076946	8.6733	0.089924	19.8034	0.2369	375.77508540304154	8.093245839231638	108.3126261801197	3.6390196231133394	765.8132160259457	37.30314093810105	11.690999999999999
19.517547	0.083011	14.634245	0.073478	11.489007	0.076278	7.113418	0.083961	19.7818	0.2363	381.0291460026976	8.650061331203334	108.85193146175492	3.665463684350462	425.24110416404255	11.024286767743224	11.690999999999999
19.816721	0.076199	14.939815	0.075613	11.550352	0.075331	5.603599	0.089155	19.771	0.2353	381.5288580958066	8.398021456929186	101.0086884570484	3.180743985487237	312.89016048125103	6.141216317120556	11.690999999999999
20.130148	0.083131	15.123251	0.069146	11.373098	0.077498	4.243105	0.091411	19.7548	0.2365	371.62343463105486	8.025594259543345	91.29366782081819	2.528397101936142	260.96524925474586	4.386318830966388	11.690999999999999
20.416772	0.073419	15.218146	0.077869	11.011247	0.080873	2.994453	0.085542	19.744	0.2367	357.9177122006224	7.3683828691846545	81.38183981919086	2.171796880512123	232.09783283443406	3.4081512467105806	11.690999999999999
20.674971	0.074218	15.239283	0.074022	10.553073	0.067146	1.857923	0.079691	19.717	0.2351	342.30819597231175	6.60106341090034	73.05801294478557	1.558044186439923	213.99060157399998	2.564574165431209	11.690999999999999
20.903357	0.081706	15.156769	0.079438	10.010516	0.078851	0.788963	0.077441	19.717	0.2351	323.7887550894127	6.420841339563542	66.52707525105335	1.4469231373736593	201.7751800496015	2.418262478484745	11.690999999999999
21.065949	0.069566	15.043018	0.071937	9.462906	0.071484	-0.180273	0.078979	19.6901	0.2365	308.93269941346296	5.132947453303001	61.35453881619733	1.1150768658872856	192.9530258454481	2.1314906768234168	11.690999999999999
21.186478	0.073705	14.888171	0.07027	8.900514	0.080241	-1.07605	0.074295	19.6739	0.2358	295.4254858233139	4.7766112960436296	57.178490302505836	1.0185440886559294	186.5051410355235	2.0443070490076036	11.690999999999999
21.356704	0.079097	14.785612	0.080505	8.406122	0.078614	-1.86269	0.086219	19.6685	0.2354	283.16150730703794	4.863377570801421	53.66655333048028	0.9465807616289618	181.1972401092408	2.05884471716138	11.690999999999999
21.417032	0.076675	14.560173	0.074856	7.841749	0.076751	-2.644649	0.07538	19.6631	0.2348	271.3604717808369	4.240725810797259	50.95914675043218	0.8131909662350472	177.43752155358396	1.8202881493320753	11.690999999999999
21.511285	0.064923	14.40019	0.071874	7.361551	0.074454	-3.315252	0.076445	19.6469	0.236	261.65876300746834	3.563859516739154	48.64082318750949	0.7151376274116249	174.27319865505046	1.7417938923826892	11.690999999999999
21.605068	0.069113	14.235846	0.074745	6.894062	0.07406	-3.922878	0.072499	19.6254	0.2359	252.49346778320952	3.488035214337125	46.63242227509345	0.6683380407237293	172.01542209848915	1.6481106096628864	11.690999999999999
21.584191	0.080655	14.002276	0.074562	6.41274	0.078623	-4.534233	0.076711	19.6092	0.2346	245.4103504575134	3.5552815681590464	45.110162988540964	0.6440422428362876	169.97213446104925	1.7055692118354338	11.690999999999999
21.611665	0.082488	13.807009	0.081201	5.964806	0.08139	-5.072148	0.080426	19.6038	0.2351	238.40646692174295	3.535754787584298	43.65676153568078	0.6400197499031895	168.58640433569838	1.7477753384953099	11.690999999999999
21.664931	0.079471	13.649059	0.082499	5.597228	0.073627	-5.529339	0.075752	19.5822	0.236	232.12451658750805	3.3171531173525723	42.520168012910055	0.5839313645319965	167.22862511199227	1.5877004869077762	11.690999999999999
21.635244	0.076973	13.415158	0.076304	5.200391	0.069839	-5.99126	0.06866	19.5606	0.2349	226.35776890214007	2.98459868748619	41.676802382150754	0.5247900164626825	166.25610434931156	1.4548917783691822	11.690999999999999
21.62642	0.074315	13.250944	0.072361	4.831832	0.076564	-6.433305	0.071523	19.5606	0.2349	0.0	0.0	0.0	0.0	0.0	0.0	0.0
21.391443	0.069093	13.076963	0.084785	4.509459	0.073802	-6.786109	0.07375	19.5391	0.2355	0.0	0.0	0.0	0.0	0.0	0.0	0.0
21.042263	0.078642	12.870259	0.075012	4.179575	0.078001	-7.164686	0.073852	19.5283	0.2357	0.0	0.0	0.0	0.0	0.0	0.0	0.0
20.628507	0.076464	12.596514	0.07239	3.852206	0.07464	-7.507093	0.072966	19.5067	0.2346	0.0	0.0	0.0	0.0	0.0	0.0	0.0
20.202292	0.076076	12.32686	0.075168	3.564545	0.077885	-7.796299	0.074423	19.5013	0.2341	0.0	0.0	0.0	0.0	0.0	0.0	0.0
19.763714	0.079202	11.97566	0.078111	3.233868	0.079261	-8.084969	0.076497	19.4905	0.235	0.0	0.0	0.0	0.0	0.0	0.0	0.0
19.326694	0.080413	11.617289	0.084471	2.919521	0.080278	-8.354856	0.078472	19.4581	0.2349	241.36005580867533	3.6512538166011317	39.36373287125835	0.5273977689344213	165.04171285200812	1.643345431814731	11.6913897
19.073016	0.076752	11.294038	0.070453	2.615398	0.069683	-8.603897	0.070985	19.4581	0.2349	239.19343132489158	3.20354986593796	39.44917698279401	0.4504313155193462	165.84646120678747	1.4704113510578631	11.690999999999999
18.972454	0.070787	10.969045	0.074108	2.293984	0.0802	-8.843244	0.072265	19.4474	0.2338	232.4859935292182	2.976970503481553	39.465450319988335	0.49677050826483626	167.06854683820043	1.6194148685632257	11.690999999999999
18.951626	0.077845	10.705319	0.077668	2.016034	0.076652	-9.089815	0.073974	19.442	0.2343	225.63802428271921	3.0088873797352966	39.40084787240005	0.4948115215715298	167.54057790423752	1.6070265582471601	11.690999999999999
18.926158	0.076614	10.457841	0.074335	1.72271	0.067497	-9.328466	0.069238	19.442	0.2343	219.72257809617736	2.7697732480944066	39.19405284945301	0.4505194758139082	168.36944715946237	1.4731714136835647	11.690999999999999
18.911701	0.077686	10.24936	0.073993	1.466903	0.075614	-9.554073	0.074169	19.4312	0.235	214.80110426335918	2.6603540200438553	38.98284861851322	0.4695910710944647	168.83083114488252	1.6225552790600122	11.690999999999999
18.94773	0.063388	10.130145	0.078621	1.254281	0.071757	-9.719978	0.073147	19.4204	0.2352	211.01928948814896	2.416892759177255	38.572604487362334	0.46258194757370796	169.5495192514457	1.583087692751449	11.690999999999999
18.934846	0.078664	9.972213	0.075023	1.035927	0.074092	-9.920786	0.072741	19.4258	0.2352	207.60422303493235	2.517941503466629	38.31179948706747	0.4520545503611869	169.82104222649775	1.609306667767748	11.690999999999999
18.928927	0.080271	9.877384	0.077822	0.850937	0.076723	-10.097589	0.07515	19.4204	0.2352	205.56500537436466	2.5390915650549575	37.92911853602454	0.45920642434703435	169.94803357073056	1.6670520842639434	11.690999999999999
18.922113	0.075358	9.76193	0.07257	0.681571	0.073403	-10.281241	0.07448	19.3988	0.2342	203.12700690840273	2.319931660550213	37.70392824164526	0.42859529920422823	169.72655652361289	1.6189839779328137	11.690999999999999
18.92339	0.073723	9.666582	0.073822	0.504537	0.071945	-10.420051	0.073285	19.4042	0.2346	201.00670681264523	2.265476634066686	37.36777226408963	0.4204216773509559	170.32041608212657	1.6011174319979027	11.690999999999999
18.919941	0.073724	9.58215	0.070897	0.368551	0.071932	-10.561434	0.077352	19.3988	0.2342	199.2634519587009	2.1826353616144916	37.158681314239914	0.4073272279549737	170.2363285839019	1.6452016445167823	11.690999999999999
18.919643	0.074433	9.505299	0.073278	0.236451	0.072284	-10.694778	0.073095	19.3988	0.2342	197.6431529009348	2.192821214477077	36.93718876422304	0.4101875590451793	170.21694255830138	1.6007625437903668	11.690999999999999
18.924434	0.076289	9.445054	0.072442	0.131651	0.064898	-10.80258	0.067835	19.3934	0.2336	196.28715562712037	2.1784373592395365	36.760481119260405	0.38389364461909886	170.1702228514413	1.4610533820618983	11.690999999999999
18.926009	0.06918	9.382259	0.068206	0.013253	0.074908	-10.926406	0.075715	19.3934	0.2336	194.96324513147434	1.9846041862401405	36.542316980357114	0.3951347036872465	170.0857914040865	1.6559503837066065	11.690999999999999
18.892901	0.076963	9.330035	0.074226	-0.095341	0.070547	-11.030325	0.069423	19.3934	0.2348	194.5735253370089	2.1755666136846026	36.32376768552336	0.39464443086445045	170.15851180372752	1.54017943485876	11.690999999999999
18.898522	0.081081	9.259137	0.067456	-0.194244	0.074177	-11.116939	0.065858	19.388	0.2341	193.02896462497654	2.1120877728292755	36.216165225921046	0.38410947288442426	170.34993723731333	1.5470304226135814	11.690999999999999
18.910424	0.080736	9.245704	0.073251	-0.242643	0.076353	-11.175066	0.073493	19.3934	0.2336	192.52295745808902	2.171571968777171	36.08270436586404	0.4023758466429597	170.1983458895692	1.6498637182846831	11.690999999999999
18.875827	0.075722	9.180699	0.07024	-0.339557	0.07605	-11.255872	0.068247	19.388	0.2341	191.91912713244855	2.044539945830162	35.96176196294083	0.391053476728477	170.44950771589353	1.5954975392254913	11.690999999999999
18.86512	0.079333	9.134242	0.073233	-0.418972	0.074474	-11.346339	0.075282	19.388	0.2341	191.21403741688832	2.1215754598033416	35.83769900098398	0.3918254288397871	170.27710758934865	1.6501150882659912	11.690999999999999
18.877998	0.07563	9.102143	0.070128	-0.480923	0.074461	-11.420432	0.073113	19.3611	0.2349	190.33429235393362	2.008124405172327	35.726060458112684	0.38132749110630504	170.08811465258466	1.6225182393752453	11.690999999999999
18.810609	0.081151	9.037538	0.075119	-0.546743	0.075362	-11.468303	0.071606	19.3557	0.2347	190.3885047365031	2.154231307201593	35.72153365067806	0.39658628005752017	170.36763807902705	1.6216343529643864	11.690999999999999
18.817565	0.064721	9.011667	0.074191	-0.62607	0.073257	-11.537029	0.070738	19.3665	0.235	189.75113869733065	1.9051511324550756	35.523404383246316	0.3843015161127278	170.53315925557956	1.59163195473029	11.690999999999999
18.815543	0.080789	8.985519	0.077086	-0.65122	0.075943	-11.579548	0.072988	19.3557	0.2347	189.28544472828938	2.150216800220929	35.52708088726303	0.3989345290067128	170.26212437949542	1.6410395364614256	11.690999999999999
18.829458	0.077058	8.970032	0.076743	-0.682152	0.079987	-11.617243	0.069509	19.3503	0.2344	188.72097329687185	2.081674758545979	35.47023194282756	0.40735070697705666	170.15682499993102	1.648942836872215	11.690999999999999
18.803409	0.072904	8.925316	0.066942	-0.751794	0.06925	-11.672118	0.060691	19.3557	0.2347	188.36433442941933	1.8873658729695646	35.37886871781623	0.3521245465189808	170.38691733481465	1.4367196473987154	11.690999999999999
18.76479	0.069529	8.872561	0.074525	-0.817543	0.075033	-11.738048	0.072102	19.3503	0.2344	188.09516649881806	1.9380102731869138	35.331429817287685	0.38559431268946287	170.38409803542223	1.62357626331535	11.690999999999999
18.758723	0.077819	8.858573	0.082055	-0.842672	0.077675	-11.765855	0.076112	19.3395	0.2333	187.9446666461723	2.146864962446322	35.290852589399094	0.41102604510937035	170.34231774866495	1.695901136308135	11.690999999999999
18.745557	0.080711	8.822072	0.073202	-0.900658	0.072233	-11.824547	0.072526	19.3395	0.2333	187.50272445637003	2.0588335928890427	35.21286629429136	0.37245819792169244	170.33132822559946	1.5960609639242658	11.690999999999999
18.720557	0.076234	8.806041	0.072406	-0.919982	0.069717	-11.843079	0.072922	19.3395	0.2333	187.67235127590953	1.99018624011989	35.20094526301683	0.36378641806960715	170.3436755309452	1.5733060907242575	11.690999999999999
18.731108	0.073704	8.751747	0.072679	-0.960558	0.067162	-11.874476	0.068919	19.3341	0.2339	186.45286089798068	1.9339835968101673	35.25066255998085	0.35917232737568555	170.48693449895688	1.5032495361996834	11.690999999999999
18.737912	0.078639	8.766068	0.074881	-0.985674	0.07626	-11.906131	0.06487	19.3341	0.2339	186.59340872106299	2.0318918108582578	35.10810800245121	0.3847783593602204	170.3848457486509	1.5620818654885784	11.690999999999999
18.703498	0.078633	8.721402	0.073191	-1.012717	0.079238	-11.942485	0.073402	19.3341	0.2339	186.40178682721225	2.0060108682287465	35.171668087515144	0.389754119921517	170.23970026078706	1.6823705592853553	11.690999999999999
18.664056	0.075605	8.703466	0.076967	-1.061003	0.0747	-11.981418	0.072146	19.3179	0.2347	186.80424747874702	2.023391186517103	35.0623458898643	0.38513981287743926	170.38551197765852	1.6203432377761664	11.690999999999999
18.693831	0.083597	8.699645	0.080079	-1.05328	0.079681	-11.963246	0.073066	19.3395	0.2333	186.1762817856835	2.1564871379212134	35.103849692828476	0.40660506098332866	170.54869841823412	1.6900037982264529	11.690999999999999
18.683575	0.085709	8.689688	0.078915	-1.089974	0.077641	-11.979969	0.072627	19.3341	0.2339	186.1818559905509	2.170463733068826	35.00787784437426	0.3962884148823473	170.86146102345475	1.6680528186784245	11.690999999999999
18.662475	0.082099	8.633307	0.080424	-1.144036	0.079221	-12.027806	0.072504	19.3125	0.2348	185.52688954930812	2.126007581267183	35.01618124458862	0.4042989894749663	170.95918233031645	1.6868746268737405	11.690999999999999
18.631711	0.081068	8.643662	0.081475	-1.157556	0.080168	-12.037417	0.067923	19.3071	0.2347	186.2906908651799	2.143695532713244	34.93088273626165	0.40736615661807435	171.0206025122667	1.6516513706223435	11.690999999999999
18.656704	0.079688	8.635551	0.073749	-1.153693	0.07376	-12.059445	0.078117	19.3125	0.2348	185.67527887145218	2.011760465691116	34.9736080066627	0.3726441752479085	170.6146035972705	1.680806974125095	11.690999999999999
18.639944	0.075896	8.639573	0.078402	-1.169137	0.087498	-12.085243	0.069902	19.3071	0.2347	186.06115078705344	2.030214413327068	34.90419994075069	0.41807024021014777	170.45276353680407	1.7487334711128733	11.690999999999999
18.621163	0.07164	8.589334	0.07613	-1.213534	0.0722	-12.094501	0.073675	19.3125	0.2348	185.47770200425322	1.9327753792879399	34.925000267313514	0.3738067771796687	171.00323376101923	1.6211558559058612	11.690999999999999
18.64689	0.084032	8.593621	0.078949	-1.209681	0.079971	-12.094855	0.074003	19.3071	0.2347	185.08213280349037	2.1227155770539863	34.923455140204375	0.40033093319557345	170.93714574335016	1.711040412494176	11.690999999999999
18.612783	0.082093	8.581292	0.07486	-1.232835	0.073829	-12.120296	0.07093	19.3017	0.2345	185.48392836607744	2.0542565802417854	34.884938619727265	0.3737330194874107	170.90122293452328	1.6070738996635425	11.690999999999999
18.606279	0.077374	8.559077	0.078458	-1.2502	0.067567	-12.133059	0.074398	19.2909	0.2337	185.19389101418219	2.0311061897558567	34.90218388356618	0.3684101476835715	170.97349595837628	1.5788936793648547	11.690999999999999
18.574056	0.078704	8.528561	0.076162	-1.263696	0.073506	-12.16757	0.072126	19.3017	0.2345	185.2253672350988	2.0194257166063823	34.96284882489691	0.37792457576547417	170.6439741179718	1.6116477325735958	11.690999999999999
18.587501	0.073524	8.536997	0.074173	-1.271428	0.074138	-12.149683	0.067802	19.2963	0.2341	185.13304792027702	1.9237905193946234	34.90521853562087	0.3732090869512507	171.0458471788525	1.5797071245839434	11.690999999999999
18.568285	0.062453	8.502661	0.071905	-1.300364	0.066236	-12.184459	0.070969	19.2909	0.2337	184.85496228881695	1.7490853881849382	34.924443977419934	0.34829137685776973	170.95408074583193	1.524756715475361	11.690999999999999
18.549071	0.071429	8.512547	0.070492	-1.306146	0.062134	-12.171343	0.075947	19.2909	0.2337	185.39092048363216	1.8537295774104308	34.868717164818136	0.333700407727588	171.25141294311513	1.5466034913004483	11.690999999999999
18.54705	0.074847	8.49851	0.071965	-1.308076	0.068399	-12.184281	0.072458	19.2909	0.2337	185.16924310131157	1.913352484569653	34.91176149436851	0.3534563288454961	171.0781018569073	1.5673349802264762	11.690999999999999
18.549071	0.075438	8.47637	0.075834	-1.333154	0.074743	-12.197128	0.073332	19.2855	0.2331	184.72508427489342	1.9616648473791707	34.90130699992353	0.37883349167961033	171.27068662991377	1.6507415736703883	11.690999999999999
18.5602	0.074773	8.498773	0.0737	-1.300369	0.071766	-12.195688	0.06618	19.2855	0.2331	184.93205911929772	1.9297339169445984	34.93828533994576	0.3667729658451116	170.77796739093498	1.530172266369085	11.690999999999999
18.539695	0.079673	8.494949	0.064965	-1.327387	0.072773	-12.184904	0.073923	19.2855	0.2331	185.23917260450892	1.895814171272092	34.85578191968424	0.3461743168933342	171.3725430761382	1.6373020922572177	11.690999999999999
18.537382	0.079045	8.472743	0.081616	-1.321595	0.079191	-12.216081	0.076386	19.2855	0.2331	184.87304463060235	2.087021613734872	34.95541941551919	0.4058622824957296	170.79103107064688	1.7248837880878074	11.690999999999999
18.524234	0.072311	8.436311	0.074292	-1.364022	0.076775	-12.226773	0.075194	19.2909	0.2337	184.4463353322132	1.8955580024951177	34.93403843948575	0.38082119942719067	171.28998918567027	1.6945484407188682	11.690999999999999
18.514129	0.07512	8.446521	0.075341	-1.365958	0.071412	-12.236203	0.068887	19.2855	0.2331	184.81852133771008	1.9531230583007329	34.890796197669346	0.3691132393690516	171.1718901330508	1.562437538624352	11.690999999999999
18.503149	0.077032	8.464378	0.077323	-1.39102	0.079444	-12.200901	0.074783	19.2855	0.2331	185.349421393716	2.015194375074249	34.73884910838971	0.3907672140078265	172.12775289442484	1.7372956522109995	11.690999999999999
18.486836	0.081422	8.432422	0.076201	-1.352455	0.077332	-12.226951	0.071421	19.2909	0.2337	185.06105239269584	2.0525746503016884	34.989219159604595	0.38821812798531713	171.1049691560179	1.6563263547252998	11.690999999999999
18.512691	0.077127	8.444805	0.077063	-1.375616	0.07504	-12.231082	0.074729	19.2748	0.234	184.81340867106897	2.001414152201472	34.862581061726885	0.38184853412221686	171.40494016296967	1.6721716670789357	11.690999999999999
18.48467	0.079811	8.426362	0.07607	-1.3891	0.076137	-12.250845	0.07466	19.2855	0.2331	184.98940773217745	2.0278018208738864	34.8801934008417	0.38245949949940494	171.30584380066878	1.6817794083820936	11.690999999999999
18.505316	0.07624	8.422213	0.078666	-1.389093	0.073092	-12.232252	0.076077	19.2855	0.2343	184.53451476441745	2.0048853479713755	34.89496424088921	0.38191449453519516	171.59948333248204	1.6695921996788772	11.690999999999999
18.486691	0.069136	8.416283	0.077049	-1.410312	0.074429	-12.241594	0.071823	19.2802	0.2336	184.76714354537802	1.8993237706814747	34.840674007424525	0.3798229241252207	171.78765466590545	1.640468411393684	11.690999999999999
18.460986	0.078778	8.416023	0.075419	-1.398728	0.071841	-12.259648	0.070682	19.2802	0.2336	185.23517411297337	2.0111306092161017	34.88271684297341	0.37019382972511994	171.3188611725849	1.5897232407389215	11.690999999999999
18.453049	0.076035	8.380056	0.074836	-1.437305	0.074732	-12.278329	0.074774	19.2802	0.2336	184.71971774220313	1.9564064425736307	34.87344544308414	0.37568355723208013	171.6332831779161	1.6736905338441297	11.690999999999999
18.47615	0.074964	8.394151	0.067522	-1.412239	0.074042	-12.258121	0.073846	19.2855	0.2331	184.55471122102114	1.8468294757038863	34.91246207155111	0.35675558256639833	171.55640034519203	1.6540954445357852	11.690999999999999
18.467776	0.075875	8.406205	0.079761	-1.400668	0.072764	-12.254438	0.072751	19.2855	0.2331	184.9355860826505	2.0234147088513046	34.911904477970154	0.384349207018176	171.4374313458068	1.6252464336681036	11.6913897
18.473838	0.075599	8.408117	0.079125	-1.414162	0.073163	-12.26351	0.075984	19.2802	0.2336	184.8531669632002	2.0097239162565796	34.85598415599811	0.3824276808500727	171.50159698006868	1.667416682912599	11.690999999999999
18.464882	0.080198	8.379732	0.074887	-1.437288	0.071484	-12.274198	0.074981	19.2748	0.234	184.4970557481133	2.0073293241695644	34.87465636680805	0.36778010303095104	171.69842860631496	1.6413569050104504	11.690999999999999
18.44799	0.070062	8.367615	0.060542	-1.425715	0.070421	-12.285154	0.069389	19.2802	0.2336	184.5844480990703	1.6955518282283162	34.95901647728813	0.33150943588199977	171.34222695263057	1.559886089922377	11.690999999999999
18.42995	0.071308	8.353909	0.067384	-1.439232	0.078338	-12.269078	0.068539	19.2855	0.2331	184.66384780542543	1.7980509295016833	34.95969233495879	0.36887333888779666	171.81041641919484	1.6513080860501168	11.690999999999999
18.44453	0.070062	8.388027	0.060544	-1.445014	0.07042	-12.278239	0.059537	19.2748	0.234	184.97512293238574	1.7031920282580133	34.80890067743921	0.3287526249420735	171.71276885310104	1.461665593482204	11.688
18.423163	0.081194	8.371762	0.069741	-1.44886	0.074426	-12.281652	0.070284	19.2855	0.2331	185.06902593662133	1.970735828439355	34.8529204071522	0.3619767217748443	171.71962712275086	1.6227101723936366	11.688
18.452758	0.078359	8.367874	0.076742	-1.460435	0.074422	-12.292877	0.073321	19.2802	0.2336	184.45456398741152	2.006048290149849	34.8256605565535	0.37879543363934626	171.72517496364213	1.6561892372737597	11.688
18.436157	0.073799	8.359903	0.073095	-1.433445	0.07317	-12.274557	0.066665	19.2748	0.234	184.65994027838445	1.9035600870588287	34.95895193813149	0.369191472365103	171.6318898816672	1.5670887357944152	11.690999999999999
18.444675	0.075595	8.368003	0.078841	-1.448874	0.083705	-12.282011	0.073801	19.2855	0.2331	184.6048822533984	2.001037450817118	34.866215545284184	0.40840228070317025	171.7141627286733	1.7688554093257136	11.688
18.415516	0.080356	8.343963	0.083999	-1.445022	0.07411	-12.300511	0.079606	19.2748	0.234	184.7461313513085	2.1323238898105563	34.97453706783475	0.4002236671134753	171.4045715854656	1.717333971231066	11.690999999999999
18.395882	0.079267	8.333567	0.076698	-1.477777	0.07434	-12.316583	0.074333	19.2802	0.2336	184.91573166011867	2.026975813503074	34.89483364668961	0.37989013145318995	171.66839546323476	1.6650532723174716	11.690999999999999
18.385635	0.071869	8.311571	0.077681	-1.475855	0.076478	-12.307514	0.075728	19.2748	0.234	184.7000757500701	1.9402720382084548	34.98010633095253	0.38960074025981034	171.78166189939213	1.7068848943530246	11.690999999999999
18.402378	0.07667	8.343705	0.070156	-1.471999	0.07183	-12.285423	0.064395	19.2694	0.2343	184.98270275805956	1.9112020618032128	34.87933013201758	0.35678668125094715	172.0713430786823	1.5350874703767932	11.690999999999999
18.394007	0.073897	8.335671	0.076999	-1.452719	0.073486	-12.289105	0.068148	19.2532	0.2344	184.98890917934267	1.9627987224943737	34.976657721609946	0.38033373646352353	171.7067356218715	1.5880488218670594	11.690999999999999
18.397758	0.077018	8.307362	0.076093	-1.498976	0.074723	-12.329332	0.074767	19.2802	0.2336	184.40114471818072	1.9785942512472354	34.91264413575357	0.379689217192477	171.8023266868336	1.6768150824964871	11.690999999999999
18.406419	0.079667	8.33159	0.079645	-1.483562	0.077037	-12.300061	0.079661	19.2694	0.2343	184.68606357928607	2.065042018715359	34.88129178005548	0.3937857686566848	172.02243563175878	1.7624126800485085	11.690999999999999
18.398337	0.073502	8.327702	0.075131	-1.479714	0.074423	-12.292877	0.071892	19.2748	0.234	184.7629676052257	1.9283525242900512	34.90880655269835	0.3764159936519786	172.07550524862103	1.646661735902905	11.690999999999999
18.370625	0.070613	8.313419	0.075046	-1.48934	0.074035	-12.320174	0.071815	19.2694	0.2343	185.00968075973506	1.8955747916124555	34.92539309315928	0.3755856943425831	171.7947411132397	1.6360164579694827	11.690999999999999
18.368605	0.084592	8.307426	0.074114	-1.510545	0.071829	-12.340466	0.076676	19.2802	0.2336	184.93663540065512	2.0672621395718775	34.87127513807838	0.3665782710505088	171.80924318595765	1.6667735713861926	11.690999999999999
18.38145	0.078262	8.307555	0.072783	-1.502843	0.065383	-12.325922	0.074506	19.2748	0.234	184.7031740493662	1.9595376246435319	34.89819737839826	0.3480364437956605	171.91785809302635	1.5745693481320508	11.690999999999999
18.424179	0.075301	8.324006	0.065632	-1.479734	0.064892	-12.308054	0.070282	19.2748	0.234	184.22264430761692	1.821930127741937	34.92189770269336	0.32876569657309246	171.83462984530163	1.5180060315441184	11.690999999999999
18.41335	0.083981	8.329871	0.077881	-1.493219	0.072079	-12.317033	0.072898	19.264	0.2345	184.48027032959715	2.0954475958427574	34.844163624375696	0.3764155871689909	171.86205234102144	1.6277598572498884	11.688
18.404978	0.070157	8.325854	0.073714	-1.470084	0.074038	-12.317033	0.075818	19.2748	0.234	184.55998353354218	1.8634048988691096	34.94074039924206	0.3726550911125241	171.4955065111907	1.675462842463811	11.688
18.354607	0.071323	8.309723	0.070166	-1.493215	0.075832	-12.331669	0.075676	19.2802	0.2336	185.23662355193568	1.845032685103782	34.92475477525609	0.3680738186971736	171.67396963444622	1.6969008243485941	11.690999999999999
18.377699	0.075567	8.31578	0.068427	-1.479722	0.072173	-12.315147	0.083041	19.2694	0.2343	184.923027406891	1.8735884323382568	34.951265860710755	0.35486380128818146	171.72195661984776	1.743648743200059	11.690999999999999
18.362833	0.074826	8.305643	0.064949	-1.508632	0.072752	-12.327897	0.071517	19.2855	0.2331	184.96248716261522	1.8222295266528168	34.87546039804744	0.3465625145293068	171.93431684210657	1.6212091076537571	11.688
18.405268	0.076467	8.33	0.070779	-1.48166	0.0714	-12.306168	0.066171	19.2748	0.234	184.63060975008648	1.9094078713341838	34.88475717554746	0.3574516154599702	171.85103184858207	1.545502852126699	11.688
18.380153	0.083508	8.301882	0.082808	-1.512504	0.079095	-12.350345	0.078485	19.2802	0.2336	184.6229804918204	2.154376803335332	34.8840164924544	0.40702091354186687	171.68366867217617	1.7651220177351563	11.690999999999999
18.350567	0.070856	8.285689	0.071884	-1.50093	0.071046	-12.33544	0.06996	19.2748	0.234	184.86865260293177	1.8539505236463478	34.98299278742101	0.3612785264005499	171.73645341461565	1.5804810960382347	11.690999999999999
18.386359	0.07868	8.303858	0.077044	-1.483585	0.06765	-12.322691	0.074716	19.2802	0.2336	184.54552700771117	2.015577209960416	34.98004197994494	0.3664367936330457	171.66365853360332	1.5962841274646353	11.690999999999999
18.33729	0.062439	8.26529	0.071882	-1.520185	0.071044	-12.342352	0.070953	19.2748	0.234	184.69052100038706	1.745928326336478	34.97810289198066	0.36125721254054266	171.8882233355615	1.5947641889103623	11.688
18.356049	0.075564	8.291361	0.072735	-1.50669	0.067655	-12.344147	0.071931	19.2802	0.2336	184.87214197690722	1.9265202133604404	34.94217105965193	0.35425363430814966	171.68977088846648	1.5643955644989627	11.690999999999999
18.382029	0.074824	8.291745	0.073413	-1.468158	0.083487	-12.337326	0.06862	19.2748	0.234	184.35586275712816	1.9151945324906205	35.069747132055845	0.39947272760404673	171.144932902131	1.7016315963087025	11.688
18.352443	0.07379	8.295634	0.073088	-1.49514	0.063299	-12.315057	0.070661	19.2694	0.2343	185.01698010205098	1.9107250174622759	34.96814450867573	0.3453253819664004	171.9680904562115	1.5077736913854276	11.690999999999999
18.326757	0.070052	8.275297	0.072318	-1.510545	0.070043	-12.333104	0.064594	19.2802	0.2336	185.11545610988622	1.8542636526207923	34.985765148718826	0.3599363062724326	171.9261188721702	1.5136271527904446	11.690999999999999
18.349266	0.075567	8.257004	0.075685	-1.516314	0.077789	-12.345672	0.074437	19.2694	0.2343	184.36702511585736	1.9538057892174148	35.03060296061396	0.38901459265447913	171.81816741828592	1.7082245013943376	11.690999999999999
18.353885	0.076553	8.289321	0.065494	-1.512471	0.072751	-12.33858	0.076063	19.2748	0.234	184.8744325398704	1.850592662821674	34.9288363895935	0.3488273328361425	171.86972517533508	1.6709449004667725	11.690999999999999
18.354174	0.082073	8.301498	0.07711	-1.504769	0.078839	-12.357166	0.074166	19.2748	0.234	185.09922162189307	2.073542627559168	34.91406250228382	0.39263501723987276	171.45912677952836	1.7101203872660393	11.6913897
18.364853	0.076312	8.311635	0.072415	-1.502847	0.075618	-12.337055	0.073094	19.2802	0.2336	185.035573428138	1.9363033712621307	34.874721886790304	0.37203840478129574	171.6971781984433	1.666703707129476	11.688
18.356194	0.07966	8.271345	0.078243	-1.525969	0.077307	-12.340556	0.075472	19.2802	0.2336	184.50256504072547	2.042795939535538	34.9447992193555	0.39231871497726467	172.0528483382085	1.7188240407814646	11.690999999999999
18.368605	0.074283	8.283329	0.073142	-1.514401	0.069657	-12.336785	0.070905	19.2802	0.2336	184.49475812366614	1.9070726515222203	34.94331931641333	0.3602301919395623	171.92888180305928	1.5790583766271313	11.690999999999999
18.345948	0.06691	8.297546	0.076917	-1.504773	0.069177	-12.324126	0.079473	19.2748	0.234	185.17176172101406	1.8786769757762167	34.926961295871344	0.3686040817956079	171.97705197670146	1.674790165137472	11.690999999999999
18.360813	0.076142	8.295634	0.076449	-1.502851	0.073794	-12.340827	0.078995	19.2586	0.2345	184.81568312155656	1.981218269565205	34.93166081474996	0.3787977829822164	171.63749518897043	1.7119561563805	11.688
18.352587	0.0769	8.287665	0.074113	-1.525986	0.067653	-12.348279	0.070657	19.2694	0.2343	184.86784218317803	1.961655336902028	34.88662817840829	0.35672692920264815	171.9303332443324	1.5540918139804933	11.690999999999999
18.371638	0.078687	8.293785	0.073678	-1.5125	0.071744	-12.324486	0.077384	19.2748	0.234	184.63065303635616	1.9748755419639337	34.91283431106005	0.36613016137857773	172.09422209878136	1.6796419825203814	11.690999999999999
18.334837	0.075411	8.263123	0.077028	-1.533666	0.07561	-12.347647	0.073313	19.2748	0.234	184.74317284151948	1.9772805444927484	34.946675083917576	0.3850239001201408	172.06248375214616	1.6757143976000815	11.690999999999999
18.358503	0.075569	8.285497	0.075373	-1.512483	0.0734	-12.342532	0.073009	19.2802	0.2336	184.6720752478344	1.9567707784009811	34.9334594523232	0.3751055632702774	171.76312047188767	1.6419229938296684	11.688
18.326468	0.078449	8.259107	0.078241	-1.529812	0.076186	-12.351328	0.080331	19.2748	0.234	184.77563285487378	2.0335566212082727	34.96579726045403	0.39008059809227774	171.89854692937357	1.758661075982214	11.688
18.352009	0.075292	8.279377	0.075125	-1.522115	0.074109	-12.344237	0.073093	19.264	0.2345	184.72634181087028	1.9506019840158684	34.929907499109575	0.37606946027017896	171.93304022932804	1.6536886691216055	11.690999999999999
18.360379	0.076642	8.287409	0.072412	-1.502839	0.075618	-12.336875	0.077392	19.2694	0.2343	184.72014487854858	1.9335686192748094	34.97002175947981	0.37397049202648974	171.74398023671426	1.7152422551148239	11.690999999999999
18.312183	0.075856	8.26529	0.073707	-1.539459	0.071038	-12.334989	0.069877	19.2748	0.234	185.19957598863522	1.9496766161720633	34.918304192594974	0.36456832998385347	172.35655535843676	1.5908915569160198	11.690999999999999
18.352298	0.068325	8.291553	0.072355	-1.510558	0.071485	-12.348099	0.068618	19.2802	0.2336	184.9446018918272	1.8293915007106194	34.92770091699569	0.3624277768813504	171.68843363557266	1.5697621900137237	11.690999999999999
18.375534	0.079879	8.293657	0.078173	-1.512491	0.077241	-12.342712	0.073175	19.2802	0.2336	184.50960219439662	2.04544059338794	34.90435998749204	0.39116930948730944	171.76038823326326	1.687420295377714	11.688
18.341619	0.066909	8.289449	0.078938	-1.524044	0.074646	-12.364527	0.068051	19.2802	0.2336	185.0548674845866	1.904998958281238	34.878236865250905	0.38612651467833403	171.59779594294935	1.5989196282484044	11.688
18.345515	0.075198	8.281289	0.072318	-1.520181	0.071392	-12.342261	0.071812	19.2855	0.2331	184.88063454810387	1.9165421779259366	34.92998419540356	0.362150573619122	171.9337099860535	1.608771983190467	11.690999999999999
18.296891	0.079944	8.25898	0.07824	-1.541367	0.077028	-12.354828	0.074657	19.2855	0.2331	185.3653022205824	2.0656585921498127	34.93398927381037	0.3913714984685989	172.07075074634267	1.7069658417115483	11.690999999999999
18.31882	0.075288	8.271473	0.072411	-1.518268	0.079932	-12.35178	0.067783	19.2748	0.234	185.1912102184616	1.9253682145752649	34.97183475076284	0.3852847641014556	171.7522885874138	1.661519341590546	11.690999999999999
18.344362	0.07631	8.279696	0.069733	-1.514425	0.073159	-12.34837	0.067783	19.2748	0.234	184.87256405428255	1.8987977479156992	34.95619236303804	0.36072569585846453	171.74543060812636	1.5810350581704493	11.690999999999999
18.323149	0.074152	8.267521	0.063938	-1.549111	0.073157	-12.35187	0.062467	19.2802	0.2336	185.03870516743558	1.801707786946516	34.87603670347573	0.3451843186886868	172.24121888009233	1.5338054211267564	11.690999999999999
18.323149	0.080554	8.263505	0.075728	-1.533692	0.071827	-12.344508	0.0693	19.264	0.2345	184.91737404516573	2.032331240542196	34.936252756804926	0.3721896060066001	172.0686912657587	1.5885721553820469	11.688
18.333394	0.073663	8.269433	0.070772	-1.512483	0.077793	-12.342532	0.071561	19.2802	0.2336	184.88549728048494	1.8766315866995869	34.99980857028563	0.3762960594568887	171.8072075151299	1.6768377439645084	11.690999999999999
18.345948	0.069485	8.277465	0.076963	-1.520193	0.076119	-12.349894	0.072031	19.2802	0.2336	184.8024526033104	1.9031638401028705	34.94357421993555	0.38606469878551614	171.81272961107516	1.662616875903148	11.690999999999999
18.324159	0.071058	8.265035	0.074398	-1.535587	0.073396	-12.356714	0.073006	19.2694	0.2343	184.97439194077165	1.8918302074075126	34.93300716257303	0.37250775251160867	171.94886455275432	1.6449857276978062	11.690999999999999
18.324159	0.075116	8.232912	0.07984	-1.547151	0.077234	-12.360395	0.07592	19.2855	0.2331	184.38557924673006	2.0029723809970004	35.00644154326758	0.3976078594027493	172.0742139903842	1.7234206299566677	11.690999999999999
18.330652	0.072872	8.255092	0.075806	-1.54523	0.074716	-12.35869	0.074169	19.2855	0.2331	184.67264287633145	1.9272921885828316	34.934078349985185	0.37940576262968956	172.0707786878981	1.675251265518491	11.690999999999999
18.341475	0.079573	8.26529	0.081274	-1.53175	0.080597	-12.353394	0.078026	19.2855	0.2331	184.6612036448965	2.0845041373482167	34.94578170822832	0.40828049754257517	171.94063149364143	1.7823591844993028	11.690999999999999
18.332672	0.075685	8.265099	0.07696	-1.543301	0.075827	-12.353123	0.074369	19.2855	0.2331	184.81914982775447	1.9815568252658327	34.905308743281076	0.38448262237875597	172.12867025723585	1.6912086466166856	11.690999999999999
18.297323	0.074275	8.25114	0.077295	-1.537525	0.074719	-12.351419	0.073644	19.2694	0.2343	185.21267186354012	1.9763015061796079	34.975678611524984	0.3841245393369253	172.06388018536663	1.6692773669834204	11.690999999999999
18.324592	0.078351	8.26121	0.072258	-1.5356	0.07242	-12.360666	0.06853	19.2802	0.2336	184.89614001659544	1.958280278473387	34.94659838591053	0.36492950202683755	171.8862974286347	1.5831688358370883	11.690999999999999
18.322139	0.075312	8.263059	0.075452	-1.537517	0.074414	-12.347557	0.070593	19.2748	0.234	184.97520276839273	1.9603678415423647	34.933172911143835	0.3777332527325065	172.12520587102037	1.6332095981360204	11.690999999999999
18.327911	0.081099	8.252797	0.078486	-1.543283	0.075821	-12.363804	0.075618	19.2855	0.2331	184.68084415405804	2.0687462560831715	34.94920181829232	0.38933233765312564	171.9584932455546	1.7017595577208062	11.690999999999999
18.324159	0.068702	8.248973	0.072627	-1.543296	0.073077	-12.345672	0.073079	19.2802	0.2336	184.67950649578304	1.8325186336022798	34.962805018669584	0.36785880560730727	172.24734251119312	1.6479101444497617	11.690999999999999
18.306846	0.0687	8.236673	0.07367	-1.554842	0.072748	-12.360033	0.066165	19.2855	0.2331	184.77144852054957	1.8482661387416772	34.965498654971846	0.36972427302753624	172.20244950617618	1.5671944674792293	11.690999999999999
18.340608	0.073263	8.252861	0.073318	-1.543288	0.071393	-12.356533	0.06853	19.2855	0.2331	184.4495500860037	1.89516129540734	34.94895930249183	0.36509314053308334	172.07418604274173	1.5747971412498445	11.690999999999999
18.349266	0.075567	8.281098	0.070046	-1.512459	0.079106	-12.341991	0.064277	19.2802	0.2336	184.8082301533161	1.8913317355884922	34.95820995710218	0.3771570005805567	171.81540637263572	1.617133968868312	11.690999999999999
18.31709	0.079946	8.246616	0.075853	-1.549054	0.07249	-12.365418	0.076765	19.2909	0.2337	184.76592011977033	2.0219561892889257	34.95066936326681	0.3743558595454139	172.02456970461606	1.6791853194667066	11.690999999999999
18.328199	0.074821	8.264971	0.07194	-1.516309	0.07275	-12.345581	0.071196	19.2802	0.2336	184.89895950373196	1.907107438494555	35.002083705118444	0.3661247731539771	171.81953390134692	1.6150455741973762	11.690999999999999
18.292131	0.07577	8.242664	0.077033	-1.545204	0.071119	-12.365509	0.072101	19.2802	0.2336	185.1521519175763	1.9907627904000516	34.97852670478815	0.3746743697765886	171.96192607400297	1.6095102767649838	11.690999999999999
18.362544	0.078594	8.269369	0.076049	-1.527899	0.075829	-12.33508	0.073522	19.2802	0.2336	184.35036865727884	1.997510404973983	34.94496503441143	0.38305469380835616	172.17075528518293	1.6826471534878642	11.690999999999999
18.337001	0.081577	8.269178	0.082038	-1.535596	0.08084	-12.349533	0.078743	19.2855	0.2331	184.81457042814603	2.123785850144768	34.91821518600338	0.4101802616850661	172.06318196633987	1.795619327312051	11.690999999999999
18.329354	0.081101	8.253434	0.078488	-1.543327	0.075823	-12.353665	0.075355	19.2855	0.2331	184.61867390295842	2.067941838726067	34.937809033473314	0.3891880253657364	172.07628862532678	1.701596033351073	11.688
18.320119	0.078603	8.253052	0.080463	-1.551009	0.077772	-12.353123	0.078061	19.2855	0.2331	184.8284495166289	2.0651792224827803	34.92075235021956	0.39859192288321454	172.25150820688216	1.7571163129961422	11.690999999999999
18.318099	0.073493	8.247061	0.069729	-1.560647	0.068877	-12.377092	0.074235	19.2748	0.234	184.7555674299308	1.85851863476416	34.90776829119178	0.348841875064637	172.02328585439273	1.6105206069089777	11.690999999999999
18.330508	0.071841	8.27109	0.077534	-1.54908	0.071825	-12.373322	0.066264	19.2748	0.234	184.9689979735906	1.9435903758713637	34.863469079028114	0.37522037111269074	171.89938241373963	1.5519342263824447	11.690999999999999
18.343784	0.075315	8.275425	0.075454	-1.522119	0.074722	-12.344327	0.073078	19.2802	0.2336	184.8047422722013	1.9568302552737178	34.94398255210972	0.3787439338692447	171.9316727343747	1.6604555022442489	11.690999999999999
18.310019	0.075214	8.251203	0.078968	-1.525965	0.073159	-12.35887	0.07537	19.2802	0.2336	184.98006786179968	2.0055193859617297	35.01680405022088	0.38554341889811355	171.76190675187047	1.665436933832786	11.690999999999999
18.301219	0.075188	8.242982	0.067963	-1.54908	0.071825	-12.36228	0.071633	19.2855	0.2331	184.99071520345498	1.864057757573404	34.96354532732348	0.35307026849942136	172.0749122376934	1.6142568864548417	11.690999999999999
18.309587	0.077419	8.234952	0.072113	-1.541371	0.076187	-12.351238	0.073588	19.2855	0.2331	184.64221565416764	1.939071531139887	35.01084784767389	0.37567829100936706	172.08380244944883	1.6861957945991108	11.688
18.318244	0.0852	8.263186	0.084113	-1.545234	0.080651	-12.355099	0.080539	19.2909	0.2337	185.04921567810655	2.2033622164578976	34.905232092834595	0.4147012516509795	172.12799967775814	1.8149064605761112	11.690999999999999
18.341475	0.072355	8.269306	0.076337	-1.520185	0.079866	-12.346033	0.074118	19.2855	0.2331	184.734827596146	1.9290964673393554	34.972728789623275	0.3946893997348807	171.87388219127152	1.7298603785099413	11.690999999999999
18.311607	0.073789	8.240942	0.070042	-1.535587	0.073396	-12.356714	0.073006	19.2802	0.2336	184.76859268879156	1.866613614089249	35.02025998709968	0.3634149171791326	171.95459618156514	1.6450405605554175	11.6913897
18.337434	0.07979	8.265354	0.074452	-1.524044	0.076118	-12.346123	0.07437	19.2855	0.2331	184.73644721220379	2.0016152989968328	34.973060706164596	0.3803889084587932	171.93373797408424	1.6907074587262885	11.690999999999999
18.301795	0.07072	8.243236	0.074139	-1.552952	0.071476	-12.35528	0.070277	19.2802	0.2336	184.98479214390557	1.8843071794250583	34.94881838565288	0.3674010312066357	172.2480969418195	1.5983413028820252	11.690999999999999
18.315935	0.081777	8.241006	0.075733	-1.558718	0.067535	-12.382568	0.072027	19.2748	0.234	184.6842230181722	2.0431539188403574	34.93620838583548	0.3617478745293608	171.9056044190645	1.5681390572740153	11.690999999999999
18.333539	0.073979	8.273513	0.076847	-1.504777	0.07584	-12.349984	0.065348	19.2855	0.2331	184.95782185065238	1.9611663317609727	35.01278954596314	0.386599193224389	171.56706762936474	1.5837058287519263	11.690999999999999
18.3168	0.074944	8.265481	0.06751	-1.508632	0.07434	-12.349984	0.069095	19.2855	0.2331	185.11803154751883	1.85770063594438	35.027750609818085	0.3598750173527587	171.628077844342	1.6067059609370375	11.690999999999999
18.312039	0.076548	8.253179	0.069624	-1.551018	0.072747	-12.371707	0.074169	19.2855	0.2343	184.97925699769561	1.902868103575881	34.92026766240791	0.3586531208406262	171.9558144145824	1.6509526060502826	11.690999999999999
18.301651	0.074276	8.259234	0.079291	-1.545239	0.069654	-12.340466	0.077859	19.2855	0.2331	185.2821403643935	2.0045078244038432	34.91928592218235	0.3758882196839125	172.36139553781817	1.6679978534567477	11.690999999999999
18.315647	0.068494	8.248909	0.076333	-1.531728	0.07031	-12.356624	0.072963	19.2855	0.2331	184.83450857951712	1.8830659021884297	35.00438401496303	0.37142220489551653	171.88900331574015	1.6089693726818162	11.690999999999999
18.323005	0.078031	8.267457	0.071738	-1.525978	0.080177	-12.344418	0.073314	19.2855	0.2331	185.04018653225083	1.9505224018958454	34.958643316343164	0.38403913653746985	171.9915693908029	1.7272148943077983	11.690999999999999
18.30497	0.078581	8.214687	0.074814	-1.568338	0.069651	-12.384091	0.06849	19.2855	0.2331	184.40318533844257	1.9828593791096163	34.99584478031528	0.3656537092711576	172.03428628935652	1.553752289007745	11.690999999999999
18.307999	0.074819	8.233166	0.075027	-1.562586	0.073713	-12.371798	0.069873	19.2855	0.2331	184.68598292827983	1.9423468178228294	34.95037512022498	0.37526997150930536	172.13839314130675	1.6174752886306147	11.690999999999999
18.321273	0.070149	8.24553	0.073705	-1.543335	0.073716	-12.353846	0.069876	19.2855	0.2331	184.62191118105918	1.864437537541319	34.965988221451916	0.37235738870380464	172.07355127165675	1.6167320156924563	11.688
18.309875	0.07733	8.243109	0.070554	-1.560652	0.07216	-12.377183	0.070901	19.2855	0.2331	184.78655028253377	1.9215094178087722	34.912861931899705	0.35939615326321056	171.9777756922109	1.6084479592742584	11.688
18.329065	0.073662	8.261338	0.07532	-1.547172	0.067114	-12.364527	0.066166	19.2855	0.2331	184.81633147546518	1.933991593592663	34.90491318447028	0.35900445084895266	172.0088234370067	1.4986110537961186	11.690999999999999
18.303527	0.075855	8.24107	0.076284	-1.554868	0.072415	-12.356895	0.077834	19.2855	0.2331	184.91312628677974	1.9769285989802763	34.94971177021706	0.37526500041949123	172.2529060517439	1.6952776335172342	11.690999999999999
18.320408	0.073262	8.233103	0.073317	-1.566435	0.078321	-12.360666	0.074791	19.2802	0.2336	184.41030227232028	1.894808098210882	34.92790638538196	0.38237914975004417	172.3330818159317	1.7289657771712732	11.688
18.327334	0.080281	8.255474	0.077973	-1.537547	0.073148	-12.355551	0.071705	19.2909	0.2337	184.69309053462496	2.052238366092391	34.951152845931986	0.3815708350727986	171.95435719424978	1.6281641298646632	11.688
18.320552	0.079257	8.237181	0.077868	-1.558731	0.075823	-12.364437	0.074047	19.2855	0.2331	184.4822580009136	2.032799891329927	34.94083253989471	0.3876677990413391	172.1500736689857	1.6884385994237174	11.688
18.327045	0.088793	8.247315	0.081702	-1.529829	0.075019	-12.351689	0.072104	19.2855	0.2331	184.59625931757824	2.2097726102810293	35.0168934627913	0.3972583500259189	171.93719873327862	1.6531761665773526	11.690999999999999
18.301939	0.0696	8.255346	0.072116	-1.560665	0.076185	-12.366413	0.072103	19.2855	0.2331	185.20511781403283	1.8475922846282329	34.8782399518958	0.3727454534148099	172.1935892013905	1.671540760845403	11.690999999999999
18.263135	0.069312	8.202643	0.074102	-1.576045	0.074717	-12.391451	0.066654	19.2855	0.2331	184.94925041741524	1.8653072839286449	35.01136214435763	0.3767684838700933	172.03981469944478	1.592711530406689	11.690999999999999
18.335126	0.085585	8.279313	0.073086	-1.549093	0.071825	-12.344147	0.071931	19.2909	0.2337	185.03531972303844	2.0709148090820038	34.8342533973705	0.3631825520215491	172.36416532294544	1.6230540697194102	11.690999999999999
18.303383	0.075095	8.245021	0.067847	-1.585696	0.077783	-12.382568	0.068873	19.2855	0.2331	184.9884235488496	1.8613156486658697	34.82606507948326	0.36564870879526745	172.33514309454347	1.6582947727604056	11.690999999999999
18.329065	0.077337	8.245276	0.076046	-1.535609	0.088028	-12.346123	0.07437	19.2855	0.2331	184.52194272261352	1.9847271677461993	35.00350191791306	0.4163057433092103	172.11766226042934	1.8347451434795718	11.690999999999999
18.330941	0.071608	8.247188	0.070555	-1.53753	0.073793	-12.35887	0.070903	19.2855	0.2331	184.47526109411098	1.8390748830691241	34.98081042112177	0.36499383113497336	171.90133729563968	1.6256419213835587	11.688
18.330797	0.070075	8.243109	0.072487	-1.545234	0.079419	-12.35878	0.073859	19.2855	0.2331	184.40330817533058	1.843012281981975	34.96785255922103	0.3841233706393968	172.02525583381424	1.7253365292125078	11.688
18.324159	0.073176	8.228897	0.074446	-1.558714	0.077236	-12.356714	0.074368	19.2855	0.2331	184.31224660550834	1.9058531580273224	34.97944587182153	0.38338039006166486	172.31713091311474	1.7110346481474072	11.690999999999999
18.313771	0.071839	8.251012	0.072719	-1.541371	0.073158	-12.365961	0.070671	19.2909	0.2337	184.90759339140757	1.8783383529848425	34.96239651611357	0.36828714282594693	171.8938580991314	1.6152638087349134	11.690999999999999
18.314205	0.078031	8.252288	0.078154	-1.547103	0.076957	-12.377802	0.070711	19.2855	0.2331	184.87561195076253	2.029196012241001	34.92843046972042	0.39095101109122526	171.75281035720718	1.6573205348131839	11.688
18.337866	0.081693	8.254582	0.074266	-1.533632	0.077576	-12.339564	0.075176	19.2909	0.2337	184.48384068546238	2.019965353497971	34.968312754849066	0.38366489482054783	172.14646991780597	1.7209218620550042	11.688
18.280449	0.088233	8.244131	0.076635	-1.574071	0.074019	-12.377621	0.072959	19.2855	0.2331	185.3947307051301	2.1588209580031785	34.87045919087527	0.3784058352432447	172.22861080494914	1.6568692946181365	11.690999999999999
18.313916	0.074941	8.232087	0.073755	-1.56251	0.07433	-12.366581	0.073829	19.2855	0.2331	184.5104573330743	1.9243210783546352	34.94552825040477	0.37359813585598384	172.17611658948533	1.6695663168414923	11.688
18.310021	0.070146	8.240243	0.078347	-1.554811	0.07858	-12.363081	0.072736	19.2909	0.2337	184.7787024647503	1.9296733428519288	34.95286445020914	0.39596770317795077	172.15339683568692	1.705508075454038	11.690999999999999
18.311752	0.075405	8.250122	0.081435	-1.56058	0.080904	-12.379416	0.073307	19.2855	0.2331	184.92831563648292	2.0398517792725954	34.897115076952126	0.40831875151237995	171.98528646425797	1.7355500690660401	11.690999999999999
18.307713	0.075676	8.2542	0.074817	-1.545169	0.079418	-12.375826	0.072462	19.2855	0.2331	185.07764363157082	1.9590438951794724	34.93747234309752	0.38900618631393064	171.79756361752035	1.7053149011614308	11.690999999999999
18.315936	0.077073	8.234062	0.075801	-1.568288	0.073146	-12.375736	0.074164	19.2748	0.234	184.55700737012754	1.9788961200920505	34.926848033812	0.37533045052680064	172.16650073250077	1.6594116264202288	11.690999999999999
