18.324015	0.076256	8.257864	0.076265	-1.799563	0.074981	-12.834139	0.076424	19.8735	0.2363	185.08243305262147	1.9829622124364155	34.084710866478495	0.3624561472658282	168.83908973353195	1.6381832076659095	11.706
18.338662	0.078265	8.265896	0.074683	-1.799563	0.074981	-12.854342	0.072336	19.8789	0.2358	184.96088391065842	1.9864588897661015	34.05751242074783	0.3580812095162575	168.53052617808197	1.5883061954492534	11.706
18.326107	0.079268	8.26188	0.073228	-1.801488	0.072553	-12.832302	0.07061	19.8681	0.2367	185.16524900366173	1.9854645616037425	34.073317868859256	0.34903048343008714	168.9399571817499	1.5505300696640394	11.709
18.347249	0.071208	8.284064	0.072479	-1.766839	0.073368	-12.803052	0.074592	19.8735	0.2363	0.0	0.0	0.0	0.0	0.0	0.0	0.0
18.156325	0.070152	8.273768	0.068732	-1.776442	0.069639	-11.684954	0.082314	19.8789	0.2358	0.0	0.0	0.0	0.0	0.0	0.0	0.0
17.807251	0.073609	8.251617	0.074096	-1.685922	0.065736	-9.881907	0.086344	19.8789	0.2358	0.0	0.0	0.0	0.0	0.0	0.0	0.0
17.413358	0.069765	8.229722	0.070029	-1.381394	0.074048	-8.072559	0.08238	19.895	0.2372	0.0	0.0	0.0	0.0	0.0	0.0	0.0
17.044317	0.076912	8.273736	0.072513	-0.854267	0.073555	-6.373429	0.079942	19.8789	0.2358	0.0	0.0	0.0	0.0	0.0	0.0	0.0
16.699623	0.068564	8.398557	0.068307	-0.17091	0.077689	-4.783919	0.082439	19.895	0.2372	0.0	0.0	0.0	0.0	0.0	0.0	0.0
16.383679	0.077071	8.510996	0.065203	0.566898	0.072129	-3.300091	0.082196	19.9166	0.2373	0.0	0.0	0.0	0.0	0.0	0.0	0.0
16.080398	0.073366	8.687744	0.068628	1.377194	0.076912	-1.901215	0.077498	19.9274	0.2366	0.0	0.0	0.0	0.0	0.0	0.0	0.0
15.817472	0.08009	8.881058	0.079633	2.17272	0.076727	-0.581211	0.082862	19.949	0.2374	0.0	0.0	0.0	0.0	0.0	0.0	0.0
15.562181	0.072434	9.076022	0.073599	2.937315	0.070122	0.596367	0.078823	19.9652	0.2377	0.0	0.0	0.0	0.0	0.0	0.0	0.0
15.386686	0.074709	9.33018	0.077465	3.720352	0.085193	1.775904	0.073524	19.9706	0.2375	0.0	0.0	0.0	0.0	0.0	0.0	0.0
15.236164	0.074369	9.578594	0.073722	4.458567	0.075747	2.800345	0.084233	19.9867	0.2363	0.0	0.0	0.0	0.0	0.0	0.0	0.0
15.074872	0.078631	9.835016	0.076751	5.206814	0.076244	3.813333	0.082037	19.9867	0.2363	0.0	0.0	0.0	0.0	0.0	0.0	0.0
14.971474	0.076958	10.075518	0.068302	5.869887	0.073311	4.727682	0.075356	20.0137	0.238	0.0	0.0	0.0	0.0	0.0	0.0	0.0
14.883145	0.069397	10.336905	0.070658	6.535068	0.077144	5.609975	0.076859	20.0407	0.2366	0.0	0.0	0.0	0.0	0.0	0.0	0.0
14.826133	0.072368	10.608971	0.072662	7.160334	0.075826	6.406027	0.078844	20.0407	0.2366	0.0	0.0	0.0	0.0	0.0	0.0	0.0
14.767974	0.071206	10.858199	0.069049	7.738516	0.074866	7.170247	0.076268	20.0515	0.2376	0.0	0.0	0.0	0.0	0.0	0.0	0.0
14.742651	0.069533	11.097381	0.072996	8.301881	0.07015	7.868591	0.077179	20.0892	0.2373	0.0	0.0	0.0	0.0	0.0	0.0	0.0
14.716708	0.078749	11.362286	0.075809	8.839288	0.082302	8.557681	0.080302	20.0892	0.2373	0.0	0.0	0.0	0.0	0.0	0.0	0.0
14.720889	0.069807	11.608553	0.07614	9.36327	0.069918	9.169689	0.07062	20.0946	0.2368	0.0	0.0	0.0	0.0	0.0	0.0	0.0
14.69374	0.067702	11.805843	0.075793	9.815329	0.068719	9.73045	0.079217	20.1108	0.2382	0.0	0.0	0.0	0.0	0.0	0.0	0.0
14.745462	0.071728	12.071007	0.075682	10.280754	0.074851	10.282723	0.079652	20.1432	0.2376	0.0	0.0	0.0	0.0	-0.0	0.0	0.0
14.757893	0.074195	12.322077	0.073289	10.72062	0.074525	10.785451	0.086133	20.1486	0.2371	0.0	0.0	0.0	0.0	-0.0	0.0	0.0
14.763388	0.068129	12.499202	0.072004	11.109873	0.069982	11.260186	0.071509	20.1593	0.2381	0.0	0.0	0.0	0.0	-0.0	0.0	0.0
14.835926	0.070706	12.738679	0.073623	11.531118	0.073603	11.712192	0.073078	20.1863	0.2385	0.0	0.0	0.0	0.0	-0.0	0.0	0.0
14.841709	0.072477	12.918382	0.073	11.87907	0.073449	12.133832	0.075669	20.1917	0.2382	0.0	0.0	0.0	0.0	-0.0	0.0	0.0
14.889335	0.070271	13.115105	0.071412	12.223934	0.07103	12.517845	0.077521	20.2025	0.2373	0.0	0.0	0.0	0.0	-0.0	0.0	0.0
14.996114	0.075219	13.354194	0.081541	12.586865	0.075283	12.930251	0.074533	20.2133	0.2383	0.0	0.0	0.0	0.0	-0.0	0.0	0.0
15.038648	0.075578	13.52372	0.074379	12.892963	0.072254	13.277779	0.07538	20.2133	0.2383	0.0	0.0	0.0	0.0	-0.0	0.0	0.0
15.058765	0.075436	13.671026	0.070882	13.134119	0.074649	13.570615	0.076493	20.251	0.2381	0.0	0.0	0.0	0.0	-0.0	0.0	0.0
15.123078	0.077503	13.839711	0.072521	13.415252	0.069015	13.872765	0.076021	20.2564	0.2376	0.0	0.0	0.0	0.0	-0.0	0.0	0.0
15.168106	0.072064	13.99964	0.070443	13.687818	0.07431	14.137601	0.078064	20.2672	0.2386	0.0	0.0	0.0	0.0	-0.0	0.0	0.0
15.244847	0.070747	14.160327	0.070637	13.932595	0.07492	14.44252	0.078383	20.2672	0.2386	0.0	0.0	0.0	0.0	-0.0	0.0	0.0
15.329943	0.07762	14.352064	0.073141	14.198263	0.077839	14.702524	0.076292	20.305	0.2383	0.0	0.0	0.0	0.0	-0.0	0.0	0.0
15.37129	0.083395	14.487991	0.077988	14.414433	0.07688	14.952141	0.074764	20.305	0.2383	0.0	0.0	0.0	0.0	-0.0	0.0	0.0
15.418425	0.069144	14.613288	0.073102	14.617998	0.069165	15.15821	0.076605	20.3104	0.2378	0.0	0.0	-0.0	0.0	-0.0	0.0	0.0
15.538936	0.079495	14.799375	0.076974	14.847471	0.074193	15.39229	0.073428	20.3158	0.2384	0.0	0.0	-0.0	0.0	-0.0	0.0	0.0
15.622564	0.07575	14.942561	0.073314	15.054771	0.074877	15.591734	0.081253	20.3373	0.2395	0.0	0.0	-0.0	0.0	-0.0	0.0	0.0
15.641915	0.075118	15.038295	0.074697	15.206248	0.075953	15.780832	0.073476	20.3535	0.239	0.0	0.0	-0.0	0.0	-0.0	0.0	0.0
15.745362	0.072316	15.166277	0.07225	15.379815	0.073793	15.963079	0.074818	20.3643	0.2381	0.0	0.0	-0.0	0.0	-0.0	0.0	0.0
15.797442	0.073582	15.288484	0.073161	15.562169	0.07177	16.143769	0.069101	20.3643	0.2381	0.0	0.0	-0.0	0.0	-0.0	0.0	0.0
15.84415	0.070056	15.399212	0.071558	15.749566	0.081523	16.327459	0.072824	20.3751	0.2391	0.0	0.0	-0.0	0.0	-0.0	0.0	0.0
15.906298	0.073962	15.504683	0.071667	15.848985	0.073335	16.452018	0.070861	20.3859	0.2396	0.0	0.0	-0.0	0.0	-0.0	0.0	0.0
16.000491	0.073716	15.656649	0.074738	16.026139	0.073102	16.610869	0.080206	20.4129	0.2389	0.0	0.0	-0.0	0.0	-0.0	0.0	0.0
16.068903	0.079531	15.762236	0.078596	16.187906	0.082034	16.762608	0.08245	20.4129	0.2389	0.0	0.0	-0.0	0.0	-0.0	0.0	0.0
16.132806	0.074113	15.857137	0.07363	16.295403	0.074257	16.895315	0.074838	20.4129	0.2389	0.0	0.0	-0.0	0.0	-0.0	0.0	0.0
16.212007	0.075489	15.954894	0.072975	16.439063	0.076232	17.041386	0.07146	20.4182	0.2383	0.0	0.0	-0.0	0.0	-0.0	0.0	0.0
16.234192	0.074479	16.030957	0.076801	16.556777	0.07741	17.128152	0.079428	20.429	0.2394	0.0	0.0	-0.0	0.0	-0.0	0.0	0.0
16.357334	0.073581	16.160211	0.072148	16.690548	0.071409	17.285124	0.073323	20.4398	0.2399	0.0	0.0	-0.0	0.0	-0.0	0.0	0.0
16.368762	0.076629	16.22765	0.075621	16.764282	0.074081	17.348628	0.074488	20.4452	0.24	0.0	0.0	-0.0	0.0	-0.0	0.0	0.0
16.464589	0.068631	16.340023	0.072782	16.89775	0.068755	17.459455	0.070921	20.456	0.2398	0.0	0.0	-0.0	0.0	-0.0	0.0	0.0
16.505543	0.08268	16.407948	0.075978	16.992838	0.071717	17.552675	0.074772	20.4668	0.2391	0.0	0.0	-0.0	0.0	-0.0	0.0	0.0
16.553316	0.075996	16.474391	0.073912	17.084431	0.071728	17.656987	0.072959	20.4722	0.2386	0.0	0.0	-0.0	0.0	-0.0	0.0	0.0
16.600904	0.06907	16.536504	0.068018	17.159183	0.066774	17.723559	0.066084	20.4668	0.2391	0.0	0.0	-0.0	0.0	-0.0	0.0	0.0
16.692732	0.072444	16.632462	0.071554	17.274187	0.078696	17.822101	0.075502	20.4722	0.2386	0.0	0.0	-0.0	0.0	-0.0	0.0	0.0
16.731964	0.072466	16.715334	0.073221	17.367682	0.073868	17.905355	0.073827	20.4776	0.2392	0.0	0.0	-0.0	0.0	-0.0	0.0	0.0
16.798231	0.072878	16.798231	0.072878	17.448698	0.068882	17.980277	0.070298	20.483	0.2396	nan	nan	-0.0	0.0	-0.0	0.0	0.0
16.890402	0.08111	16.892482	0.073596	17.545361	0.075152	18.085484	0.076213	20.4938	0.2401	-0.0	0.0	-0.0	0.0	-0.0	0.0	0.0
16.918995	0.072842	16.937719	0.068323	17.60945	0.070718	18.143445	0.072699	20.4884	0.2399	-0.0	0.0	-0.0	0.0	-0.0	0.0	0.0
16.976919	0.068796	16.993566	0.069252	17.675859	0.071445	18.195359	0.066434	20.4992	0.2402	-0.0	0.0	-0.0	0.0	-0.0	0.0	0.0
17.066544	0.07104	17.095688	0.074823	17.774116	0.070483	18.274981	0.07169	20.5153	0.2398	-0.0	0.0	-0.0	0.0	-0.0	0.0	0.0
17.101934	0.077549	17.14774	0.077239	17.84929	0.076177	18.344022	0.077667	20.5261	0.2388	-0.0	0.0	-0.0	0.0	-0.0	0.0	0.0
17.156069	0.077768	17.201885	0.073731	17.905686	0.075291	18.406803	0.077564	20.5099	0.24	-0.0	0.0	-0.0	0.0	-0.0	0.0	0.0
17.185966	0.073786	17.248455	0.075553	17.960826	0.075514	18.443191	0.076722	20.5261	0.2388	-0.0	0.0	-0.0	0.0	-0.0	0.0	0.0
17.275606	0.069314	17.342286	0.072633	18.061218	0.071632	18.52492	0.076679	20.5315	0.2394	-0.0	0.0	-0.0	0.0	-0.0	0.0	0.0
17.308468	0.077264	17.375155	0.07198	18.075326	0.074712	18.553723	0.072127	20.5207	0.2394	-0.0	0.0	-0.0	0.0	-0.0	0.0	0.0
17.345227	0.073436	17.407752	0.07151	18.128855	0.072593	18.57595	0.074051	20.5261	0.2388	-0.0	0.0	-0.0	0.0	-0.0	0.0	0.0
17.419133	0.071826	17.510874	0.068842	18.205195	0.071186	18.652395	0.069409	20.5261	0.2388	-0.0	0.0	-0.0	0.0	-0.0	0.0	0.0
17.464519	0.076797	17.54376	0.078991	18.248591	0.076142	18.677019	0.079177	20.5315	0.2394	-0.0	0.0	-0.0	0.0	-0.0	0.0	0.0
17.52804	0.075222	17.621911	0.073905	18.308235	0.075875	18.726255	0.073308	20.5369	0.2399	-0.0	0.0	-0.0	0.0	-0.0	0.0	0.0
17.563636	0.07144	17.674216	0.075784	18.381637	0.072331	18.803961	0.07228	20.5423	0.2402	-0.0	0.0	-0.0	0.0	-0.0	0.0	0.0
17.60258	0.079057	17.690216	0.072671	18.399711	0.073722	18.809504	0.078705	20.5423	0.2402	-0.0	0.0	-0.0	0.0	-0.0	0.0	0.0
17.669625	0.073844	17.773986	0.080295	18.471198	0.072644	18.860124	0.074455	20.5531	0.2405	-0.0	0.0	-0.0	0.0	-0.0	0.0	0.0
17.648832	0.073669	17.744824	0.078059	18.439664	0.073897	18.855856	0.076041	20.5477	0.2404	-0.0	0.0	-0.0	0.0	-0.0	0.0	0.0
17.742947	0.072702	17.841064	0.073561	18.550868	0.071724	18.944157	0.076428	20.5531	0.2405	-0.0	0.0	-0.0	0.0	-0.0	0.0	0.0
17.765697	0.068275	17.880529	0.066399	18.579959	0.07122	18.964906	0.069883	20.5585	0.2405	-0.0	0.0	-0.0	0.0	-0.0	0.0	0.0
17.852207	0.068629	17.964995	0.071264	18.63543	0.069249	19.00994	0.067397	20.5693	0.24	-0.0	0.0	-0.0	0.0	-0.0	0.0	0.0
17.887638	0.069433	17.979549	0.075296	18.670972	0.070498	19.026649	0.071696	20.5639	0.2403	-0.0	0.0	-0.0	0.0	-0.0	0.0	0.0
17.922581	0.078911	18.035398	0.072076	18.705975	0.073043	19.049125	0.0722	20.5639	0.2403	-0.0	0.0	-0.0	0.0	-0.0	0.0	0.0
18.075177	0.079988	18.317739	0.075619	18.838114	0.077493	19.242322	0.076354	20.5801	0.2391	-0.0	0.0	-0.0	0.0	-0.0	0.0	0.0
18.207027	0.075551	18.443441	0.068046	18.997679	0.072155	19.330689	0.071175	20.5585	0.2405	-0.0	0.0	-0.0	0.0	-0.0	0.0	0.0
18.269122	0.073973	18.469999	0.072488	19.028442	0.074542	19.344703	0.074018	20.5423	0.2402	-0.0	0.0	-0.0	0.0	-0.0	0.0	0.0
18.314493	0.080668	18.483997	0.079006	19.061306	0.077935	19.381827	0.07663	20.5531	0.2405	-0.0	0.0	-0.0	0.0	-0.0	0.0	0.0
18.368098	0.071433	18.533463	0.070931	19.087916	0.071082	19.421037	0.076009	20.5369	0.2399	-0.0	0.0	-0.0	0.0	-0.0	0.0	0.0
18.404036	0.072646	18.569428	0.076168	19.132395	0.076374	19.45505	0.075617	20.5315	0.2394	-0.0	0.0	-0.0	0.0	-0.0	0.0	0.0
18.457803	0.073297	18.59809	0.081411	19.13168	0.080209	19.466965	0.077031	20.5369	0.2399	-0.0	0.0	-0.0	0.0	-0.0	0.0	0.0
18.493245	0.069228	18.618889	0.069238	19.139918	0.071543	19.471014	0.075272	20.5423	0.2402	-0.0	0.0	-0.0	0.0	-0.0	0.0	0.0
18.511723	0.069089	18.645753	0.071275	19.17941	0.075245	19.502157	0.0741	20.5369	0.2399	-0.0	0.0	-0.0	0.0	-0.0	0.0	0.0
18.593975	0.080892	18.713385	0.076719	19.232545	0.074421	19.536413	0.076849	18.4657	0.5158	-0.0	0.0	-0.0	0.0	-0.0	0.0	0.0
18.619256	0.075445	18.70096	0.071428	19.264209	0.071606	19.566005	0.077657	1.8042	0.2506	-0.0	0.0	-0.0	0.0	-0.0	0.0	0.0
18.675008	0.075897	18.635206	0.070714	19.385177	0.072432	19.577766	0.072357	1.2864	0.2065	0.0	0.0	-0.0	0.0	-0.0	0.0	0.0
18.698791	0.068481	18.610804	0.0694	19.45534	0.07132	19.620604	0.070286	3.4871	0.276	0.0	0.0	-0.0	0.0	-0.0	0.0	0.0
18.734783	0.071694	18.653066	0.075326	19.567179	0.069289	19.690409	0.069557	0.8171	0.1841	0.0	0.0	-0.0	0.0	-0.0	0.0	0.0
18.755445	0.072239	18.636013	0.072906	19.61102	0.073139	19.690096	0.073424	0.8063	0.1841	0.0	0.0	-0.0	0.0	-0.0	0.0	0.0
18.760993	0.076357	18.637374	0.071274	19.673313	0.072992	19.733495	0.072212	0.7848	0.1822	0.0	0.0	-0.0	0.0	-0.0	0.0	0.0
18.805897	0.074267	18.646634	0.069874	19.735314	0.072182	19.801779	0.072496	0.7794	0.1829	0.0	0.0	-0.0	0.0	-0.0	0.0	0.0
18.788462	0.076863	18.650163	0.077491	19.751412	0.077135	19.807385	0.075758	0.7848	0.1822	0.0	0.0	-0.0	0.0	-0.0	0.0	0.0
18.799387	0.069417	18.658984	0.071032	19.789789	0.069031	19.83943	0.06799	0.7686	0.1839	0.0	0.0	-0.0	0.0	-0.0	0.0	0.0
18.871485	0.073419	18.716365	0.068827	19.847533	0.069014	19.873982	0.069054	0.7524	0.1841	0.0	0.0	-0.0	0.0	-0.0	0.0	0.0
18.855676	0.07537	18.700559	0.076035	19.878084	0.074543	19.898172	0.074075	0.7524	0.1841	0.0	0.0	-0.0	0.0	-0.0	0.0	0.0
18.8744	0.073986	18.717177	0.072551	19.917933	0.071498	19.940131	0.071911	0.747	0.1839	0.0	0.0	-0.0	0.0	-0.0	0.0	0.0
18.884587	0.073172	18.72736	0.072676	19.92392	0.072222	19.929284	0.073584	0.747	0.1839	0.0	0.0	-0.0	0.0	-0.0	0.0	0.0
18.88414	0.082693	18.724822	0.082123	19.957124	0.081681	19.949868	0.082013	0.7362	0.1829	0.0	0.0	-0.0	0.0	0.0	0.0	0.0
18.920985	0.07322	18.742769	0.077127	19.99005	0.0753	19.993265	0.073736	0.7362	0.1829	0.0	0.0	-0.0	0.0	-0.0	0.0	0.0
18.952448	0.080222	18.786787	0.07358	20.009012	0.07431	19.999585	0.070198	0.7362	0.1829	0.0	0.0	-0.0	0.0	0.0	0.0	0.0
18.949678	0.069935	18.773543	0.072798	20.018799	0.070131	20.013616	0.076195	0.72	0.1835	0.0	0.0	-0.0	0.0	0.0	0.0	0.0
18.981069	0.074063	18.813298	0.074044	20.039786	0.073848	20.032497	0.073833	0.7146	0.1839	0.0	0.0	-0.0	0.0	0.0	0.0	0.0
19.032773	0.071176	18.854471	0.072663	20.106619	0.074874	20.086611	0.072413	0.7092	0.1841	0.0	0.0	-0.0	0.0	0.0	0.0	0.0
19.032473	0.082128	18.868853	0.077692	20.108393	0.076919	20.079969	0.077215	0.7254	0.1829	0.0	0.0	-0.0	0.0	0.0	0.0	0.0
19.031798	0.073085	18.853505	0.069447	20.111857	0.075593	20.081358	0.067147	0.6931	0.1839	0.0	0.0	-0.0	0.0	0.0	0.0	0.0
19.05473	0.075928	18.85755	0.071447	20.124338	0.072513	20.072769	0.072404	0.7308	0.1822	0.0	0.0	-0.0	0.0	0.0	0.0	0.0
19.084487	0.068398	18.908252	0.071059	20.145835	0.073296	20.104779	0.078757	0.7092	0.1841	0.0	0.0	-0.0	0.0	0.0	0.0	0.0
19.095057	0.074368	18.9293	0.072567	20.194411	0.071919	20.142797	0.073767	0.7146	0.1839	0.0	0.0	-0.0	0.0	0.0	0.0	0.0
19.111396	0.068563	18.935145	0.069472	20.179149	0.069349	20.142316	0.069601	0.7254	0.1845	0.0	0.0	-0.0	0.0	0.0	0.0	0.0
19.126542	0.070816	18.943983	0.071526	20.204954	0.067785	20.157552	0.070498	0.72	0.1835	0.0	0.0	-0.0	0.0	0.0	0.0	0.0
19.149332	0.074117	18.968856	0.073353	20.21727	0.072155	20.153015	0.084606	0.7146	0.1839	0.0	0.0	-0.0	0.0	0.0	0.0	0.0
19.170779	0.073643	18.996578	0.070533	20.2241	0.072328	20.199875	0.072326	0.7092	0.1841	0.0	0.0	-0.0	0.0	0.0	0.0	0.0
19.206398	0.073629	19.057355	0.073704	20.441318	0.073896	20.201903	0.073854	0.6823	0.1829	0.0	0.0	-0.0	0.0	0.0	0.0	0.0
19.223729	0.071184	19.062078	0.071065	20.591818	0.07088	20.231985	0.070762	0.6877	0.1835	0.0	0.0	-0.0	0.0	0.0	0.0	0.0
19.216216	0.069848	19.052482	0.066961	20.666489	0.072208	20.264436	0.068085	0.7039	0.1842	0.0	0.0	-0.0	0.0	0.0	0.0	0.0
19.23767	0.071794	19.059228	0.074171	20.686017	0.073743	20.332412	0.0735	0.7092	0.1841	0.0	0.0	-0.0	0.0	0.0	0.0	0.0
19.260544	0.068955	19.105175	0.071957	20.713226	0.076402	20.38702	0.070538	0.6823	0.1829	0.0	0.0	-0.0	0.0	0.0	0.0	0.0
19.27307	0.07175	19.119792	0.070802	20.689899	0.074337	20.37639	0.077313	0.6823	0.1829	0.0	0.0	-0.0	0.0	0.0	0.0	0.0
19.296023	0.075453	19.140633	0.070439	20.687615	0.072377	20.403656	0.072247	0.6769	0.1822	0.0	0.0	-0.0	0.0	0.0	0.0	0.0
19.325508	0.077296	19.1659	0.078539	20.660237	0.073668	20.407957	0.079037	0.6877	0.1835	0.0	0.0	-0.0	0.0	0.0	0.0	0.0
19.31126	0.076099	19.164254	0.074332	20.656527	0.074631	20.414775	0.076251	0.6877	0.1835	0.0	0.0	-0.0	0.0	0.0	0.0	0.0
19.338419	0.073764	19.187198	0.072605	20.65213	0.07158	20.458929	0.074647	0.6931	0.1839	0.0	0.0	-0.0	0.0	0.0	0.0	0.0
19.3291	0.091368	19.177892	0.086824	20.610971	0.086097	20.424188	0.087814	0.6769	0.1822	0.0	0.0	-0.0	0.0	0.0	0.0	0.0
19.379906	0.0675	19.209765	0.070823	20.617735	0.068802	20.443586	0.066148	0.6877	0.1835	0.0	0.0	-0.0	0.0	0.0	0.0	0.0
19.378263	0.083356	19.19972	0.077128	20.601352	0.08654	20.431412	0.079894	2.1116	0.4361	0.0	0.0	-0.0	0.0	0.0	0.0	0.0
19.403786	0.070842	19.235722	0.076427	20.60803	0.068194	20.4444	0.070955	2.4029	0.301	0.0	0.0	-0.0	0.0	0.0	0.0	0.0
19.428545	0.07024	19.285673	0.0723	20.586398	0.075468	20.43125	0.076116	1.6262	0.1846	0.0	0.0	-0.0	0.0	0.0	0.0	0.0
19.419679	0.079288	19.33353	0.073507	20.568991	0.075257	20.420211	0.07512	2.7913	0.5848	0.0	0.0	-0.0	0.0	0.0	0.0	0.0
19.46466	0.075389	19.576092	0.073124	20.483365	0.07691	20.469644	0.075079	13.8971	0.2114	-0.0	0.0	-0.0	0.0	0.0	0.0	0.0
19.510678	0.075925	19.638957	0.073899	20.360704	0.072967	20.435633	0.074742	17.9964	0.2279	-0.0	0.0	-0.0	0.0	-0.0	0.0	0.0
19.58568	0.072503	19.699265	0.072119	20.288219	0.074129	20.40325	0.072208	20.0407	0.2366	-0.0	0.0	-0.0	0.0	-0.0	0.0	0.0
19.636853	0.069854	19.75257	0.068115	20.280539	0.069668	20.391321	0.069482	20.5261	0.2388	-0.0	0.0	-0.0	0.0	-0.0	0.0	0.0
19.6836	0.0737	19.769875	0.077595	20.257843	0.074624	20.387588	0.071842	20.5261	0.2388	-0.0	0.0	-0.0	0.0	-0.0	0.0	0.0
19.710174	0.074528	19.756467	0.075938	20.225369	0.073213	20.334036	0.074252	20.3266	0.2392	-0.0	0.0	-0.0	0.0	-0.0	0.0	0.0
19.735579	0.067069	19.807135	0.069947	20.208668	0.082104	20.338417	0.073298	20.2564	0.2376	-0.0	0.0	-0.0	0.0	-0.0	0.0	0.0
19.741736	0.079418	19.79435	0.078274	20.2085	0.078173	20.298179	0.077973	20.2564	0.2376	-0.0	0.0	-0.0	0.0	-0.0	0.0	0.0
19.804561	0.071548	19.819295	0.072057	20.191296	0.067701	20.274657	0.069089	20.2618	0.2381	-0.0	0.0	-0.0	0.0	-0.0	0.0	0.0
19.802378	0.06736	19.823427	0.071879	20.199646	0.072018	20.293557	0.071631	20.2564	0.2376	-0.0	0.0	-0.0	0.0	-0.0	0.0	0.0
19.840816	0.071962	19.853447	0.079235	20.202342	0.073208	20.279359	0.072427	20.2564	0.2388	-0.0	0.0	-0.0	0.0	-0.0	0.0	0.0
19.82187	0.084547	19.815555	0.075464	20.198125	0.075911	20.268815	0.080542	20.2618	0.2381	0.0	0.0	-0.0	0.0	-0.0	0.0	0.0
19.843391	0.075733	19.771823	0.068031	20.131163	0.067137	20.203931	0.070064	20.2564	0.2376	0.0	0.0	-0.0	0.0	-0.0	0.0	0.0
19.796064	0.0703	19.699265	0.067479	20.047882	0.068942	20.13754	0.070344	20.2564	0.2376	0.0	0.0	-0.0	0.0	-0.0	0.0	0.0
19.805578	0.072101	19.719291	0.076718	20.03219	0.071309	20.119692	0.073605	20.251	0.2381	0.0	0.0	-0.0	0.0	-0.0	0.0	0.0
19.823975	0.073519	19.704017	0.073411	20.016858	0.07357	20.102271	0.075732	20.2564	0.2376	0.0	0.0	-0.0	0.0	-0.0	0.0	0.0
19.79435	0.08274	19.695446	0.079223	19.98509	0.079809	20.062074	0.08078	20.2564	0.2376	0.0	0.0	-0.0	0.0	-0.0	0.0	0.0
19.828263	0.078364	19.718824	0.073947	20.008513	0.072264	20.096029	0.072573	20.2618	0.2381	0.0	0.0	-0.0	0.0	-0.0	0.0	0.0
19.81446	0.077599	19.713448	0.07103	19.994627	0.074592	20.061116	0.074128	20.2618	0.2381	0.0	0.0	-0.0	0.0	-0.0	0.0	0.0
19.853526	0.069299	19.767224	0.080717	20.065407	0.073194	20.096029	0.070341	20.2564	0.2376	0.0	0.0	-0.0	0.0	-0.0	0.0	0.0
19.857422	0.071598	19.747972	0.071587	20.05243	0.07131	20.078851	0.071325	20.2564	0.2376	0.0	0.0	-0.0	0.0	-0.0	0.0	0.0
19.895478	0.067796	19.783904	0.069338	20.09053	0.074995	20.102191	0.073045	20.2564	0.2376	0.0	0.0	-0.0	0.0	-0.0	0.0	0.0
19.891031	0.072277	19.787879	0.072562	20.094495	0.076783	20.104059	0.072215	20.2564	0.2376	0.0	0.0	-0.0	0.0	-0.0	0.0	0.0
19.882138	0.075818	19.778992	0.073934	20.079242	0.073729	20.078292	0.075775	20.2564	0.2376	0.0	0.0	-0.0	0.0	0.0	0.0	0.0
19.888297	0.082415	19.812511	0.081289	20.117012	0.079753	20.09499	0.07838	20.251	0.2381	0.0	0.0	-0.0	0.0	0.0	0.0	0.0
19.931827	0.075396	19.82655	0.071613	20.131163	0.073717	19.906832	0.076098	20.251	0.2381	0.0	0.0	-0.0	0.0	0.0	0.0	0.0
19.935409	0.075529	19.842764	0.077199	20.141034	0.075061	18.074674	0.095802	20.2241	0.2389	0.0	0.0	-0.0	0.0	0.0	0.0	0.0
19.935409	0.071778	19.79435	0.076282	19.955598	0.074314	15.786109	0.093424	20.2079	0.2379	0.0	0.0	-0.0	0.0	0.0	0.0	0.0
19.9397	0.07302	19.676589	0.072504	19.467466	0.081211	13.63776	0.089678	20.1971	0.2378	0.0	0.0	0.0	0.0	0.0	0.0	0.0
19.918641	0.078091	19.411656	0.067941	18.74743	0.07083	11.691274	0.081559	20.1539	0.2376	0.0	0.0	0.0	0.0	0.0	0.0	0.0
19.9039	0.071157	19.079838	0.074907	17.851898	0.073524	9.841048	0.091424	20.1486	0.2371	0.0	0.0	0.0	0.0	0.0	0.0	0.0
19.834265	0.069549	18.666592	0.071982	16.847121	0.086772	8.167282	0.08938	20.127	0.2384	0.0	0.0	0.0	0.0	0.0	0.0	0.0
19.719993	0.090249	18.234787	0.087747	15.796344	0.076758	6.584637	0.086307	20.1054	0.2378	0.0	0.0	0.0	0.0	0.0	0.0	0.0
19.543624	0.067965	17.6272	0.075368	14.736416	0.076814	5.159284	0.077463	20.0946	0.2368	972.3426892089205	51.49184611704611	118.60777806905872	4.415348703006814	194.5698438124599	2.216309994931846	11.708219399999999
19.587551	0.075521	17.085145	0.073818	13.713481	0.076209	3.811166	0.085051	20.0946	0.2368	744.7016099648207	31.427762436536327	101.69824193536036	3.2002273524594824	188.1928808877712	2.170361606716194	11.709
19.719682	0.072848	16.571168	0.06829	12.70291	0.076942	2.562737	0.077088	20.0784	0.238	591.8807852019185	18.770876069749573	88.64256652931827	2.3574466288973244	183.77845344164638	1.9739596897982505	11.709
19.888768	0.082099	16.098554	0.081219	11.735939	0.090609	1.385299	0.082018	20.0569	0.2379	491.67279451344353	14.980882162505178	78.59788967865084	2.192257187296468	180.04153760911976	2.125873430636855	11.709
20.028564	0.076844	15.695181	0.071383	10.835685	0.072795	0.335925	0.078523	20.0407	0.2366	430.0439647387995	10.408625575976629	70.56129639748944	1.4804064410299798	177.4845635706306	1.809957776915126	11.709
20.158901	0.073839	15.295734	0.079722	10.008876	0.082611	-0.63151	0.074497	20.0407	0.2366	383.19578331731304	8.562202365037292	64.857493513753	1.4083906992707664	175.13886374510182	1.8310028450899203	11.709
20.266106	0.068493	14.934091	0.067601	9.213125	0.068509	-1.541032	0.077759	20.0191	0.2379	349.50112647281924	6.308004894994228	59.93608799693095	1.0083322516055506	173.2860336219163	1.6698867252062022	11.709
20.321341	0.073113	14.604416	0.070975	8.492681	0.069372	-2.383759	0.075998	20.0083	0.2379	325.96982201101696	5.809973712180953	56.10392289213719	0.9110555068255834	171.33779578217164	1.6209800328207054	11.709
20.405888	0.06689	14.281178	0.071836	7.798299	0.080657	-3.16033	0.071153	19.9921	0.2369	304.26670778296284	4.876267915626176	52.89197632057949	0.8812159028122308	170.05277204060764	1.6690267462056407	11.709
20.473822	0.070076	14.001695	0.071444	7.171952	0.072813	-3.854261	0.067381	19.9867	0.2363	287.93398689143913	4.45214125817706	50.20573733242788	0.749879752209599	169.01046103731852	1.5206456380204474	11.709
20.478367	0.076133	13.71836	0.072744	6.591046	0.070141	-4.500486	0.073414	19.976	0.2372	275.67207629073084	4.294073319940575	48.109610785942415	0.682102609114534	168.0151377715956	1.53805844395862	11.709
20.496635	0.067029	13.453124	0.070459	6.050963	0.074216	-5.099157	0.074237	19.9598	0.2377	264.57617347573984	3.6529727944401933	46.323272542464565	0.6404214927176696	167.1323110512241	1.5734558838785446	11.709
20.549572	0.073377	13.242039	0.072272	5.567995	0.073983	-5.651042	0.071859	19.9436	0.2371	255.01699995198535	3.5942047679395497	44.68209115229176	0.6021936067339124	166.10563235071444	1.527022211571315	11.709
20.553551	0.081123	13.004261	0.074782	5.08191	0.071226	-6.156171	0.074344	19.9436	0.2371	246.85039224113078	3.6076983190288416	43.28163801986273	0.564208570659204	165.8241475322693	1.5191911311616288	11.709
20.543157	0.071779	12.783332	0.074313	4.662199	0.072222	-6.62449	0.067112	19.9328	0.2361	240.1529978543157	3.1975216706858327	42.22222394572497	0.5387611111130532	165.11000882320968	1.442255180461934	11.709
20.558343	0.075213	12.58523	0.073569	4.268949	0.079708	-7.056188	0.071374	19.9328	0.2361	233.7287057340212	3.0842208380606797	41.23144845239897	0.5377852081734059	164.5494641817896	1.5545702533418246	11.709
20.500775	0.070106	12.378534	0.069308	3.883993	0.072146	-7.451068	0.06981	19.9166	0.2373	229.43731645691534	2.7847592084480706	40.36619866594788	0.4754085784363844	164.4053894426464	1.456095948078201	11.709
20.470254	0.073729	12.175868	0.075984	3.53109	0.068117	-7.828231	0.068588	19.8843	0.2364	224.67547513437552	2.86790368559605	39.66467451391889	0.4682177957612745	164.05428717102362	1.3960642886572718	11.709
20.478205	0.073596	12.025856	0.072624	3.230369	0.06987	-8.149499	0.071075	19.8789	0.2358	220.476601807027	2.6970296899617194	38.985031103667914	0.4466831141891109	163.7580680845231	1.4342172493429468	11.709
20.447526	0.072337	11.835626	0.075244	2.917691	0.07011	-8.473061	0.069245	19.8789	0.2358	216.3918983815229	2.62265293731173	38.44974374203161	0.4434159005966324	163.60159694169738	1.4153063350340973	11.709
20.424313	0.072631	11.701178	0.072811	2.656645	0.077361	-8.76669	0.07104	19.8519	0.2372	213.63251233460085	2.518660261775878	37.911552383343405	0.44530571954585585	163.134966139933	1.4999269016186656	11.709
20.395661	0.061006	11.555086	0.066187	2.394065	0.065019	-9.032311	0.066524	19.8573	0.2372	210.79458438795442	2.146269283311222	37.42948618108356	0.37907325944040376	163.0915348767074	1.3277119497199914	11.709
20.392086	0.071725	11.427245	0.070326	2.178701	0.070685	-9.269575	0.068469	19.8303	0.2361	207.8726551901712	2.3291927170526288	37.075276593326194	0.39971528362156444	162.7795483318765	1.3992496532148597	11.709
20.307219	0.073211	11.272418	0.07584	1.930111	0.073576	-9.506124	0.070029	19.8249	0.2356	206.26301407078236	2.4065335877469987	36.70317240057959	0.41512901246550055	162.95094174653406	1.447311628160745	11.709
20.272913	0.080024	11.142036	0.068863	1.709135	0.073927	-9.731218	0.068767	19.8087	0.2368	204.0926778141235	2.359787521960019	36.350674802732954	0.38933521980816826	162.89228551954687	1.4375947085661327	11.709
20.232528	0.075862	11.015919	0.065397	1.521591	0.070424	-9.915279	0.065694	19.798	0.237	202.19424437489042	2.1972901826247906	36.11548964405443	0.3655765501809362	162.9418939902561	1.3721121664009066	11.709
20.19124	0.078097	10.918925	0.077107	1.361647	0.075927	-10.094168	0.076719	19.7818	0.2363	200.97951618733006	2.378807286377165	35.877611343372976	0.40623400730726744	162.67242677088143	1.5327344404810688	11.709
20.16805	0.069721	10.801208	0.07153	1.176359	0.073141	-10.272521	0.067431	19.771	0.2353	198.95128640395183	2.121610670626749	35.62573461810465	0.37867076547382233	162.77096264455483	1.4143407841627376	11.709
20.142835	0.081692	10.697787	0.080429	1.020447	0.076563	-10.430362	0.074739	19.7656	0.2358	197.30395324810067	2.3947865737660035	35.432496079862894	0.40657404055886553	162.74355163676876	1.52065081934898	11.709
20.075076	0.074115	10.610423	0.07384	0.860706	0.075611	-10.57492	0.06867	19.7494	0.2367	196.89524936194195	2.1764319910834726	35.16946446275842	0.38122968655193584	162.95961123568364	1.4555100275215413	11.709
20.050029	0.071276	10.515272	0.072633	0.728364	0.07136	-10.719659	0.068706	19.744	0.2367	195.44758649798905	2.0859990499706242	35.035819916718204	0.36451022436474784	162.7831397192012	1.4085539635142443	11.709
20.010236	0.075993	10.440416	0.076916	0.611653	0.073101	-10.832818	0.073432	19.7224	0.2356	194.73148522074163	2.200190311810268	34.88662087247473	0.37664033239115	162.8336707595832	1.4742505674953004	11.709
19.957416	0.073441	10.335	0.069286	0.487192	0.071348	-10.962389	0.072357	19.7224	0.2356	193.66708652977704	2.032102553948767	34.81915197028212	0.3516410042571495	162.76099121484674	1.4445338524861366	11.709
19.934169	0.068475	10.272186	0.068631	0.368632	0.068961	-11.060465	0.072957	19.717	0.2351	192.87398606431194	1.9352990776869758	34.62315899014721	0.34013765459375916	163.0527067059009	1.4322234149254378	11.709
19.902345	0.069461	10.166806	0.068591	0.250123	0.067808	-11.165817	0.065148	19.717	0.2351	191.41675729139345	1.9193648703170354	34.577319043214864	0.3363013187773185	163.24063129417476	1.3446130365725173	11.709
19.841208	0.072913	10.112131	0.072205	0.166626	0.07086	-11.263804	0.070333	19.7009	0.2363	191.54389231086634	2.020255738589013	34.47711542005284	0.3507029246239659	163.03369327748416	1.4240156613201442	11.709
19.841981	0.084781	10.050777	0.079538	0.06369	0.078354	-11.344449	0.073793	19.6847	0.2364	190.32851003799553	2.259765113177473	34.33356699766826	0.38382946355564856	163.35225765555933	1.5411862675973909	11.709
19.768626	0.074371	9.968015	0.070242	-0.044933	0.065983	-11.459192	0.068311	19.6793	0.2362	190.14582368320166	1.9847276402141212	34.24489388696068	0.3295996277955399	163.2646682313861	1.3584726475209536	11.709
19.75826	0.068622	9.913503	0.071185	-0.116678	0.069893	-11.514696	0.066673	19.6631	0.2348	189.2931715034253	1.901163091366912	34.18605756774591	0.3400189946252971	163.49729958901239	1.3855758491380135	11.709
19.700513	0.073625	9.856447	0.068655	-0.215578	0.070161	-11.604678	0.069472	19.6631	0.2348	189.30644848111993	1.935904667454176	34.04403024320222	0.33180009203116656	163.6253273603086	1.4185395259419789	11.709
19.681813	0.073514	9.781794	0.075406	-0.283392	0.072222	-11.662035	0.073051	19.6631	0.2348	188.23653735719594	2.002355809089797	34.067161019730044	0.35340243580719916	163.77570448305872	1.4785442538467735	11.709
19.65719	0.067476	9.73159	0.068421	-0.341492	0.065355	-11.719594	0.067038	19.6577	0.2353	187.75138125116857	1.8177288624994246	34.04045987956883	0.31974925640186885	163.78349024991846	1.34767445234679	11.709
19.597679	0.075184	9.680793	0.075333	-0.430599	0.070427	-11.811504	0.068051	19.6307	0.2361	187.91638266172376	2.016792765469491	33.91148575455409	0.34586480533453506	163.74314018662108	1.409018532047196	11.709
19.579912	0.077642	9.638945	0.074108	-0.463485	0.071242	-11.837978	0.071947	19.6361	0.2362	187.46116420417437	2.0240164885224523	33.9415700130906	0.3453734612549669	163.83545063349115	1.4583960016452249	11.709
19.576092	0.078518	9.610861	0.073292	-0.496388	0.073839	-11.864018	0.069765	19.62	0.2356	187.00472212753755	2.0156239166930137	33.925383858983324	0.3492099820459425	163.93437179588025	1.4649627697043928	11.709
19.553347	0.072869	9.58278	0.071153	-0.546709	0.067419	-11.91403	0.066639	19.62	0.2356	186.9046480447219	1.9091674639961504	33.85089995297613	0.32756630202907605	163.93882543729814	1.3671226886668657	11.709
19.506088	0.073988	9.519722	0.072899	-0.637679	0.067301	-11.992741	0.073355	19.6254	0.2359	186.60893242478122	1.9409130159936239	33.757879988993295	0.32974067754360986	164.11581936422007	1.4388243688648688	11.709
19.461637	0.071019	9.463068	0.066159	-0.680244	0.065933	-12.034958	0.064993	19.6146	0.2351	186.38120546108917	1.8092796589646034	33.80476910984015	0.31128552130747567	164.12084069959863	1.3381597088341612	11.709
19.451434	0.07689	9.432948	0.071771	-0.71699	0.068861	-12.070149	0.071135	19.6092	0.2346	186.010663782198	1.9528848511627068	33.782701041764454	0.3310500885235581	164.1433234128202	1.4314043401110677	11.709
19.3992	0.069712	9.392744	0.066527	-0.751797	0.065324	-12.086909	0.069345	19.6092	0.2346	186.23429928617395	1.7934404898074037	33.80067173034383	0.31065699168643546	164.40465644206265	1.3817673322230577	11.709
19.343729	0.072159	9.333853	0.072524	-0.811745	0.069343	-12.141693	0.066204	19.593	0.2358	186.1706440551563	1.9027611986200035	33.79715520750602	0.3342534005408917	164.4795842426852	1.391786976724938	11.709
19.374213	0.077616	9.336374	0.070414	-0.813669	0.073319	-12.13863	0.067712	19.5984	0.2355	185.65203469970666	1.9382468970011075	33.78234846779157	0.3383410272206727	164.55202462512054	1.450139649711277	11.709
19.327304	0.071099	9.285635	0.071768	-0.887128	0.074414	-12.208223	0.068565	19.593	0.2358	185.58121939889165	1.867027249131747	33.70690250781831	0.342554813090844	164.60821134867098	1.4712440712122883	11.709
19.318249	0.076673	9.268169	0.07479	-0.910314	0.071633	-12.221963	0.069876	19.5768	0.2359	185.4259142769024	1.9761780540712282	33.687959286820686	0.3427585942181988	164.74567841399266	1.457444839031241	11.709
19.275627	0.071964	9.219495	0.069048	-0.976014	0.066941	-12.271323	0.070991	19.5714	0.2357	185.31432701823783	1.8378659767440928	33.63170010493463	0.3172357452904835	164.98399916492107	1.4252217999656893	11.709
19.288991	0.07987	9.209772	0.080477	-0.960557	0.079313	-12.273613	0.074789	19.566	0.2354	184.88368765056643	2.079794090858407	33.713844672655625	0.37455690977452877	164.71969429406923	1.5872508861128722	11.708609699999998
19.238353	0.069974	9.163304	0.072061	-1.03397	0.069225	-12.301095	0.065313	19.5606	0.2349	184.9663667884384	1.8440449796850404	33.625881550813844	0.3295039119718907	165.3966866291622	1.3971010695289827	11.709
19.204299	0.071784	9.136892	0.069051	-1.047489	0.071877	-12.33212	0.069779	19.566	0.2354	185.10678695575234	1.8313913454179414	33.6684497440294	0.3295012925239547	165.140113421656	1.465990471878938	11.709
19.201896	0.070995	9.126675	0.068369	-1.059076	0.070455	-12.346664	0.064856	19.5552	0.2343	184.96321950002374	1.8094442577348593	33.66392097412623	0.3244665280532233	165.0968422968698	1.4006363172892677	11.709
19.172955	0.072304	9.092632	0.069795	-1.099633	0.066251	-12.354298	0.066106	19.5606	0.2349	184.86959436533834	1.8430383807304982	33.64240763336974	0.31763771164148535	165.57981352308374	1.3769127613531271	11.709
19.177532	0.073818	9.076688	0.074294	-1.115084	0.068212	-12.371088	0.067689	19.5444	0.2353	184.49401938725512	1.9129476918502129	33.644033829363025	0.3329430728790426	165.5601018737015	1.413451850220819	11.709
19.179556	0.073746	9.080683	0.077441	-1.136323	0.072208	-12.389447	0.068425	19.5498	0.2348	184.53001819424776	1.9540004393732526	33.56094154828156	0.3478042509259412	165.60247836671098	1.463933274027738	11.709
19.141463	0.070921	9.044279	0.073597	-1.151766	0.074461	-12.407668	0.069529	19.5498	0.2348	184.56089021313215	1.868184180148636	33.62993516482458	0.34531708910157777	165.56160744915542	1.4984815223731625	11.709
19.107801	0.075558	9.020072	0.07431	-1.17107	0.072203	-12.424183	0.074206	19.5391	0.2355	184.73386672312338	1.9407113800338494	33.64611390854087	0.34207273926656384	165.60264697682493	1.523656685905832	11.709
19.102408	0.071475	8.988262	0.072552	-1.184593	0.071252	-12.446808	0.073377	19.5444	0.2353	184.25137125272263	1.8553300124395538	33.70659750528867	0.3369334814996618	165.46880348137745	1.502723133409182	11.709
19.055331	0.069945	8.975762	0.070954	-1.219327	0.069011	-12.45914	0.072228	19.5391	0.2355	184.88341594349592	1.8275093575970984	33.63308964320344	0.32652950795902685	165.7985905021293	1.4735785587617571	11.709
18.999127	0.07858	8.906542	0.080378	-1.275266	0.076783	-12.526192	0.077655	19.5391	0.2355	184.64499438049748	2.056511149722688	33.676956630098225	0.36766289095375915	165.63482994017684	1.6077153497927799	11.709
19.036745	0.071802	8.931598	0.07462	-1.259859	0.071853	-12.492435	0.071467	19.5283	0.2357	184.4154474457926	1.8898424606710114	33.64507470479956	0.34198137178627275	165.90541165554137	1.4968356637723212	11.709
19.043041	0.071904	8.931598	0.072914	-1.269507	0.070522	-12.497954	0.07881	19.5283	0.2357	184.30063009290353	1.8665068130668319	33.613251914211915	0.3342464695910957	165.9664374672293	1.5631754869906591	11.709
19.01164	0.075389	8.897404	0.0709	-1.277227	0.06799	-12.501678	0.066053	19.5175	0.2354	184.24972892564213	1.8852721268113593	33.700712637869174	0.32536437157440906	166.02551127605034	1.4021078355543424	11.709
18.999426	0.074619	8.905629	0.075092	-1.281092	0.078486	-12.507425	0.072304	19.5391	0.2355	184.62283249784943	1.9363020251711387	33.66071420856475	0.35892928057850154	165.99768346945405	1.5779193695164997	11.709
19.002348	0.073065	8.887887	0.070182	-1.284964	0.071067	-12.507928	0.065775	19.5283	0.2357	184.2456340200845	1.8454922715181212	33.70660849107564	0.33094095187052314	166.0475201408944	1.432693831853048	11.709
18.959115	0.071748	8.851069	0.070995	-1.321603	0.071848	-12.551291	0.066966	19.5067	0.2346	184.36255368125728	1.8409899116514996	33.70720438750082	0.33468713808792866	165.94808262290863	1.4514116232114438	11.709
18.940385	0.070785	8.820945	0.073954	-1.337039	0.069678	-12.549544	0.070342	19.5121	0.2351	184.15497997971602	1.8629517772304311	33.75594071219476	0.33765368925446465	166.2024044942175	1.4676235627113923	11.709
18.919484	0.069266	8.827017	0.066076	-1.344757	0.069681	-12.54959	0.069941	19.5175	0.2354	184.64715135210167	1.7513934997223983	33.71017734199807	0.3182470888065309	166.31620401447898	1.4654432960533508	11.709
18.930345	0.082192	8.817124	0.074789	-1.369841	0.075112	-12.568209	0.072022	19.5067	0.2346	184.26822766024532	2.0247637090564106	33.65990743774307	0.3502336721171467	166.41222032063123	1.5464039240515164	11.709
18.932965	0.073691	8.817363	0.075163	-1.340916	0.071845	-12.566692	0.068054	19.5013	0.2353	184.22484152166672	1.917006978578597	33.75496460570038	0.3455040205206854	166.00591606911644	1.463409178408426	11.709
18.90098	0.081636	8.809074	0.076062	-1.385272	0.074505	-12.570048	0.072553	19.5067	0.2346	184.65740195651827	2.041625098326971	33.63553904055729	0.3512998213627479	166.61444732003505	1.5491640100212583	11.709
18.894986	0.068845	8.803172	0.069715	-1.389136	0.069389	-12.586782	0.06869	19.5067	0.2346	184.65909023417765	1.792804702238115	33.6422643166585	0.3246677389328214	166.42295206450893	1.4511201752297371	11.709
18.900906	0.070206	8.805015	0.073768	-1.379484	0.066795	-12.577358	0.066193	19.5013	0.2341	184.584520772903	1.8618885265121141	33.66806055164217	0.3289803171394057	166.41956660623495	1.3975587818193222	11.709
18.861059	0.073521	8.754706	0.072449	-1.412272	0.06668	-12.595745	0.071569	19.5013	0.2341	184.39342848936974	1.883261192302206	33.72608171852814	0.32662505615061194	166.63385214016847	1.457490176419876	11.709
18.869671	0.075254	8.76688	0.070132	-1.410349	0.067236	-12.595884	0.066248	19.5013	0.2341	184.4584677148487	1.8781717601242431	33.69211066138584	0.3216368872899613	166.60313868003976	1.4058882467205143	11.709
18.82339	0.071043	8.720535	0.068975	-1.446986	0.065992	-12.643593	0.06354	19.5067	0.2346	184.4572827450588	1.80787630003682	33.7242805543253	0.31662698693074665	166.43838118684576	1.3617847746329408	11.709
18.809847	0.068828	8.704004	0.065957	-1.466243	0.067554	-12.648507	0.06574	19.5013	0.2341	184.40274928287866	1.7394845959252236	33.71523948528958	0.31298977036434167	166.65187492647735	1.404814278883332	11.709
18.797194	0.071804	8.699947	0.071532	-1.460457	0.074727	-12.642946	0.071748	19.5121	0.2351	184.55973125709522	1.8525699662419304	33.74790103886773	0.34359447386922093	166.64851944060922	1.5438293646428665	11.709
18.818159	0.080354	8.714029	0.074329	-1.470098	0.07655	-12.642946	0.07167	19.5067	0.2346	184.43400965275163	1.9980160925280142	33.669292389900654	0.3527522763094474	166.79230780392405	1.565451729101153	11.709
18.805802	0.074866	8.68999	0.075269	-1.470103	0.078328	-12.650438	0.072932	19.5013	0.2341	184.22101788477102	1.933336137052561	33.748934963824695	0.3608406511510855	166.68063080751145	1.5955642725811081	11.709
18.80415	0.077057	8.692203	0.074976	-1.466258	0.078587	-12.637847	0.072713	19.5121	0.2351	184.29756831179893	1.959507066619037	33.7554819427392	0.360916767147725	166.81668007681967	1.5987294003964296	11.709390299999999
18.75744	0.07268	8.643662	0.072358	-1.499018	0.069277	-12.652184	0.068415	19.5013	0.2341	184.25806678900196	1.8684510856096221	33.80687543486114	0.33389543036635483	167.08666097846208	1.458629720046963	11.709
18.774579	0.074033	8.66193	0.070586	-1.4971	0.069757	-12.66712	0.068574	19.5013	0.2341	184.27864399317392	1.8639960821070904	33.75246567443386	0.3297128426618498	166.83454729835924	1.4609994048188681	11.709
18.762372	0.073578	8.65003	0.076166	-1.504821	0.071392	-12.665513	0.068778	19.5013	0.2341	184.28423094141945	1.9299071662030716	33.7663572182523	0.3471263557032085	166.97398558913568	1.4831156342695764	11.709
18.755197	0.070728	8.647618	0.07161	-1.512508	0.072084	-12.677824	0.069844	19.5013	0.2341	184.37107957725357	1.8359445884088208	33.74882721197619	0.3375098753433695	166.9048314607814	1.5003980469623186	11.709
18.751079	0.072056	8.641618	0.073184	-1.514437	0.07348	-12.683384	0.073607	19.5013	0.2341	184.33675732669562	1.8726907519447666	33.762353038866664	0.3447586853904109	166.850579083022	1.553722190095559	11.709
18.730267	0.069356	8.631629	0.067672	-1.526007	0.071483	-12.692666	0.067131	19.5013	0.2341	184.53430673547152	1.770681178841985	33.75709791791714	0.327127879582334	166.8847595967168	1.4655428885841437	11.709
18.78326	0.072552	8.662064	0.073187	-1.51253	0.070861	-12.648923	0.067814	19.4959	0.2346	184.12302077494746	1.874740157514715	33.70083467282639	0.33742137466328714	167.3383153914622	1.4738003841089835	11.709
18.729972	0.074761	8.635518	0.070733	-1.518289	0.075905	-12.699832	0.075821	19.5067	0.2346	184.61079351171128	1.8822242186142488	33.76983053868954	0.34506521624079484	166.66260999608699	1.5991194756841287	11.709
18.716556	0.073088	8.632062	0.072728	-1.531817	0.069943	-12.682241	0.068758	19.5013	0.2341	184.79313687925972	1.889409484221996	33.736362162097365	0.3349210344414152	167.12774675848362	1.470068778297023	11.709
18.711258	0.074898	8.60542	0.075872	-1.545278	0.070399	-12.688898	0.070543	19.5013	0.2341	184.40284122090554	1.9453824747698427	33.780171220981295	0.3444407795669808	167.22978676768594	1.4955912751426714	11.709
18.684532	0.076034	8.583534	0.072364	-1.558785	0.074644	-12.694736	0.068484	19.5067	0.2346	184.4912065614897	1.9171598240939909	33.80807887209022	0.3465453120677432	167.34494753018112	1.52228671909606	11.709
18.704129	0.075391	8.589898	0.070642	-1.543387	0.071034	-12.682334	0.0704	19.5013	0.2341	184.24982325123628	1.882085311889871	33.83821889137476	0.334533954690315	167.29994682217298	1.5020900298786208	11.709
18.733323	0.087955	8.615974	0.090172	-1.568439	0.067652	-12.720837	0.07222	19.5013	0.2341	184.19303080032827	2.293276072603858	33.668345299139695	0.3726681380785082	167.09816720789084	1.482693392428597	11.709
18.690048	0.072157	8.598207	0.073224	-1.545332	0.070402	-12.708437	0.076966	19.5013	0.2341	184.65859025484679	1.8810709445896117	33.804012974377216	0.3385173499568848	166.9378961197893	1.5598683241855817	11.709
18.649279	0.079715	8.571636	0.076866	-1.56265	0.070121	-12.70232	0.070126	19.5013	0.2341	184.91875679297615	2.0319653110616986	33.83487562328947	0.3473684300001661	167.28909926122566	1.4892728248381955	11.709
18.685563	0.068985	8.569923	0.079038	-1.568453	0.068068	-12.713765	0.06616	19.5013	0.2341	184.22416203835118	1.9105888516745844	33.82122829393272	0.347969904656573	167.20440339448157	1.4240609290753723	11.709
18.67196	0.075693	8.557397	0.070572	-1.593474	0.072743	-12.711277	0.069807	19.5013	0.2341	184.24377848120926	1.885122227744476	33.77959610746761	0.3372710751353953	167.6181267534282	1.5200133016263915	11.709
18.667548	0.075576	8.559308	0.071175	-1.583832	0.072819	-12.720326	0.073198	19.5013	0.2341	184.35902273491928	1.8934417094522178	33.805342611552746	0.33936774834414085	167.3367959137708	1.5514342083490271	11.709
18.672695	0.06976	8.583866	0.070412	-1.558807	0.069565	-12.698876	0.064944	19.5013	0.2341	184.71371957363706	1.8147174306605376	33.80690053202759	0.32991455497409333	167.28309477439058	1.4290783841707275	11.709
18.659755	0.074319	8.557562	0.070589	-1.58385	0.074716	-12.711509	0.068913	19.5013	0.2341	184.46937058741912	1.8716745369754284	33.81110176430008	0.34269010725896104	167.4696627474621	1.5297215133407476	11.709
18.653029	0.06943	8.53525	0.068542	-1.593472	0.071564	-12.718581	0.069018	19.5013	0.2341	184.18521365748128	1.7760470596461395	33.85346502771367	0.3312006785658003	167.50803820094978	1.4969866764572584	11.709
18.674864	0.073892	8.581888	0.071837	-1.556882	0.072823	-12.70076	0.074409	19.5013	0.2341	184.63783067791852	1.8852769042346729	33.819914188984995	0.34121679506925295	167.22590933619392	1.5623594436614086	11.709
18.625939	0.073044	8.533306	0.072559	-1.610819	0.070754	-12.731537	0.071691	19.5013	0.2341	184.64409180478793	1.8835887210062772	33.802060845231054	0.33770026400387976	167.57417987311328	1.5178031819697415	11.709
18.623844	0.072085	8.523254	0.071045	-1.593476	0.068168	-12.7297	0.069988	19.5121	0.2351	184.49864841674489	1.8487333601801677	33.89358984151234	0.3298637204226965	167.34086193323213	1.468103682624501	11.709
18.630423	0.072044	8.541479	0.069374	-1.574214	0.073553	-12.715184	0.069614	19.5067	0.2346	184.7116158600852	1.8311047835651826	33.89706770869046	0.33880659388898304	167.26956521673392	1.5205065878850434	11.709
18.604917	0.075465	8.50111	0.074891	-1.606963	0.071813	-12.744354	0.070058	19.5067	0.2346	184.43991000810453	1.9407875100482737	33.922618741098546	0.3482127108369068	167.32332358627767	1.507252705906275	11.709
18.582946	0.08141	8.492612	0.077537	-1.620417	0.07803	-12.741864	0.076795	19.5013	0.2341	184.68002771222098	2.0576870326380745	33.90486719381064	0.3687948090408734	167.5576030631029	1.6494598651745545	11.708609699999998
18.606719	0.072246	8.498969	0.069219	-1.614661	0.069267	-12.73498	0.068517	19.5067	0.2346	184.36796485456213	1.8250110491607727	33.90398067021293	0.32827356781281547	167.58019413509777	1.4682331272744693	11.709
18.558398	0.078148	8.492874	0.066563	-1.610802	0.070033	-12.733049	0.067753	19.5013	0.2341	185.14140648205336	1.8881693475489476	33.937381982704906	0.32453487574159623	167.55114508920684	1.4679237954016486	11.709
18.600728	0.0724	8.509151	0.070568	-1.605036	0.069935	-12.751704	0.073546	19.5013	0.2341	184.66342681338188	1.8500325731217935	33.902115359179426	0.33301854888835974	167.1840692134234	1.522174983357156	11.709
18.586578	0.075184	8.49732	0.073889	-1.605053	0.0719	-12.731817	0.068032	19.5121	0.2351	184.70588469261034	1.9298521710748604	33.941760726481	0.34638768698506905	167.48313130802032	1.4899482639880595	11.709
18.58441	0.079669	8.491257	0.073158	-1.65322	0.074397	-12.76117	0.071394	19.5013	0.2341	184.63460822141346	1.97862964030004	33.80088466999493	0.3476594023969537	167.7668036097999	1.5573311267493224	11.709
18.608038	0.073185	8.515641	0.071672	-1.620486	0.07138	-12.724791	0.068038	19.5013	0.2341	184.64841808408093	1.87412947921272	33.82873362886866	0.3375930736578173	167.82185801253118	1.4903424333449762	11.709
18.576982	0.069311	8.483643	0.073186	-1.626279	0.068067	-12.741563	0.068658	19.5067	0.2346	184.6311877450281	1.843837772006406	33.91641688889665	0.3352976784556704	167.65609761574194	1.4582660795467903	11.709
18.590987	0.080718	8.489378	0.07751	-1.624329	0.074923	-12.733794	0.07326	19.5013	0.2341	184.48005306040696	2.0436887464587334	33.903720275883636	0.3613798180452198	167.74393315136476	1.5822105777028357	11.709
18.548876	0.075747	8.463152	0.068154	-1.659003	0.068162	-12.766729	0.07065	19.5013	0.2353	184.77059624943635	1.8667070015814953	33.87542722325084	0.32258419050845477	167.77018043941752	1.4827647051446076	11.709
18.544176	0.069637	8.454885	0.068748	-1.649352	0.067645	-12.770077	0.066951	19.5121	0.2351	184.69911213042363	1.7913798764039075	33.934368361513805	0.32391272214263545	167.56848720606803	1.4341105395050184	11.708609699999998
18.559056	0.071634	8.463022	0.071064	-1.639726	0.068569	-12.779403	0.070202	19.5067	0.2346	184.58190537694068	1.8447807433619914	33.94050123124718	0.33175836082420346	167.28898001405068	1.4736970901508262	11.709
18.554136	0.07229	8.464705	0.070514	-1.649334	0.068062	-12.753215	0.070287	19.5013	0.2341	184.7027000459442	1.8486967492709088	33.90261202940749	0.3285120346518344	167.82827942741574	1.4788010731896248	11.709
18.515931	0.071124	8.426297	0.070035	-1.66858	0.072487	-12.782284	0.067767	19.5067	0.2346	184.69898804346445	1.8272340045977324	33.96696423472485	0.3391470156055678	167.67994230376868	1.4971623491189363	11.709
18.587281	0.087755	8.514787	0.06787	-1.599227	0.068477	-12.764006	0.070962	19.5067	0.2346	185.01327997721674	2.037740429197338	33.90269677968636	0.3231826387723911	166.91286344427022	1.4742770043264646	11.709
18.532829	0.070186	8.436408	0.071269	-1.666659	0.071729	-12.78054	0.068106	19.5067	0.2346	184.5748436526551	1.8286016437897412	33.93942716480351	0.3396776346987493	167.67726631894905	1.4922990804125078	11.709
18.575665	0.072765	8.458937	0.070256	-1.653208	0.069262	-12.766449	0.068215	19.5013	0.2341	184.20433464104096	1.8416685732797968	33.90896219767806	0.3308249727831789	167.68691788296144	1.466855362561396	11.709
18.533559	0.072393	8.448791	0.072797	-1.660906	0.072152	-12.781007	0.068013	19.5067	0.2346	184.78811193678465	1.881173872242948	33.91717149172371	0.34386242035602094	167.58347641654674	1.4942940270320169	11.709
18.536091	0.075222	8.455015	0.069645	-1.662848	0.06877	-12.768426	0.069904	19.5067	0.2346	184.85579109597398	1.8797671307716812	33.88979527491923	0.3278362213939766	167.8026276792543	1.4816699217281584	11.709
18.520921	0.066844	8.432683	0.069682	-1.678241	0.068166	-12.784635	0.067163	19.5013	0.2341	184.72453711197767	1.768084176971755	33.913056639031836	0.32695272580249596	167.7903065421519	1.445705677772564	11.709
18.549972	0.077022	8.469672	0.075978	-1.635921	0.076666	-12.760079	0.076542	19.5121	0.2351	184.87000762609898	1.9841681437712548	33.93094784267224	0.3624110451677236	167.5223601087341	1.6314421361027056	11.709
18.513274	0.06834	8.430998	0.065686	-1.674415	0.067323	-12.790613	0.065832	19.5013	0.2341	184.83378526719153	1.7377264915139192	33.93154857225929	0.31582650342780777	167.64231121824284	1.4200247446507241	11.709
18.54101	0.072521	8.437255	0.065553	-1.651314	0.068777	-12.768893	0.064029	19.5175	0.2354	184.44085412174775	1.7845343156316091	33.98820125820996	0.32009739715433133	167.62150399491418	1.4167647433292638	11.709
18.525693	0.077586	8.438971	0.074706	-1.664777	0.073455	-12.781334	0.07381	19.5121	0.2351	184.75231706749975	1.9727878532844054	33.93713933831077	0.3519063618833917	167.63690916951208	1.5703023289831728	11.709
18.521797	0.072145	8.419007	0.074966	-1.662861	0.069735	-12.781521	0.076573	19.5121	0.2351	184.45847775407296	1.8996137892446703	34.01079246339874	0.3453946326036836	167.60520453414262	1.561220756845506	11.709
18.529809	0.096857	8.424873	0.067962	-1.691744	0.064882	-12.77945	0.069988	19.5121	0.2351	184.41930205389988	2.1594213535827174	33.89397223417373	0.31479653440360633	168.0731080909444	1.4466647727848085	11.709
18.510305	0.074158	8.414534	0.071872	-1.678236	0.070107	-12.802912	0.072114	19.5067	0.2346	184.5867026640397	1.8881706855724185	33.97405738447678	0.33797232400902955	167.51455602931796	1.51446685037385	11.709
18.502367	0.078554	8.426785	0.072989	-1.678252	0.071192	-12.771961	0.070068	19.5175	0.2354	184.95657313519396	1.9683940202891947	33.932815088437295	0.3423802483027114	167.98215640012552	1.5125271254549386	11.709
18.506847	0.068526	8.420886	0.069294	-1.674409	0.070487	-12.775822	0.066624	19.5121	0.2351	184.76626880949934	1.7852810845440015	33.96555453192161	0.33255882931710173	167.86559236395544	1.4666069843320904	11.709
18.484888	0.080337	8.398331	0.075641	-1.709044	0.07353	-12.799051	0.072068	19.5121	0.2351	184.75532578249047	2.021150673619672	33.92496545871807	0.3540730992940418	168.03823144757442	1.5600498516805705	11.709
18.501784	0.079797	8.422506	0.07778	-1.684009	0.076166	-12.802818	0.072342	19.5391	0.2355	184.88875565403254	2.044071244881878	33.927850146203404	0.36545305860840427	167.6029481841796	1.5834367197786356	11.709
18.489294	0.071604	8.396419	0.072118	-1.703274	0.071803	-12.795517	0.072603	19.5121	0.2351	184.63967572493002	1.8591764292932953	33.950768639053514	0.342099045476696	168.00435623159515	1.5465938750411459	11.709
18.487929	0.068966	8.40478	0.07382	-1.703301	0.071808	-12.795985	0.069472	19.5283	0.2357	184.8177816259082	1.8516922247815106	33.92259389660165	0.3456158365873639	167.9976954630943	1.513189593447821	11.709
18.485908	0.081134	8.406821	0.081801	-1.691747	0.072143	-12.77766	0.072118	19.5121	0.2351	184.892278008826	2.113481223770215	33.95454942817634	0.3667228720318739	168.1002960492036	1.5467914999692394	11.709
18.50843	0.083672	8.404585	0.077448	-1.689801	0.074917	-12.795704	0.074729	19.5229	0.2356	184.43920865330426	2.081253485097004	33.96861489449467	0.3626015389734494	167.79772586440657	1.5987630444451237	11.709
18.487128	0.072422	8.408441	0.076107	-1.695566	0.0753	-12.789959	0.071808	19.5337	0.2357	184.89961402837528	1.9273595291247798	33.93626950533416	0.3595913223359921	167.97180760028056	1.5753545887675242	11.709
18.448862	0.076153	8.396127	0.074233	-1.699397	0.069634	-12.807955	0.070446	19.5175	0.2354	185.37694119935713	1.9611030819641668	33.964787288176126	0.34242667513233355	167.75761255037733	1.495870140188931	11.709
18.447205	0.07336	8.376232	0.072481	-1.7206	0.073213	-12.795377	0.072146	19.5121	0.2351	185.04123443340504	1.8948246245296643	33.96038906341864	0.3465118650540925	168.26931678096088	1.5617330931586157	11.709
18.464098	0.064633	8.378305	0.064562	-1.707123	0.070027	-12.784448	0.065574	19.5337	0.2357	184.7693458620761	1.6735926962530814	33.998785762360164	0.3210862592320995	168.23061959889654	1.4569715081392745	11.709
18.477532	0.073897	8.396775	0.068435	-1.693673	0.06857	-12.794194	0.070284	19.5283	0.2357	184.86163116227164	1.8469755786133772	33.98187264218729	0.32625628506761944	167.87907336418002	1.4850099603029896	11.709
18.456378	0.068342	8.374578	0.076909	-1.712926	0.068363	-12.792217	0.067285	19.5175	0.2354	184.8425218393622	1.8863535754568461	33.99178773772728	0.3467441542609351	168.20077373767762	1.4562240174770704	11.709
18.46071	0.078606	8.392724	0.077778	-1.711006	0.08112	-12.77945	0.074193	19.5337	0.2357	185.09613118129283	2.03299817368728	33.937200285992155	0.37747812496437355	168.3655992427113	1.6722085112252516	11.709
18.454139	0.076362	8.38255	0.074244	-1.709069	0.074307	-12.788449	0.073324	19.5229	0.2356	185.02990810391134	1.956648671587399	33.9779321112726	0.35366821756539163	168.19940626740208	1.584825306130839	11.709
18.450243	0.082156	8.374643	0.081129	-1.71871	0.081108	-12.784962	0.07925	19.5229	0.2356	184.95626134074084	2.1195171041777274	33.97209161804463	0.386118262450808	168.3989598222327	1.72560867629805	11.709
18.457032	0.071928	8.384915	0.067962	-1.709099	0.065972	-12.788963	0.066765	19.5229	0.2356	185.020204213265	1.8177950243050558	33.96986836922838	0.31875331635228593	168.19207012840084	1.4248056463008967	11.709
18.482302	0.072906	8.395025	0.071058	-1.699474	0.072148	-12.767009	0.070943	19.5229	0.2356	184.74214570761163	1.8645182659020143	33.968236429041056	0.3407570359276024	168.37942750278387	1.5393931625947452	11.709
18.437464	0.068501	8.384591	0.073821	-1.71485	0.068864	-12.777473	0.072225	19.5283	0.2357	185.37439317949605	1.857028703638523	33.95161481192616	0.3393801799340244	168.45419188292664	1.5195823561456594	11.709
18.43306	0.073395	8.358378	0.07039	-1.722545	0.067639	-12.801215	0.065381	19.5444	0.2353	184.97311925283498	1.8671165610955964	34.01397901136143	0.3293795575437152	168.21019482125294	1.4283292292724283	11.709
18.463095	0.071588	8.37879	0.068378	-1.709091	0.07338	-12.7778	0.068749	19.5337	0.2357	184.7966044290494	1.814136087707239	33.9905193225025	0.337955406968636	168.36157663133685	1.5294817965002276	11.709
18.456523	0.076353	8.392724	0.072837	-1.705228	0.071017	-12.770264	0.072606	19.5283	0.2357	185.1731424231224	1.9416112825735556	33.956620440037106	0.3420839993837427	168.41745446022261	1.5458629352846682	11.709
18.467573	0.07337	8.394993	0.072076	-1.693692	0.076664	-12.774312	0.072245	19.5444	0.2353	185.0117019868506	1.8891227841920364	33.98781206217956	0.3544932141241061	168.1805981641344	1.5988547321607072	11.709
18.436097	0.069827	8.378887	0.07385	-1.699468	0.069649	-12.7908	0.064495	19.5337	0.2357	185.29446365073042	1.8725242388587628	34.02264622513937	0.3426874662866107	168.0181610909195	1.4379604807398065	11.709
18.431474	0.072376	8.358604	0.06671	-1.718713	0.071464	-12.794194	0.068544	19.5283	0.2357	185.00637432700032	1.8078485736011727	34.02615203468528	0.33009143407709235	168.25862528713446	1.5043406036237525	11.709
18.469958	0.076116	8.387085	0.075471	-1.705261	0.073692	-12.772661	0.073212	19.5175	0.2354	184.82285357189176	1.964824130707525	33.975481391253176	0.355098806517567	168.38148086669813	1.580400273035613	11.709
18.418624	0.075164	8.374546	0.075901	-1.72448	0.071192	-12.797681	0.066042	19.5391	0.2355	185.53670811955465	1.9732107756783037	33.95300945723871	0.3498632656922926	168.29326290921807	1.4758564905372558	11.709
18.448367	0.073971	8.384785	0.070546	-1.711014	0.069642	-12.792451	0.068213	19.5444	0.2353	185.17713150240965	1.880880971402038	33.96386028778319	0.3334875793839197	168.16820366723633	1.479372700619651	11.709
18.461292	0.074379	8.382938	0.074828	-1.685987	0.073694	-12.763287	0.070671	19.5391	0.2355	184.90570891059485	1.935693486610003	34.05451344170373	0.35520519851330695	168.23098666697913	1.5506459295217832	11.709
18.446637	0.06893	8.388965	0.066126	-1.695618	0.068868	-12.783498	0.065752	19.5444	0.2353	185.2859490788268	1.7596850444881997	34.001634357400704	0.3219058724883959	168.0704760277826	1.4432868431621375	11.709
18.456814	0.069787	8.368745	0.070943	-1.697534	0.067529	-12.779637	0.070223	19.5444	0.2353	184.72765147378212	1.8222538940367985	34.06346312997975	0.33143441621648667	168.15808397792028	1.4782941805306413	11.709
18.448367	0.069983	8.382776	0.068146	-1.707162	0.069642	-12.788776	0.068941	19.5498	0.2348	185.1401704227866	1.7966771978254086	33.98359039081134	0.32817365420955746	168.16550281629407	1.487079354348657	11.709
18.439485	0.072029	8.372505	0.071005	-1.714847	0.075295	-12.781101	0.071674	19.5498	0.2348	185.11462558729647	1.859841592027692	33.99230362784994	0.3487548375104274	168.3989263901554	1.5819074302831924	11.709
18.4288	0.074725	8.35232	0.076741	-1.730246	0.071454	-12.795657	0.071839	19.5498	0.2348	184.94008823200602	1.965906463851615	34.008438312161566	0.35368053734699406	168.41174793667395	1.54211045882041	11.709
18.441796	0.073561	8.382647	0.074592	-1.705225	0.072565	-12.786752	0.067319	19.5391	0.2355	185.25872922902073	1.929416564004645	33.99055241075508	0.3506437448995806	168.16681959931452	1.5020987703349795	11.709
18.492408	0.076131	8.396872	0.0732	-1.697534	0.076099	-12.772288	0.07014	19.5498	0.2348	184.59102859311523	1.9310800212297565	33.96854863477715	0.3553192109907054	168.26967317718288	1.5724568408904684	11.709
18.405558	0.073536	8.336154	0.072112	-1.726386	0.070011	-12.79368	0.068764	19.5498	0.2348	185.0700581055993	1.8929561926051344	34.076121259326555	0.34036035505738127	168.38309209514222	1.4930464268122616	11.709
18.431474	0.076	8.352577	0.070894	-1.716787	0.06816	-12.77766	0.067124	19.5337	0.2357	184.895753312425	1.9066251443313176	34.0530251182434	0.3325887662249757	168.48085317916465	1.4571605305621396	11.709
18.439848	0.072766	8.364631	0.069288	-1.716787	0.071895	-12.794194	0.068544	19.5391	0.2355	184.96327888704832	1.8445906278565745	34.01231208653903	0.3368671015211198	168.2293694933863	1.5085537243771572	11.709
18.426925	0.076819	8.348399	0.077393	-1.730255	0.073764	-12.803146	0.07281	19.5552	0.2343	184.90255776687147	2.000554276842121	34.02163934010211	0.360903446545588	168.29798434364383	1.5753222699832403	11.709
18.463167	0.069749	8.376814	0.072013	-1.71102	0.071115	-12.776009	0.064932	19.5498	0.2348	184.75905585233133	1.836428672119109	33.99068025766435	0.34101996849044214	168.41817239969538	1.4657464095090629	11.709
18.459126	0.085092	8.386924	0.074679	-1.711026	0.074389	-12.781614	0.073553	19.5444	0.2353	185.0186519665657	2.079664392789815	33.95662986253514	0.35445597870585915	168.33298449677793	1.5906851996204314	11.709
18.441796	0.06933	8.358539	0.071372	-1.707151	0.070022	-12.788589	0.070697	19.5337	0.2357	184.81580908830796	1.8237696807777968	34.065455129620744	0.33838215132214206	168.16817001855506	1.5100482803740432	11.709
18.447363	0.066263	8.379243	0.069967	-1.674455	0.072074	-12.760079	0.063439	19.5391	0.2355	185.09365690296917	1.7715897715296678	34.10609093121758	0.3407640523343773	168.10467529644137	1.4560144900959149	11.709
18.424686	0.076122	8.356369	0.071384	-1.732175	0.071013	-12.797541	0.07175	19.5498	0.2348	185.09004319749633	1.9184231666269553	33.98828471350266	0.3392241460093269	168.41243246027054	1.5364279041614817	11.709
18.431474	0.072514	8.346551	0.072889	-1.707156	0.078889	-12.779497	0.06732	19.5498	0.2348	184.78526725608003	1.88388343102022	34.106056886122296	0.36436604295055164	168.30635409929158	1.5764367013845944	11.709
18.431474	0.077857	8.38472	0.071403	-1.709083	0.071886	-12.77031	0.071182	19.5498	0.2348	185.48729762264946	1.9503906083380875	33.970577909242515	0.3409957486460289	168.47544144891725	1.5408778783672084	11.709
18.433495	0.072991	8.38067	0.066059	-1.705228	0.067103	-12.795985	0.065729	19.5552	0.2343	185.37527619549837	1.8153547921490782	33.99720473722632	0.31740212224405434	168.02687227967962	1.423085039918879	11.709
18.427505	0.085447	8.352674	0.074216	-1.714869	0.072142	-12.794334	0.073541	19.5552	0.2343	184.9703667863262	2.0779011554410527	34.05918452427648	0.35015130885681894	168.1981228666746	1.5639253035551919	11.709
18.430034	0.075298	8.360903	0.07242	-1.720665	0.070662	-12.779917	0.069903	19.5606	0.2349	185.0750785165411	1.9202386389949457	34.011805517990936	0.3413532085819594	168.50553538345827	1.514464784827275	11.709
18.418987	0.074246	8.350601	0.071265	-1.714864	0.074086	-12.792404	0.070749	19.5552	0.2343	185.08877151721808	1.8918701690932564	34.06621893758723	0.34791482572858023	168.2273515529384	1.5557008874138984	11.709
18.446491	0.071587	8.362783	0.07408	-1.711023	0.068463	-12.768706	0.070224	19.5552	0.2343	184.8075271739998	1.888024644049564	34.03801227235327	0.3408299842549946	168.52944097191875	1.4947490991431287	11.709
18.394658	0.078979	8.339978	0.071381	-1.722517	0.073131	-12.787889	0.069713	19.5498	0.2348	185.34106919721847	1.9623510714252674	34.07627279302667	0.3460733334241076	168.41234877996266	1.5377244854824725	11.709
18.3956	0.074722	8.348431	0.069806	-1.745665	0.07408	-12.797681	0.071449	19.5498	0.2361	185.47963296639108	1.8877333854331686	33.96959250141996	0.3425469495917527	168.61585385426577	1.5702269535936466	11.709
18.405993	0.071068	8.342373	0.074077	-1.714847	0.072146	-12.766402	0.068014	19.5498	0.2348	185.17642661341003	1.888911146572645	34.094146748284324	0.35054212019828407	168.622888924927	1.5128402172252016	11.709
18.425557	0.069449	8.348721	0.07243	-1.722579	0.071806	-12.781567	0.068385	19.5498	0.2348	184.93356313355574	1.8415705354565313	34.04647967579799	0.34478432776349816	168.50956158636092	1.5109237936791713	11.709
18.40419	0.068958	8.336475	0.070141	-1.730266	0.071108	-12.79231	0.072975	19.5552	0.2343	185.10112285275721	1.8084307039944958	34.06189711867729	0.3379567879775298	168.46300968103853	1.5516856216968546	11.709
18.410107	0.078052	8.336315	0.077145	-1.71677	0.073839	-12.777379	0.07167	19.5498	0.2348	184.9894475473092	2.015260992145747	34.10816985870812	0.36231094678400516	168.48486200192113	1.5674919021093827	11.709
18.412417	0.073473	8.342437	0.069205	-1.726409	0.069641	-12.797728	0.073353	19.5552	0.2343	185.0594724251723	1.8548913449416151	34.05477940860138	0.33206283835376366	168.32187212507884	1.5377723118789504	11.709
18.416241	0.071561	8.358346	0.071028	-1.726394	0.06964	-12.786472	0.066148	19.5552	0.2343	185.28183159905086	1.8573772660633976	34.00110552804249	0.33537295694600106	168.49296306645715	1.463229077232137	11.709
18.41906	0.071255	8.370722	0.070248	-1.734127	0.077014	-12.794288	0.066561	19.5552	0.2343	185.4580622583534	1.846768586397796	33.9334439844867	0.35005089685940954	168.4916935870075	1.550706517998263	11.709
18.416676	0.067242	8.342469	0.068901	-1.711003	0.065379	-12.784915	0.06761	19.5606	0.2349	184.98182923647894	1.767791937162206	34.10685460523503	0.3222344754623083	168.282468840526	1.429227664817282	11.709
18.416386	0.067385	8.348367	0.06885	-1.71677	0.068568	-12.793914	0.06493	19.5606	0.2349	185.09551268143048	1.7711214178655685	34.067328609273176	0.3288884821076868	168.23337176552954	1.4341944167807037	11.709
18.431765	0.076095	8.380832	0.072436	-1.724503	0.071891	-12.787032	0.066128	19.5606	0.2349	185.41017307888686	1.9380337656651176	33.931813863249864	0.3426820061830102	168.45561137641994	1.4874118825538398	11.709
18.43191	0.081921	8.352771	0.075821	-1.716804	0.07289	-12.765078	0.071136	19.5552	0.2343	184.89131056991985	2.0476332718145946	34.05231409877398	0.3556721715576894	168.67297057017382	1.5549221408029907	11.709
18.423827	0.070899	8.356917	0.074177	-1.716815	0.071891	-12.78915	0.072795	19.5552	0.2343	185.11592879299818	1.8868533574122608	34.038258885741904	0.34903534004739095	168.30643787633792	1.5551833703106726	11.709
18.39531	0.080252	8.328216	0.075868	-1.743727	0.074461	-12.808516	0.072597	19.5552	0.2343	185.11252229425756	2.030698351565472	34.044306312688214	0.3593153803316654	168.42121414514997	1.5829305792410495	11.709
18.446564	0.071708	8.386924	0.071094	-1.68791	0.068861	-12.774265	0.069899	19.5552	0.2343	185.24968517516515	1.8595125293307841	34.03453821722345	0.33435805198131874	168.09359687583066	1.4877365102473261	11.709
18.438263	0.078748	8.356821	0.073914	-1.707176	0.069633	-12.765125	0.072622	19.5552	0.2343	184.84907523520957	1.980291259422218	34.07118790301284	0.343786157722032	168.52539746939703	1.5333435962363724	11.709
18.408593	0.076553	8.35666	0.070275	-1.724497	0.074464	-12.783265	0.069382	19.5498	0.2348	185.39171110648002	1.9166052807265477	34.01319302862941	0.3454544871033132	168.51291954453612	1.5508823093956938	11.709
18.427505	0.071483	8.346648	0.070844	-1.722574	0.076171	-12.794334	0.070553	19.5498	0.2348	184.85979026578423	1.8455308608872845	34.0535088760377	0.3518020808815784	168.3151644720819	1.5783799668552905	11.709
18.412417	0.069383	8.352481	0.069724	-1.726409	0.069641	-12.795891	0.067671	19.5552	0.2343	185.24423297299302	1.8112854598204418	34.02084357265696	0.33263901009812935	168.3498067444584	1.4768102316785705	11.709
18.410977	0.079149	8.340718	0.075239	-1.734138	0.072471	-12.796312	0.073551	19.5552	0.2343	185.05435526202092	2.006768310551162	34.03446237804279	0.3528990405765693	168.46103907733925	1.5724452593344305	11.709
18.396252	0.071582	8.328634	0.068483	-1.736062	0.072728	-12.798102	0.067343	19.5606	0.2349	185.10288652096796	1.8213964163447338	34.06882333007053	0.33814669596688907	168.46305985354084	1.5094677097330833	11.709
18.408376	0.078657	8.342501	0.072385	-1.72834	0.072393	-12.795985	0.069385	19.5552	0.2343	185.13495479020258	1.9660503186981424	34.04802968067394	0.34610975921758974	168.37776761526672	1.5255289103479865	11.709
18.414946	0.067249	8.340621	0.071261	-1.730278	0.065373	-12.792497	0.070554	19.5606	0.2349	184.97967718913728	1.7991049875763907	34.04783545979368	0.3269380695662954	168.46033761586685	1.4647330672855712	11.709
18.410397	0.074018	8.320375	0.071335	-1.726412	0.070015	-12.794101	0.070532	19.5552	0.2343	184.69188739677023	1.8816497023969359	34.1295533691586	0.3395486249931937	168.37708320638308	1.5119427876669258	11.709
18.421225	0.073527	8.372763	0.072432	-1.711017	0.069641	-12.783311	0.073899	19.5606	0.2349	185.45576372317655	1.9048820153474437	34.00434267250228	0.33883736011153864	168.30705499987798	1.5435211742619457	11.709
18.410397	0.073889	8.346487	0.071745	-1.734115	0.068465	-12.795938	0.067895	19.5552	0.2343	185.17109539463567	1.8949738407251127	34.015063696522596	0.33463249015251967	168.46638320960497	1.4684556582532373	11.709
18.410469	0.077119	8.34451	0.073923	-1.714858	0.076164	-12.784962	0.071611	19.5552	0.2343	185.1334017689236	1.9647535764765824	34.086864196438356	0.3596609696899841	168.34036078075192	1.5897517957051164	11.709
18.433713	0.069425	8.358668	0.071029	-1.724497	0.069353	-12.788776	0.067064	19.5606	0.2349	184.9664524295193	1.8234482115607276	34.00641661012406	0.3348026019741399	168.42897561030665	1.468611381861145	11.709
18.400148	0.081449	8.334531	0.071579	-1.722568	0.069642	-12.801589	0.06575	19.5606	0.2349	185.13968421167155	1.9944157733177654	34.0945553343549	0.3385610732105052	168.20485941975147	1.454100836966475	11.709
18.438263	0.071384	8.362848	0.069139	-1.724511	0.066205	-12.781661	0.06923	19.5552	0.2343	184.95964526228997	1.824336079171506	33.99228011324105	0.3225750258690167	168.53757800460073	1.4600841046934718	11.709
18.389321	0.079145	8.322319	0.07467	-1.732184	0.075067	-12.814215	0.070479	19.5768	0.2359	185.11421572071643	2.000817490738184	34.103360193918974	0.3591286965825709	168.159180983368	1.5624359576401017	11.709
18.429889	0.078131	8.352803	0.075227	-1.714881	0.078361	-12.80187	0.069402	19.5552	0.2343	184.92897911456197	1.9903976143850861	34.05871042770468	0.3674793665448094	168.0839733751917	1.586936551969589	11.709
18.447073	0.072246	8.373086	0.070491	-1.695635	0.073783	-12.772754	0.070308	19.5606	0.2349	184.98587857744013	1.853498687629949	34.05520125313209	0.34514106081685725	168.23373900048549	1.5478730878420712	11.709
18.406355	0.071979	8.33249	0.070892	-1.745676	0.065369	-12.816239	0.065353	19.5552	0.2343	184.98810653316386	1.8551949993408083	34.02328327432051	0.3255440999214154	168.33338618965013	1.4055117726369357	11.709
18.399714	0.075781	8.340364	0.073193	-1.718699	0.073132	-12.795798	0.072885	19.5606	0.2349	185.2550404343991	1.9402648162362868	34.087898679487516	0.3506274280885409	168.23405562246663	1.5681165851172258	11.709
18.420935	0.072098	8.350536	0.072022	-1.726414	0.076451	-12.797822	0.069815	19.5606	0.2349	185.05178081155435	1.8726538609780494	34.027388600820274	0.3546724567655192	168.3205373049852	1.5740252331753763	11.709
18.431619	0.078327	8.338581	0.069011	-1.739905	0.07189	-12.816332	0.070232	19.566	0.2354	184.63668321322038	1.9096854492254227	34.022207993744814	0.33640081419566004	168.24424654714923	1.5265671901944728	11.709
18.412345	0.076766	8.336379	0.077337	-1.739887	0.069728	-12.810541	0.068117	19.5606	0.2361	184.94953717950486	2.0001571271510445	34.029700660556216	0.35166682479609773	168.33200089790083	1.4821748797358896	11.709
18.410977	0.076088	8.346744	0.076308	-1.71873	0.074689	-12.799986	0.074876	19.5552	0.2343	185.1651632826199	1.9826144153510306	34.066185943683664	0.36138217570481673	168.1709382251848	1.6050093763919575	11.709
18.393942	0.075628	8.328537	0.077384	-1.739905	0.07188	-12.794288	0.070066	19.5552	0.2343	185.14360202555602	1.9902811881034026	34.05614524570558	0.3572454780183014	168.57975909444008	1.5307787305169627	11.709
18.394586	0.073371	8.319861	0.073416	-1.745624	0.071462	-12.822743	0.064018	19.5552	0.2343	184.97231751470062	1.9056559911339686	34.06615055903826	0.34674806361889404	168.2337397118442	1.4571365746024652	11.709
18.432987	0.069425	8.338259	0.072864	-1.726394	0.06964	-12.799331	0.069981	19.5498	0.2348	184.60578852346478	1.8404930708376117	34.06896502841831	0.3411795319475054	168.2972834468913	1.5005465590889704	11.709
18.442945	0.073935	8.350085	0.072754	-1.718671	0.071454	-12.799004	0.070052	19.5606	0.2349	184.63995983350577	1.8976147527224223	34.05508240579009	0.34490350353854254	168.1849411110827	1.5188470802571854	11.709
18.40014	0.069976	8.329582	0.070242	-1.753297	0.068859	-12.831458	0.066658	19.5444	0.2353	185.0488486810391	1.821891057413204	34.00738279419664	0.33175960594676884	168.21791872483527	1.4552571657602995	11.709
18.418987	0.079379	8.338548	0.076447	-1.728346	0.072716	-12.812612	0.072541	19.5606	0.2349	184.86747404110898	2.0210755062422394	34.06138025591657	0.35698345769350776	168.12527902493326	1.5579299113684997	11.709
18.402169	0.078166	8.33249	0.072856	-1.75338	0.070377	-12.818076	0.070856	19.5498	0.2348	185.0650112488786	1.963815704723175	33.997297408820614	0.3414469014251764	168.42263363985714	1.5201381205243425	11.709
18.41278	0.078878	8.338581	0.081856	-1.728349	0.074763	-12.788776	0.074877	19.5552	0.2343	184.9819697051051	2.087311042550566	34.06126173275261	0.37509236380798083	168.48763464912662	1.6118691611533076	11.709
18.417329	0.073736	8.350794	0.073141	-1.722585	0.070743	-12.787173	0.071391	19.5552	0.2343	185.12281184298965	1.9099537097162698	34.0394532102876	0.34384746901885843	168.4242836440245	1.5298783349063203	11.709
18.402314	0.069978	8.320503	0.071686	-1.739905	0.068155	-12.796125	0.070317	19.5552	0.2343	184.84230761032487	1.8367065703920449	34.08334281706365	0.3351066106298239	168.55174739153546	1.4928831944578367	11.709
18.397548	0.071949	8.332297	0.070879	-1.741807	0.07002	-12.810447	0.065042	19.5552	0.2343	185.1464268130326	1.8578205480080217	34.03700206510414	0.33662523238548153	168.36262416716198	1.4536619014643624	11.709
18.400511	0.077204	8.332683	0.072535	-1.724508	0.072884	-12.792638	0.077026	19.5552	0.2343	185.09903982305386	1.9476035307934054	34.094242290256524	0.34858875626790625	168.37038994327136	1.613145451600081	11.709
18.432128	0.071455	8.374966	0.071596	-1.716812	0.069546	-12.779917	0.066155	19.5606	0.2349	185.29534632797862	1.8636499670177231	33.977392814789475	0.33605458263586807	168.4468604203923	1.4614694699243111	11.709
18.428231	0.071484	8.36505	0.070554	-1.720676	0.07102	-12.794802	0.06695	19.566	0.2354	185.1845088097236	1.8482781733426286	33.997782476638406	0.33745508564522764	168.27921631849827	1.483132728990947	11.709
18.376836	0.076221	8.320342	0.073624	-1.743742	0.075211	-12.803239	0.07123	19.5552	0.2343	185.3076537264909	1.9527156905348475	34.0708911910707	0.35630545433838706	168.50179928565117	1.5782466729051732	11.709
18.413142	0.071811	8.326689	0.075144	-1.728363	0.074002	-12.800033	0.070667	19.5606	0.2349	184.75723823852786	1.9039022111003385	34.10149477839725	0.357683342901345	168.31654964448802	1.5555673462668587	11.709
18.425993	0.069385	8.369004	0.067562	-1.707187	0.066767	-12.78736	0.066588	19.5498	0.2348	185.2985256813765	1.7843546658349818	34.02995589180431	0.32079540762618225	168.18738488795762	1.4313354477998166	11.709
18.398925	0.069625	8.324873	0.07237	-1.741863	0.073141	-12.802151	0.072515	19.5606	0.2361	184.98468380956845	1.8440366292237047	34.06191672416641	0.3481488717703403	168.4897560649648	1.568997008230011	11.709
18.410324	0.072365	8.33842	0.073772	-1.743742	0.07522	-12.823446	0.06983	19.5552	0.2343	185.0241175287623	1.8983668094707153	34.00980218460379	0.3553994236156297	168.19449573662442	1.558058967568057	11.709
18.417619	0.070697	8.348914	0.06756	-1.72067	0.072401	-12.789197	0.071154	19.5552	0.2343	185.08291208263898	1.7975285263437129	34.05228109185427	0.3348773924807626	168.36434761107697	1.5441096327452235	11.709
18.409318	0.078046	8.340911	0.075188	-1.734156	0.070746	-12.805778	0.069811	19.5606	0.2349	185.08838165683775	1.992199712885301	34.033751731573865	0.3487407602392927	168.3172674541387	1.5109997275024272	11.709
18.415598	0.071664	8.354973	0.07766	-1.736082	0.07011	-12.809452	0.067742	19.566	0.2354	185.2315517882017	1.9456017623704789	33.97982952890032	0.35230806357379524	168.29069463235984	1.4816429607778834	11.709
18.400511	0.071703	8.352771	0.07248	-1.745694	0.070744	-12.811009	0.068118	19.5552	0.2343	185.46909395947293	1.8819486321125307	33.95489585343959	0.3405482559229938	168.41321760719444	1.4947154011527277	11.709
18.428594	0.079599	8.351149	0.075393	-1.716838	0.07384	-12.780337	0.071577	19.5552	0.2343	184.92238382531968	2.0118370659475566	34.05768646479384	0.35698272054952385	168.440848335425	1.5657033492164325	11.709
18.398925	0.073673	8.348979	0.068847	-1.734159	0.068467	-12.800313	0.066133	19.5606	0.2349	185.42837813949967	1.860469396960685	34.00651154390924	0.32746905462041476	168.40042929904794	1.4485770634515156	11.709
18.404625	0.077222	8.346712	0.081182	-1.741839	0.073447	-12.798102	0.073755	19.566	0.2354	185.2815116561927	2.0640104354356543	33.98826123695413	0.3688238994551451	168.55109570533605	1.5867941913087134	11.709
18.438698	0.077547	8.352996	0.074271	-1.714898	0.073767	-12.805825	0.070715	19.5714	0.2357	184.77099679471155	1.9671474785952123	34.0579992802066	0.35411296209388077	168.02429203578987	1.548110579957322	11.709
18.404407	0.07115	8.348624	0.070542	-1.716793	0.070112	-12.781427	0.068214	19.5606	0.2349	185.32075045761607	1.846478562832499	34.06638025677818	0.3366143423882193	168.423565621239	1.4889980775905878	11.709
18.459635	0.072131	8.373086	0.074219	-1.712971	0.074317	-12.796639	0.071983	19.5606	0.2349	184.7554959208048	1.895740136731019	33.99666522182519	0.3540234862214328	168.13434508740204	1.5694825462818025	11.709
18.412852	0.077449	8.330578	0.080479	-1.741834	0.080138	-12.810868	0.074659	19.5606	0.2349	184.83381482260987	2.047605369087218	34.042723590579406	0.3838554306457208	168.3566163649249	1.665863768130079	11.709
18.384773	0.070002	8.32015	0.069655	-1.755279	0.070299	-12.825002	0.067764	19.5552	0.2343	185.15796936762732	1.8167488922581851	34.03252916745563	0.3342765755613114	168.34615126375303	1.484920046958618	11.709
18.408666	0.082041	8.346648	0.070844	-1.726426	0.071805	-12.80352	0.068383	19.5552	0.2343	185.2059080404384	1.995177989870606	34.040486354632506	0.340877251040616	168.23412291603668	1.505959086955184	11.709
18.404407	0.080271	8.344607	0.080318	-1.728349	0.081413	-12.810821	0.075544	19.566	0.2354	185.24673974959182	2.0910438700091865	34.0408844662339	0.38648488071423137	168.15248037242756	1.685131144315227	11.709
18.378784	0.069733	8.324295	0.069268	-1.736033	0.075814	-12.825189	0.07055	19.5552	0.2343	185.3446010159132	1.8118644571468814	34.08361293138349	0.34791340064059834	168.05112627883454	1.5694263362435033	11.709
18.408521	0.070695	8.340557	0.067559	-1.745679	0.068863	-12.799752	0.069833	19.5768	0.2359	185.0965349924598	1.7977570628861288	33.996061979633005	0.3251528509467923	168.58448867439836	1.49573226466345	11.709
18.410759	0.073055	8.336604	0.076395	-1.73413	0.068461	-12.812705	0.068836	19.5606	0.2349	184.9827807079748	1.9409422901449784	34.04839487672411	0.346821960460944	168.21162978208667	1.4740688305953151	11.709
18.415091	0.070923	8.342695	0.068303	-1.728358	0.064752	-12.798102	0.067441	19.566	0.2354	185.01508610025968	1.8086591863643136	34.0473187888894	0.31818529814664837	168.34581833542455	1.4218279494990287	11.709
18.400293	0.075561	8.34263	0.073849	-1.730278	0.071449	-12.805357	0.077694	19.5552	0.2343	185.28610418498403	1.9464343544880238	34.04104565626375	0.34725765999859953	168.2647306613776	1.6036602299252825	11.709
18.409608	0.076554	8.333005	0.072536	-1.730315	0.075876	-12.804128	0.07297	19.5552	0.2343	184.93782789968765	1.9355462792809472	34.07347987111981	0.3554177178770559	168.2839713244965	1.5997477955159654	11.709
18.400656	0.071475	8.334756	0.06897	-1.741848	0.071462	-12.809265	0.070283	19.5552	0.2343	185.13449466462527	1.8268105605487779	34.02855917454692	0.3353887782468402	168.38122330684786	1.5249518859794173	11.709
18.421878	0.070734	8.34292	0.072149	-1.724525	0.069353	-12.796592	0.066663	19.5714	0.2357	184.89462328410414	1.8535187645617959	34.059516864061024	0.3385732799569222	168.31050941264044	1.4623225543572236	11.709
18.394014	0.075935	8.316518	0.07654	-1.759166	0.07271	-12.823727	0.072207	19.566	0.2354	184.92145236015864	1.9784339442262264	34.031667264714514	0.35657485262443867	168.42468739477266	1.5598385990990642	11.709
18.436895	0.078274	8.341072	0.076876	-1.718761	0.07587	-12.796826	0.081217	19.5768	0.2359	184.58575858984466	2.0059096801883802	34.08528933401511	0.36596631067946467	168.21938069210293	1.6876820197613611	11.709
18.421516	0.076642	8.344768	0.075909	-1.712954	0.073686	-12.811055	0.070583	19.566	0.2354	184.93518474563248	1.979723142530553	34.09244313983925	0.35859714797968045	167.91568569750237	1.543832248272565	11.709
18.421588	0.07162	8.338774	0.069458	-1.734144	0.070385	-12.809265	0.070199	19.566	0.2354	184.82391204971205	1.8288242932020422	34.041012655929116	0.33418168974414714	168.2640971607242	1.5103074035938941	11.709
18.37496	0.071615	8.308388	0.072439	-1.755306	0.076521	-12.816239	0.072418	19.566	0.2354	185.12212040483854	1.8732431921494361	34.07221487238974	0.3567474207726883	168.4799278361519	1.60476834372112	11.709
18.383115	0.071257	8.326368	0.075091	-1.743742	0.07369	-12.823446	0.074411	19.5552	0.2343	185.30299063130136	1.9074217711964925	34.050504326626225	0.355748842215843	168.19449573662442	1.5897626269177525	11.709
18.397766	0.080931	8.300258	0.075323	-1.755297	0.075791	-12.83263	0.073848	19.566	0.2354	184.55497495719632	2.020715376534597	34.09979152597943	0.36235648994506653	168.23048953945408	1.6070744748565104	11.709
18.374526	0.067381	8.304179	0.073768	-1.757213	0.071109	-12.834326	0.074517	19.5606	0.2349	185.05272654628695	1.8359365616782806	34.08000739686682	0.34705600348691457	168.233841108755	1.5643382361218445	11.709
18.421588	0.084544	8.354844	0.080626	-1.739922	0.087091	-12.805591	0.074983	19.5606	0.2349	185.11896449847532	2.148325862001174	33.9673365263689	0.399346898422355	168.40782508329198	1.7490126098564978	11.709
18.402604	0.078846	8.334692	0.077458	-1.724508	0.072884	-12.809172	0.075939	19.566	0.2354	185.0974870903642	2.032052707660783	34.0874341129882	0.36041249247222157	168.11924618938733	1.5964054592164663	11.709
18.440792	0.078806	8.348979	0.068917	-1.726454	0.070017	-12.803988	0.068383	19.5606	0.2349	184.65910493560938	1.9155924461424054	34.03251489889449	0.33184616516631626	168.2274524883527	1.486300722051455	11.709
18.415743	0.080248	8.330932	0.072933	-1.738014	0.071102	-12.811383	0.070547	19.5606	0.2349	184.78730848809815	1.9869647958411492	34.05444344623919	0.3444917125305039	168.2907114636129	1.52223885848048	11.709
18.423972	0.074098	8.340911	0.073531	-1.751489	0.069345	-12.837007	0.069893	19.5606	0.2349	184.81940094246306	1.9134427306169806	33.975299072760095	0.3402504001413524	168.10628749943055	1.4930448249346002	11.709
18.413505	0.07732	8.344929	0.077434	-1.736082	0.077888	-12.814964	0.073188	19.566	0.2354	185.08527625107692	2.011554321132191	34.01368582653195	0.37057079163759316	168.20697819038844	1.6227005587370524	11.709
18.396107	0.073893	8.330578	0.072696	-1.741834	0.067631	-12.831075	0.066946	19.5606	0.2349	185.14130759569971	1.9066383773931983	34.042723590579406	0.3355823860119589	168.04984478265723	1.442106713886109	11.709
18.401807	0.073931	8.338355	0.073793	-1.745662	0.074693	-12.821515	0.071355	19.5768	0.2359	185.17953331576138	1.9221335668073818	34.003543758768686	0.3540544860564343	168.25296879027823	1.5692041197257955	11.709
18.408014	0.071446	8.326272	0.068524	-1.766842	0.06774	-12.834326	0.066228	19.566	0.2354	184.84357727645113	1.8150235002708448	33.9728986502034	0.32432571625661377	168.38019893909453	1.4413083850750712	11.709
18.389031	0.069079	8.31014	0.072144	-1.757208	0.071105	-12.826885	0.071208	19.566	0.2354	184.89584870154613	1.8323512548468432	34.059848218831476	0.3427014883520099	168.34683553080703	1.5303812007707263	11.709
18.399207	0.071473	8.320054	0.069284	-1.761047	0.067633	-12.830371	0.068901	19.5552	0.2343	184.89105554646915	1.8259929849695875	34.01338189713797	0.3266752225055139	168.352208588358	1.4683938214317078	11.709
18.408231	0.076523	8.326368	0.073484	-1.759148	0.072717	-12.830793	0.071699	19.5714	0.2357	184.8413568026579	1.9451138388972506	33.99849020266244	0.34849931153789115	168.31692115099403	1.5524805876816126	11.709
18.399786	0.069422	8.336379	0.070541	-1.745665	0.074085	-12.825236	0.068577	19.566	0.2354	185.18034516172233	1.8212107487490325	34.01019992666152	0.34508113468098894	168.19651306366947	1.5325348140586466	11.709
18.385135	0.075282	8.32031	0.073583	-1.761071	0.076158	-12.82891	0.071445	19.5606	0.2349	185.15426254244073	1.93656180915194	34.01243504993662	0.35727746282698813	168.37480807185804	1.5885969108260074	11.709
18.425775	0.07442	8.318687	0.073292	-1.732218	0.071884	-12.820287	0.070775	19.5552	0.2343	184.38003570664944	1.9054631466429872	34.11556646995538	0.34845579555736067	168.06760624630186	1.5290615613005027	11.709
18.385425	0.080852	8.320439	0.076601	-1.755306	0.077878	-12.838281	0.076296	19.5606	0.2349	185.15129708235008	2.0488433005644584	34.03146340328788	0.36895610476860496	168.14484639489237	1.6540408977011216	11.709
18.398055	0.072364	8.312437	0.07419	-1.764937	0.072473	-12.840165	0.067182	19.5552	0.2343	184.77252673965648	1.8986665104012885	34.025959898916426	0.35018552629895555	168.26247647715812	1.5013725721812772	11.709
18.421588	0.075352	8.336765	0.069354	-1.739922	0.070107	-12.822124	0.067414	19.5714	0.2357	184.78709798716864	1.876490411279218	34.028279625617856	0.33301748092379774	168.15658185687093	1.4757930834516164	11.709
