18.850305604691417	0.10898182716097778	7.223567503523417	0.10855500920551804	2.9847049827340544	0.10841991385881156	-9.61045733644189	0.1079983051147246	1.9175	0.1829	182.4868126283442	2.4143056031003294	76.38262472424066	2.7646482035721	168.4556596874007	2.0467343716135575	13.3312
18.850305604691417	0.10898182716097778	7.223567503523417	0.10855500920551804	2.9847049827340544	0.10841991385881156	-9.61045733644189	0.1079983051147246	1.9175	0.1829	182.4868126283442	2.4143056031003294	76.38262472424066	2.7646482035721	168.4556596874007	2.0467343716135575	13.3312
18.850305604691417	0.10898182716097778	7.223567503523417	0.10855500920551804	2.9847049827340544	0.10841991385881156	-9.61045733644189	0.1079983051147246	1.9175	0.1829	182.4868126283442	2.4143056031003294	76.38262472424066	2.7646482035721	168.4556596874007	2.0467343716135575	13.3312
18.850305604691417	0.10898182716097778	7.223567503523417	0.10855500920551804	2.9847049827340544	0.10841991385881156	-9.61045733644189	0.1079983051147246	1.9175	0.1829	182.4868126283442	2.4143056031003294	76.38262472424066	2.7646482035721	168.4556596874007	2.0467343716135575	13.3312
18.850305604691417	0.10898182716097778	7.223567503523417	0.10855500920551804	2.9847049827340544	0.10841991385881156	-9.61045733644189	0.1079983051147246	1.9175	0.1829	182.4868126283442	2.4143056031003294	76.38262472424066	2.7646482035721	168.4556596874007	2.0467343716135575	13.3312
18.850305604691417	0.10898182716097778	7.223567503523417	0.10855500920551804	2.9847049827340544	0.10841991385881156	-9.61045733644189	0.1079983051147246	1.9175	0.1829	182.4868126283442	2.4143056031003294	76.38262472424066	2.7646482035721	168.4556596874007	2.0467343716135575	13.3312
18.850305604691417	0.10898182716097778	7.223567503523417	0.10855500920551804	2.9847049827340544	0.10841991385881156	-9.61045733644189	0.1079983051147246	1.9175	0.1829	182.4868126283442	2.4143056031003294	76.38262472424066	2.7646482035721	168.4556596874007	2.0467343716135575	13.3312
18.850305604691417	0.10898182716097778	7.223567503523417	0.10855500920551804	2.9847049827340544	0.10841991385881156	-9.61045733644189	0.1079983051147246	1.9175	0.1829	182.4868126283442	2.4143056031003294	76.38262472424066	2.7646482035721	168.4556596874007	2.0467343716135575	13.3312
18.850305604691417	0.10898182716097778	7.223567503523417	0.10855500920551804	2.9847049827340544	0.10841991385881156	-9.61045733644189	0.1079983051147246	1.9175	0.1829	182.48110991544954	2.4142301560502326	76.38023776721802	2.764561808315738	168.45039544803544	2.0466704111644445	13.3307834
18.850305604691417	0.10898182716097778	7.223567503523417	0.10855500920551804	2.9847049827340544	0.10841991385881156	-9.61045733644189	0.1079983051147246	1.9175	0.1829	182.4868126283442	2.4143056031003294	76.38262472424066	2.7646482035721	168.4556596874007	2.0467343716135575	13.3312
18.850305604691417	0.10898182716097778	7.223567503523417	0.10855500920551804	2.9847049827340544	0.10841991385881156	-9.61045733644189	0.1079983051147246	1.9175	0.1829	182.4868126283442	2.4143056031003294	76.38262472424066	2.7646482035721	168.4556596874007	2.0467343716135575	13.3312
18.850305604691417	0.10898182716097778	7.223567503523417	0.10855500920551804	2.9847049827340544	0.10841991385881156	-9.61045733644189	0.1079983051147246	1.9175	0.1829	182.4868126283442	2.4143056031003294	76.38262472424066	2.7646482035721	168.4556596874007	2.0467343716135575	13.3312
18.850305604691417	0.10898182716097778	7.223567503523417	0.10855500920551804	2.9847049827340544	0.10841991385881156	-9.61045733644189	0.1079983051147246	1.9175	0.1829	182.4868126283442	2.4143056031003294	76.38262472424066	2.7646482035721	168.4556596874007	2.0467343716135575	13.3312
18.850305604691417	0.10898182716097778	7.223567503523417	0.10855500920551804	2.9847049827340544	0.10841991385881156	-9.61045733644189	0.1079983051147246	1.9175	0.1829	182.4868126283442	2.4143056031003294	76.38262472424066	2.7646482035721	168.4556596874007	2.0467343716135575	13.3312
18.850305604691417	0.10898182716097778	7.223567503523417	0.10855500920551804	2.9847049827340544	0.10841991385881156	-9.61045733644189	0.1079983051147246	1.9175	0.1829	182.4868126283442	2.4143056031003294	76.38262472424066	2.7646482035721	168.4556596874007	2.0467343716135575	13.3312
18.850305604691417	0.10898182716097778	7.223567503523417	0.10855500920551804	2.9847049827340544	0.10841991385881156	-9.61045733644189	0.1079983051147246	1.9175	0.1829	182.4868126283442	2.4143056031003294	76.38262472424066	2.7646482035721	168.4556596874007	2.0467343716135575	13.3312
18.850305604691417	0.10898182716097778	7.223567503523417	0.10855500920551804	2.9847049827340544	0.10841991385881156	-9.61045733644189	0.1079983051147246	1.9175	0.1829	182.4925153412388	2.4143810501504266	76.3850116812633	2.7647345988284613	168.46092392676593	2.04679833206267	13.3316166
18.850305604691417	0.10898182716097778	7.223567503523417	0.10855500920551804	2.9847049827340544	0.10841991385881156	-9.61045733644189	0.1079983051147246	1.9175	0.1829	182.4868126283442	2.4143056031003294	76.38262472424066	2.7646482035721	168.4556596874007	2.0467343716135575	13.3312
18.850305604691417	0.10898182716097778	7.223567503523417	0.10855500920551804	2.9847049827340544	0.10841991385881156	-9.61045733644189	0.1079983051147246	1.9175	0.1829	182.4868126283442	2.4143056031003294	76.38262472424066	2.7646482035721	168.4556596874007	2.0467343716135575	13.3312
18.850305604691417	0.10898182716097778	7.223567503523417	0.10855500920551804	2.9847049827340544	0.10841991385881156	-9.61045733644189	0.1079983051147246	1.9175	0.1829	182.4868126283442	2.4143056031003294	76.38262472424066	2.7646482035721	168.4556596874007	2.0467343716135575	13.3312
18.850305604691417	0.10898182716097778	7.223567503523417	0.10855500920551804	2.9847049827340544	0.10841991385881156	-9.61045733644189	0.1079983051147246	1.9175	0.1829	182.4868126283442	2.4143056031003294	76.38262472424066	2.7646482035721	168.4556596874007	2.0467343716135575	13.3312
18.850305604691417	0.10898182716097778	7.223567503523417	0.10855500920551804	2.9847049827340544	0.10841991385881156	-9.61045733644189	0.1079983051147246	1.9175	0.1829	182.4868126283442	2.4143056031003294	76.38262472424066	2.7646482035721	168.4556596874007	2.0467343716135575	13.3312
18.850305604691417	0.10898182716097778	7.223567503523417	0.10855500920551804	2.9847049827340544	0.10841991385881156	-9.61045733644189	0.1079983051147246	1.9175	0.1829	182.4868126283442	2.4143056031003294	76.38262472424066	2.7646482035721	168.4556596874007	2.0467343716135575	13.3312
18.850305604691417	0.10898182716097778	7.223567503523417	0.10855500920551804	2.9847049827340544	0.10841991385881156	-9.61045733644189	0.1079983051147246	1.9175	0.1829	182.4868126283442	2.4143056031003294	76.38262472424066	2.7646482035721	168.4556596874007	2.0467343716135575	13.3312
18.850305604691417	0.10898182716097778	7.223567503523417	0.10855500920551804	2.9847049827340544	0.10841991385881156	-9.61045733644189	0.1079983051147246	1.9175	0.1829	182.48110991544954	2.4142301560502326	76.38023776721802	2.764561808315738	168.45039544803544	2.0466704111644445	13.3307834
18.850305604691417	0.10898182716097778	7.223567503523417	0.10855500920551804	2.9847049827340544	0.10841991385881156	-9.61045733644189	0.1079983051147246	1.9175	0.1829	182.4868126283442	2.4143056031003294	76.38262472424066	2.7646482035721	168.4556596874007	2.0467343716135575	13.3312
18.850305604691417	0.10898182716097778	7.223567503523417	0.10855500920551804	2.9847049827340544	0.10841991385881156	-9.61045733644189	0.1079983051147246	1.9175	0.1829	182.4868126283442	2.4143056031003294	76.38262472424066	2.7646482035721	168.4556596874007	2.0467343716135575	13.3312
18.850305604691417	0.10898182716097778	7.223567503523417	0.10855500920551804	2.9847049827340544	0.10841991385881156	-9.61045733644189	0.1079983051147246	1.9175	0.1829	182.4868126283442	2.4143056031003294	76.38262472424066	2.7646482035721	168.4556596874007	2.0467343716135575	13.3312
18.850305604691417	0.10898182716097778	7.223567503523417	0.10855500920551804	2.9847049827340544	0.10841991385881156	-9.61045733644189	0.1079983051147246	1.9175	0.1829	182.4868126283442	2.4143056031003294	76.38262472424066	2.7646482035721	168.4556596874007	2.0467343716135575	13.3312
18.850305604691417	0.10898182716097778	7.223567503523417	0.10855500920551804	2.9847049827340544	0.10841991385881156	-9.61045733644189	0.1079983051147246	1.9175	0.1829	182.4868126283442	2.4143056031003294	76.38262472424066	2.7646482035721	168.4556596874007	2.0467343716135575	13.3312
18.850305604691417	0.10898182716097778	7.223567503523417	0.10855500920551804	2.9847049827340544	0.10841991385881156	-9.61045733644189	0.1079983051147246	1.9175	0.1829	182.4868126283442	2.4143056031003294	76.38262472424066	2.7646482035721	168.4556596874007	2.0467343716135575	13.3312
18.850305604691417	0.10898182716097778	7.223567503523417	0.10855500920551804	2.9847049827340544	0.10841991385881156	-9.61045733644189	0.1079983051147246	1.9175	0.1829	182.4868126283442	2.4143056031003294	76.38262472424066	2.7646482035721	168.4556596874007	2.0467343716135575	13.3312
18.850305604691417	0.10898182716097778	7.223567503523417	0.10855500920551804	2.9847049827340544	0.10841991385881156	-9.61045733644189	0.1079983051147246	1.9175	0.1829	182.4868126283442	2.4143056031003294	76.38262472424066	2.7646482035721	168.4556596874007	2.0467343716135575	13.3312
18.850305604691417	0.10898182716097778	7.223567503523417	0.10855500920551804	2.9847049827340544	0.10841991385881156	-9.61045733644189	0.1079983051147246	1.9175	0.1829	182.4868126283442	2.4143056031003294	76.38262472424066	2.7646482035721	168.4556596874007	2.0467343716135575	13.3312
18.850305604691417	0.10898182716097778	7.223567503523417	0.10855500920551804	2.9847049827340544	0.10841991385881156	-9.61045733644189	0.1079983051147246	1.9175	0.1829	182.4868126283442	2.4143056031003294	76.38262472424066	2.7646482035721	168.4556596874007	2.0467343716135575	13.3312
18.850305604691417	0.10898182716097778	7.223567503523417	0.10855500920551804	2.9847049827340544	0.10841991385881156	-9.61045733644189	0.1079983051147246	1.9175	0.1829	182.4868126283442	2.4143056031003294	76.38262472424066	2.7646482035721	168.4556596874007	2.0467343716135575	13.3312
18.850305604691417	0.10898182716097778	7.223567503523417	0.10855500920551804	2.9847049827340544	0.10841991385881156	-9.61045733644189	0.1079983051147246	1.9175	0.1829	182.4868126283442	2.4143056031003294	76.38262472424066	2.7646482035721	168.4556596874007	2.0467343716135575	13.3312
18.850305604691417	0.10898182716097778	7.223567503523417	0.10855500920551804	2.9847049827340544	0.10841991385881156	-9.61045733644189	0.1079983051147246	1.9175	0.1829	182.4868126283442	2.4143056031003294	76.38262472424066	2.7646482035721	168.4556596874007	2.0467343716135575	13.3312
18.850305604691417	0.10898182716097778	7.223567503523417	0.10855500920551804	2.9847049827340544	0.10841991385881156	-9.61045733644189	0.1079983051147246	1.9175	0.1829	182.4868126283442	2.4143056031003294	76.38262472424066	2.7646482035721	168.4556596874007	2.0467343716135575	13.3312
18.850305604691417	0.10898182716097778	7.223567503523417	0.10855500920551804	2.9847049827340544	0.10841991385881156	-9.61045733644189	0.1079983051147246	1.9175	0.1829	182.4868126283442	2.4143056031003294	76.38262472424066	2.7646482035721	168.4556596874007	2.0467343716135575	13.3312
18.850305604691417	0.10898182716097778	7.223567503523417	0.10855500920551804	2.9847049827340544	0.10841991385881156	-9.61045733644189	0.1079983051147246	1.9175	0.1829	182.4925153412388	2.4143810501504266	76.3850116812633	2.7647345988284613	168.46092392676593	2.04679833206267	13.3316166
18.850305604691417	0.10898182716097778	7.223567503523417	0.10855500920551804	2.9847049827340544	0.10841991385881156	-9.61045733644189	0.1079983051147246	1.9175	0.1829	182.4868126283442	2.4143056031003294	76.38262472424066	2.7646482035721	168.4556596874007	2.0467343716135575	13.3312
18.850305604691417	0.10898182716097778	7.223567503523417	0.10855500920551804	2.9847049827340544	0.10841991385881156	-9.61045733644189	0.1079983051147246	1.9175	0.1829	182.4868126283442	2.4143056031003294	76.38262472424066	2.7646482035721	168.4556596874007	2.0467343716135575	13.3312
18.850305604691417	0.10898182716097778	7.223567503523417	0.10855500920551804	2.9847049827340544	0.10841991385881156	-9.61045733644189	0.1079983051147246	1.9175	0.1829	182.4868126283442	2.4143056031003294	76.38262472424066	2.7646482035721	168.4556596874007	2.0467343716135575	13.3312
18.850305604691417	0.10898182716097778	7.223567503523417	0.10855500920551804	2.9847049827340544	0.10841991385881156	-9.61045733644189	0.1079983051147246	1.9175	0.1829	182.4868126283442	2.4143056031003294	76.38262472424066	2.7646482035721	168.4556596874007	2.0467343716135575	13.3312
18.850305604691417	0.10898182716097778	7.223567503523417	0.10855500920551804	2.9847049827340544	0.10841991385881156	-9.61045733644189	0.1079983051147246	1.9175	0.1829	182.4868126283442	2.4143056031003294	76.38262472424066	2.7646482035721	168.4556596874007	2.0467343716135575	13.3312
18.850305604691417	0.10898182716097778	7.223567503523417	0.10855500920551804	2.9847049827340544	0.10841991385881156	-9.61045733644189	0.1079983051147246	1.9175	0.1829	182.48110991544954	2.4142301560502326	76.38023776721802	2.764561808315738	168.45039544803544	2.0466704111644445	13.3307834
18.850305604691417	0.10898182716097778	7.223567503523417	0.10855500920551804	2.9847049827340544	0.10841991385881156	-9.61045733644189	0.1079983051147246	1.9175	0.1829	182.4868126283442	2.4143056031003294	76.38262472424066	2.7646482035721	168.4556596874007	2.0467343716135575	13.3312
18.850305604691417	0.10898182716097778	7.223567503523417	0.10855500920551804	2.9847049827340544	0.10841991385881156	-9.61045733644189	0.1079983051147246	1.9175	0.1829	182.4868126283442	2.4143056031003294	76.38262472424066	2.7646482035721	168.4556596874007	2.0467343716135575	13.3312
18.850305604691417	0.10898182716097778	7.223567503523417	0.10855500920551804	2.9847049827340544	0.10841991385881156	-9.61045733644189	0.1079983051147246	1.9175	0.1829	182.4868126283442	2.4143056031003294	76.38262472424066	2.7646482035721	168.4556596874007	2.0467343716135575	13.3312
18.850305604691417	0.10898182716097778	7.223567503523417	0.10855500920551804	2.9847049827340544	0.10841991385881156	-9.61045733644189	0.1079983051147246	1.9175	0.1829	182.4868126283442	2.4143056031003294	76.38262472424066	2.7646482035721	168.4556596874007	2.0467343716135575	13.3312
18.850305604691417	0.10898182716097778	7.223567503523417	0.10855500920551804	2.9847049827340544	0.10841991385881156	-9.61045733644189	0.1079983051147246	1.9175	0.1829	182.4868126283442	2.4143056031003294	76.38262472424066	2.7646482035721	168.4556596874007	2.0467343716135575	13.3312
18.850305604691417	0.10898182716097778	7.223567503523417	0.10855500920551804	2.9847049827340544	0.10841991385881156	-9.61045733644189	0.1079983051147246	1.9175	0.1829	182.4868126283442	2.4143056031003294	76.38262472424066	2.7646482035721	168.4556596874007	2.0467343716135575	13.3312
18.850305604691417	0.10898182716097778	7.223567503523417	0.10855500920551804	2.9847049827340544	0.10841991385881156	-9.61045733644189	0.1079983051147246	1.9175	0.1829	182.4868126283442	2.4143056031003294	76.38262472424066	2.7646482035721	168.4556596874007	2.0467343716135575	13.3312
18.850305604691417	0.10898182716097778	7.223567503523417	0.10855500920551804	2.9847049827340544	0.10841991385881156	-9.61045733644189	0.1079983051147246	1.9175	0.1829	182.4868126283442	2.4143056031003294	76.38262472424066	2.7646482035721	168.4556596874007	2.0467343716135575	13.3312
18.850305604691417	0.10898182716097778	7.223567503523417	0.10855500920551804	2.9847049827340544	0.10841991385881156	-9.61045733644189	0.1079983051147246	1.9175	0.1829	182.4868126283442	2.4143056031003294	76.38262472424066	2.7646482035721	168.4556596874007	2.0467343716135575	13.3312
18.850305604691417	0.10898182716097778	7.223567503523417	0.10855500920551804	2.9847049827340544	0.10841991385881156	-9.61045733644189	0.1079983051147246	1.9175	0.1829	182.4868126283442	2.4143056031003294	76.38262472424066	2.7646482035721	168.4556596874007	2.0467343716135575	13.3312
18.850305604691417	0.10898182716097778	7.223567503523417	0.10855500920551804	2.9847049827340544	0.10841991385881156	-9.61045733644189	0.1079983051147246	1.9175	0.1829	182.4868126283442	2.4143056031003294	76.38262472424066	2.7646482035721	168.4556596874007	2.0467343716135575	13.3312
18.850305604691417	0.10898182716097778	7.223567503523417	0.10855500920551804	2.9847049827340544	0.10841991385881156	-9.61045733644189	0.1079983051147246	1.9175	0.1829	182.4868126283442	2.4143056031003294	76.38262472424066	2.7646482035721	168.4556596874007	2.0467343716135575	13.3312
18.850305604691417	0.10898182716097778	7.223567503523417	0.10855500920551804	2.9847049827340544	0.10841991385881156	-9.61045733644189	0.1079983051147246	1.9175	0.1829	182.4868126283442	2.4143056031003294	76.38262472424066	2.7646482035721	168.4556596874007	2.0467343716135575	13.3312
18.850305604691417	0.10898182716097778	7.223567503523417	0.10855500920551804	2.9847049827340544	0.10841991385881156	-9.61045733644189	0.1079983051147246	1.9175	0.1829	182.4868126283442	2.4143056031003294	76.38262472424066	2.7646482035721	168.4556596874007	2.0467343716135575	13.3312
18.850305604691417	0.10898182716097778	7.223567503523417	0.10855500920551804	2.9847049827340544	0.10841991385881156	-9.61045733644189	0.1079983051147246	1.9175	0.1829	182.4868126283442	2.4143056031003294	76.38262472424066	2.7646482035721	168.4556596874007	2.0467343716135575	13.3312
18.850305604691417	0.10898182716097778	7.223567503523417	0.10855500920551804	2.9847049827340544	0.10841991385881156	-9.61045733644189	0.1079983051147246	1.9175	0.1829	182.4868126283442	2.4143056031003294	76.38262472424066	2.7646482035721	168.4556596874007	2.0467343716135575	13.3312
18.850305604691417	0.10898182716097778	7.223567503523417	0.10855500920551804	2.9847049827340544	0.10841991385881156	-9.61045733644189	0.1079983051147246	1.9175	0.1829	182.4868126283442	2.4143056031003294	76.38262472424066	2.7646482035721	168.4556596874007	2.0467343716135575	13.3312
18.850305604691417	0.10898182716097778	7.223567503523417	0.10855500920551804	2.9847049827340544	0.10841991385881156	-9.61045733644189	0.1079983051147246	1.9175	0.1829	182.4868126283442	2.4143056031003294	76.38262472424066	2.7646482035721	168.4556596874007	2.0467343716135575	13.3312
18.850305604691417	0.10898182716097778	7.223567503523417	0.10855500920551804	2.9847049827340544	0.10841991385881156	-9.61045733644189	0.1079983051147246	1.9175	0.1829	182.4868126283442	2.4143056031003294	76.38262472424066	2.7646482035721	168.4556596874007	2.0467343716135575	13.3312
18.850305604691417	0.10898182716097778	7.223567503523417	0.10855500920551804	2.9847049827340544	0.10841991385881156	-9.61045733644189	0.1079983051147246	1.9175	0.1829	182.4868126283442	2.4143056031003294	76.38262472424066	2.7646482035721	168.4556596874007	2.0467343716135575	13.3312
18.850305604691417	0.10898182716097778	7.223567503523417	0.10855500920551804	2.9847049827340544	0.10841991385881156	-9.61045733644189	0.1079983051147246	1.9175	0.1829	182.4868126283442	2.4143056031003294	76.38262472424066	2.7646482035721	168.4556596874007	2.0467343716135575	13.3312
18.850305604691417	0.10898182716097778	7.223567503523417	0.10855500920551804	2.9847049827340544	0.10841991385881156	-9.61045733644189	0.1079983051147246	1.9175	0.1829	182.4868126283442	2.4143056031003294	76.38262472424066	2.7646482035721	168.4556596874007	2.0467343716135575	13.3312
18.850305604691417	0.10898182716097778	7.223567503523417	0.10855500920551804	2.9847049827340544	0.10841991385881156	-9.61045733644189	0.1079983051147246	1.9175	0.1829	182.4868126283442	2.4143056031003294	76.38262472424066	2.7646482035721	168.4556596874007	2.0467343716135575	13.3312
18.850305604691417	0.10898182716097778	7.223567503523417	0.10855500920551804	2.9847049827340544	0.10841991385881156	-9.61045733644189	0.1079983051147246	1.9175	0.1829	182.4868126283442	2.4143056031003294	76.38262472424066	2.7646482035721	168.4556596874007	2.0467343716135575	13.3312
18.850305604691417	0.10898182716097778	7.223567503523417	0.10855500920551804	2.9847049827340544	0.10841991385881156	-9.61045733644189	0.1079983051147246	1.9175	0.1829	182.4868126283442	2.4143056031003294	76.38262472424066	2.7646482035721	168.4556596874007	2.0467343716135575	13.3312
18.850305604691417	0.10898182716097778	7.223567503523417	0.10855500920551804	2.9847049827340544	0.10841991385881156	-9.61045733644189	0.1079983051147246	1.9175	0.1829	182.4868126283442	2.4143056031003294	76.38262472424066	2.7646482035721	168.4556596874007	2.0467343716135575	13.3312
18.850305604691417	0.10898182716097778	7.223567503523417	0.10855500920551804	2.9847049827340544	0.10841991385881156	-9.61045733644189	0.1079983051147246	1.9175	0.1829	182.4868126283442	2.4143056031003294	76.38262472424066	2.7646482035721	168.4556596874007	2.0467343716135575	13.3312
18.850305604691417	0.10898182716097778	7.223567503523417	0.10855500920551804	2.9847049827340544	0.10841991385881156	-9.61045733644189	0.1079983051147246	1.9175	0.1829	182.4868126283442	2.4143056031003294	76.38262472424066	2.7646482035721	168.4556596874007	2.0467343716135575	13.3312
18.850305604691417	0.10898182716097778	7.223567503523417	0.10855500920551804	2.9847049827340544	0.10841991385881156	-9.61045733644189	0.1079983051147246	1.9175	0.1829	182.4868126283442	2.4143056031003294	76.38262472424066	2.7646482035721	168.4556596874007	2.0467343716135575	13.3312
18.850305604691417	0.10898182716097778	7.223567503523417	0.10855500920551804	2.9847049827340544	0.10841991385881156	-9.61045733644189	0.1079983051147246	1.9175	0.1829	182.4868126283442	2.4143056031003294	76.38262472424066	2.7646482035721	168.4556596874007	2.0467343716135575	13.3312
18.850305604691417	0.10898182716097778	7.223567503523417	0.10855500920551804	2.9847049827340544	0.10841991385881156	-9.61045733644189	0.1079983051147246	1.9175	0.1829	182.4868126283442	2.4143056031003294	76.38262472424066	2.7646482035721	168.4556596874007	2.0467343716135575	13.3312
18.850305604691417	0.10898182716097778	7.223567503523417	0.10855500920551804	2.9847049827340544	0.10841991385881156	-9.61045733644189	0.1079983051147246	1.9175	0.1829	182.4868126283442	2.4143056031003294	76.38262472424066	2.7646482035721	168.4556596874007	2.0467343716135575	13.3312
18.850305604691417	0.10898182716097778	7.223567503523417	0.10855500920551804	2.9847049827340544	0.10841991385881156	-9.61045733644189	0.1079983051147246	1.9175	0.1829	182.4868126283442	2.4143056031003294	76.38262472424066	2.7646482035721	168.4556596874007	2.0467343716135575	13.3312
18.850305604691417	0.10898182716097778	7.223567503523417	0.10855500920551804	2.9847049827340544	0.10841991385881156	-9.61045733644189	0.1079983051147246	1.9175	0.1829	182.4925153412388	2.4143810501504266	76.3850116812633	2.7647345988284613	168.46092392676593	2.04679833206267	13.3316166
18.850305604691417	0.10898182716097778	7.223567503523417	0.10855500920551804	2.9847049827340544	0.10841991385881156	-9.61045733644189	0.1079983051147246	1.9175	0.1829	182.4868126283442	2.4143056031003294	76.38262472424066	2.7646482035721	168.4556596874007	2.0467343716135575	13.3312
18.850305604691417	0.10898182716097778	7.223567503523417	0.10855500920551804	2.9847049827340544	0.10841991385881156	-9.61045733644189	0.1079983051147246	1.9175	0.1829	182.4868126283442	2.4143056031003294	76.38262472424066	2.7646482035721	168.4556596874007	2.0467343716135575	13.3312
18.850305604691417	0.10898182716097778	7.223567503523417	0.10855500920551804	2.9847049827340544	0.10841991385881156	-9.61045733644189	0.1079983051147246	1.9175	0.1829	182.48110991544954	2.4142301560502326	76.38023776721802	2.764561808315738	168.45039544803544	2.0466704111644445	13.3307834
18.850305604691417	0.10898182716097778	7.223567503523417	0.10855500920551804	2.9847049827340544	0.10841991385881156	-9.61045733644189	0.1079983051147246	1.9175	0.1829	182.4868126283442	2.4143056031003294	76.38262472424066	2.7646482035721	168.4556596874007	2.0467343716135575	13.3312
18.850305604691417	0.10898182716097778	7.223567503523417	0.10855500920551804	2.9847049827340544	0.10841991385881156	-9.61045733644189	0.1079983051147246	1.9175	0.1829	182.4868126283442	2.4143056031003294	76.38262472424066	2.7646482035721	168.4556596874007	2.0467343716135575	13.3312
18.850305604691417	0.10898182716097778	7.223567503523417	0.10855500920551804	2.9847049827340544	0.10841991385881156	-9.61045733644189	0.1079983051147246	1.9175	0.1829	182.4868126283442	2.4143056031003294	76.38262472424066	2.7646482035721	168.4556596874007	2.0467343716135575	13.3312
18.850305604691417	0.10898182716097778	7.223567503523417	0.10855500920551804	2.9847049827340544	0.10841991385881156	-9.61045733644189	0.1079983051147246	1.9175	0.1829	182.4868126283442	2.4143056031003294	76.38262472424066	2.7646482035721	168.4556596874007	2.0467343716135575	13.3312
18.850305604691417	0.10898182716097778	7.223567503523417	0.10855500920551804	2.9847049827340544	0.10841991385881156	-9.61045733644189	0.1079983051147246	1.9175	0.1829	182.4868126283442	2.4143056031003294	76.38262472424066	2.7646482035721	168.4556596874007	2.0467343716135575	13.3312
18.850305604691417	0.10898182716097778	7.223567503523417	0.10855500920551804	2.9847049827340544	0.10841991385881156	-9.61045733644189	0.1079983051147246	1.9175	0.1829	182.4868126283442	2.4143056031003294	76.38262472424066	2.7646482035721	168.4556596874007	2.0467343716135575	13.3312
18.850305604691417	0.10898182716097778	7.223567503523417	0.10855500920551804	2.9847049827340544	0.10841991385881156	-9.61045733644189	0.1079983051147246	1.9175	0.1829	182.4925153412388	2.4143810501504266	76.3850116812633	2.7647345988284613	168.46092392676593	2.04679833206267	13.3316166
18.850305604691417	0.10898182716097778	7.223567503523417	0.10855500920551804	2.9847049827340544	0.10841991385881156	-9.61045733644189	0.1079983051147246	1.9175	0.1829	182.4868126283442	2.4143056031003294	76.38262472424066	2.7646482035721	168.4556596874007	2.0467343716135575	13.3312
18.850305604691417	0.10898182716097778	7.223567503523417	0.10855500920551804	2.9847049827340544	0.10841991385881156	-9.61045733644189	0.1079983051147246	1.9175	0.1829	182.4868126283442	2.4143056031003294	76.38262472424066	2.7646482035721	168.4556596874007	2.0467343716135575	13.3312
18.850305604691417	0.10898182716097778	7.223567503523417	0.10855500920551804	2.921404495499751	0.22686378443270008	-9.640462859941607	0.19036533415168821	1.9175	0.1829	182.48110991544954	2.4142301560502326	75.2564062767051	4.399380960089164	168.8968696583438	3.9818270171179493	13.3307834
18.850305604691417	0.10898182716097778	7.223567503523417	0.10855500920551804	2.9847049827340544	0.10841991385881156	-9.61045733644189	0.1079983051147246	1.9175	0.1829	182.4868126283442	2.4143056031003294	76.38262472424066	2.7646482035721	168.4556596874007	2.0467343716135575	13.3312
18.850305604691417	0.10898182716097778	7.223567503523417	0.10855500920551804	2.9847049827340544	0.10841991385881156	-9.61045733644189	0.1079983051147246	1.9175	0.1829	182.4925153412388	2.4143810501504266	76.3850116812633	2.7647345988284613	168.46092392676593	2.04679833206267	13.3316166
18.850305604691417	0.10898182716097778	7.223567503523417	0.10855500920551804	2.9847049827340544	0.10841991385881156	-9.61045733644189	0.1079983051147246	1.9175	0.1829	182.4868126283442	2.4143056031003294	76.38262472424066	2.7646482035721	168.4556596874007	2.0467343716135575	13.3312
18.850305604691417	0.10898182716097778	7.223567503523417	0.10855500920551804	2.9847049827340544	0.10841991385881156	-9.61045733644189	0.1079983051147246	1.9175	0.1829	182.4868126283442	2.4143056031003294	76.38262472424066	2.7646482035721	168.4556596874007	2.0467343716135575	13.3312
18.850305604691417	0.10898182716097778	7.223567503523417	0.10855500920551804	2.9847049827340544	0.10841991385881156	-9.61045733644189	0.1079983051147246	1.9175	0.1829	182.4868126283442	2.4143056031003294	76.38262472424066	2.7646482035721	168.4556596874007	2.0467343716135575	13.3312
18.850305604691417	0.10898182716097778	7.223567503523417	0.10855500920551804	2.9847049827340544	0.10841991385881156	-9.61045733644189	0.1079983051147246	1.9175	0.1829	182.4925153412388	2.4143810501504266	76.3850116812633	2.7647345988284613	168.46092392676593	2.04679833206267	13.3316166
