18.868331957754382	0.06836846736539245	8.979650953444697	0.07242405763193427	-1.9111915078830881	0.07615261961888588	-12.558279894458437	0.06137210881537648	18.6491	0.2312	187.92123183375912	1.8927017646669604	31.395728519045317	0.30295731458242897	174.5353328600189	1.6032903411985735	11.676
18.840998889409388	0.0737164740113126	8.957464417786008	0.07083799306526456	-1.9362036882619056	0.07636207074971034	-12.574783476205916	0.07153794873705999	18.6383	0.2301	188.0190857710181	1.9448775368315332	31.387584965041217	0.30011130918389145	174.67492396370886	1.7180311780764503	11.676
18.845340886734803	0.07488092679059988	8.96156110278638	0.07201348877624464	-1.9246655014427438	0.07367429236708589	-12.560164688492126	0.07388044009883322	18.6545	0.2315	188.01441919607495	1.9762464923986014	31.40904058773733	0.29724437785411834	174.72551902441717	1.714103451951096	11.676
18.840553366287864	0.07801536933937826	8.969339132117616	0.08224121264465656	-1.9400300574396407	0.07548732746274626	-12.585539863982547	0.07407553729911562	18.6437	0.2307	188.25375191516895	2.1618466234683407	31.34241103388812	0.32071984154558014	174.561214005818	1.734240859519125	11.676
18.840404863263174	0.08002928344508116	8.973297379513173	0.07943047749003901	-1.9246294654282636	0.07365579986165938	-12.567060914948776	0.07423344969927005	18.6383	0.2301	188.33210427689846	2.152155626420982	31.37531918910361	0.3118704983101524	174.6117063901496	1.7157634628077891	11.676
18.887577436638328	0.08229551466420229	8.985866287175787	0.07713941834677782	-1.9169824996139684	0.07799496539244773	-12.564026099523359	0.07637536806685133	18.6383	0.2301	187.67393710953053	2.1379088517004314	31.36115523071613	0.3155380479502574	174.53606704088116	1.789488444969478	11.676
18.842427251841087	0.0754735465672589	8.98333180663981	0.07181777980535503	-1.9303984333872086	0.07310669960728829	-12.579885981053131	0.06948876221289758	18.6383	0.2301	188.4851532140769	1.9917552905409373	31.329886825083552	0.2941911051065463	174.4960128103307	1.6526741930250908	11.676
18.863692005762253	0.06936718470811239	8.999582259607688	0.07581258478151928	-1.9227160251048092	0.07037053549833201	-12.583747201354777	0.07190695593154578	18.6383	0.2301	188.38933906482634	1.9625336344802826	31.305309958263866	0.2964742234608531	174.30707075322778	1.6449864064547712	11.676
18.88076512488082	0.07572319868015176	8.987637274198043	0.07553955858826508	-1.9304274361263318	0.0743701000200895	-12.558188111387155	0.0681225817323225	18.6383	0.2301	187.83676341681155	2.030786696039101	31.31744886401025	0.3040664787590126	174.85274389615142	1.6593013938477388	11.676
18.863692005762253	0.06936718470811239	8.99152629551755	0.07581165781870733	-1.915018865179501	0.06326831224408175	-12.569037464798013	0.0706355553469878	18.6437	0.2307	188.2356080806618	1.959318936498463	31.350526516105816	0.28383525121065895	174.4218013292665	1.5524648249353554	11.676
18.87642228599626	0.07341986249275181	8.98756784351702	0.07242455621429617	-1.9150259996711516	0.06675406199031184	-12.561774052983726	0.06584857380783823	18.6383	0.2301	187.9179359298039	1.9597793539360626	31.36188857233917	0.28332836321678656	174.54091204523152	1.5371899918678853	11.676
18.87829605686969	0.07661631718534417	8.965311634585891	0.07413444182231083	-1.9323334901638793	0.0739849334115876	-12.567152759339455	0.06767195096089572	18.6383	0.2301	187.4605100118626	2.016084490998852	31.376130287357817	0.3015531110812302	174.7366897834482	1.6474320826552709	11.676
18.874250919862703	0.07488367679827088	8.973436014751144	0.07478716282658157	-1.9207953476373296	0.07100010947639326	-12.563566982573514	0.06730437347884115	18.6383	0.2301	187.69092578244008	2.006294222011943	31.38596215608312	0.29709130587437643	174.60612510381208	1.605021999552004	11.676
18.862412913002213	0.07799670986705477	8.977810443159873	0.08095129314721936	-1.9285285311695346	0.07026950155229307	-12.560348286485116	0.07294186249170191	18.6437	0.2307	187.99877093798898	2.1380157368479957	31.351119203642973	0.3081423272565257	174.78598756453533	1.6650876111704804	11.676
18.83951389427387	0.07371477775276129	8.972881499500208	0.0708381427217637	-1.9361307482870183	0.06990666592323608	-12.570187229826749	0.07057256923626104	18.6491	0.2312	188.3411726705562	1.9515252383610606	31.343436554385974	0.28594866961481585	174.74922375735807	1.6323688850106073	11.676
18.88031862719688	0.08036249304570453	8.987428985373182	0.07436295212859947	-1.9304056839072583	0.07669668055356325	-12.55791277030485	0.07594446492938267	18.6383	0.2301	187.84128629968268	2.0789348269753067	31.318108729161924	0.3064391589298872	174.85691615481915	1.7758787215052512	11.676
18.9124463236371	0.07923247459110258	9.005867915975863	0.08323016235184481	-1.9054217798683442	0.07663940449291515	-12.53074050470567	0.07294498806251885	18.6383	0.2301	187.5817299446055	2.175889305268428	31.336894426858464	0.32493718379194453	174.89292920664087	1.7415421330600618	11.676
18.884661498228407	0.08147730552012761	8.995554244083868	0.0728088546736391	-1.9458060019732668	0.07036830434820268	-12.550648980359654	0.07221725482104353	18.6383	0.2301	187.9131318716517	2.0763300951100607	31.250770066067066	0.28920861981978674	175.2306110829115	1.6661066152237662	11.676
18.88930232088723	0.08275539935942623	9.003819014480067	0.07698187392089754	-1.9188889674450944	0.0796085455314274	-12.547246215584556	0.07712199471225165	18.6383	0.2301	187.98201948674972	2.1492808270105277	31.30413573496204	0.317382279677082	174.84292935921704	1.823371711543969	11.676
18.863989398656596	0.07334122209544662	8.987637274198043	0.07713319259311241	-1.9073356075803327	0.07467172379771744	-12.554510303254078	0.0720815868136206	18.6437	0.2307	188.1558182741329	2.027713563602234	31.383826005790507	0.30924853923009527	174.5339180257884	1.7013199719324084	11.676
18.889600139742907	0.07795177488772632	9.0039581347788	0.0780789660425092	-1.8996588860078145	0.07310312660205702	-12.543751564600859	0.07376820606516508	18.6491	0.2312	187.9790017287519	2.0979724321434587	31.35894562397892	0.30761769740933365	174.58445465044585	1.7034265568958276	11.676
18.899415694748058	0.0724176337451093	9.005659194429803	0.07384812208492204	-1.9092493762760372	0.07027090492538704	-12.548855908601723	0.07409398969474615	18.6383	0.2301	187.82482826226763	1.9635420840664346	31.326504573498863	0.29257142192818275	174.65806746659553	1.6763392575521516	11.676
18.899415694748058	0.0702046464712289	9.001631062615647	0.06926598811954755	-1.91309809602346	0.07237798113535096	-12.57092216921027	0.0673037171666182	18.6437	0.2307	187.74838861497975	1.8707503414416617	31.327019506379685	0.28753717209992685	174.35952242973363	1.6169180436730703	11.676
18.908102638482873	0.07824696321410558	9.021911791559875	0.07546139852674777	-1.8784710804145868	0.0790592946061687	-12.5269706598389	0.06803658616001877	18.6491	0.2312	187.96856588292036	2.0668551342135477	31.36824983814565	0.3145124785495995	174.51220255778367	1.7093808668559554	11.676
18.886386345472275	0.07824324791165414	8.997394476065576	0.0744830305211116	-1.9323189600647737	0.07169534559245089	-12.574323983234587	0.06803154264178081	18.6383	0.2301	187.91532444170778	2.0527711675039995	31.284071193416114	0.295911322785325	174.61870310106858	1.6217411495675784	11.676
18.897690964321278	0.07973814123352713	9.003819014480067	0.07366652318554442	-1.8996448488063988	0.07244941890229173	-12.558279894458437	0.07939481537619458	18.6383	0.2301	187.82263657362114	2.0608439641664824	31.359386113146336	0.29716710583631556	174.34625611832175	1.758118632641413	11.676
18.90780452240223	0.08080256149190096	9.005659194429803	0.0812603983392676	-1.90540059389954	0.07428732127615575	-12.57092216921027	0.07643674512804913	18.6383	0.2301	187.66570818663962	2.1718314993637393	31.337554728209657	0.31621522321529155	174.23368397122485	1.7412526139682332	11.676
18.901438373167714	0.0738482490416228	9.019723341669112	0.07419235012065034	-1.903472655590301	0.07212941045743254	-12.550648980359654	0.07221725482104352	18.6437	0.2307	188.05370420190636	1.9921249571601558	31.302737160930413	0.2965307028348989	174.5338913208264	1.6731588042190026	11.676
18.9143199934067	0.07123078921148272	9.015834295369107	0.07457146260889996	-1.9034867502887733	0.07585988290709794	-12.558188111387155	0.0681225817323225	18.6383	0.2301	187.7350912280838	1.9558696108052112	31.313845598074703	0.3050563302145303	174.41062424572735	1.668984964289722	11.676
18.91417088386717	0.0735591907364463	9.031878572809635	0.07249209112685392	-1.9188746400097525	0.0714385893443811	-12.539706837183026	0.07186600248598264	18.6383	0.2301	188.04271894099728	1.9651730198444683	31.22396483734711	0.2901977705436802	174.96680872479592	1.6693375544743303	11.676
18.918812967066966	0.0757527724092471	9.015973603717033	0.0706355941286232	-1.8996518673542389	0.06582704171838054	-12.539981789952092	0.07333499830290968	18.6437	0.2307	187.65255573249516	1.9626890253069578	31.324447157491328	0.27707861079945717	174.6461932157142	1.6174875894224163	11.676
18.898968744228174	0.07178903245515646	9.009478586243205	0.0737530441061974	-1.9130767366286876	0.07170375757235149	-12.55225854862332	0.0705749757174932	18.6491	0.2312	187.90585620235922	1.9555977143396561	31.304573257097058	0.29481234694180614	174.66503988548513	1.6517199570476715	11.676
18.914618219538802	0.07167089729376462	9.020002080864858	0.07322600304120352	-1.8842553287339623	0.0746792494671007	-12.52894715577167	0.07244879407303129	18.6383	0.2301	187.80851015307954	1.9448469283865237	31.357103965516004	0.30076646595824	174.574627968174	1.7063903818184192	11.676
18.91184995414603	0.07706659887345625	9.037816834454913	0.07822576863026992	-1.9053935321236526	0.07459715502689829	-12.563475163251766	0.07171277971376347	18.6383	0.2301	188.20000834665032	2.0930146614903182	31.245486635604433	0.30863021291730586	174.35530894355492	1.6927753631908455	11.676
18.93589124796515	0.07356232694143972	9.03625628890787	0.08099083450504396	-1.8919676444541194	0.07279289269236526	-12.529130305780537	0.07834216053021333	18.6329	0.232	187.71329682624292	2.074626038643373	31.288335171802014	0.3117772783929531	174.6981948764566	1.7563269858849573	11.676
18.897839941233855	0.0774051521392204	9.015973603717033	0.07739333699811599	-1.9150474037944547	0.08012604754051353	-12.554693817895751	0.0648138400846906	18.6383	0.2314	188.05082482100582	2.082993853060281	31.280328985240875	0.31878284036147403	174.6574127762436	1.6917761050880993	11.676
18.922560244097248	0.07637889578185701	9.015764642809772	0.0752118526643658	-1.9034797028866692	0.0714402017645325	-12.558096329671208	0.0702566983312991	18.6491	0.2312	187.57761745881467	2.029637048411618	31.314065555671938	0.29748399596785896	174.41201130310262	1.6402085154920552	11.676
18.926755030985944	0.07671084126166172	9.031878572809635	0.07249209112685392	-1.8919328424150428	0.07437553409140994	-12.554418547965286	0.07186442175394343	18.6383	0.2301	187.80356919013678	2.0032233049472574	31.30097364945272	0.2975982932381363	174.28329255097202	1.6904890413401872	11.676
18.969305053371688	0.07697317932470064	9.036186473517269	0.07452807929122571	-1.88426223110249	0.07808214832532123	-12.529038730099877	0.07191336333748241	18.6329	0.2307	187.08053272512183	2.017905268587757	31.310612091872287	0.3094834688036079	174.57323934570155	1.740890113330508	11.676
18.94413230414461	0.07741113462370466	9.036186473517269	0.07618435243038925	-1.903507893137188	0.07212395445219981	-12.54742962721724	0.06847573721400299	18.6491	0.2312	187.55584127202567	2.056005540783115	31.255528884040043	0.299733197194624	174.58725852812574	1.6312720463025887	11.676
18.937764864312836	0.074431244038251	9.062340144815671	0.07044121271579169	-1.8784847977227803	0.07271821869431451	-12.534510345388197	0.0771221971367738	18.6437	0.2307	188.1734880599232	1.952711720735864	31.252299077569013	0.2891956770684085	174.38895085495508	1.7347032125316173	11.676
18.93094988905916	0.07452633553177597	9.031878572809635	0.07054044653978303	-1.8880837636536953	0.07246847672876586	-12.547062809368896	0.07163053612860461	18.6437	0.2307	187.72398502580182	1.945996986954445	31.312006646561265	0.2899862223025983	174.34062939526885	1.6666190881538578	11.676
18.89911772538555	0.07443062400276547	9.005520052106839	0.07797278265765122	-1.9130838563192871	0.07428602971227617	-12.548672482728868	0.07430456969867641	18.6383	0.2301	187.77958353101488	2.0459314202153274	31.30785607738255	0.3088025901443113	174.67915655354432	1.7256626345552382	11.673
18.94196002054966	0.0747892491699404	9.034137177402071	0.07374480300425218	-1.8784847977227803	0.07271821869431451	-12.523475408728714	0.06851696366120197	18.6491	0.2312	187.5099787433714	1.9877781843002353	31.32501799385759	0.29729381767347957	174.52487452557122	1.6380683073260127	11.673
18.90039540958161	0.07535468871170461	9.0313203766604	0.07521231359723707	-1.8918771646299093	0.07311628420240401	-12.538973689350538	0.0730703021641074	18.6383	0.2301	188.2945574273258	2.0313105146042583	31.302732736182698	0.300597743065575	174.53519945332985	1.6945109666622955	11.676
18.95971796335949	0.07750458124428503	9.055771609428586	0.07463303593851095	-1.8688102882324826	0.07614541993138371	-12.524628030171929	0.07469023987916573	18.6437	0.2307	187.63158130429574	2.038433824104143	31.298766072937234	0.30546997633637757	174.3923517222945	1.74562072654652	11.676
18.959568487867383	0.07727630437694884	9.043615367287735	0.07835026974604826	-1.861104821866502	0.07467221764371054	-12.535570668099503	0.0746346761216281	18.6383	0.2301	187.40438694534103	2.079813478785938	31.355773218245048	0.31122083543029533	174.08769134773692	1.7218162021905532	11.676
18.932674194957805	0.08473573342431118	9.037747010223379	0.07385154442783298	-1.8899909471687066	0.07270547050219427	-12.533960685860107	0.07519447384649003	18.6437	0.2307	187.8026064110795	2.133353392382618	31.289726619793452	0.29674020197392037	174.58647113454063	1.715621415901295	11.676
18.94046674032484	0.0783396477697214	9.061639994598886	0.07420330695949347	-1.8784162153338542	0.07578545975486245	-12.518881964883125	0.06941203115524619	18.6437	0.2307	188.10868571462245	2.0546612975431775	31.254495104796238	0.30301269996367103	174.64396383397852	1.6867667983462058	11.676
18.955074427939437	0.06937473058940216	9.059590549885863	0.07134430943139866	-1.872639121252239	0.07213172704463815	-12.539065328093308	0.07191072923074655	18.6545	0.2315	187.79204114134674	1.8885154768176473	31.276870642614494	0.2902588432440709	174.2189070177157	1.6636132992240644	11.676
18.94376556321021	0.07501725639380394	9.045105602420241	0.07643273710480822	-1.8860727522260863	0.07027182428369065	-12.53672246739181	0.07264497010927545	18.6383	0.2301	187.73178621166295	2.031115569277185	31.27987872544426	0.2971045656503563	174.47697231981073	1.655732406213921	11.676
18.954327281096724	0.08472046586139698	9.059240597318217	0.08225957065423439	-1.8764540326971837	0.0824922650690518	-12.538607147913606	0.08056087789614598	18.6383	0.2301	187.75132649997917	2.2405782910852157	31.258926963148966	0.33299935248661244	174.2439477876495	1.8843320247853368	11.673
18.948109684374494	0.0734608030471096	9.049203999007233	0.0751303929113993	-1.8860796675087668	0.07135349538642372	-12.558879654360593	0.07178856907820419	18.6383	0.2314	187.6788919666091	1.9922036798329437	31.260101718043675	0.2961962163932104	174.07012714567858	1.650821668219671	11.673
18.967809529023267	0.07866765057642919	9.063689472182201	0.07322952999221335	-1.8803441825021632	0.07467821934814714	-12.524444957369221	0.07244795446747644	18.6491	0.2312	187.58008182952574	2.0355589624384876	31.235108600441404	0.29851239012306363	174.5394646298713	1.7061196996313794	11.673
18.959568487867383	0.07146744539625143	9.07987600957066	0.0738365364056372	-1.853405890171354	0.06209883089013675	-12.524536493094828	0.07131674852320469	18.6383	0.2301	188.04387432026482	1.9558520460957647	31.26582510773988	0.27589881996845195	174.0973585500608	1.5427921444421224	11.673
18.922792884899014	0.07842590628757676	9.024964166710971	0.07321920032156913	-1.8976188045442648	0.07663256986106536	-12.555110454172457	0.07539182808834716	18.6437	0.2307	187.6993130117327	2.0346606759458923	31.296450723291443	0.3036891338854675	174.3201601078907	1.7583501913470245	11.673
18.94593760601653	0.08223559399857099	9.051183321656257	0.07774087943101862	-1.8764540326971837	0.07753333849857583	-12.538607147913606	0.07014165713380476	18.6383	0.2301	187.7576337239797	2.147360977961554	31.281975110087956	0.3143059718319454	174.2439477876495	1.708630327781772	11.673
18.965188556041088	0.07664925122419082	9.053372469464932	0.07448848088530541	-1.8783956426411947	0.07170025381591988	-12.529641567765665	0.06803511432365403	18.6383	0.2301	187.43443527244065	2.021149458625023	31.270154674465815	0.2957450644615152	174.4223787312454	1.6186109625378018	11.673
18.93710036784152	0.07535774954439585	9.050973553316954	0.07249194631871368	-1.8687356561637998	0.07406742855579335	-12.549364937503485	0.07421339429619261	18.6437	0.2307	187.96978335446704	1.9881487311305177	31.31273248216813	0.2971895894775593	173.98723114448194	1.708011283912192	11.676
18.958372768772698	0.07638086118471762	9.055141970436848	0.07422950886531089	-1.8725982387364921	0.07311765595683968	-12.542193187660141	0.07421455697671847	18.6491	0.2312	187.59692554311508	2.017590367539434	31.281680675753456	0.29826264609349257	174.12241604346107	1.700205834565751	11.673
18.958223314490656	0.07382548455337619	9.07521572522801	0.07280270291715386	-1.8494965760651558	0.07144871914969071	-12.534746181627623	0.06894358546291385	18.6491	0.2312	188.02910943424803	1.9726452616743966	31.298392472913402	0.2922377120485308	173.91199870273414	1.6160035447831103	11.676
18.990211152683717	0.0724262655564498	9.08553388554743	0.07989629959336705	-1.8514445206562593	0.07520320322188616	-12.52587205631377	0.06907624287463004	18.6491	0.2312	187.61773507823278	2.042699208803138	31.263290514095807	0.31364001433297833	174.08831614935923	1.6653508410350526	11.676
18.992833035110134	0.07435479452002766	9.075706539095192	0.07587542744749645	-1.8456934866099666	0.07468217551191611	-12.509640583502444	0.07088672918983863	18.6491	0.2312	187.38221361678697	2.0072758989440294	31.30788474506604	0.30519452976884087	174.2594087026637	1.6825944017339824	11.676
18.936951089942674	0.07528205623526123	9.06298926619906	0.07793101082877084	-1.8687288720470008	0.07213083095624294	-12.552950647609906	0.07340188426761826	18.6437	0.2307	188.20136726398815	2.065270964859133	31.278334195542914	0.3038327850636352	173.92872916502753	1.6752924334568375	11.676
18.983543723569372	0.08487226854812589	9.099460689962276	0.0830814489300093	-1.8456538251761374	0.0865994793907598	-12.50909204002821	0.07934648540269426	18.6383	0.2301	188.00865079972976	2.2591275768216015	31.24005078125164	0.34253328470203065	174.2677247337292	1.9194898633613857	11.676
18.986464687289427	0.07672404214456152	9.06559889999239	0.07643620186624882	-1.8630126619943248	0.06663195277740791	-12.537180578119614	0.07409424917228312	18.6491	0.2312	187.31158705124125	2.0447814087127103	31.28722540097122	0.2903002496946373	174.09255036485584	1.6252338481435316	11.676
18.957396158342846	0.07305696412650592	9.065738982636288	0.07202312364041219	-1.8591767561925738	0.06834829597978012	-12.522651651403734	0.07149581965334294	18.6437	0.2307	187.86469067133163	1.948408178097662	31.297809652140394	0.2844515570862534	174.26712528535205	1.6164262340533941	11.676
18.976948404268576	0.07435393136512096	9.080156634003442	0.070641712104379	-1.8649812190529091	0.0737555329364245	-12.517546029365072	0.07333695778325848	18.6383	0.2301	187.7672238314848	1.9458421050236518	31.239984169231647	0.2914972303474734	174.44560522570666	1.703268482329077	11.676
19.002273369338276	0.08155425739650167	9.092315355098805	0.07423579419171325	-1.8611384583751838	0.07886855497935209	-12.528672440900328	0.0715552803335013	18.6437	0.2307	187.517758689877	2.0867671043114155	31.21626649294224	0.30867477248747976	174.20081516357055	1.7390035584283488	11.676
18.974476589408997	0.07709779574022478	9.08199590470263	0.07706716446157137	-1.8668890123000024	0.07607448734108843	-12.533869080673947	0.07748278325870603	18.6437	0.2307	187.84905169578593	2.0700197158358873	31.229292832237032	0.30887283346474453	174.2098610506024	1.7733926352788136	11.676
18.978672146014837	0.07112538698747295	9.069908177900446	0.07701292989729491	-1.8784367889603508	0.07170109360700108	-12.563291528675247	0.07298390429607408	18.6437	0.2307	187.540355338043	1.9841311874065444	31.23083299754469	0.3001572810615954	173.91842573524355	1.6653385948419555	11.676
18.955074427939437	0.08425933824255027	9.051532957163431	0.07458583689021685	-1.8649406817079035	0.06962180261162028	-12.51699712005409	0.06481630848999906	18.6599	0.2318	187.63925218312443	2.1320433894823	31.32201336904346	0.2927505519634703	174.4539306843444	1.5578727393471126	11.676
18.99155871870401	0.07539928526793746	9.09825441043387	0.08226021347637147	-1.8476547160418302	0.07303596087299517	-12.534052292399199	0.06596568435363054	18.6545	0.2315	187.833413148685	2.1185926557739694	31.237782929560076	0.31393438959565373	173.8933164579489	1.601465499600936	11.676
19.011115425611106	0.07233576211732776	9.092526123534217	0.0728195145727509	-1.834209655729026	0.07213713923116638	-12.52159044095233	0.06664464768141404	18.6437	0.2307	187.3545782515519	1.9388072904472917	31.29259645029996	0.2935480009966429	173.87731876366772	1.5978241439258738	11.676
18.996653318580172	0.08005378290472426	9.09867623280071	0.07832597046406173	-1.8669431820797753	0.08221986393572486	-12.534601960044895	0.07637945465997534	18.6491	0.2312	187.7447380849973	2.12437819996207	31.18163418981518	0.32290699203290857	174.198777278049	1.8325531293209207	11.676
18.992007949878634	0.0765342272341527	9.090405912051164	0.06791874004244611	-1.8476745933816234	0.07304645210093107	-12.530648919189202	0.06886064569771551	18.6491	0.2312	187.67600520013445	1.9394822782731849	31.260140487145694	0.2850583964440824	173.9490388039	1.6345861634403775	11.676
18.989984835323003	0.07356777606896422	9.084396630909687	0.06981157713603481	-1.8419030968315855	0.0740732330402149	-12.525177281025002	0.07421900043590383	18.6437	0.2307	187.60048138413728	1.920765199109866	31.293845288849926	0.2915252538124169	173.9441563982728	1.7072970384132424	11.676
18.98376581685397	0.0776960016499785	9.078387453207352	0.07550181379459803	-1.8553807751834914	0.07271016862517472	-12.545453063799732	0.07294328229260104	18.6437	0.2307	187.60445561181453	2.0518905635228117	31.272469483273547	0.29980416167269774	173.83354063188602	1.674785803910454	11.676
18.985639216028577	0.07396443781038561	9.104474870601035	0.07586926069297806	-1.8495961710688766	0.07468408392817322	-12.528764011172136	0.0681253914765752	18.6491	0.2312	188.06418460197816	2.0166362370385733	31.214507552382372	0.30336802284735537	174.0110412501019	1.6471719843681691	11.676
19.004895908542355	0.072952043079416	9.086516729514779	0.07044343011183367	-1.8630868227930388	0.06664713243200836	-12.541866677799145	0.07026161826512217	18.6437	0.2307	187.35854739959254	1.915665576563565	31.227243217173076	0.2765631193810672	174.01736347901397	1.5781143127858028	11.676
18.995904404560388	0.08015887264338277	9.07817701944891	0.07976859689800911	-1.8592103197562386	0.08402046961771642	-12.54150002124458	0.07682402927930668	18.6491	0.2312	187.37086061980744	2.1364820390955805	31.262121625143727	0.3311471718511443	173.96018713872343	1.854005344783979	11.676
18.974775790246262	0.07843013104540852	9.078106877030342	0.06744211025078191	-1.8553540392242056	0.07238861453857846	-12.523017752253226	0.07610482933080695	18.6437	0.2307	187.76955477003202	1.9625576200596395	31.273348473876588	0.28299313711955026	174.19869669038516	1.7151567813706814	11.676
19.00676924172069	0.07356960928829887	9.100515369705047	0.07423704153521941	-1.8380531454906919	0.07312377795279143	-12.517820502261142	0.07928329169524406	18.6383	0.2301	187.58787525024934	1.979150028164614	31.258745857333963	0.29777654130914166	174.0012730111488	1.757256422466077	11.676
18.98054547929939	0.0753644502620941	9.063759498731455	0.06980871045489324	-1.880351054861026	0.07311802007074743	-12.557637441421058	0.07186335412519597	18.6383	0.2301	187.38864781213576	1.941160595326915	31.242916597484378	0.28859309875231265	174.0417038808742	1.671113358032882	11.676
19.01051582282954	0.08149424846728859	9.11239388632895	0.0684974074909295	-1.8495828904287008	0.0721349740736698	-12.524902649514587	0.07535174762440353	18.6491	0.2312	187.74199059806256	2.019226495627619	31.191995770736693	0.28305436110783844	174.07376617073749	1.7009581583017368	11.676
19.025428028706592	0.07180181797905005	9.118544539213504	0.06792100129707267	-1.8399682773821482	0.06991674198847488	-12.530557335024708	0.06615283217925025	18.6491	0.2312	187.57595337744854	1.8713710400875772	31.20185548733614	0.2775412086202878	173.8251377469702	1.5650314334257391	11.676
19.029774632655894	0.07876761641721265	9.106524989421773	0.07410335558273176	-1.8284247527303574	0.07136599311653995	-12.515935531346335	0.06886197609113107	18.6491	0.2312	187.26658930806937	2.040884685641479	31.269090514561736	0.2941926595316433	173.87520387433167	1.6134293858906703	11.676
19.012688894691482	0.07769914867862773	9.110414130654979	0.07386032288499639	-1.843811557070874	0.07271104121910729	-12.545177994121778	0.07381175866783876	18.6437	0.2307	187.66325514315125	2.0316627739911595	31.214066882213736	0.2953358408999784	173.6500779103384	1.6812728983100462	11.676
18.993581786487532	0.07422402419979672	9.084115866596493	0.07317094716891613	-1.8611250034660394	0.07344481790738394	-12.543201504536023	0.06928106232718703	18.6545	0.2315	187.52707063766795	1.9723885578084834	31.2396901373615	0.29590194842849366	173.9636591588566	1.644278246613678	11.676
19.021531526876885	0.0780169173169897	9.094505853437557	0.07793479809393561	-1.8438313474667472	0.07550105884282748	-12.519705472130127	0.06555887031654056	18.6437	0.232	187.19535706581325	2.079462756127346	31.259406889675194	0.31009582334479474	174.06472705105668	1.6303169637395873	11.676
19.002722868814878	0.07753474454240436	9.084466824699861	0.07497646122690765	-1.8496094521108475	0.07527641686906698	-12.517911995929003	0.07873626492757373	18.6383	0.2301	187.3608734514961	2.037470999823469	31.271588436300235	0.3038620823802327	174.1882654628852	1.7785849577155675	11.676
18.97432699252866	0.07112481188947443	9.089984489880315	0.07449349835231905	-1.874580763806528	0.07429926325718637	-12.53009943449	0.07298748568821017	18.6491	0.2312	188.0037154765804	1.9590062192277005	31.184632071441744	0.2992377527142522	174.39724643847626	1.7046331554458618	11.676
19.008792429998017	0.07373390315089454	9.114584930144787	0.0727167012596866	-1.8476745933816234	0.07304645210093107	-12.523292342083177	0.07024667933598958	18.6383	0.2301	187.81626679736968	1.9657977600311973	31.191191243531662	0.29326872463261855	174.06890723180766	1.6524238199439867	11.676
19.03397128687387	0.07520899461036404	9.130705615734485	0.07997208829518748	-1.8284247527303574	0.06951986283094841	-12.519613965919149	0.07131056219630513	18.6437	0.2307	187.64447781669685	2.0801067267560596	31.200097248905667	0.301676596822137	173.81537998116764	1.6191190544516711	11.676
19.021381537912394	0.08401936517858999	9.106524989421773	0.07736958045649592	-1.8438247505686352	0.07579023556319983	-12.51961396591963	0.0697418801677898	18.6383	0.2314	187.42511366176709	2.1590787262388282	31.22511530484121	0.3088367597003672	174.06611146545325	1.6793175548293966	11.676
19.052781989913825	0.07846164222680505	9.120594822617356	0.07221538313074212	-1.8341966073499099	0.07108912827614003	-12.532442228102306	0.07208413907049298	18.6437	0.2307	187.09807661093402	2.0087658292136714	31.212454882909643	0.2887234716980838	173.70073387885802	1.6437906829582467	11.676
19.01238907076101	0.07306322149593633	9.106243529422166	0.07638805364010008	-1.8437983639725044	0.06422117872949636	-12.530282590646426	0.06985796232669722	18.6383	0.2301	187.58992665575317	2.001690285408403	31.225993159514438	0.28458966756454696	173.89190646092857	1.5440956274936395	11.676
19.044538322760875	0.06838312459770998	9.132756063665699	0.06756694407751206	-1.8342031314899645	0.07616159122162597	-12.525177281025002	0.07816129256109249	18.6383	0.2301	187.4832463995844	1.818372990563375	31.17782488062638	0.2894427477265411	173.81887651667265	1.7743179618489666	11.676
19.014562141475725	0.07435808453767824	9.092174848237248	0.0761901434908335	-1.8534258973106374	0.0737567107181589	-12.543201504536023	0.07088383685833513	18.6491	0.2312	187.28286455894414	2.0094382938107507	31.23866302163603	0.30264421650415174	173.83836516502004	1.6635572391121176	11.676
19.038017888263585	0.06876392254644904	9.122574645374753	0.07871719398649044	-1.8399682773821482	0.07637326679559638	-12.534235509535709	0.06886020323052588	18.6437	0.2307	187.41402376275036	1.97559611755221	31.19038490145767	0.31205353669496677	173.76535252025454	1.670875915682471	11.676
