18.89992586466303	0.07078229637127237	8.960551021032211	0.07422364249254304	-1.1807427725205946	0.06779009114844672	-12.42168315472238	0.06669661837753305	19.6793	0.2362	187.63530428132646	1.9361925617222857	33.83748559556667	0.3354017017154609	165.90939545446932	1.403611963435201	11.718
18.899020445258355	0.07723770001054173	8.983260999317324	0.07469976473526259	-1.1846167513999848	0.07602335771426696	-12.41320800072531	0.07180761234762159	19.6739	0.2358	188.08217699495015	2.038131107824738	33.7490173537486	0.3537630308934456	166.09186154700285	1.5468565108556374	11.718
18.88793711196729	0.0751608314077103	8.958813905617735	0.07265196316840193	-1.1807490968373264	0.07484078002684702	-12.399962368257114	0.07092017600834404	19.6739	0.2358	187.82903428554485	1.9774768383579853	33.8432615465445	0.34814201980914	166.230695328855	1.5276788701855406	11.718
18.89640141101875	0.07606220818179144	8.96287660574547	0.0720418541022615	-1.1788192500657622	0.07319969070100334	-12.42025155994219	0.06851255781379285	19.6847	0.2364	187.7458062178285	1.9800619982945096	33.83614412604604	0.3426572655650821	165.9021352209993	1.4796538776396537	11.718
18.896028950334042	0.07218355929128642	8.980830379706017	0.06605767197682885	-1.1807459346308988	0.0669272159238602	-12.410823180717651	0.06272971675533347	19.6901	0.2365	188.09281628261962	1.8561769281627887	33.7699459261646	0.31251139649645476	166.06988378469993	1.3564892287794519	11.718
18.902097841878714	0.07242050302894351	8.97065575804615	0.07350420548500018	-1.1826741261349094	0.0708068408007973	-12.425408938098764	0.06722288385614325	19.6685	0.2354	187.78517836667794	1.9510787961343514	33.79737352909131	0.33973076961505316	165.8829149973573	1.4405676701028887	11.718
18.884871903382024	0.07252680060636088	8.958364031163066	0.06960870971024563	-1.1981129265903911	0.06541449843292521	-12.42329628449596	0.06199642183248317	19.6739	0.2358	187.87852154636283	1.9026536786044224	33.78690111611855	0.3177665091412116	166.14228593757272	1.333934843400598	11.718
18.861356751166497	0.07571653797844596	8.942045979222593	0.07203822410100474	-1.2077593003901825	0.07437934297942754	-12.432224187312226	0.07179024152486772	19.6739	0.2358	188.01483954165366	1.9809415222946143	33.80910994903779	0.3449131275220505	166.15292060147746	1.5302150459168553	11.718
18.899776854860935	0.07395716909497914	8.980622223147169	0.07213797111143379	-1.1710882497044692	0.07116677664203463	-12.41423149299316	0.06540954165679408	19.6739	0.2358	188.01779913663984	1.9582978321682414	33.80276492098965	0.3374182404767732	165.8768889442088	1.4260805612468763	11.718
18.89558201689333	0.07516093585381411	8.946384491473829	0.073355032535039	-1.188463261725248	0.07327717339505749	-12.41423149299316	0.06922904395385046	19.6631	0.2348	187.45005498040854	1.9787356435840904	33.85900716184267	0.3463948461541966	166.13362976407956	1.4918853560671825	11.718
18.918803671056637	0.07197300383493223	8.956523104613337	0.06610822692672974	-1.180742772520114	0.07160688982279541	-12.42168315472238	0.06463839232038245	19.6739	0.2358	187.2038847643756	1.8363992973518286	33.8509304992983	0.32543353050554086	165.90939545446224	1.423777493365252	11.718
18.89632691770728	0.07673475921917165	8.978954958710508	0.07259199435483302	-1.1730264823269696	0.06861669599384886	-12.388919555846114	0.0689635256538554	19.6631	0.2348	188.05159581203085	2.0029500295194955	33.80186268589986	0.33258930013094057	166.2799039653885	1.4422757173197194	11.718
18.89797741459363	0.07492345420233851	8.974718593808534	0.07193821123548114	-1.1652992238344442	0.07089800247273784	-12.41441301158889	0.07216195008447929	19.6739	0.2358	187.9400363159407	1.967198305469919	33.84174355815071	0.337092321356879	165.7888486452156	1.490929246778785	11.718
18.897306955674367	0.07825168803123707	8.980448766719496	0.07569215618751206	-1.1749456308789268	0.0747623784155436	-12.408483910451462	0.07486469367826197	19.6847	0.2364	188.06133834080552	2.0645850032694955	33.79050278351603	0.35399443595784114	166.01871794412017	1.5636363848624533	11.718
18.880602941059376	0.07492065505300247	8.964371234646633	0.07496336633676282	-1.1768769585231544	0.07016403516480382	-12.419570559913335	0.07015819090955686	19.6793	0.2362	188.0732195824715	2.01011382070371	33.83763774668989	0.34259450374912803	165.88352304826856	1.4640110130033535	11.718
18.88943881738003	0.07702789703692489	8.970621105042738	0.0747538598521448	-1.1942563325904918	0.07565590638489778	-12.40880142082924	0.0740983974348501	19.6793	0.2362	188.02418566792701	2.0347315656833422	33.758978872612204	0.3532287168984364	166.2998907647823	1.570355950731682	11.718
18.9023959052204	0.07020739522535402	8.988921935317709	0.07551801772561818	-1.169162840642364	0.07438561615876842	-12.397985969257869	0.06578491675257621	19.6685	0.2354	188.0773746904644	1.9562266685471685	33.77290470572406	0.35242453552899167	166.0459103296468	1.4684246721151732	11.715
18.880826217836912	0.07178988658044982	8.962461142035858	0.06835681248943407	-1.1923233680608318	0.07107714480996902	-12.412345871717877	0.07194597189648377	19.6793	0.2362	187.9846269089836	1.8787992768383648	33.783880769706194	0.32807641987201147	166.17615140378197	1.4978703416848886	11.715
18.86861481218498	0.07052131826650598	8.950550503337354	0.07187131368647211	-1.2039101600499063	0.07089529047325668	-12.425454357949425	0.06582174939609078	19.6793	0.2362	188.0384685030864	1.9090259090234634	33.7936099252449	0.3359692312508632	166.19616607667254	1.4327646611990634	11.718
18.91160620673801	0.07615932474226135	9.00139025076563	0.07569974509600601	-1.1788247330021373	0.07735942324074165	-12.409527220492995	0.0731689582846756	19.6901	0.2365	188.1873847589469	2.039083990630187	33.70811748149825	0.3583830252821244	166.06063825732235	1.5744591352721948	11.718
18.9101049479877	0.07152658282408698	8.98152430459711	0.06848915578356195	-1.167246186783171	0.06768763473120568	-12.397006590578222	0.06549754835295873	19.6793	0.2362	187.7912085613912	1.8730618313994551	33.80390062249866	0.3207369566878225	166.03205155574412	1.3925829299097343	11.715
18.853711868065712	0.07456958381469969	8.940377574641197	0.07595785925557565	-1.2174197126145572	0.0747583406740337	-12.414276872139007	0.07001304950917564	19.6739	0.2358	188.1281885538616	2.020008879534202	33.78250943147736	0.3544467976354406	166.56259846669676	1.523639668674904	11.718
18.88097507195642	0.07193536870461646	8.95246067373247	0.0742313465183109	-1.2096985570766334	0.06851154923809599	-12.419797551538927	0.06851202630718069	19.6847	0.2364	187.8405518034444	1.9556545691105132	33.7680088321575	0.3356659944610746	166.36584780135436	1.4379210049678184	11.718
18.892355409429193	0.07089668467963015	8.95488967195821	0.0713318691811288	-1.1846127252795184	0.07035077410061298	-12.416661768526644	0.06953034362971924	19.6739	0.2358	187.67135127003252	1.8993113612654196	33.84346383243003	0.3344030490263422	166.04073005468953	1.4622014461393649	11.718
18.886211962842726	0.07066795817464594	8.963015102207965	0.07239464420582488	-1.167238053114829	0.0718672189980667	-12.398348554114188	0.07188835826319957	19.6739	0.2358	187.94120980801867	1.9160779091096474	33.87436398659459	0.341106733797358	166.05460546264607	1.5029271664111536	11.718
18.881942680944064	0.06855978099369203	8.964994572841547	0.07316221080543356	-1.1904053195053512	0.06768499649465727	-12.424068320892772	0.06447684056439623	19.6739	0.2358	188.05963314732617	1.901378954520822	33.79048450060097	0.3316337824730259	166.01687472024884	1.3814966230123094	11.718
18.886211962842726	0.07066795817464598	8.954958857331368	0.07010299541137355	-1.2019893437358207	0.07351941226927286	-12.42227346256395	0.07117724045614197	19.6847	0.2364	187.7406746674141	1.8817237923597654	33.776683934955955	0.3378187995742895	166.17227679581134	1.5154970336248121	11.715
18.882165989410538	0.07768710266212894	8.967112606635594	0.07016024105921428	-1.2000605776913948	0.07245614655590002	-12.411322246307853	0.06799513282508084	19.6631	0.2348	188.09557055847893	1.9858393558535183	33.751356098540555	0.3348125345787054	166.34859467881637	1.4743286397942885	11.718
18.884040086626097	0.07167038745052969	8.948882280412956	0.07424646714067948	-1.1942664335067472	0.07044249124697165	-12.411186133488425	0.06783799296173415	19.6793	0.2362	187.71494721347358	1.9497647623301455	33.8312975919234	0.34136288120760044	166.26468522850138	1.4496037954550618	11.718
18.89640141101875	0.07444606153295723	8.96086255111004	0.07255944316151931	-1.1826805090065338	0.0718635961325077	-12.425772306301054	0.06869651059778503	19.6685	0.2354	187.70774785817358	1.9640165093336366	33.82998234699749	0.34059527377933874	165.8776479615339	1.4667611801805553	11.718
18.902693977962933	0.0739926717271762	8.974961285145017	0.07765110162355907	-1.159512011200849	0.07763674567228072	-12.388964845693984	0.06870035171078236	19.6739	0.2358	187.85534228777357	2.02959510888188	33.86025821228248	0.36686945663656906	166.07911806906924	1.53321885933894	11.718
18.90276849761745	0.07115602975420086	8.968953517591256	0.06801184463606393	-1.1595127213158365	0.06541748258514726	-12.400053027707239	0.06416958680317054	19.6793	0.2362	187.74032201130362	1.860271353709368	33.88034027714553	0.3156621105057979	165.91530053856917	1.3525896413840857	11.718
18.876929359290145	0.07453090684067665	8.944474307113454	0.06978208360907803	-1.203909281775541	0.06841120467272953	-12.416207885752566	0.06961415750187147	19.7063	0.236	187.7660269645138	1.9301268120888109	33.81384627946646	0.32560496633078345	166.33321043459532	1.4479204631420062	11.718
18.873032443982627	0.07332568187685291	8.972808479383557	0.07186810233724014	-1.1942605411941354	0.07080428362444827	-12.410868548641115	0.06970564658107742	19.6793	0.2362	188.37731649501688	1.9536128170781262	33.75170188824532	0.33491677721615254	166.26930547208437	1.4728408983896033	11.718
18.85948273135463	0.07322272883498969	8.932081002083324	0.07298795664564989	-1.2019710533752526	0.0715117636788794	-12.436040597822112	0.07081994439675676	19.6631	0.2348	187.86160508160714	1.956442584212173	33.861665677444016	0.341428568084278	166.01086683433533	1.4872747429294721	11.718
18.8791010554882	0.07192701533354576	8.952564418802723	0.07763190576584247	-1.1807443535637314	0.06820876513663816	-12.405211487685316	0.06665590789549965	19.6793	0.2362	187.8779771243111	2.0030471672736017	33.86414944697424	0.3453482084061653	166.15288733675652	1.4117381556375608	11.718
18.902470422524704	0.07667473527138609	8.978885585825486	0.07287436293400437	-1.1575790923936335	0.06601534433406946	-12.399871710146467	0.06509633464201316	19.6631	0.2348	187.8857478424827	2.0027845650810177	33.844939041551484	0.32831538382018133	165.8469692718459	1.367696400515388	11.715
18.88884313562695	0.07256449682232699	8.962288043524383	0.07330822571029988	-1.1903887776566524	0.0696926757304243	-12.4047580320967	0.07024138655102341	19.6847	0.2364	187.8776278222221	1.95227613823543	33.799547518723664	0.33673857430104015	166.30249823568442	1.4673567162794479	11.718
18.88284906000149	0.07279898591576411	8.9765246519216	0.06980263530425602	-1.1807396105054524	0.06820742322342123	-12.399418439683936	0.06897916908694401	19.6901	0.2365	188.26131129217805	1.916698703642453	33.78428224311617	0.32461059949568793	166.23861432776195	1.4374532777796918	11.718
18.88104949989594	0.07341252358043573	8.972635172069412	0.07181938092485414	-1.1826733283031714	0.06969300463342684	-12.403280458492587	0.07188518629246964	19.6847	0.2364	188.2216025134593	1.9509155537367084	33.79078859565544	0.3329919105567533	166.21004563407678	1.4831132948394468	11.718
18.88516967793884	0.07729661065940531	8.964544375449915	0.06939851976200771	-1.1903945670184273	0.0685133969519943	-12.403235118713518	0.0687863157351892	19.6955	0.2364	187.9899266715513	1.9684517746573733	33.79201830792519	0.3245133413785719	166.32517108868487	1.4401171455404553	11.718
18.879026634958336	0.06959086666406071	8.966627658369827	0.07484606831212298	-1.1903962211781611	0.07319694796341322	-12.408846780795624	0.0684596210483449	19.6793	0.2362	188.1459400045949	1.9398431355741754	33.78508180439799	0.34822373717597155	166.24199689965238	1.485156803974313	11.718
18.881123928422294	0.0702051087283617	8.956557702149814	0.06978323807735365	-1.1884657210177578	0.07407291245452496	-12.407006468015632	0.07087118840164822	19.6793	0.2362	187.91527817244338	1.8742581850019575	33.82504587186152	0.33930618423186854	166.24066045754705	1.5191209800445846	11.718
18.872809256120494	0.07202646281103439	8.948536604612322	0.07056238527742162	-1.1846054786471718	0.0669249758387997	-12.410732445876654	0.07698735240616542	19.6739	0.2358	187.9208369862161	1.9092803629702018	33.864706508622334	0.32501462110736906	166.12832088884622	1.5095786228817503	11.718
18.908763072394375	0.07993165820773261	8.954716713202187	0.07566203907819613	-1.1807475157220972	0.0735996206523086	-12.401712114481889	0.0698549953006297	19.6739	0.2358	187.35874395728453	2.071642252960175	33.856947734122	0.35259721757187057	166.20475064656725	1.5030058779820779	11.718
18.86486661444482	0.0753420372337838	8.944716164580168	0.07243584874588	-1.2077762650699637	0.06778958592337983	-12.42020615759268	0.06822885593207129	19.6793	0.2362	187.9989252760047	1.980685510839831	33.80016139264221	0.3302905643657825	166.3312628063374	1.426787206837775	11.718
18.870860799410906	0.07010071253758592	8.950619652207246	0.06895198520863613	-1.1846070889670337	0.06901775520879448	-12.405302182823103	0.06504906486585019	19.6793	0.2362	187.99720646675345	1.863409934623964	33.85774106717164	0.3259067902297914	166.20874264482998	1.4048521353432075	11.718
18.89580548097078	0.06959258269205038	8.974683924689106	0.08670916680311239	-1.178812984208761	0.07445987678975174	-12.394123869285188	0.07021455094007885	19.6739	0.2358	187.9805234288252	2.106636249945192	33.79681756331979	0.3804324214806626	166.28853557973582	1.5174509643898746	11.718
18.883221239682502	0.07089506849806627	8.966627658369827	0.07315600406577653	-1.1730211533102803	0.072120981113798	-12.408846780795143	0.07182594416999516	19.6793	0.2362	188.06635644172079	1.9319842474180502	33.84297513977635	0.34287708704486947	165.984920466259	1.5036679783249889	11.718
18.872511680515647	0.08088695622226016	8.954439993089753	0.07116983649423624	-1.1691576141401123	0.0748413826534152	-12.406870408975214	0.0750489881823477	19.6739	0.2358	188.03832861132108	2.0426546418273825	33.89663398065965	0.34580413990198383	165.9570463491451	1.5652255232058345	11.718
18.86846605754001	0.06647685162822822	8.932357012216784	0.06506566817950528	-1.2039084035069432	0.06736236813418574	-12.425363518583092	0.06833873234604554	19.6901	0.2365	187.69697621511568	1.757183336035276	33.85427162625766	0.31279928059833795	166.1974854442194	1.4211989719408082	11.718
18.884946346140858	0.07002599555368656	8.944301559788112	0.069799491479004	-1.1903920858252064	0.07151703736551045	-12.401258777843339	0.06815731375156345	19.6847	0.2364	187.56330181733063	1.8655428411081414	33.8508534275882	0.3337867051447082	166.31186593709418	1.4655860280393769	11.715
18.878580124099265	0.06849988738272363	8.946280820912516	0.07008705089632303	-1.201973666105871	0.06969280271512177	-12.425136426038227	0.0691759672565474	19.6793	0.2362	187.72089940174624	1.852245760753917	33.80561943632941	0.3292523319704944	166.12965508955978	1.4535316773846823	11.715
18.875576161453054	0.07352468150238217	8.94683375833708	0.07126507530906467	-1.1768901488882606	0.06714604375369972	-12.411140763219555	0.06567630903411587	19.6793	0.2362	187.83623820933622	1.9371393338198721	33.89621109825417	0.3278378330109527	166.00819112684894	1.3879319307540061	11.718
18.898722424748687	0.06856124757933747	8.967008684734207	0.06902788895409716	-1.1691680674214506	0.07423199655775306	-12.403824561965783	0.07073704061888582	19.6901	0.2365	187.7800419918376	1.8394876799022017	33.854567757687704	0.33856266095440224	166.00219366355194	1.5150970656286635	11.718
18.847866539061815	0.07944345656248489	8.93252952721282	0.07370479071319516	-1.2019823756363226	0.07476002006558993	-12.436631558829033	0.07507878214673572	19.6631	0.2348	188.090190068391	2.0557030523764883	33.860129224702014	0.35075613424849994	166.00230169544398	1.5655425355492796	11.718
18.88598860639203	0.06958269728776642	8.956869092006954	0.0685317789799525	-1.1788200333247416	0.07319996447716576	-12.39453164757588	0.06993889646459592	19.6847	0.2364	187.82910412639248	1.847519044458215	33.85619649700165	0.33494419616381554	166.28259421195474	1.5009810055702808	11.718
18.88179381156788	0.07341336770668308	8.954855079672464	0.07037611700727972	-1.1884730992307575	0.07194899578652555	-12.414776064871852	0.07219228332994854	19.6847	0.2364	187.870367040609	1.9246507638154913	33.830699017850115	0.3356785203266207	166.12571644099822	1.5082526636627238	11.718
18.907709048993347	0.07171616486201249	8.963257481317532	0.07030849575026434	-1.1730356184416337	0.07195280716189224	-12.389463056100055	0.07165236679249434	19.6793	0.2362	187.49150173168564	1.8935241293028418	33.84551193959822	0.33590983505586425	166.22941383827947	1.5049059606824309	11.715
18.864569162089143	0.07662602802457792	8.946591839804254	0.07504309706436865	-1.1826765196661702	0.07351895540688468	-12.408982862702791	0.07177692803010333	19.6847	0.2364	188.0401177123461	2.033448785518565	33.87765734717817	0.3513589665149964	166.12566646264966	1.5204402977890497	11.718
18.904418903490985	0.06982215996316396	8.980830379706017	0.06848799612242734	-1.1633699612261894	0.0658963238680649	-12.39057887860948	0.06858178937513693	19.6847	0.2364	187.88567803397925	1.8517578999980548	33.81912990685666	0.3168538302441985	166.06978386540175	1.4068312376500625	11.715
18.855808930833014	0.07310448503422759	8.936350008853344	0.07100190630476218	-1.1961859292254444	0.06714297873878791	-12.41243661644178	0.07092001382542727	19.6793	0.2362	188.01203148474028	1.9315774449937482	33.866732351784556	0.32662116912177386	166.27460237460886	1.4477812662489977	11.718
18.868317305240453	0.06804247129683018	8.96450974675414	0.06847100023979595	-1.1846022580805013	0.07016685517086921	-12.42159234316305	0.0667755068283204	19.6847	0.2364	188.30915404376768	1.8354049228530884	33.81141941248521	0.32661391269798695	165.96771991697713	1.4306374219498288	11.718
18.88284906000149	0.07637681997340531	8.940273974580007	0.0680864482819855	-1.205835228241822	0.0676816506229254	-12.436222425933602	0.06897560074171755	19.6739	0.2358	187.52688738105866	1.9298389289665114	33.81276726607201	0.31993801963137886	166.022784922747	1.4285982552242151	11.715
18.876631717369417	0.07193477492017372	8.97051714764065	0.0709085056883757	-1.1652955638150666	0.07499380019675381	-12.397623405830297	0.06738053664848141	19.6739	0.2358	188.26529917691968	1.919654002509658	33.85578368786456	0.3447399634092624	166.0366087405999	1.4902901450290107	11.718
18.878133634360864	0.07384516637635308	8.956142549352153	0.07297544668605038	-1.2096895554916822	0.07946905088609246	-12.42854408591016	0.0742948762871736	19.6793	0.2362	187.91592759427652	1.9662757111619364	33.74716654701589	0.358166354094446	166.19345168138176	1.6115752871205378	11.715
18.882774625825974	0.07688821080182781	8.962391901828736	0.06694612558538184	-1.1826693392353171	0.07151958186612775	-12.412255128334891	0.07003941447960019	19.6847	0.2364	187.994523501546	1.9319654993959805	33.82491978173225	0.3266225017342703	166.077151746874	1.4804453066106782	11.718
18.87453449382788	0.07562354999291555	8.942322299823914	0.07426214031183372	-1.188462441973574	0.0734366674283166	-12.423387107275271	0.07322623306758141	19.6847	0.2364	187.7706181384957	2.0037555360830526	33.8725865178009	0.34919984924854547	165.99823129305767	1.5322831113024444	11.718
18.89198302871851	0.06854460247780596	8.956730693841973	0.06980131313172053	-1.1846086993118878	0.06940644852976126	-12.414594535548774	0.0682497425317105	19.6847	0.2364	187.7131612051809	1.8483537089047515	33.8373334484208	0.3284361961965148	166.07123556050493	1.4394987455682149	11.718
18.889960069734922	0.0770913126499896	8.958779298286304	0.0738695379761538	-1.180748306276828	0.07107602848076261	-12.422001005747342	0.06975478070670232	19.6901	0.2365	187.79011942995712	2.018924458640519	33.8433796960443	0.3421579104604126	165.90478597093312	1.46975854167467	11.718
18.885765255225223	0.07688253418468191	8.976906099407513	0.07262350682513183	-1.182678913252221	0.07476350991915061	-12.409118947626302	0.07203018500462799	19.7009	0.2363	188.2131528790436	2.0088439782881675	33.77656491206583	0.34652096520897235	166.1236881362641	1.53623332577861	11.718
18.875055313268366	0.07260712206145041	8.960689476170378	0.07430511611214557	-1.1903987024646216	0.07536292554669041	-12.405302182823103	0.07049401333934341	19.6847	0.2364	188.10861469045037	1.9711320878589211	33.80483713874075	0.35244485305635803	166.29457635699745	1.5301587089279907	11.718
18.88344455453348	0.07221554823127956	8.956661496363058	0.07293070741829383	-1.1807459346308988	0.07422752062451997	-12.410823180717651	0.07057594912296128	19.6793	0.2362	187.87331325991107	1.9424626381228614	33.850457821256455	0.34747539700862484	166.06988378469993	1.5146425495791127	11.718
18.861579787430315	0.0693686112405296	8.95020477501452	0.06770009109199766	-1.1903887776566524	0.0747648343656495	-12.426840281618183	0.06893918335478111	19.6901	0.2365	188.16537774169646	1.8401841497114906	33.8398221837183	0.3365820767614211	165.9756750156677	1.5021930478623287	11.718
18.88539301501927	0.08242256091637909	8.966662295792146	0.08206153531316193	-1.1691606006789785	0.07979015303080811	-12.410732445876654	0.07531203430443992	19.6739	0.2358	188.02583475077444	2.2048111003430484	33.85574966776752	0.3823124310491885	165.9000759709182	1.619210855379461	11.718
18.85326598214974	0.07303407651391783	8.946211708540606	0.07043183791775443	-1.1961808352775738	0.06757779576295452	-12.419525162594434	0.06405329419088171	19.6739	0.2358	188.24744183736257	1.927923085596343	33.83381989774269	0.3256101012609483	166.1695096185903	1.3785678784952469	11.718
18.884946346140858	0.07899836452644975	8.962426521798445	0.06907085854411535	-1.1788090682411627	0.07287264487337047	-12.403099101386246	0.06897881221252918	19.6847	0.2364	187.95403346794785	1.987711778838398	33.837679798780066	0.3350163065734061	166.1555089581249	1.485382245009353	11.718
18.86397428551642	0.07002395369743479	8.950343063138618	0.07257557270174321	-1.21741692433557	0.06725043216802429	-12.42334169571764	0.06575618351322118	19.6847	0.2364	188.12255381671457	1.9137301843645556	33.74940823568725	0.32841920735163876	166.42781931872764	1.3968953451109605	11.718
18.88097507195642	0.07908192006304601	8.95246067373247	0.07595945529317213	-1.1903945670184273	0.07383401432671037	-12.408756061198806	0.07322822017246214	19.6793	0.2362	187.8405518034444	2.0745588411908265	33.83227646600506	0.35333982574931466	166.24331673732416	1.5410070013906265	11.718
18.8916106626868	0.07074324745054336	8.956557702149814	0.07173698120545091	-1.1865352051239084	0.06768413074801594	-12.403325798606165	0.0698729964787164	19.6793	0.2362	187.66886958001461	1.9031464964423612	33.82282231538549	0.32887919439183894	166.22403197978568	1.441611624733795	11.715
18.877078183770063	0.06824213382126892	8.956626898024433	0.068886085792941	-1.1884673605768572	0.06881781784071138	-12.396054912675314	0.0644126479013988	19.6793	0.2362	187.9932242427877	1.8375002030777046	33.824809697437324	0.32464639361006803	166.40312774551023	1.3995072706739722	11.718
18.90479153587577	0.07584677449020831	8.964890677122199	0.07326803606542213	-1.192333380996959	0.07142850216857476	-12.418411281924195	0.06795733778501145	19.6847	0.2364	187.57733953448667	1.990073125503501	33.77576660396057	0.3402580574950537	166.08651523499162	1.4586282055351805	11.715
18.870637639056834	0.07089373325709011	8.952529836845898	0.0725329758440803	-1.2000484859818468	0.07107411092400297	-12.429089256732546	0.06944144469558472	19.6901	0.2365	188.03764390775126	1.9229118480787626	33.79987543540321	0.33808198830266717	166.08521255071994	1.4696943642871632	11.718
18.900372908166254	0.06687526047959105	8.966800848157494	0.07023854670143109	-1.1846086993118878	0.06504533749202597	-12.416434822948395	0.06586170316679084	19.6739	0.2358	187.69684732320852	1.8325183713890398	33.795112641937344	0.31869728798081176	166.00151549691978	1.3681009149502181	11.715
18.88696919873384	0.07545075978053774	8.938225682184283	0.07960854038300291	-1.192321699326417	0.06920917042459843	-12.414095357565554	0.06978828263805682	19.6685	0.2366	187.45860922522255	2.066693387328482	33.87338015772452	0.352714277239891	166.19276773431844	1.45561401924179	11.718
18.878803376888776	0.08503919535813137	8.952426092576829	0.07938913034275255	-1.1923242024371707	0.07823077777118972	-12.412391243912094	0.07675819865019644	19.6685	0.2354	187.88099320970971	2.2019626542218833	33.82595654704373	0.3716349282039706	166.21804631442475	1.6236339931910426	11.718
18.8590367155887	0.08010173135805619	8.933887643749319	0.07233676708747658	-1.1923141903358736	0.07601847094653598	-12.430247838917042	0.07010722178913606	19.6847	0.2364	187.90424301457895	2.0433460295633523	33.88791654385917	0.35117199153129264	165.95378487452538	1.527099537554644	11.718
18.87026571686249	0.0779932141751964	8.952356931066737	0.07060331444261463	-1.180739610505933	0.06820742322340216	-12.412300499858649	0.07027346398630803	19.7009	0.2363	188.0414171404577	1.9946351039309393	33.864858708480675	0.3280800580241117	166.04794663213633	1.4478266340243173	11.718
18.843838276976683	0.06932529903026692	8.927605406945439	0.07314065832016492	-1.213540871394238	0.0722021781011327	-12.42440978625381	0.06485043307530505	19.6847	0.2364	188.0731975130545	1.9113137290498625	33.83797780263698	0.3429296537119104	166.3544224193786	1.440095600407543	11.718
18.887490370455783	0.07447691720000527	8.962634247233662	0.0715638439165438	-1.1730219145810765	0.07194963387984334	-12.41257273604078	0.07177636849569835	19.6685	0.2354	187.90978932048856	1.9555578037772277	33.8563066052462	0.33897445411817484	165.92990705554027	1.5003631135268374	11.718
18.855140032638367	0.07225312911688547	8.952149452947396	0.0718163972901751	-1.198108645187838	0.07151426199187752	-12.419388972649111	0.06843554252139107	19.6955	0.2364	188.32468920807833	1.9373140120533476	33.807601672985626	0.3375688334074614	166.2000742096037	1.466058031776496	11.718
18.85094607935462	0.07225265881289512	8.946108041983786	0.06914242879903976	-1.1903871236093828	0.06930620376600428	-12.417548820343926	0.06993747954491507	19.6847	0.2364	188.289562748456	1.9010924393380193	33.85350429846249	0.32695636006677953	166.11300999550625	1.45679565803981	11.718
18.87423689562302	0.06900237777567433	8.948225519223511	0.0680831387703382	-1.1942504408137669	0.06768264951703026	-12.421365320133527	0.06768698810614454	19.6847	0.2364	187.88791916812394	1.8348916606907228	33.83354163340717	0.3202437860925041	166.11370269187327	1.4162618642123868	11.718
18.867871062414693	0.07641341430217506	8.936108390017294	0.07263292126492009	-1.2077619788613838	0.07261773625965809	-12.417639600073018	0.07523793793539944	19.6739	0.2358	187.77911682626302	1.9932736382952578	33.82889076663997	0.34252098059438146	166.3691332028343	1.551897609422061	11.718
18.858352021380686	0.06849859778041525	8.930515755370418	0.07008615009369405	-1.1884690001614293	0.0710771526255257	-12.412708858656604	0.06995744802048681	19.6955	0.2364	187.85338246722662	1.854356988774335	33.91208613810354	0.3345300069772664	166.156251707264	1.4763322589507344	11.718
18.87468329644938	0.07444265208722363	8.950446782035964	0.07386791530981346	-1.1961859292249637	0.07438015114959397	-12.408756061198806	0.07018017112140229	19.6847	0.2364	187.92152126183598	1.9858195100068095	33.81968111242577	0.34940104588225346	166.32918244432173	1.516982629807661	11.718
18.88973667234583	0.07947818077389222	8.958675477896309	0.07707425572175211	-1.200051076954978	0.08102221587152644	-12.414503772898373	0.07887623883943307	19.7009	0.2363	187.79238055578264	2.0935258963426575	33.779419182798954	0.3718394433885404	166.30126085648817	1.6768176490733944	11.718
18.856477876488977	0.07546601095556714	8.9467300773637	0.07329564920767646	-1.194263066432932	0.06969359842794304	-12.418365886191326	0.07538281084453849	19.6901	0.2365	188.19627511766234	1.9978857800218357	33.838488774609345	0.3374866585001454	166.15828036320272	1.5197978767633096	11.718
18.881421648396987	0.0761705364156446	8.960724090623577	0.07745864831996634	-1.184607894136337	0.0721185539956877	-12.418229701005544	0.0707114057203474	19.6739	0.2358	187.9885574870204	2.0585584302896893	33.824017112030795	0.35284659087481507	166.017483516351	1.492654927634621	11.718
18.896624894478006	0.07708577423249538	8.958952337617124	0.07466231258176452	-1.174960234093668	0.0685152003368568	-12.40198413254028	0.06735716944684857	19.6739	0.2358	187.6193995780551	2.0260803378220062	33.8534624907712	0.33852102993961575	166.07252065968515	1.4212322564011826	11.715
