18.369188	0.074241	9.06297	0.07209	-1.240574	0.072533	-9.249396	0.087152	19.4959	0.2346	0.0	0.0	0.0	0.0	0.0	0.0	0.0
17.982945	0.077149	9.08545	0.071897	-0.817519	0.07607	-7.361692	0.086773	19.5013	0.2341	0.0	0.0	0.0	0.0	0.0	0.0	0.0
17.582052	0.077938	9.127769	0.071176	-0.203798	0.076074	-5.609962	0.081661	19.5121	0.2351	0.0	0.0	0.0	0.0	0.0	0.0	0.0
17.215139	0.073377	9.238639	0.068558	0.545658	0.073391	-3.978669	0.078801	19.5229	0.2356	0.0	0.0	0.0	0.0	0.0	0.0	0.0
16.895334	0.077364	9.384291	0.07665	1.379539	0.076586	-2.478247	0.083685	19.5498	0.2348	0.0	0.0	0.0	0.0	0.0	0.0	0.0
16.614551	0.072814	9.580039	0.071329	2.208436	0.071152	-1.056942	0.079319	19.5552	0.2343	0.0	0.0	0.0	0.0	0.0	0.0	0.0
16.320868	0.073047	9.769428	0.076708	3.034137	0.077431	0.240791	0.084122	19.5552	0.2343	0.0	0.0	0.0	0.0	0.0	0.0	0.0
16.127659	0.070662	10.009854	0.082935	3.862786	0.07598	1.453805	0.086201	19.5768	0.2359	0.0	0.0	0.0	0.0	0.0	0.0	0.0
15.94095	0.072512	10.264763	0.07108	4.638934	0.071476	2.596499	0.067939	19.5876	0.2359	0.0	0.0	0.0	0.0	0.0	0.0	0.0
15.768881	0.07076	10.491562	0.068585	5.38584	0.067797	3.644172	0.077914	19.6092	0.2346	0.0	0.0	0.0	0.0	0.0	0.0	0.0
15.672366	0.074655	10.773972	0.075725	6.115569	0.072248	4.643289	0.0737	19.6092	0.2346	0.0	0.0	0.0	0.0	0.0	0.0	0.0
15.566504	0.071694	11.01331	0.080544	6.811115	0.072014	5.552932	0.075463	19.6307	0.2361	0.0	0.0	0.0	0.0	0.0	0.0	0.0
15.483688	0.07168	11.281514	0.071146	7.464739	0.070857	6.388369	0.072938	19.6577	0.2353	0.0	0.0	0.0	0.0	0.0	0.0	0.0
15.409593	0.072914	11.517758	0.070846	8.060173	0.072196	7.186915	0.072361	19.6631	0.2348	0.0	0.0	0.0	0.0	0.0	0.0	0.0
15.340099	0.074382	11.744862	0.075643	8.601799	0.070698	7.935159	0.085257	19.6685	0.2354	0.0	0.0	0.0	0.0	0.0	0.0	0.0
15.370929	0.075936	12.021918	0.076041	9.203715	0.080455	8.645991	0.081612	19.6955	0.2364	0.0	0.0	0.0	0.0	0.0	0.0	0.0
15.373237	0.071144	12.297575	0.071329	9.746788	0.07078	9.29865	0.075579	19.7009	0.2363	0.0	0.0	0.0	0.0	0.0	0.0	0.0
15.346001	0.072169	12.499494	0.074969	10.22182	0.077948	9.916305	0.073393	19.717	0.2351	0.0	0.0	0.0	0.0	0.0	0.0	0.0
15.341146	0.073252	12.742175	0.070655	10.671123	0.075498	10.462305	0.072715	19.7278	0.2361	0.0	0.0	0.0	0.0	0.0	0.0	0.0
15.385101	0.076178	12.969759	0.073493	11.142526	0.078235	11.014454	0.075234	19.7548	0.2365	0.0	0.0	0.0	0.0	0.0	0.0	0.0
15.378537	0.078666	13.172212	0.076203	11.516433	0.073152	11.491915	0.076705	19.7602	0.2362	0.0	0.0	0.0	0.0	0.0	0.0	0.0
15.432175	0.072317	13.405793	0.067917	11.952257	0.069345	11.982714	0.071993	19.771	0.2353	0.0	0.0	0.0	0.0	-0.0	0.0	0.0
15.495614	0.077368	13.587551	0.078037	12.298255	0.071555	12.402176	0.07288	19.7926	0.2369	0.0	0.0	0.0	0.0	-0.0	0.0	0.0
15.515386	0.076045	13.808295	0.07581	12.673225	0.07888	12.838602	0.075284	19.8034	0.2369	0.0	0.0	0.0	0.0	-0.0	0.0	0.0
15.583608	0.08151	14.011724	0.081788	13.017008	0.079518	13.219483	0.081679	19.8249	0.2356	0.0	0.0	0.0	0.0	-0.0	0.0	0.0
15.610207	0.072706	14.182174	0.07254	13.311833	0.073659	13.563794	0.077156	19.8411	0.2369	0.0	0.0	0.0	0.0	-0.0	0.0	0.0
15.67255	0.074937	14.359419	0.077061	13.623941	0.076785	13.896739	0.079053	19.8357	0.2366	0.0	0.0	0.0	0.0	-0.0	0.0	0.0
15.69928	0.072947	14.513734	0.075283	13.88466	0.074994	14.200943	0.077818	19.8627	0.237	0.0	0.0	0.0	0.0	-0.0	0.0	0.0
15.756332	0.084628	14.648901	0.084171	14.142885	0.088047	14.490411	0.088217	19.8789	0.2358	0.0	0.0	0.0	0.0	-0.0	0.0	0.0
15.831449	0.069199	14.847402	0.079594	14.417216	0.073109	14.773338	0.074914	19.8789	0.2358	0.0	0.0	0.0	0.0	-0.0	0.0	0.0
15.882931	0.073843	14.983317	0.078244	14.643592	0.07901	15.035131	0.077736	19.9004	0.2374	0.0	0.0	0.0	0.0	-0.0	0.0	0.0
15.96808	0.071281	15.146628	0.07447	14.880984	0.074292	15.303877	0.07269	19.9058	0.2375	0.0	0.0	0.0	0.0	-0.0	0.0	0.0
15.998544	0.074671	15.270003	0.074585	15.082679	0.07803	15.507987	0.076392	19.9328	0.2361	0.0	0.0	0.0	0.0	-0.0	0.0	0.0
16.068966	0.072758	15.402244	0.074493	15.301635	0.073442	15.752152	0.07226	19.9328	0.2361	0.0	0.0	0.0	0.0	-0.0	0.0	0.0
16.112447	0.070785	15.518005	0.068895	15.456656	0.068046	15.917803	0.069053	19.9328	0.2361	0.0	0.0	0.0	0.0	-0.0	0.0	0.0
16.244274	0.072005	15.71365	0.069902	15.722739	0.087918	16.16566	0.072781	19.9382	0.2366	0.0	0.0	-0.0	0.0	-0.0	0.0	0.0
16.274954	0.07544	15.806407	0.072134	15.861061	0.07146	16.33744	0.07017	19.9598	0.2377	0.0	0.0	-0.0	0.0	-0.0	0.0	0.0
16.355579	0.073461	15.936618	0.0685	16.032759	0.069057	16.48869	0.071572	19.976	0.2372	0.0	0.0	-0.0	0.0	-0.0	0.0	0.0
16.428502	0.079876	16.069533	0.076057	16.198954	0.073403	16.684269	0.071422	19.9867	0.2363	0.0	0.0	-0.0	0.0	-0.0	0.0	0.0
16.456541	0.073792	16.143176	0.071771	16.316158	0.07914	16.814196	0.075261	19.9867	0.2363	0.0	0.0	-0.0	0.0	-0.0	0.0	0.0
16.548642	0.081485	16.266271	0.081437	16.485099	0.081168	16.977201	0.081855	19.9975	0.2373	0.0	0.0	-0.0	0.0	-0.0	0.0	0.0
16.610518	0.073145	16.429805	0.074127	16.650844	0.073182	17.164096	0.072851	20.0137	0.238	0.0	0.0	-0.0	0.0	-0.0	0.0	0.0
16.829655	0.07384	16.815097	0.07185	17.011611	0.072377	17.43797	0.070389	19.949	0.2374	0.0	0.0	-0.0	0.0	-0.0	0.0	0.0
16.966499	0.096055	16.904078	0.099657	17.161038	0.096616	17.55636	0.096668	19.9382	0.2366	0.0	0.0	-0.0	0.0	-0.0	0.0	0.0
17.047135	0.071309	16.972209	0.0721	17.293804	0.071432	17.685166	0.067824	19.9544	0.2376	0.0	0.0	-0.0	0.0	-0.0	0.0	0.0
17.126652	0.078467	17.041292	0.070169	17.37344	0.080129	17.800402	0.072313	14.0589	0.5601	0.0	0.0	-0.0	0.0	-0.0	0.0	0.0
17.225285	0.073592	17.135722	0.074572	17.524383	0.073283	17.945302	0.077051	1.1515	0.1853	0.0	0.0	-0.0	0.0	-0.0	0.0	0.0
17.283758	0.077995	17.150434	0.080355	17.681033	0.079131	18.056207	0.077503	1.0113	0.1867	0.0	0.0	-0.0	0.0	-0.0	0.0	0.0
17.327316	0.072857	17.212718	0.074228	17.810262	0.077452	18.145891	0.070535	0.6769	0.1838	0.0	0.0	-0.0	0.0	-0.0	0.0	0.0
17.368797	0.075342	17.383388	0.076104	18.129777	0.076249	18.239789	0.074859	0.6769	0.1822	-0.0	0.0	-0.0	0.0	-0.0	0.0	0.0
17.45308	0.074816	17.482275	0.069298	18.344157	0.068547	18.389302	0.071539	0.7039	0.1842	-0.0	0.0	-0.0	0.0	-0.0	0.0	0.0
17.499738	0.076841	17.528936	0.084503	18.44947	0.078693	18.49259	0.074876	0.6985	0.1841	-0.0	0.0	-0.0	0.0	-0.0	0.0	0.0
17.551742	0.070279	17.570516	0.073923	18.556123	0.072544	18.601351	0.071653	0.6931	0.1839	-0.0	0.0	-0.0	0.0	-0.0	0.0	0.0
17.65258	0.073474	17.660927	0.074206	18.697284	0.072264	18.742488	0.070946	0.6985	0.1841	-0.0	0.0	-0.0	0.0	-0.0	0.0	0.0
17.65766	0.070851	17.670181	0.070852	18.733691	0.068829	18.797821	0.069333	0.6985	0.1841	-0.0	0.0	-0.0	0.0	-0.0	0.0	0.0
17.73537	0.066677	17.706147	0.066675	18.822293	0.067477	18.896899	0.069782	1.0976	0.1836	0.0	0.0	-0.0	0.0	-0.0	0.0	0.0
17.790349	0.071554	17.761119	0.077583	18.974108	0.076313	18.987855	0.074373	1.2217	0.194	0.0	0.0	-0.0	0.0	-0.0	0.0	0.0
17.855507	0.073294	17.962049	0.073586	19.205511	0.07033	19.082746	0.077278	1.8312	0.1847	-0.0	0.0	-0.0	0.0	0.0	0.0	0.0
17.913361	0.072698	18.316871	0.070834	19.309828	0.077875	19.14714	0.071354	12.1873	0.2064	-0.0	0.0	-0.0	0.0	0.0	0.0	0.0
18.01199	0.077697	18.350786	0.07365	19.117074	0.077256	19.258899	0.079941	17.8832	0.2268	-0.0	0.0	-0.0	0.0	-0.0	0.0	0.0
18.074339	0.067888	18.377632	0.070746	19.041105	0.07091	19.258516	0.069977	20.0029	0.2377	-0.0	0.0	-0.0	0.0	-0.0	0.0	0.0
18.18133	0.081207	18.432418	0.073192	19.033105	0.073762	19.324024	0.073781	20.5639	0.2403	-0.0	0.0	-0.0	0.0	-0.0	0.0	0.0
18.183795	0.065594	18.432769	0.072991	18.997632	0.068337	19.296972	0.066906	20.3751	0.2391	-0.0	0.0	-0.0	0.0	-0.0	0.0	0.0
18.312615	0.072602	18.555452	0.065772	19.074531	0.075102	19.363409	0.069921	20.3751	0.2391	-0.0	0.0	-0.0	0.0	-0.0	0.0	0.0
18.356631	0.070154	18.561808	0.070604	19.07671	0.070864	19.3845	0.072341	20.3697	0.2387	-0.0	0.0	-0.0	0.0	-0.0	0.0	0.0
18.393724	0.070617	18.611495	0.070639	19.092869	0.069121	19.36287	0.077022	20.4021	0.2395	-0.0	0.0	-0.0	0.0	-0.0	0.0	0.0
18.381311	0.068335	18.494356	0.078152	19.01117	0.077714	19.3189	0.070798	20.3913	0.2397	-0.0	0.0	-0.0	0.0	-0.0	0.0	0.0
18.400221	0.06576	18.492335	0.065767	18.967183	0.06894	19.285364	0.066915	20.3967	0.2397	-0.0	0.0	-0.0	0.0	-0.0	0.0	0.0
18.39791	0.07498	18.510962	0.075342	18.966946	0.073442	19.285135	0.074117	20.3967	0.2397	-0.0	0.0	-0.0	0.0	-0.0	0.0	0.0
18.452627	0.068715	18.551044	0.070189	18.996638	0.071596	19.308549	0.073781	20.4021	0.2395	-0.0	0.0	-0.0	0.0	-0.0	0.0	0.0
18.494866	0.069894	18.60168	0.07525	19.020117	0.070908	19.329943	0.07085	20.3967	0.2397	-0.0	0.0	-0.0	0.0	-0.0	0.0	0.0
18.529028	0.068822	18.667292	0.070615	19.085899	0.071701	19.370559	0.073592	20.4075	0.2393	-13484.66917675594	9616.796763036462	-819.5183068986535	197.01626555446	-6549.702526298659	2364.070550576455	11.7146095
18.737662	0.07384	18.693651	0.072015	19.101742	0.072566	19.369636	0.073647	20.4129	0.2389	42363.57726046732	99280.17356923597	-840.6635855647145	210.60305366544537	-6959.862735917261	2686.0994915883116	11.715
19.104055	0.078334	18.75167	0.070766	19.105227	0.072934	19.312214	0.069635	20.4182	0.2383	5290.907080148747	1585.0142855682186	-970.299443813952	278.89329435249846	-9007.511928955682	4388.225629657222	11.7146095
19.56774	0.070445	18.904046	0.072038	19.194929	0.080605	17.588488	0.099452	20.4075	0.2393	2809.2776040702956	426.4814476026174	-1179.401969439307	438.3175061244792	1160.6403518309694	92.49015785704347	11.715
20.026328	0.078228	19.042218	0.076817	19.062333	0.075162	15.225342	0.09403	20.3913	0.2397	1894.606236360903	211.07522122233397	-17056.06187772212	91132.16083711725	485.92773843624406	15.245063453291616	11.715
20.403939	0.07277	19.067697	0.074055	18.523704	0.078168	12.900172	0.098934	20.3643	0.2381	1395.3779242494895	108.4196902387201	630.6681311408314	124.83329317216766	331.5643001472707	7.434175601832618	11.715390500000002
20.862976	0.069771	19.072572	0.078716	17.857188	0.071612	10.925368	0.091876	20.3643	0.2381	1041.3847315295388	61.1813811383694	282.2714408330892	24.71505604329043	268.9770064051698	4.520112762529379	11.715
21.232779	0.078571	18.919037	0.068502	16.970721	0.074788	9.084692	0.082788	20.3427	0.2394	806.0437267037311	36.31422643373986	176.12953289957173	9.168407261138704	236.491327420224	3.345734345542137	11.718
21.52036	0.079223	18.727803	0.078446	16.027277	0.081137	7.353934	0.088275	20.3158	0.2396	667.8386961758029	26.662830494611065	127.07005033323249	5.310410054081793	215.02408546518495	2.97244224979907	11.718
21.83459	0.076038	18.501857	0.073037	15.09225	0.07596	5.848417	0.084634	20.305	0.2383	559.594053189527	17.703109378933434	100.64382336139515	3.110496618469818	201.75370176219388	2.482085843007498	11.718
22.072917	0.07604	18.23651	0.075539	14.160869	0.084019	4.433263	0.077095	20.2834	0.2392	486.1261224249455	13.581612124225884	84.19679345104754	2.33407302221499	191.72009971089318	2.247395628857191	11.718
22.24531	0.078094	17.914816	0.067378	13.243064	0.082727	3.128498	0.083873	20.2618	0.2381	430.55139486278034	10.254807537257044	73.4345678189701	1.6771060444506365	184.33812033223964	2.147024705324495	11.715
22.390617	0.086079	17.598051	0.071069	12.37387	0.078297	1.924677	0.089167	20.2618	0.2381	389.13974987611704	9.063657304476175	65.68605796491273	1.3295342591202277	178.4805406673934	2.026872126079011	11.718
22.53548	0.073354	17.270849	0.07078	11.544061	0.071006	0.855278	0.078127	20.2403	0.2388	354.24655637847064	6.858946094517013	59.92118110761364	1.0490267328925422	174.47987930693282	1.723332540851807	11.718
22.604136	0.072132	16.975556	0.075245	10.79029	0.0714	-0.143443	0.074864	20.2079	0.2379	331.34074084796606	6.1360424601945605	55.47956197198286	0.9304139754422688	170.5709903594603	1.6139141295439505	11.718
22.636583	0.072505	16.624998	0.068913	10.011495	0.079432	-1.089665	0.071438	20.2025	0.2373	310.23060155188006	5.162112816792721	51.88715961329235	0.825041987555018	167.99843561373052	1.6167178461429934	11.718
22.68691	0.077606	16.33313	0.074448	9.349549	0.075661	-1.885998	0.0751	20.1917	0.2382	293.52255843740795	4.968074009599392	49.13752500079981	0.74686592839678	165.98902844582489	1.5749377471363455	11.718
22.745231	0.072413	16.061931	0.069672	8.727338	0.075901	-2.660511	0.0751	20.1486	0.2371	279.0504396559999	4.195723175137162	46.78594363028381	0.6572078526333169	163.769090351229	1.5355404106646917	11.718
22.721889	0.069324	15.75531	0.071956	8.110415	0.073461	-3.365508	0.075304	20.1432	0.2376	267.7035056511062	3.839506945549378	44.88692847324325	0.6037672918209243	162.5122205491449	1.4897597180926403	11.718
22.706077	0.072671	15.456677	0.072691	7.536743	0.07374	-4.022473	0.07044	20.1486	0.2371	257.25957379774843	3.647596182737843	43.3281243785192	0.5664740992240003	161.34118032583757	1.4233854495707954	11.718
22.67989	0.075914	15.173068	0.069582	7.014509	0.070522	-4.622447	0.071491	20.1162	0.2384	248.4376979751465	3.408080751179674	42.06084672369872	0.5107511234528856	160.2633507235086	1.3829863427707807	11.718
22.664444	0.07741	14.914622	0.072023	6.523366	0.06879	-5.182927	0.065965	20.0946	0.2368	240.64780696034168	3.2832546688262965	40.89445915841681	0.48537888281486985	159.31411681937092	1.2970656333531903	11.718
22.637932	0.069198	14.68435	0.072231	6.059625	0.067787	-5.666693	0.069829	20.0838	0.2377	234.48271809405568	2.948990283736278	39.78745937168048	0.4569707817980693	159.0420532990541	1.3199327760256814	11.718
22.589054	0.078868	14.443294	0.079191	5.652048	0.080765	-6.128447	0.073766	20.0569	0.2379	228.95073556733945	3.141338739177454	39.03381352767798	0.5022226963626434	158.31063415011067	1.4699133124206825	11.718
22.538235	0.070108	14.212874	0.076397	5.241239	0.067681	-6.555383	0.071164	20.0515	0.2376	224.0116173516176	2.7900075795187176	38.24897792633874	0.4351361738919238	158.09421831612153	1.316165056947632	11.718
22.489375	0.072491	14.025735	0.073122	4.910286	0.073546	-6.930636	0.069052	20.0245	0.2378	220.35169863891394	2.6807153910363732	37.64552841167965	0.4283119586954893	157.50273242471377	1.3418973914007464	11.718
22.408257	0.072132	13.793321	0.067003	4.550036	0.066822	-7.295781	0.069062	20.0137	0.238	216.48190573979315	2.473934858767177	37.12488472148511	0.380068886352558	157.43764860356	1.2771879799109427	11.718
22.364475	0.076132	13.62135	0.069855	4.24984	0.074463	-7.611874	0.069348	19.9921	0.2369	213.307897728222	2.5208189893684256	36.61692483044196	0.3989330190612768	157.22665581821283	1.3487439476737502	11.718
22.327698	0.072242	13.442441	0.073514	3.963484	0.072535	-7.91769	0.06936	19.9867	0.2363	209.89573788896783	2.4347926935907838	36.20186271027746	0.3944256351123217	156.9691310982521	1.3259212289621978	11.718
22.253277	0.079132	13.253784	0.078506	3.689433	0.077777	-8.191447	0.074947	19.976	0.2372	207.23142705424988	2.5667590749910043	35.87863622446486	0.4145533917331352	156.9730216805947	1.42706242510929	11.718
22.176224	0.072254	13.085451	0.067101	3.425436	0.074346	-8.464697	0.069398	19.949	0.2374	205.15060399601944	2.2252390286488173	35.52332710388623	0.3682837813882421	156.85086635805462	1.3416293492781075	11.718
22.123361	0.078791	12.944306	0.073736	3.205142	0.07877	-8.694901	0.073745	19.9382	0.2366	203.17752484448525	2.3886232372050578	35.234633547840986	0.3903511384236712	156.72025154125498	1.4210510749600973	11.718
22.109013	0.079718	12.819758	0.077994	2.971339	0.073655	-8.919377	0.075339	19.9328	0.2361	200.7671807020333	2.4104041268965966	34.843752122021506	0.37954346603411654	156.84318543126307	1.3897539120350593	11.718
22.008557	0.077825	12.641458	0.070975	2.749345	0.069295	-9.137612	0.076853	19.9274	0.2366	199.0987561067651	2.238774463159347	34.68984520106826	0.34785001694419265	156.89277148649487	1.3658008581204226	11.718
21.939087	0.074569	12.529369	0.077275	2.58463	0.07645	-9.318816	0.073331	19.9112	0.2374	198.19696945721202	2.261892216377177	34.50627299194475	0.3771722755402938	156.67543034803006	1.3943239208602491	11.718
21.81259	0.070273	12.343626	0.072235	2.343006	0.068547	-9.539275	0.069229	19.9004	0.2374	196.9568792776852	2.0962000669834353	34.31346123010786	0.3416792787644972	156.95450346604795	1.2868791981395349	11.718
21.808347	0.074095	12.270128	0.075455	2.201991	0.078969	-9.671504	0.074192	19.8843	0.2364	195.52683612927268	2.1678470773901504	34.08335396566976	0.3697482791563762	157.070649137393	1.4333738965908063	11.718
21.756512	0.072844	12.180991	0.072938	2.071006	0.07002	-9.820908	0.068385	19.8735	0.2363	194.76513091729694	2.0967083207120556	33.94227563942288	0.33944918837807625	156.8273637066856	1.290735420001858	11.718
21.709411	0.073155	12.052229	0.069352	1.914443	0.071861	-9.954662	0.068691	19.8573	0.2372	193.11819248817721	2.015809189910551	33.84919506163726	0.3334528785650507	157.12875097392495	1.316050493989799	11.718
21.641458	0.077119	11.954303	0.079356	1.777575	0.07721	-10.086623	0.072679	19.8303	0.2361	192.52068686967482	2.1991577173313877	33.719664672975355	0.3668582649817012	157.19374383939777	1.4049144934639695	11.718
21.552069	0.069687	11.833865	0.066477	1.617316	0.06513	-10.223968	0.067359	19.8357	0.2366	191.90558232215184	1.9018202076115018	33.58824114408455	0.3059626372414073	157.4979125525629	1.24624307338496	11.718
21.546749	0.080084	11.768322	0.080317	1.51417	0.077138	-10.333077	0.078099	19.8195	0.2361	190.72368109483682	2.212217722399037	33.46506719303505	0.3634291406510832	157.41864796298233	1.458568345676035	11.718
21.46993	0.068975	11.682493	0.069569	1.408697	0.071688	-10.438665	0.069499	19.8195	0.2361	190.5481134313961	1.9072707368177177	33.40108018474761	0.3247690306835028	157.41712868767542	1.3266750994235506	11.718
21.411105	0.078402	11.599275	0.079039	1.299478	0.075637	-10.529821	0.074448	19.8087	0.2368	190.07438177753124	2.1566490887121432	33.31676210854779	0.3538735990666231	157.6574988275366	1.4144688061904935	11.718
21.346617	0.080454	11.499039	0.077072	1.192113	0.078531	-10.651808	0.078189	19.7764	0.2359	189.38440068818227	2.142659154899165	33.29371747187044	0.35543174703245906	157.46284382627002	1.473309093923841	11.718
21.300105	0.075447	11.41566	0.072433	1.092697	0.074039	-10.731566	0.071632	19.7764	0.2359	188.67801943371475	1.996424466827972	33.241995552781844	0.3335396325257605	157.72463820603832	1.3741810274519781	11.718
21.255803	0.074144	11.336419	0.077805	0.993328	0.0771	-10.81319	0.072531	19.771	0.2353	188.01345039639568	2.0370997966616478	33.17730588601116	0.3513551272866092	157.96169163583335	1.4162484627510468	11.718
21.209727	0.071675	11.296011	0.0682	0.923243	0.069499	-10.870864	0.069737	19.771	0.2365	188.12093282562316	1.8774211995005685	33.08238492359	0.3105558910447999	158.12791967762234	1.3200274898702231	11.718
21.126085	0.076325	11.199892	0.07261	0.841361	0.074405	-10.938878	0.07127	19.771	0.2353	187.88446622369932	1.9939994794548899	33.127853233152	0.33248643614243406	158.31407734125557	1.3846379756905145	11.718
21.120573	0.073803	11.161709	0.070826	0.781078	0.073171	-11.000386	0.072112	19.7602	0.2362	187.2681150210358	1.9234747516777135	33.05732385205757	0.3242946035456977	158.29761139403857	1.3803428331675276	11.718
21.07605	0.067465	11.086482	0.070242	0.701275	0.06987	-11.068841	0.065517	19.7548	0.2365	186.6925192842134	1.820167330505886	33.042757875305306	0.3152269208735438	158.4502326894471	1.2894268129804314	11.718
21.019592	0.074701	11.038069	0.073069	0.644899	0.069793	-11.126539	0.070236	19.7332	0.2364	186.8430027322543	1.9560396827198225	33.01744090577845	0.32100416154645095	158.43243363826937	1.3326655786192958	11.718
20.957253	0.073118	10.940076	0.069782	0.551463	0.067284	-11.176007	0.068375	19.7332	0.2364	186.17795142839756	1.8785185438748049	33.03192546641918	0.3082212549132358	159.0264193054132	1.3008087321800739	11.718
20.942698	0.072261	10.938173	0.071212	0.500924	0.073792	-11.237175	0.071121	19.7224	0.2356	186.41339866711087	1.8903683523118078	32.87800135082361	0.32303702120655287	158.88242717460992	1.3872139797101846	11.718
20.88942	0.069538	10.860818	0.074095	0.442576	0.069368	-11.283204	0.070725	19.717	0.2351	185.96585487787158	1.8843002881329958	32.93798274296832	0.3208961384777275	159.04935009076456	1.3437328970186966	11.718
20.862844	0.074207	10.818658	0.07012	0.403761	0.069173	-11.324339	0.067459	19.7224	0.2356	185.6773352734244	1.887350950158679	32.948561413287436	0.3116055104723107	159.01788462428638	1.3100488835056674	11.718
20.787296	0.071246	10.750903	0.07192	0.329824	0.068958	-11.369767	0.065762	19.717	0.2351	185.82149856060894	1.8743313010541869	32.929018661569124	0.31483950169516967	159.40536106225443	1.2982908176278947	11.718
20.793333	0.074363	10.741675	0.074492	0.300791	0.073382	-11.396562	0.070468	19.717	0.2363	185.5393108943529	1.9428829179725207	32.86655330129577	0.3291578504712632	159.43587261959735	1.3866973324882905	11.718
20.724968	0.072889	10.67436	0.074834	0.258013	0.07168	-11.434998	0.069943	19.7063	0.236	185.55866910530878	1.9286762573139205	32.94397707026871	0.3277362225438674	159.49506861432255	1.3660604819210527	11.718
20.725132	0.077794	10.646048	0.074145	0.207528	0.070959	-11.473888	0.07071	19.717	0.2351	185.0344358708854	1.97293031615307	32.87399514150235	0.32320856069928855	159.6533970417245	1.3691279852841016	11.718
20.67215	0.074446	10.603382	0.073622	0.164801	0.077545	-11.508908	0.071509	19.6847	0.2364	185.22400521121156	1.926076572408174	32.87380676405956	0.3367415171361579	159.75879327694582	1.4435792776155216	11.718
20.634536	0.075479	10.542765	0.074452	0.112406	0.072946	-11.558995	0.071442	19.6847	0.2364	184.80180433006294	1.941447832158106	32.89972138330231	0.328771332571769	159.79038473977997	1.3978735869355532	11.718
20.579136	0.07739	10.516168	0.073449	0.071622	0.073669	-11.575363	0.071891	19.6901	0.2365	185.33077319541806	1.9650252275289575	32.85503028161159	0.3272378693277545	160.1253494494479	1.4151569381331446	11.718
20.558264	0.080505	10.485888	0.076668	0.034762	0.076194	-11.601346	0.078249	19.6739	0.2358	185.15767493675443	2.043619314050991	32.83434363358901	0.3395879504712159	160.27503667307712	1.5043542776760694	11.718
20.511409	0.074661	10.435025	0.068558	0.011459	0.069318	-11.615907	0.063641	19.6739	0.2358	185.08401933576118	1.8618464151827379	32.92115915745172	0.3079205745880633	160.3955470872608	1.2980978312440783	11.718
20.495007	0.075509	10.400823	0.0694	-0.033142	0.074282	-11.654937	0.069602	19.6685	0.2354	184.7576549067216	1.877140863156126	32.88834862277187	0.3204260296827166	160.47241688849243	1.4055672344378725	11.718
20.431684	0.064071	10.356256	0.065543	-0.05642	0.067346	-11.69186	0.06786	19.6685	0.2354	185.10157705998253	1.6838872892177572	32.95559045470986	0.29742809939170467	160.28423005068905	1.3170184780101568	11.718
20.421616	0.068885	10.348394	0.066605	-0.069977	0.069314	-11.692117	0.068939	19.6631	0.2348	185.14211230983574	1.761127374322068	32.937574241076014	0.30390889667751647	160.46766230874076	1.3497779258909817	11.718
20.377543	0.077219	10.310031	0.070741	-0.122333	0.070917	-11.718089	0.070092	19.6631	0.2348	185.24712733918264	1.9269598330315645	32.89339586425522	0.3158289593878133	160.83277769331787	1.3829783909824862	11.718
20.400997	0.079526	10.295974	0.070557	-0.128141	0.067667	-11.729292	0.065813	19.6631	0.2348	184.55946823301295	1.9417387460971038	32.91942503345712	0.30872884080299595	160.7579770554407	1.3080225438824125	11.718
20.332833	0.07433	10.224786	0.069905	-0.180519	0.0669	-11.764016	0.069678	19.6739	0.2358	184.50425142434682	1.86250735352391	32.97893509545236	0.30667195752242765	161.002995327697	1.342613652794847	11.718
20.307759	0.073982	10.212758	0.081481	-0.205713	0.070642	-11.782599	0.070579	19.6631	0.2348	184.74268406144657	2.0140762567562978	32.93726040693618	0.3409264552846791	161.09493155035693	1.3895488264633709	11.718
20.244403	0.06979	10.168184	0.068571	-0.227039	0.066438	-11.817614	0.067032	19.6577	0.2353	185.08706152408658	1.7971982124208101	33.01091902766814	0.30319811494476057	160.90466828907236	1.310195883944594	11.718
20.218937	0.08284	10.153938	0.071461	-0.258057	0.070907	-11.819373	0.067768	19.6631	0.2348	185.2933692271273	2.0140822973923176	32.95774724506238	0.3186580920971005	161.31188290425698	1.3685252848222769	11.718
20.222005	0.071773	10.138218	0.070235	-0.27353	0.071616	-11.823582	0.068571	19.6577	0.2353	184.94813604549637	1.8418375709884625	32.958529871075484	0.3175280707288683	161.46919454342049	1.3861116330409937	11.718
20.193714	0.072405	10.109454	0.073128	-0.296814	0.069787	-11.854469	0.069999	19.6631	0.2348	184.939471263616	1.8872772148899333	32.97588445628959	0.3203195618644083	161.3629766994764	1.380016594673872	11.718
20.192563	0.077021	10.1079	0.073054	-0.292907	0.073627	-11.838385	0.070574	19.6577	0.2353	184.93207788565707	1.9466794112271504	32.993197127112374	0.3290171345029548	161.5331660899517	1.426918957955533	11.718
20.19539	0.075444	10.100158	0.070732	-0.304512	0.070535	-11.859069	0.068841	19.6523	0.2357	184.73845689123164	1.8924641441128447	32.980950700237926	0.31663662515867647	161.40623331835567	1.3768027750121492	11.718
20.096742	0.071838	10.026501	0.069906	-0.356878	0.069872	-11.896894	0.071938	19.6631	0.2348	185.19693097734387	1.8434130378048306	33.048572720211105	0.3145840799711211	161.60962811488298	1.4044244085421977	11.718
20.075904	0.073238	9.996276	0.070621	-0.378181	0.070526	-11.917312	0.066523	19.6415	0.2362	185.02444945984033	1.8675832354954414	33.07699595396411	0.31821404942406345	161.62201590801303	1.357919740675536	11.718
20.075666	0.071836	9.990092	0.072232	-0.383999	0.070246	-11.915337	0.074847	19.6523	0.2357	184.91536851677074	1.867783622759183	33.07816220316029	0.3212689545037725	161.73124437958285	1.4396799514195937	11.718
20.057016	0.070899	9.984179	0.068295	-0.387865	0.07169	-11.908134	0.066641	19.6577	0.2353	185.1491845076274	1.8094713207104813	33.08469291049277	0.3158329482851508	161.88662967085264	1.3754370793741433	11.718
20.035627	0.07173	9.9638	0.068293	-0.418865	0.069481	-11.931935	0.066741	19.6307	0.2361	185.16775638564036	1.8208404993165073	33.050849009826365	0.31013020501618643	161.98786061838948	1.3555354236177446	11.718
19.991223	0.072291	9.929345	0.077512	-0.465348	0.070973	-11.95582	0.069256	19.6577	0.2353	185.35085538082186	1.9524701161315827	33.0126038949425	0.3337785563957617	162.30643820543423	1.400731709706414	11.718
19.989748	0.071631	9.925608	0.068572	-0.459523	0.066421	-11.950638	0.069775	19.6577	0.2353	185.30919953217554	1.8258572483865034	33.042998871749376	0.3037506509369527	162.29735942782725	1.3605944510507026	11.718
19.989511	0.070321	9.913361	0.069411	-0.463402	0.067747	-11.974478	0.065447	19.6415	0.2362	185.08831675159033	1.8149947140006537	33.069647098619626	0.3091049527576793	162.01592685792144	1.3257902680145888	11.718
19.968917	0.07143	9.887306	0.069849	-0.478882	0.072622	-11.982116	0.071875	19.6307	0.2361	184.98805754753144	1.833166503373826	33.10338128948995	0.32176981739637733	162.12637681815838	1.4400627811873026	11.718
19.921788	0.065821	9.858621	0.065508	-0.502135	0.065466	-11.99827	0.067835	19.6469	0.236	185.32710712681114	1.7102107414973797	33.12073575423797	0.29605817608854423	162.2264886011911	1.3303146935362513	11.718
19.906259	0.068947	9.84409	0.068593	-0.540871	0.067742	-12.019953	0.069215	19.6415	0.2362	185.34549164562785	1.7914582771200327	33.04353892553433	0.3067480754611934	162.46749370967606	1.370731721098069	11.718
19.87288	0.072039	9.815946	0.067258	-0.538929	0.071144	-12.023815	0.068086	19.6415	0.2362	185.4419648992159	1.81729718551846	33.13954910635993	0.31332857078512316	162.3853764183358	1.392331892768977	11.718
19.845664	0.077492	9.775603	0.077624	-0.556347	0.072617	-12.03865	0.070677	19.6361	0.2362	185.20023422423523	2.0172052370597715	33.21307852562638	0.34169760969393226	162.42191892672244	1.4334074193633535	11.718
19.839975	0.073591	9.783989	0.07466	-0.57182	0.075439	-12.046375	0.068457	19.6361	0.2362	185.45946294368466	1.9333934451543267	33.136559061384034	0.33962042308745133	162.53158212053881	1.4429324244898647	11.718
19.833031	0.071257	9.763479	0.06986	-0.596993	0.071137	-12.060768	0.065705	19.6361	0.2362	185.20958420758566	1.8354341435305799	33.12164679841721	0.31874721053826893	162.68442217881426	1.3742486655991843	11.718
19.806054	0.07352	9.76973	0.073089	-0.585373	0.07132	-12.048086	0.075577	19.6523	0.2357	185.82278035575604	1.9194237863984116	33.13881850917224	0.326807868736731	162.6994936779857	1.474958484674854	11.718
19.786717	0.080064	9.739232	0.076158	-0.61828	0.074534	-12.084726	0.074023	19.6307	0.2361	185.61636301391007	2.0413647468446103	33.13110934434709	0.3408627860918515	162.64652646221754	1.4900289083172542	11.718
19.773853	0.073825	9.74114	0.074802	-0.606673	0.071929	-12.055106	0.068821	19.6523	0.2357	185.88964862133088	1.9472857411452615	33.16216526284487	0.33257111144884194	162.90243722857068	1.416508107894914	11.718
19.778766	0.073959	9.717234	0.072982	-0.635689	0.073183	-12.064719	0.074343	19.6254	0.2359	185.35721673982363	1.9141834574956147	33.145799262745975	0.33089878164832026	163.17899304521563	1.4894420325502014	11.718
19.748986	0.077055	9.692841	0.07894	-0.635694	0.071493	-12.079286	0.07106	19.62	0.2356	185.40903438321814	2.0338941307419667	33.21555665468854	0.3425013927091399	162.92961866363686	1.4351589338032888	11.715
19.734332	0.076405	9.664599	0.073799	-0.67439	0.07804	-12.106973	0.077344	19.6307	0.2361	185.2062654580172	1.9537426520116707	33.19046857837825	0.3448038637903172	163.12828410925172	1.5677663723089124	11.718
19.698012	0.074178	9.64616	0.073347	-0.684071	0.070125	-12.108506	0.072968	19.6307	0.2361	185.53571171794403	1.9254783863249936	33.2186082604644	0.32631118760905115	163.24463289579745	1.4460780588100404	11.718
19.688035	0.076189	9.644401	0.075512	-0.680194	0.073582	-12.10513	0.073612	19.6415	0.2362	185.68752572059526	1.98321481388673	33.23673994788255	0.3394117503289479	163.23746754824407	1.487099380763911	11.718
19.665201	0.081812	9.626373	0.075855	-0.68019	0.077977	-12.101622	0.075166	19.6254	0.2359	185.77643480513026	2.0646317339289286	33.29488993269478	0.35142736180311296	163.28754825184024	1.5484163301354124	11.718
19.628815	0.077891	9.603862	0.079123	-0.711151	0.077148	-12.136277	0.072908	19.6415	0.2362	186.0335426025429	2.0603684375245304	33.26761600087135	0.35640998035119015	163.23475005520453	1.5165793944924406	11.718
19.624686	0.073131	9.605918	0.068127	-0.715019	0.072924	-12.128951	0.065807	19.6523	0.2357	186.1484123076402	1.857016071632148	33.248520225963006	0.3214876978689689	163.3948308674321	1.4061507805577191	11.718
19.622117	0.073883	9.575408	0.077168	-0.720827	0.070401	-12.141582	0.069034	19.6146	0.2351	185.63069132213784	1.9739573497592002	33.32828716766425	0.33811960033880506	163.29722680407065	1.409811230492283	11.718
19.600773	0.078368	9.585355	0.07394	-0.715028	0.069354	-12.128508	0.067828	19.6254	0.2359	186.21065872006525	2.0032104391124816	33.3148652087565	0.3278825630208185	163.40131983738087	1.388815029811468	11.718
19.620246	0.069517	9.587634	0.073301	-0.724693	0.069833	-12.132503	0.068984	19.6415	0.2362	185.89152472229247	1.871830593305107	33.276281037146866	0.32668977996964105	163.48252427811073	1.4067135634157428	11.718
19.574359	0.068952	9.555514	0.073521	-0.744031	0.072506	-12.152992	0.067712	19.6523	0.2357	186.14697248363717	1.8727455868062175	33.31757877248119	0.33402757448338244	163.4660308290076	1.4214243421178956	11.718
19.560659	0.07318	9.550959	0.070575	-0.757581	0.068143	-12.146843	0.067008	19.6415	0.2362	186.31703701103729	1.8923967293722244	33.28850652351553	0.31679816825282214	163.74876364175154	1.374055115722743	11.718
19.58636	0.073126	9.553199	0.070247	-0.751774	0.068453	-12.156321	0.069897	19.6307	0.2361	185.88137422612783	1.8786172992588617	33.30002718669512	0.3169516207364378	163.5292997541234	1.402825991918798	11.718
19.525142	0.073684	9.50666	0.069575	-0.784652	0.069734	-12.165399	0.070266	19.6469	0.236	186.15370690856437	1.883012155613386	33.34423223995791	0.31916310461857883	163.87128861721317	1.4254400313718503	11.718
19.559405	0.077602	9.52714	0.077435	-0.784646	0.08004	-12.160228	0.074347	19.6307	0.2361	185.8503641434859	2.030879929350689	33.26950623191409	0.3593095204123399	163.90372317827288	1.574003249033628	11.715
19.504424	0.078924	9.476531	0.07602	-0.807853	0.072584	-12.178472	0.073629	19.6523	0.2357	185.97901989833116	2.0323143377433848	33.3666916866288	0.341009423073855	164.01725423600607	1.4913833747410186	11.718
19.493988	0.073174	9.47455	0.07096	-0.805919	0.069248	-12.17299	0.071897	19.6577	0.2353	186.1359419280674	1.8936044516952832	33.37940097081037	0.3219266181412396	164.06844375401965	1.4407966138827744	11.718
19.50045	0.074383	9.480678	0.069025	-0.796249	0.070111	-12.174921	0.070202	19.6361	0.2362	186.1297492457387	1.8850388164180365	33.390903553048275	0.31967195573316176	163.90117389608608	1.4291374620481652	11.718
19.497168	0.071224	9.493228	0.07064	-0.800109	0.069733	-12.17914	0.071536	19.6307	0.2361	186.4243178975641	1.8693617225334764	33.337670231361685	0.3214822365126315	163.8960007543258	1.4388923101778504	11.718
19.473963	0.073717	9.481081	0.070657	-0.815579	0.067718	-12.195674	0.071277	19.6254	0.2359	186.63059819710153	1.9070613409572763	33.32691203407905	0.31676762454469104	163.88066922267205	1.415821835248198	11.718
19.47022	0.075294	9.469191	0.073665	-0.827177	0.068952	-12.188573	0.071833	19.6469	0.236	186.4785740041297	1.964097160268819	33.32785772534803	0.3266005635871277	164.15039074147415	1.4386109296454792	11.718
19.465861	0.07578	9.444899	0.06853	-0.832979	0.066955	-12.197695	0.067176	19.6469	0.236	186.10763827215084	1.8975008410838252	33.38781515639501	0.31123541807925514	164.10244093189246	1.3695276026019563	11.718
19.438915	0.076378	9.428937	0.073387	-0.842644	0.076851	-12.186865	0.070377	19.6523	0.2357	186.3118490574792	1.9714613265467325	33.40828419848186	0.34561911338760964	164.3989123355744	1.5101490843294718	11.718
19.41969	0.07508	9.426773	0.071383	-0.861979	0.071201	-12.223527	0.070813	19.6469	0.236	186.6299532708761	1.934824028818031	33.35252663146025	0.3268303847140082	164.1481990492071	1.4508259412135598	11.718
19.421332	0.074509	9.418483	0.072881	-0.861982	0.070477	-12.21405	0.073899	19.6523	0.2357	186.4446384138762	1.9426957431388556	33.37941423138142	0.32918047108521215	164.2852781333254	1.4778345652244327	11.718
19.419154	0.070386	9.416429	0.066658	-0.846516	0.069727	-12.215847	0.067583	19.6523	0.2357	186.4469557648403	1.8069362770374982	33.436396998825	0.31427612466649635	164.03582884472502	1.4010275970746515	11.718
19.408491	0.068592	9.398196	0.068241	-0.850383	0.072909	-12.206548	0.068546	19.6415	0.2362	186.30596332758034	1.8007728710794801	33.48326290696266	0.3262639165074373	164.22601396855805	1.447178303613919	11.718
19.410099	0.083297	9.411067	0.075686	-0.860041	0.073481	-12.216695	0.07956	19.6469	0.236	186.51579905775495	2.099375835783637	33.40982349915332	0.3431327463262512	164.21892469153607	1.566055552235662	11.718
19.383806	0.07206	9.380292	0.074602	-0.875512	0.069242	-12.230805	0.066515	19.6523	0.2357	186.432247925836	1.933017807887781	33.459675885374295	0.3320712672719831	164.23862370392473	1.3887105140889757	11.718
19.384265	0.075436	9.398669	0.068911	-0.860044	0.074422	-12.21818	0.070283	19.6523	0.2357	186.7667761849154	1.9110036596261468	33.450189331335565	0.3307190324575948	164.1975094639662	1.4798080810011174	11.718
19.362637	0.071623	9.358027	0.073138	-0.896777	0.067711	-12.238083	0.066118	19.6469	0.236	186.41182462196448	1.9073619213312338	33.46293975688372	0.32523425649166493	164.44117058281913	1.3721820512637968	11.718
19.375246	0.07494	9.372149	0.072646	-0.881312	0.069726	-12.234399	0.071378	19.6631	0.2348	186.44001667730183	1.9453090598908476	33.4673201832321	0.32866375253936597	164.27053594625636	1.4437775311103807	11.718
19.317748	0.078405	9.341528	0.0839	-0.900645	0.0748	-12.239477	0.074001	19.6577	0.2353	186.94230190544874	2.151819893710901	33.50420716802114	0.3676903885118729	164.4770555143433	1.5262870511315552	11.718
19.330507	0.073507	9.349669	0.070541	-0.90451	0.071548	-12.246933	0.069957	19.6469	0.236	186.85580835198505	1.907322822923869	33.46497848418688	0.32790288754546476	164.42498401161762	1.4505936627603642	11.718
19.347622	0.073159	9.349813	0.070156	-0.900644	0.069723	-12.232378	0.06925	19.6469	0.236	186.53863684850285	1.8911879148103379	33.477130483607475	0.32303108113396556	164.58006279107602	1.4272406068686183	11.718
19.329016	0.069012	9.345923	0.070127	-0.914173	0.070379	-12.250974	0.069631	19.6415	0.2362	186.81361274106536	1.8411505411406863	33.4456797231744	0.32386830165841585	164.5065047986724	1.4366227791876252	11.718
19.314156	0.077026	9.317611	0.07613	-0.92577	0.069237	-12.249043	0.068437	19.6577	0.2353	186.56222747842435	2.021157191909844	33.50025627365186	0.3365459802603794	164.70304462196702	1.4160385747579232	11.718
19.299297	0.072227	9.311488	0.075951	-0.927703	0.072234	-12.261845	0.07053	19.6631	0.2348	186.72541072962693	1.9594748279522407	33.51396471267262	0.34307282949581563	164.545110213426	1.465652596388313	11.718
19.27191	0.071343	9.285233	0.072969	-0.943164	0.068939	-12.282055	0.070371	19.6577	0.2353	186.7465658117475	1.9083028765206989	33.54933109956084	0.32926416558528565	164.47618246923327	1.42897001416412	11.718
19.31236	0.071648	9.335909	0.07103	-0.914172	0.071106	-12.238172	0.067705	19.6469	0.236	186.93799816527405	1.8904616486747332	33.47835626097527	0.32826509382591484	164.69248008272032	1.4279461549785093	11.718
19.273707	0.071711	9.299207	0.072549	-0.939299	0.069719	-12.2874	0.069223	19.6523	0.2357	186.97455127545908	1.912186282631315	33.51620598910487	0.32937943111953377	164.34271122811032	1.4228091535630838	11.718
19.236126	0.079763	9.271081	0.072271	-0.962488	0.070831	-12.289376	0.069018	19.6631	0.2348	187.1519538961716	2.021470014582374	33.53237468702052	0.33158155521008587	164.65049600591362	1.4375863014185282	11.718
19.261483	0.066932	9.275186	0.074542	-0.943164	0.070468	-12.265528	0.066692	19.6523	0.2357	186.75366341947114	1.8735068701546196	33.58231998387132	0.3371204739087169	164.71627576535033	1.4114896116311988	11.718
19.239947	0.073735	9.246704	0.076858	-0.976015	0.071972	-12.300198	0.073684	19.6577	0.2353	186.6238684121488	1.9890381955546976	33.56796610002148	0.3457558202747752	164.6898058368937	1.4979708501493645	11.718
19.258471	0.072314	9.280805	0.071676	-0.952827	0.070374	-12.268672	0.067815	19.6631	0.2348	186.91522615150083	1.9073884731956248	33.53216800521678	0.3291376131014006	164.81116478110084	1.423422128305505	11.718
19.229901	0.06916	9.257001	0.072247	-0.977947	0.067703	-12.300468	0.066708	19.6577	0.2353	187.0045489899189	1.8753827706902153	33.52785810020282	0.32434388500038913	164.71398796197707	1.3826698130499973	11.718
19.245514	0.075076	9.26953	0.073332	-0.950893	0.068127	-12.282594	0.070356	19.6631	0.236	186.94672962579074	1.9666914795565558	33.57550695944228	0.3288233437931637	164.58054603712444	1.4223885169647534	11.718
19.232684	0.075146	9.25329	0.072113	-0.979879	0.072814	-12.300873	0.068006	19.6631	0.2348	186.88285408885466	1.9503944106335105	33.53368523698146	0.3358212124891978	164.73621603222261	1.4497918990467058	11.718
19.227421	0.078125	9.242707	0.070289	-0.993404	0.069713	-12.305767	0.072751	19.6631	0.2348	186.7832821451074	1.9659188851197997	33.52404690008055	0.32422293813955566	164.8619024434483	1.468437872467906	11.718
19.217678	0.072311	9.245081	0.072046	-0.970218	0.068937	-12.284121	0.070308	19.6523	0.2357	187.0102216213148	1.9141706534891492	33.5923490024497	0.3279030825267454	164.83944821303686	1.434607730199241	11.718
19.232229	0.07635	9.242993	0.072656	-1.004997	0.073219	-12.293238	0.074866	19.6577	0.2353	186.6987342590693	1.9698378236586855	33.485187027884756	0.3370409837268371	165.2141977866904	1.5326512954376748	11.718
19.168243	0.077189	9.194143	0.075927	-1.026246	0.068221	-12.329475	0.070616	19.6469	0.236	186.98203150587776	2.029775493376141	33.57561802783849	0.3353292626607722	164.99513057395944	1.433263444490012	11.718
19.208671	0.071535	9.228665	0.068443	-0.979879	0.071452	-12.298492	0.068904	19.6577	0.2353	186.87138393724973	1.8537951011824516	33.614576595865046	0.3258004447304015	164.77086295582	1.4450250105610853	11.718
19.179272	0.072869	9.216568	0.072121	-1.008861	0.071883	-12.313221	0.07054	19.6631	0.2348	187.19592990328366	1.9264061762293545	33.55907127076817	0.3341859813141201	164.97860511921624	1.4698285396153754	11.718
19.138095	0.078339	9.193787	0.068553	-1.004995	0.071183	-12.297728	0.068536	19.6631	0.2348	187.542237028411	1.9632096027338848	33.64675165296048	0.3260357855052531	165.14847166354315	1.4450945746523904	11.718
19.178213	0.073889	9.205989	0.076501	-0.991471	0.069997	-12.292339	0.066895	19.6631	0.2348	187.01723247937136	1.9946146269366405	33.65111212187889	0.3421781733250647	165.02958965291063	1.4139193516255901	11.718
19.179783	0.072641	9.201708	0.074992	-1.02238	0.073933	-12.312276	0.070169	19.6631	0.2348	186.9075690950444	1.955703868374211	33.56346888430895	0.34570462697953763	165.18997837407264	1.4914113185709672	11.718
19.171384	0.077675	9.193645	0.07302	-1.020448	0.076824	-12.31964	0.07171	19.6577	0.2353	186.91385132379543	1.9970992475420102	33.59631230113069	0.3486219209351022	165.05408346684686	1.5351365653122215	11.718
19.165841	0.077521	9.210128	0.068586	-0.999199	0.068224	-12.305362	0.06922	19.6577	0.2353	187.32737058773947	1.9475731339187032	33.611997247662885	0.3184935922541772	164.95231113879228	1.4179673585553	11.718
19.150162	0.075405	9.187491	0.074173	-1.016584	0.070459	-12.312141	0.072188	19.6631	0.2348	187.19654968138227	1.9874150365335372	33.62929523435264	0.33715935835330224	165.10719416257783	1.4744770249772277	11.718
19.16134	0.083849	9.195874	0.077931	-1.008859	0.075086	-12.312546	0.071962	19.6577	0.2353	187.14405377424265	2.1496974196481196	33.62713043399602	0.35660542895616604	164.98842943344778	1.5180164056881484	11.718
19.157216	0.07211	9.205989	0.071479	-1.024313	0.073215	-12.316273	0.071805	19.6631	0.2348	187.4118257630285	1.9121971851889072	33.54308253179992	0.335492640459875	165.15978531322367	1.4999264950624378	11.718
19.089588	0.074935	9.147322	0.074156	-1.057149	0.076181	-12.343615	0.0702	19.6577	0.2353	187.58074275271144	1.9890560043572472	33.627992727613844	0.3503504600267768	165.24017718830893	1.5166656370147065	11.718
19.140194	0.077936	9.17363	0.07609	-1.026244	0.079303	-12.30141	0.07716	19.6577	0.2353	187.1234313326365	2.0449968620710317	33.64314729923818	0.36250240453213667	165.40578811193444	1.6231722795817067	11.718
19.125574	0.069516	9.157541	0.068561	-1.055219	0.069706	-12.338273	0.068519	19.6631	0.2348	187.09584756650733	1.8326197516026341	33.60070066685112	0.3216800322919048	165.29013931619383	1.4318887725161384	11.718
19.116348	0.081496	9.153121	0.072633	-1.051352	0.071529	-12.339618	0.071502	19.6631	0.2348	187.18610017510596	2.050974389518867	33.627985562105025	0.3359385676168117	165.21383818123405	1.4802530309300108	11.718
19.129924	0.069517	9.157612	0.071024	-1.039767	0.070457	-12.318114	0.068058	19.6631	0.236	187.01557297953315	1.863780221294379	33.6513820661876	0.3301425522970489	165.35912800774832	1.4362457376705717	11.718
19.117102	0.073482	9.17363	0.078938	-1.041698	0.073614	-12.338228	0.070118	19.6631	0.2348	187.55799555400023	2.0342501524919023	33.59225355284349	0.35494055520955714	165.09295950108495	1.4857648413960145	11.718
19.108479	0.07572	9.153368	0.071009	-1.051355	0.070085	-12.334411	0.068899	19.6631	0.2348	187.33871243668668	1.95347443078927	33.62716276989456	0.3287699420717623	165.29010577441602	1.4397464729412655	11.718
19.087263	0.076883	9.143185	0.077377	-1.059079	0.074161	-12.341639	0.077893	19.6577	0.2353	187.5465614296408	2.0572307236281318	33.63526498379434	0.3533481282806047	165.29739035995453	1.5756964303730114	11.718
19.082915	0.078692	9.133038	0.077848	-1.068736	0.073609	-12.358114	0.072339	19.6631	0.2348	187.43725831538134	2.085231412870167	33.63688366824164	0.3532530674602753	165.19754496303435	1.510195182926039	11.718
19.097909	0.074591	9.141241	0.073302	-1.055217	0.073211	-12.341729	0.070828	19.6577	0.2353	187.3094135238651	1.967405906799052	33.654420351117956	0.341942920945922	165.23950448136873	1.4913441828201444	11.718
19.080741	0.073127	9.124942	0.071403	-1.066804	0.071529	-12.330459	0.070268	19.6685	0.2354	187.32576470297477	1.9230714072528132	33.66997936062039	0.33389260904861395	165.5748131392407	1.4739544924313945	11.718
19.0764	0.071212	9.137952	0.080477	-1.049429	0.072805	-12.327949	0.066194	19.6631	0.2348	187.65278586358855	2.0290075916749375	33.684408043429364	0.3588276024695153	165.35658564674694	1.4426414000831738	11.718
19.082171	0.076934	9.121582	0.072205	-1.061016	0.071962	-12.347883	0.070614	19.6577	0.2353	187.2356746648199	1.9833410394341258	33.70022933512319	0.3373850285717366	165.23430772679012	1.4759787256112613	11.718
19.066802	0.075741	9.109173	0.072511	-1.066807	0.071529	-12.343795	0.070184	19.6577	0.2353	187.29134839755557	1.972196928121238	33.7221429545958	0.33753528673385436	165.37905672841148	1.4696097180234604	11.718
19.078725	0.070045	9.123949	0.072952	-1.070677	0.067695	-12.337289	0.068625	19.6631	0.2348	187.29705312917721	1.9028358171780426	33.65184781808856	0.32851388013917887	165.48898350606444	1.4158884881347717	11.715
19.093419	0.078022	9.136042	0.070325	-1.051361	0.069708	-12.337289	0.066704	19.6577	0.2353	187.29607961678718	1.9757447401919206	33.68433200257758	0.327403239832458	165.24805577079294	1.412677291541332	11.718
19.059459	0.07076	9.101605	0.070203	-1.07647	0.070362	-12.338905	0.070301	19.6631	0.2348	187.28711235349425	1.8747146213868462	33.715203937143194	0.3292489028141374	165.59275598938353	1.4624351223790304	11.718
19.045068	0.07985	9.093686	0.078299	-1.101579	0.069702	-12.355652	0.068	19.6577	0.2353	187.40889674818064	2.1060980119756687	33.65836026801717	0.34607955541511726	165.71578397125106	1.433881826659964	11.718
19.021833	0.071357	9.089585	0.072198	-1.086128	0.071874	-12.355562	0.072656	19.6631	0.2348	187.7699397851332	1.9190667786026856	33.72303199541417	0.3376208589427094	165.48990226664878	1.5007888285146866	11.718
19.037946	0.07234	9.107405	0.069461	-1.091917	0.068216	-12.356996	0.06539	19.6631	0.2348	187.80220805002446	1.8966309764948686	33.6449695500699	0.3211551571761438	165.55389042862444	1.3887138714214375	11.718
19.034049	0.07687	9.09344	0.071089	-1.086125	0.075078	-12.36454	0.069842	19.6631	0.2348	187.6119955491857	1.9760888400378025	33.71026992797392	0.3423959292251965	165.35814197029342	1.5033937933278978	11.718
19.050538	0.072089	9.101359	0.070646	-1.091917	0.068215	-12.366199	0.072843	19.6631	0.2348	187.4504101789011	1.9016785069567075	33.664923530194706	0.32433652899778	165.41874932876868	1.464241104879152	11.718
19.043416	0.074834	9.086868	0.074268	-1.103499	0.074079	-12.360181	0.07174	19.6577	0.2353	187.31166545039062	1.9834703497485096	33.67453632086529	0.3466374738719217	165.67739264944052	1.51777442432719	11.718
19.043716	0.0673	9.101113	0.071334	-1.066807	0.07153	-12.338273	0.064511	19.6631	0.2348	187.5743790139028	1.8501740368433301	33.74887516102391	0.33530129922217133	165.4600810365126	1.4139823306004102	11.718
19.015837	0.067923	9.082698	0.067919	-1.099635	0.067152	-12.369202	0.066985	19.6631	0.2348	187.70503154325635	1.8151223226071191	33.69247870109586	0.3160372136087658	165.44558552226331	1.3924525298930572	11.715
19.030675	0.068866	9.076723	0.069794	-1.095774	0.06842	-12.36009	0.065787	19.6631	0.2348	187.36052718185414	1.845558432050537	33.733691435870966	0.32411071975249206	165.5650962024332	1.3951083879594286	11.718
19.024755	0.075498	9.070854	0.072651	-1.093845	0.080242	-12.34375	0.070614	19.6685	0.2354	187.36148741489626	1.9721971475665483	33.75957042690761	0.35950759214186173	165.77718523880716	1.5750916191751831	11.718
19.037045	0.077858	9.092877	0.074651	-1.101568	0.075372	-12.363816	0.072395	19.6685	0.2354	187.5448634130285	2.03429521781615	33.66106556805379	0.35027847211503843	165.59549028212018	1.5366470942408892	11.718
19.026853	0.071467	9.097048	0.073619	-1.08612	0.07416	-12.360316	0.07118	19.6631	0.2348	187.81613018757085	1.9406594552734384	33.698342005391346	0.3458015512881828	165.42001216079638	1.5082244043063764	11.718
19.037646	0.072815	9.087114	0.074652	-1.095778	0.077982	-12.360497	0.067783	19.6685	0.2354	187.37692552632868	1.9637425443438665	33.69062955701909	0.35717348101290264	165.5167955749412	1.5181762182642842	11.715
19.007594	0.068337	9.06665	0.064361	-1.117015	0.066819	-12.367452	0.069701	19.6577	0.2353	187.60568777884362	1.7715886550236604	33.696698537969745	0.306981692736032	165.76934762023265	1.4227030083111327	11.718
19.014188	0.081027	9.076864	0.076062	-1.117017	0.075663	-12.363952	0.075887	19.6631	0.2348	187.62597120145068	2.098323755529713	33.65430967420626	0.3541983890373348	165.7785173469489	1.5795628316507384	11.715
19.011491	0.076522	9.055401	0.076493	-1.122822	0.074079	-12.379581	0.07412	19.6631	0.2348	187.32029570169726	2.0357064778894483	33.71471481825942	0.35272269081297175	165.67624447606568	1.5423230644184258	11.718
18.979343	0.077165	9.042998	0.071166	-1.117023	0.070813	-12.371812	0.073314	19.6631	0.2348	187.69253173303636	1.9828656873025667	33.77511308590622	0.33374440437723857	165.70526153087866	1.5007056190809325	11.718
18.990882	0.071576	9.049532	0.070146	-1.122824	0.067797	-12.374285	0.065098	19.6631	0.2348	187.5980274016106	1.8911579676357277	33.73415894274218	0.3235162747925757	165.7542632308852	1.3846532057359973	11.718
19.018236	0.081383	9.075761	0.076604	-1.107376	0.078114	-12.363287	0.072752	19.6739	0.2358	187.52876456705056	2.10804455813759	33.68982048677619	0.36196311648402923	165.64631448636788	1.570908248956417	11.715
19.007294	0.074316	9.053386	0.071812	-1.118959	0.070357	-12.370378	0.069096	19.6793	0.2362	187.361359239613	1.9452290282727371	33.73419315196342	0.3333990419992421	165.75488785776807	1.4527478939828369	11.718
18.996053	0.072916	9.044978	0.076819	-1.126678	0.068417	-12.388331	0.069093	19.6631	0.2348	187.41468725513272	1.9947482503550111	33.73648164500938	0.34118586454899613	165.6042532639959	1.4298625033190888	11.718
18.997927	0.072038	9.044873	0.079351	-1.128607	0.07187	-12.386355	0.071929	19.6631	0.2348	187.37743506812302	2.017659957976267	33.730431889147326	0.35496238104009825	165.66170339131173	1.4962846361299862	11.718
18.996353	0.085216	9.06728	0.077575	-1.103507	0.077844	-12.370107	0.074656	19.6631	0.2348	187.82999345449653	2.179952941980825	33.739362743064156	0.36456111420927495	165.53154418087823	1.5846600329682405	11.718
18.981815	0.072819	9.039144	0.072088	-1.132474	0.073204	-12.383081	0.069877	19.6685	0.2354	187.5730954797794	1.9330621353024762	33.736607121192726	0.34076091419289983	165.7668490989989	1.4910980591420664	11.718
19.000924	0.074228	9.055366	0.06771	-1.128614	0.073206	-12.405302	0.064939	19.6685	0.2354	187.51865975581825	1.8943318278744765	33.69565402944441	0.32993605453334596	165.38345517672198	1.435178237205451	11.718
18.99268	0.07106	9.033274	0.072432	-1.122822	0.070173	-12.374105	0.06871	19.6631	0.2348	187.25791680955453	1.9078268906048157	33.78816656397649	0.3355160547696662	165.75689529277383	1.4468651186770702	11.718
19.022883	0.073595	9.071941	0.06888	-1.089996	0.07508	-12.348831	0.069846	19.6631	0.2348	187.41718531630784	1.8984849580978156	33.76874617802447	0.33858339089141115	165.6457081413743	1.5086912866652238	11.718
18.93716	0.088651	9.010662	0.086259	-1.178807	0.08673	-12.406644	0.083174	19.6739	0.2358	187.87870158879522	2.3411067795258367	33.67750504875829	0.40428913695672797	166.103020062228	1.777721366763936	11.718
18.963381	0.08085	9.025251	0.078173	-1.153718	0.075878	-12.392555	0.073308	19.6685	0.2354	187.65880767987574	2.1235875329869347	33.712243537765	0.36081414211893637	165.9404445290175	1.5577897989275027	11.718
18.973422	0.078326	9.023027	0.073853	-1.145991	0.072124	-12.3794	0.067713	19.6685	0.2354	187.4274905035616	2.027777892062105	33.74523346703041	0.34255734577392477	166.02062434657734	1.46208441628034	11.718
19.005645	0.06944	9.055611	0.071276	-1.126687	0.075299	-12.361446	0.065788	19.6631	0.2348	187.43429771917766	1.8745253946251634	33.70122020414356	0.34316900670613204	166.00068600922773	1.47741729208098	11.718
18.977993	0.069137	9.049392	0.0802	-1.120891	0.069316	-12.370423	0.068254	19.6739	0.2358	187.83891542232234	2.0032587296103412	33.74103570558884	0.3516772740847779	165.78268333967443	1.4335894133122737	11.718
18.958662	0.069019	9.025007	0.069808	-1.132474	0.067258	-12.392238	0.067101	19.6685	0.2354	187.74335005600068	1.8553269552603362	33.78356284141369	0.32241040272264654	165.63202931984284	1.39754745741863	11.718
18.965554	0.074189	9.013199	0.076228	-1.147926	0.071867	-12.383398	0.06984	19.6631	0.2348	187.39058304837664	2.002829747105631	33.77144638322754	0.34819452340901796	165.99014905210137	1.480520765698826	11.718
18.954167	0.072946	9.012781	0.070678	-1.153711	0.071256	-12.401259	0.069854	19.6793	0.2362	187.59734501987063	1.9166636607136207	33.753619726374986	0.3332147207023562	165.81192554119087	1.4710367584024546	11.718
18.954017	0.07622	9.01674	0.072937	-1.145986	0.072627	-12.386445	0.066865	19.6739	0.2358	187.67490727843054	1.9923869665782714	33.76612560634838	0.34198750769283875	165.91650094204212	1.457166927528002	11.718
18.954765	0.076099	9.033205	0.07252	-1.151785	0.070446	-12.386898	0.070576	19.6685	0.2354	187.972215658077	1.991592215693386	33.69231468886357	0.3344533251185726	165.99545404195862	1.4733062021770462	11.718
18.963605	0.076508	9.043487	0.075673	-1.128618	0.074157	-12.379807	0.069513	19.6685	0.2354	187.99954609829834	2.0393619762458925	33.73499148255579	0.35138024027139236	165.75826144032732	1.497459451660508	11.718
18.96353	0.069502	9.027335	0.072414	-1.13441	0.069604	-12.385284	0.066888	19.6685	0.2354	187.64729583915806	1.8955244142500043	33.760738355395794	0.3337003452870662	165.720479687849	1.421892607587915	11.715
18.953115	0.073285	9.007225	0.071096	-1.149858	0.066014	-12.390851	0.067782	19.6631	0.2348	187.51238875888734	1.9250047718523526	33.78488409989943	0.32270659942649316	165.90863096557584	1.3964674587818402	11.718
18.923372	0.070209	9.009065	0.070194	-1.165301	0.068415	-12.409028	0.065784	19.6739	0.2358	188.10973711046017	1.883705467109676	33.72749315809637	0.32493035969784784	165.8682797656819	1.4001375546410841	11.718
18.93139	0.069132	9.008891	0.070212	-1.165298	0.069408	-12.416162	0.069593	19.6685	0.2354	187.9063192190053	1.8659717141853007	33.71944722901931	0.3272044736377912	165.7206091700772	1.4477512701746391	11.715
18.961208	0.071721	9.015143	0.075614	-1.157579	0.071953	-12.405393	0.069594	19.6685	0.2354	187.50909946445117	1.96477933634024	33.73294439041978	0.3461204503917814	165.8080102038779	1.4756597238414615	11.718
18.949741	0.066165	9.007608	0.071205	-1.146004	0.063744	-12.39503	0.06864	19.6631	0.2348	187.58324526673385	1.8339432130631397	33.796435963330765	0.3181026531064561	165.7901400312854	1.380573323674208	11.718
18.964129	0.073959	9.031644	0.074492	-1.157587	0.069602	-12.404051	0.068051	19.6793	0.2362	187.7173903282473	1.9838880440619158	33.66967038431201	0.33688217881914345	165.7854487968064	1.4349247295615035	11.715
18.949293	0.070643	9.019486	0.071651	-1.159516	0.065416	-12.405801	0.070296	19.6685	0.2354	187.81610718660588	1.9031608050302073	33.712133380563245	0.32132788395470524	165.8305532246108	1.4159222674487306	11.718
18.940975	0.071719	8.991318	0.072581	-1.165309	0.067365	-12.407687	0.068251	19.6685	0.2354	187.44139480179416	1.9222890791693825	33.78639949408014	0.32941231285646344	165.8881896098833	1.415016396740189	11.718
18.911681	0.075544	9.009483	0.075969	-1.149863	0.071781	-12.385646	0.069676	19.6631	0.2348	188.33976617910068	2.0377274615099634	33.777359122788866	0.34749159568913673	165.98555296146384	1.4778228497901509	11.718
18.937078	0.079117	9.001529	0.072556	-1.151796	0.069312	-12.389463	0.077145	19.6793	0.2362	187.70755735622288	2.028095161211091	33.797388050167875	0.33400765966695717	165.9577242476663	1.5315678250017342	11.718
18.931763	0.079564	9.009065	0.077272	-1.163371	0.076238	-12.410869	0.07419	19.6739	0.2358	187.950666208369	2.100826944373561	33.733894654951484	0.3599751984563137	165.81266748544994	1.5682449617549636	11.718
18.908316	0.073426	8.98472	0.065069	-1.182673	0.065415	-12.40144	0.068616	19.6685	0.2354	187.93365252890322	1.8579933176855123	33.75062556184966	0.3062800152345972	166.23731107826768	1.4047487852349063	11.718
18.917377	0.065264	8.999132	0.068797	-1.157581	0.064795	-12.398167	0.065414	19.6631	0.2348	188.03504650646744	1.7978032655094145	33.786113735486595	0.3143746356926524	165.91462522389773	1.3590230419431248	11.718
18.906815	0.069617	8.978955	0.075936	-1.167234	0.068106	-12.414685	0.070997	19.6739	0.2358	187.852940630311	1.9492950770097424	33.82115905869142	0.3400157782892133	165.8133591823239	1.4503750210054964	11.718
18.92974	0.078538	9.001043	0.072255	-1.173025	0.076023	-12.414595	0.069856	19.6685	0.2354	187.8370929080534	2.01898874818961	33.72848508150988	0.3476997744488295	165.90010946168584	1.5236461200109528	11.718
18.942999	0.07305	9.023515	0.07798	-1.128621	0.072547	-12.396599	0.072892	19.6685	0.2354	188.01156518076436	2.0252417074524978	33.801348350600236	0.3546167551076432	165.51129437057617	1.510594632363933	11.718
18.938803	0.076925	9.005384	0.071873	-1.159516	0.0732	-12.392918	0.069708	19.6739	0.2358	187.74781505019024	1.9897870511899636	33.75890182203895	0.3407022663867892	166.02074076596708	1.4939096058327639	11.718
18.933861	0.074627	8.988922	0.070193	-1.157578	0.068416	-12.409028	0.067803	19.6631	0.2348	187.53032882544434	1.9319022267160915	33.82012237426504	0.3267145835945946	165.75442726055547	1.4190002216126871	11.718
18.93678	0.073284	9.009448	0.07061	-1.147932	0.067688	-12.392963	0.0667	19.6739	0.2358	187.86293367976305	1.9257998250343953	33.78389826353131	0.32533214900006996	165.84903636160186	1.4015527451853467	11.718
18.893783	0.073942	8.962634	0.067237	-1.196188	0.066474	-12.429135	0.069729	19.6793	0.2362	187.7907335089643	1.8898236373139359	33.77909940935296	0.3143871849906677	166.02746845742914	1.423903043985554	11.718
18.93401	0.076067	8.99302	0.068979	-1.176887	0.0696	-12.401757	0.069233	19.6739	0.2358	187.60481890414002	1.9378548370469737	33.742283269930034	0.3251195538804237	166.14691803854137	1.4530775873530446	11.718
18.910935	0.075543	8.986977	0.073932	-1.182679	0.071516	-12.405438	0.074646	19.6739	0.2358	187.92679374214617	2.00162539810018	33.74311591112007	0.34129496543884164	166.17817159218384	1.5307033546761775	11.718
18.914683	0.072279	8.994826	0.074793	-1.155645	0.070811	-12.418048	0.066102	19.6739	0.2358	187.95634910447092	1.970743108541749	33.7982388748916	0.34294728696252386	165.5508248325436	1.4239243326219573	11.715
18.915056	0.069131	8.986942	0.07031	-1.15951	0.071169	-12.399872	0.070689	19.6739	0.2358	187.84813739159222	1.8656491850166492	33.82028247297139	0.3334627002745567	165.91793498109107	1.4806570648485256	11.718
18.904642	0.075504	8.991006	0.074544	-1.169164	0.073441	-12.409119	0.070514	19.6739	0.2358	188.12244757558773	2.013402787153101	33.77462019427931	0.3478595236676911	165.9239460706068	1.5029553933662625	11.718
18.910339	0.076766	8.960516	0.072559	-1.176881	0.071076	-12.412437	0.069145	19.6631	0.2348	187.43828261599705	1.9899089908999674	33.85049183137564	0.3391608400969861	165.9889069935458	1.4649549260711276	11.718
18.910637	0.071356	8.980796	0.070136	-1.174953	0.067687	-12.405257	0.067102	19.6685	0.2354	187.81545075410904	1.8924326065527648	33.789322930815985	0.3242952309011729	166.06653774471033	1.409392674157009	11.718
18.902545	0.071938	9.005106	0.067185	-1.155649	0.068517	-12.396236	0.069841	19.6739	0.2358	188.38208321637947	1.8735016084522562	33.764029177874264	0.31887499115664936	165.87213166581807	1.4437555291094362	11.715
18.902843	0.070208	8.977045	0.073532	-1.178821	0.071167	-12.4093	0.068549	19.6793	0.2362	187.89195439522103	1.9245139810421117	33.78893489604256	0.3404612655779812	166.06393426789467	1.4611239959017681	11.718
18.927866	0.071795	8.997118	0.074512	-1.173027	0.06758	-12.394486	0.067476	19.6685	0.2354	187.7983078230682	1.956753662150191	33.74149249512753	0.33374077263416907	166.1974265151212	1.4144085213301514	11.718
18.888769	0.074759	8.952184	0.068435	-1.190388	0.071519	-12.410233	0.0678	19.6847	0.2364	187.68799236122862	1.9144075041448483	33.83322132182866	0.33019499221647364	166.22132870522987	1.4599807211328044	11.718
18.899926	0.070782	8.960551	0.074224	-1.180743	0.06779	-12.421683	0.066697	19.6793	0.2362	187.63530428132646	1.9361925617222857	33.83748559556667	0.3354017017154609	165.90939545446932	1.403611963435201	11.718
18.89902	0.077238	8.983261	0.0747	-1.184617	0.076023	-12.413208	0.071808	19.6739	0.2358	188.08217699495015	2.038131107824738	33.7490173537486	0.3537630308934456	166.09186154700285	1.5468565108556374	11.718
18.887937	0.075161	8.958814	0.072652	-1.180749	0.074841	-12.399962	0.07092	19.6739	0.2358	187.82903428554485	1.9774768383579853	33.8432615465445	0.34814201980914	166.230695328855	1.5276788701855406	11.718
18.896401	0.076062	8.962877	0.072042	-1.178819	0.0732	-12.420252	0.068513	19.6847	0.2364	187.7458062178285	1.9800619982945096	33.83614412604604	0.3426572655650821	165.9021352209993	1.4796538776396537	11.718
18.896029	0.072184	8.98083	0.066058	-1.180746	0.066927	-12.410823	0.06273	19.6901	0.2365	188.09281628261962	1.8561769281627887	33.7699459261646	0.31251139649645476	166.06988378469993	1.3564892287794519	11.718
18.902098	0.072421	8.970656	0.073504	-1.182674	0.070807	-12.425409	0.067223	19.6685	0.2354	187.78517836667794	1.9510787961343514	33.79737352909131	0.33973076961505316	165.8829149973573	1.4405676701028887	11.718
18.884872	0.072527	8.958364	0.069609	-1.198113	0.065414	-12.423296	0.061996	19.6739	0.2358	187.87852154636283	1.9026536786044224	33.78690111611855	0.3177665091412116	166.14228593757272	1.333934843400598	11.718
18.861357	0.075717	8.942046	0.072038	-1.207759	0.074379	-12.432224	0.07179	19.6739	0.2358	188.01483954165366	1.9809415222946143	33.80910994903779	0.3449131275220505	166.15292060147746	1.5302150459168553	11.718
18.899777	0.073957	8.980622	0.072138	-1.171088	0.071167	-12.414231	0.06541	19.6739	0.2358	188.01779913663984	1.9582978321682414	33.80276492098965	0.3374182404767732	165.8768889442088	1.4260805612468763	11.718
18.895582	0.075161	8.946384	0.073355	-1.188463	0.073277	-12.414231	0.069229	19.6631	0.2348	187.45005498040854	1.9787356435840904	33.85900716184267	0.3463948461541966	166.13362976407956	1.4918853560671825	11.718
18.918804	0.071973	8.956523	0.066108	-1.180743	0.071607	-12.421683	0.064638	19.6739	0.2358	187.2038847643756	1.8363992973518286	33.8509304992983	0.32543353050554086	165.90939545446224	1.423777493365252	11.718
18.896327	0.076735	8.978955	0.072592	-1.173026	0.068617	-12.38892	0.068964	19.6631	0.2348	188.05159581203085	2.0029500295194955	33.80186268589986	0.33258930013094057	166.2799039653885	1.4422757173197194	11.718
18.897977	0.074923	8.974719	0.071938	-1.165299	0.070898	-12.414413	0.072162	19.6739	0.2358	187.9400363159407	1.967198305469919	33.84174355815071	0.337092321356879	165.7888486452156	1.490929246778785	11.718
18.897307	0.078252	8.980449	0.075692	-1.174946	0.074762	-12.408484	0.074865	19.6847	0.2364	188.06133834080552	2.0645850032694955	33.79050278351603	0.35399443595784114	166.01871794412017	1.5636363848624533	11.718
18.880603	0.074921	8.964371	0.074963	-1.176877	0.070164	-12.419571	0.070158	19.6793	0.2362	188.0732195824715	2.01011382070371	33.83763774668989	0.34259450374912803	165.88352304826856	1.4640110130033535	11.718
18.889439	0.077028	8.970621	0.074754	-1.194256	0.075656	-12.408801	0.074098	19.6793	0.2362	188.02418566792701	2.0347315656833422	33.758978872612204	0.3532287168984364	166.2998907647823	1.570355950731682	11.718
18.902396	0.070207	8.988922	0.075518	-1.169163	0.074386	-12.397986	0.065785	19.6685	0.2354	188.0773746904644	1.9562266685471685	33.77290470572406	0.35242453552899167	166.0459103296468	1.4684246721151732	11.715
18.880826	0.07179	8.962461	0.068357	-1.192323	0.071077	-12.412346	0.071946	19.6793	0.2362	187.9846269089836	1.8787992768383648	33.783880769706194	0.32807641987201147	166.17615140378197	1.4978703416848886	11.715
18.868615	0.070521	8.950551	0.071871	-1.20391	0.070895	-12.425454	0.065822	19.6793	0.2362	188.0384685030864	1.9090259090234634	33.7936099252449	0.3359692312508632	166.19616607667254	1.4327646611990634	11.718
18.911606	0.076159	9.00139	0.0757	-1.178825	0.077359	-12.409527	0.073169	19.6901	0.2365	188.1873847589469	2.039083990630187	33.70811748149825	0.3583830252821244	166.06063825732235	1.5744591352721948	11.718
18.910105	0.071527	8.981524	0.068489	-1.167246	0.067688	-12.397007	0.065498	19.6793	0.2362	187.7912085613912	1.8730618313994551	33.80390062249866	0.3207369566878225	166.03205155574412	1.3925829299097343	11.715
18.853712	0.07457	8.940378	0.075958	-1.21742	0.074758	-12.414277	0.070013	19.6739	0.2358	188.1281885538616	2.020008879534202	33.78250943147736	0.3544467976354406	166.56259846669676	1.523639668674904	11.718
18.880975	0.071935	8.952461	0.074231	-1.209699	0.068512	-12.419798	0.068512	19.6847	0.2364	187.8405518034444	1.9556545691105132	33.7680088321575	0.3356659944610746	166.36584780135436	1.4379210049678184	11.718
18.892355	0.070897	8.95489	0.071332	-1.184613	0.070351	-12.416662	0.06953	19.6739	0.2358	187.67135127003252	1.8993113612654196	33.84346383243003	0.3344030490263422	166.04073005468953	1.4622014461393649	11.718
18.886212	0.070668	8.963015	0.072395	-1.167238	0.071867	-12.398349	0.071888	19.6739	0.2358	187.94120980801867	1.9160779091096474	33.87436398659459	0.341106733797358	166.05460546264607	1.5029271664111536	11.718
18.881943	0.06856	8.964995	0.073162	-1.190405	0.067685	-12.424068	0.064477	19.6739	0.2358	188.05963314732617	1.901378954520822	33.79048450060097	0.3316337824730259	166.01687472024884	1.3814966230123094	11.718
18.886212	0.070668	8.954959	0.070103	-1.201989	0.073519	-12.422273	0.071177	19.6847	0.2364	187.7406746674141	1.8817237923597654	33.776683934955955	0.3378187995742895	166.17227679581134	1.5154970336248121	11.715
18.882166	0.077687	8.967113	0.07016	-1.200061	0.072456	-12.411322	0.067995	19.6631	0.2348	188.09557055847893	1.9858393558535183	33.751356098540555	0.3348125345787054	166.34859467881637	1.4743286397942885	11.718
18.88404	0.07167	8.948882	0.074246	-1.194266	0.070442	-12.411186	0.067838	19.6793	0.2362	187.71494721347358	1.9497647623301455	33.8312975919234	0.34136288120760044	166.26468522850138	1.4496037954550618	11.718
18.896401	0.074446	8.960863	0.072559	-1.182681	0.071864	-12.425772	0.068697	19.6685	0.2354	187.70774785817358	1.9640165093336366	33.82998234699749	0.34059527377933874	165.8776479615339	1.4667611801805553	11.718
18.902694	0.073993	8.974961	0.077651	-1.159512	0.077637	-12.388965	0.0687	19.6739	0.2358	187.85534228777357	2.02959510888188	33.86025821228248	0.36686945663656906	166.07911806906924	1.53321885933894	11.718
18.902768	0.071156	8.968954	0.068012	-1.159513	0.065417	-12.400053	0.06417	19.6793	0.2362	187.74032201130362	1.860271353709368	33.88034027714553	0.3156621105057979	165.91530053856917	1.3525896413840857	11.718
18.876929	0.074531	8.944474	0.069782	-1.203909	0.068411	-12.416208	0.069614	19.7063	0.236	187.7660269645138	1.9301268120888109	33.81384627946646	0.32560496633078345	166.33321043459532	1.4479204631420062	11.718
18.873032	0.073326	8.972808	0.071868	-1.194261	0.070804	-12.410869	0.069706	19.6793	0.2362	188.37731649501688	1.9536128170781262	33.75170188824532	0.33491677721615254	166.26930547208437	1.4728408983896033	11.718
18.859483	0.073223	8.932081	0.072988	-1.201971	0.071512	-12.436041	0.07082	19.6631	0.2348	187.86160508160714	1.956442584212173	33.861665677444016	0.341428568084278	166.01086683433533	1.4872747429294721	11.718
18.879101	0.071927	8.952564	0.077632	-1.180744	0.068209	-12.405211	0.066656	19.6793	0.2362	187.8779771243111	2.0030471672736017	33.86414944697424	0.3453482084061653	166.15288733675652	1.4117381556375608	11.718
18.90247	0.076675	8.978886	0.072874	-1.157579	0.066015	-12.399872	0.065096	19.6631	0.2348	187.8857478424827	2.0027845650810177	33.844939041551484	0.32831538382018133	165.8469692718459	1.367696400515388	11.715
18.888843	0.072564	8.962288	0.073308	-1.190389	0.069693	-12.404758	0.070241	19.6847	0.2364	187.8776278222221	1.95227613823543	33.799547518723664	0.33673857430104015	166.30249823568442	1.4673567162794479	11.718
18.882849	0.072799	8.976525	0.069803	-1.18074	0.068207	-12.399418	0.068979	19.6901	0.2365	188.26131129217805	1.916698703642453	33.78428224311617	0.32461059949568793	166.23861432776195	1.4374532777796918	11.718
18.881049	0.073413	8.972635	0.071819	-1.182673	0.069693	-12.40328	0.071885	19.6847	0.2364	188.2216025134593	1.9509155537367084	33.79078859565544	0.3329919105567533	166.21004563407678	1.4831132948394468	11.718
18.88517	0.077297	8.964544	0.069399	-1.190395	0.068513	-12.403235	0.068786	19.6955	0.2364	187.9899266715513	1.9684517746573733	33.79201830792519	0.3245133413785719	166.32517108868487	1.4401171455404553	11.718
18.879027	0.069591	8.966628	0.074846	-1.190396	0.073197	-12.408847	0.06846	19.6793	0.2362	188.1459400045949	1.9398431355741754	33.78508180439799	0.34822373717597155	166.24199689965238	1.485156803974313	11.718
18.881124	0.070205	8.956558	0.069783	-1.188466	0.074073	-12.407006	0.070871	19.6793	0.2362	187.91527817244338	1.8742581850019575	33.82504587186152	0.33930618423186854	166.24066045754705	1.5191209800445846	11.718
18.872809	0.072026	8.948537	0.070562	-1.184605	0.066925	-12.410732	0.076987	19.6739	0.2358	187.9208369862161	1.9092803629702018	33.864706508622334	0.32501462110736906	166.12832088884622	1.5095786228817503	11.718
18.908763	0.079932	8.954717	0.075662	-1.180748	0.0736	-12.401712	0.069855	19.6739	0.2358	187.35874395728453	2.071642252960175	33.856947734122	0.35259721757187057	166.20475064656725	1.5030058779820779	11.718
18.864867	0.075342	8.944716	0.072436	-1.207776	0.06779	-12.420206	0.068229	19.6793	0.2362	187.9989252760047	1.980685510839831	33.80016139264221	0.3302905643657825	166.3312628063374	1.426787206837775	11.718
18.870861	0.070101	8.95062	0.068952	-1.184607	0.069018	-12.405302	0.065049	19.6793	0.2362	187.99720646675345	1.863409934623964	33.85774106717164	0.3259067902297914	166.20874264482998	1.4048521353432075	11.718
18.895805	0.069593	8.974684	0.086709	-1.178813	0.07446	-12.394124	0.070215	19.6739	0.2358	187.9805234288252	2.106636249945192	33.79681756331979	0.3804324214806626	166.28853557973582	1.5174509643898746	11.718
18.883221	0.070895	8.966628	0.073156	-1.173021	0.072121	-12.408847	0.071826	19.6793	0.2362	188.06635644172079	1.9319842474180502	33.84297513977635	0.34287708704486947	165.984920466259	1.5036679783249889	11.718
18.872512	0.080887	8.95444	0.07117	-1.169158	0.074841	-12.40687	0.075049	19.6739	0.2358	188.03832861132108	2.0426546418273825	33.89663398065965	0.34580413990198383	165.9570463491451	1.5652255232058345	11.718
18.868466	0.066477	8.932357	0.065066	-1.203908	0.067362	-12.425364	0.068339	19.6901	0.2365	187.69697621511568	1.757183336035276	33.85427162625766	0.31279928059833795	166.1974854442194	1.4211989719408082	11.718
18.884946	0.070026	8.944302	0.069799	-1.190392	0.071517	-12.401259	0.068157	19.6847	0.2364	187.56330181733063	1.8655428411081414	33.8508534275882	0.3337867051447082	166.31186593709418	1.4655860280393769	11.715
18.87858	0.0685	8.946281	0.070087	-1.201974	0.069693	-12.425136	0.069176	19.6793	0.2362	187.72089940174624	1.852245760753917	33.80561943632941	0.3292523319704944	166.12965508955978	1.4535316773846823	11.715
18.875576	0.073525	8.946834	0.071265	-1.17689	0.067146	-12.411141	0.065676	19.6793	0.2362	187.83623820933622	1.9371393338198721	33.89621109825417	0.3278378330109527	166.00819112684894	1.3879319307540061	11.718
18.898722	0.068561	8.967009	0.069028	-1.169168	0.074232	-12.403825	0.070737	19.6901	0.2365	187.7800419918376	1.8394876799022017	33.854567757687704	0.33856266095440224	166.00219366355194	1.5150970656286635	11.718
18.847867	0.079443	8.93253	0.073705	-1.201982	0.07476	-12.436632	0.075079	19.6631	0.2348	188.090190068391	2.0557030523764883	33.860129224702014	0.35075613424849994	166.00230169544398	1.5655425355492796	11.718
18.885989	0.069583	8.956869	0.068532	-1.17882	0.0732	-12.394532	0.069939	19.6847	0.2364	187.82910412639248	1.847519044458215	33.85619649700165	0.33494419616381554	166.28259421195474	1.5009810055702808	11.718
18.881794	0.073413	8.954855	0.070376	-1.188473	0.071949	-12.414776	0.072192	19.6847	0.2364	187.870367040609	1.9246507638154913	33.830699017850115	0.3356785203266207	166.12571644099822	1.5082526636627238	11.718
18.907709	0.071716	8.963257	0.070308	-1.173036	0.071953	-12.389463	0.071652	19.6793	0.2362	187.49150173168564	1.8935241293028418	33.84551193959822	0.33590983505586425	166.22941383827947	1.5049059606824309	11.715
18.864569	0.076626	8.946592	0.075043	-1.182677	0.073519	-12.408983	0.071777	19.6847	0.2364	188.0401177123461	2.033448785518565	33.87765734717817	0.3513589665149964	166.12566646264966	1.5204402977890497	11.718
18.904419	0.069822	8.98083	0.068488	-1.16337	0.065896	-12.390579	0.068582	19.6847	0.2364	187.88567803397925	1.8517578999980548	33.81912990685666	0.3168538302441985	166.06978386540175	1.4068312376500625	11.715
18.855809	0.073104	8.93635	0.071002	-1.196186	0.067143	-12.412437	0.07092	19.6793	0.2362	188.01203148474028	1.9315774449937482	33.866732351784556	0.32662116912177386	166.27460237460886	1.4477812662489977	11.718
18.868317	0.068042	8.96451	0.068471	-1.184602	0.070167	-12.421592	0.066776	19.6847	0.2364	188.30915404376768	1.8354049228530884	33.81141941248521	0.32661391269798695	165.96771991697713	1.4306374219498288	11.718
18.882849	0.076377	8.940274	0.068086	-1.205835	0.067682	-12.436222	0.068976	19.6739	0.2358	187.52688738105866	1.9298389289665114	33.81276726607201	0.31993801963137886	166.022784922747	1.4285982552242151	11.715
18.876632	0.071935	8.970517	0.070909	-1.165296	0.074994	-12.397623	0.067381	19.6739	0.2358	188.26529917691968	1.919654002509658	33.85578368786456	0.3447399634092624	166.0366087405999	1.4902901450290107	11.718
18.878134	0.073845	8.956143	0.072975	-1.20969	0.079469	-12.428544	0.074295	19.6793	0.2362	187.91592759427652	1.9662757111619364	33.74716654701589	0.358166354094446	166.19345168138176	1.6115752871205378	11.715
18.882775	0.076888	8.962392	0.066946	-1.182669	0.07152	-12.412255	0.070039	19.6847	0.2364	187.994523501546	1.9319654993959805	33.82491978173225	0.3266225017342703	166.077151746874	1.4804453066106782	11.718
18.874534	0.075624	8.942322	0.074262	-1.188462	0.073437	-12.423387	0.073226	19.6847	0.2364	187.7706181384957	2.0037555360830526	33.8725865178009	0.34919984924854547	165.99823129305767	1.5322831113024444	11.718
18.891983	0.068545	8.956731	0.069801	-1.184609	0.069406	-12.414595	0.06825	19.6847	0.2364	187.7131612051809	1.8483537089047515	33.8373334484208	0.3284361961965148	166.07123556050493	1.4394987455682149	11.718
18.88996	0.077091	8.958779	0.07387	-1.180748	0.071076	-12.422001	0.069755	19.6901	0.2365	187.79011942995712	2.018924458640519	33.8433796960443	0.3421579104604126	165.90478597093312	1.46975854167467	11.718
18.885765	0.076883	8.976906	0.072624	-1.182679	0.074764	-12.409119	0.07203	19.7009	0.2363	188.2131528790436	2.0088439782881675	33.77656491206583	0.34652096520897235	166.1236881362641	1.53623332577861	11.718
18.875055	0.072607	8.960689	0.074305	-1.190399	0.075363	-12.405302	0.070494	19.6847	0.2364	188.10861469045037	1.9711320878589211	33.80483713874075	0.35244485305635803	166.29457635699745	1.5301587089279907	11.718
18.883445	0.072216	8.956661	0.072931	-1.180746	0.074228	-12.410823	0.070576	19.6793	0.2362	187.87331325991107	1.9424626381228614	33.850457821256455	0.34747539700862484	166.06988378469993	1.5146425495791127	11.718
18.86158	0.069369	8.950205	0.0677	-1.190389	0.074765	-12.42684	0.068939	19.6901	0.2365	188.16537774169646	1.8401841497114906	33.8398221837183	0.3365820767614211	165.9756750156677	1.5021930478623287	11.718
18.885393	0.082423	8.966662	0.082062	-1.169161	0.07979	-12.410732	0.075312	19.6739	0.2358	188.02583475077444	2.2048111003430484	33.85574966776752	0.3823124310491885	165.9000759709182	1.619210855379461	11.718
18.853266	0.073034	8.946212	0.070432	-1.196181	0.067578	-12.419525	0.064053	19.6739	0.2358	188.24744183736257	1.927923085596343	33.83381989774269	0.3256101012609483	166.1695096185903	1.3785678784952469	11.718
18.884946	0.078998	8.962427	0.069071	-1.178809	0.072873	-12.403099	0.068979	19.6847	0.2364	187.95403346794785	1.987711778838398	33.837679798780066	0.3350163065734061	166.1555089581249	1.485382245009353	11.718
18.863974	0.070024	8.950343	0.072576	-1.217417	0.06725	-12.423342	0.065756	19.6847	0.2364	188.12255381671457	1.9137301843645556	33.74940823568725	0.32841920735163876	166.42781931872764	1.3968953451109605	11.718
18.880975	0.079082	8.952461	0.075959	-1.190395	0.073834	-12.408756	0.073228	19.6793	0.2362	187.8405518034444	2.0745588411908265	33.83227646600506	0.35333982574931466	166.24331673732416	1.5410070013906265	11.718
18.891611	0.070743	8.956558	0.071737	-1.186535	0.067684	-12.403326	0.069873	19.6793	0.2362	187.66886958001461	1.9031464964423612	33.82282231538549	0.32887919439183894	166.22403197978568	1.441611624733795	11.715
18.877078	0.068242	8.956627	0.068886	-1.188467	0.068818	-12.396055	0.064413	19.6793	0.2362	187.9932242427877	1.8375002030777046	33.824809697437324	0.32464639361006803	166.40312774551023	1.3995072706739722	11.718
18.904792	0.075847	8.964891	0.073268	-1.192333	0.071429	-12.418411	0.067957	19.6847	0.2364	187.57733953448667	1.990073125503501	33.77576660396057	0.3402580574950537	166.08651523499162	1.4586282055351805	11.715
18.870638	0.070894	8.95253	0.072533	-1.200048	0.071074	-12.429089	0.069441	19.6901	0.2365	188.03764390775126	1.9229118480787626	33.79987543540321	0.33808198830266717	166.08521255071994	1.4696943642871632	11.718
18.900373	0.066875	8.966801	0.070239	-1.184609	0.065045	-12.416435	0.065862	19.6739	0.2358	187.69684732320852	1.8325183713890398	33.795112641937344	0.31869728798081176	166.00151549691978	1.3681009149502181	11.715
18.886969	0.075451	8.938226	0.079609	-1.192322	0.069209	-12.414095	0.069788	19.6685	0.2366	187.45860922522255	2.066693387328482	33.87338015772452	0.352714277239891	166.19276773431844	1.45561401924179	11.718
18.878803	0.085039	8.952426	0.079389	-1.192324	0.078231	-12.412391	0.076758	19.6685	0.2354	187.88099320970971	2.2019626542218833	33.82595654704373	0.3716349282039706	166.21804631442475	1.6236339931910426	11.718
18.859037	0.080102	8.933888	0.072337	-1.192314	0.076018	-12.430248	0.070107	19.6847	0.2364	187.90424301457895	2.0433460295633523	33.88791654385917	0.35117199153129264	165.95378487452538	1.527099537554644	11.718
18.870266	0.077993	8.952357	0.070603	-1.18074	0.068207	-12.4123	0.070273	19.7009	0.2363	188.0414171404577	1.9946351039309393	33.864858708480675	0.3280800580241117	166.04794663213633	1.4478266340243173	11.718
18.843838	0.069325	8.927605	0.073141	-1.213541	0.072202	-12.42441	0.06485	19.6847	0.2364	188.0731975130545	1.9113137290498625	33.83797780263698	0.3429296537119104	166.3544224193786	1.440095600407543	11.718
18.88749	0.074477	8.962634	0.071564	-1.173022	0.07195	-12.412573	0.071776	19.6685	0.2354	187.90978932048856	1.9555578037772277	33.8563066052462	0.33897445411817484	165.92990705554027	1.5003631135268374	11.718
18.85514	0.072253	8.952149	0.071816	-1.198109	0.071514	-12.419389	0.068436	19.6955	0.2364	188.32468920807833	1.9373140120533476	33.807601672985626	0.3375688334074614	166.2000742096037	1.466058031776496	11.718
18.850946	0.072253	8.946108	0.069142	-1.190387	0.069306	-12.417549	0.069937	19.6847	0.2364	188.289562748456	1.9010924393380193	33.85350429846249	0.32695636006677953	166.11300999550625	1.45679565803981	11.718
18.874237	0.069002	8.948226	0.068083	-1.19425	0.067683	-12.421365	0.067687	19.6847	0.2364	187.88791916812394	1.8348916606907228	33.83354163340717	0.3202437860925041	166.11370269187327	1.4162618642123868	11.718
18.867871	0.076413	8.936108	0.072633	-1.207762	0.072618	-12.41764	0.075238	19.6739	0.2358	187.77911682626302	1.9932736382952578	33.82889076663997	0.34252098059438146	166.3691332028343	1.551897609422061	11.718
18.858352	0.068499	8.930516	0.070086	-1.188469	0.071077	-12.412709	0.069957	19.6955	0.2364	187.85338246722662	1.854356988774335	33.91208613810354	0.3345300069772664	166.156251707264	1.4763322589507344	11.718
18.874683	0.074443	8.950447	0.073868	-1.196186	0.07438	-12.408756	0.07018	19.6847	0.2364	187.92152126183598	1.9858195100068095	33.81968111242577	0.34940104588225346	166.32918244432173	1.516982629807661	11.718
18.889737	0.079478	8.958675	0.077074	-1.200051	0.081022	-12.414504	0.078876	19.7009	0.2363	187.79238055578264	2.0935258963426575	33.779419182798954	0.3718394433885404	166.30126085648817	1.6768176490733944	11.718
18.856478	0.075466	8.94673	0.073296	-1.194263	0.069694	-12.418366	0.075383	19.6901	0.2365	188.19627511766234	1.9978857800218357	33.838488774609345	0.3374866585001454	166.15828036320272	1.5197978767633096	11.718
18.881422	0.076171	8.960724	0.077459	-1.184608	0.072119	-12.41823	0.070711	19.6739	0.2358	187.9885574870204	2.0585584302896893	33.824017112030795	0.35284659087481507	166.017483516351	1.492654927634621	11.718
18.896625	0.077086	8.958952	0.074662	-1.17496	0.068515	-12.401984	0.067357	19.6739	0.2358	187.6193995780551	2.0260803378220062	33.8534624907712	0.33852102993961575	166.07252065968515	1.4212322564011826	11.715
18.871084	0.074443	8.950723	0.070974	-1.194262	0.070441	-12.403598	0.071404	19.6901	0.2365	187.99494299587178	1.9491381946870352	33.82517197318497	0.3334054507624951	166.37717756883677	1.4887564649599359	11.718
18.847198	0.07211	8.952357	0.072486	-1.200044	0.070164	-12.316588	0.066604	19.6685	0.2354	0.0	0.0	0.0	0.0	0.0	0.0	0.0
18.686741	0.079324	8.964891	0.074951	-1.169166	0.071077	-10.86184	0.088372	19.6739	0.2358	0.0	0.0	0.0	0.0	0.0	0.0	0.0
18.326179	0.072543	8.936523	0.072928	-1.016589	0.072223	-8.953033	0.086471	19.6955	0.2364	0.0	0.0	0.0	0.0	0.0	0.0	0.0
17.9243	0.073234	8.968538	0.073958	-0.575708	0.071585	-7.0549	0.090474	19.7117	0.2356	0.0	0.0	0.0	0.0	0.0	0.0	0.0
17.534417	0.068574	9.035254	0.06436	0.056128	0.065506	-5.316198	0.088664	19.717	0.2351	0.0	0.0	0.0	0.0	0.0	0.0	0.0
17.169583	0.078743	9.148065	0.071518	0.808359	0.076846	-3.71338	0.089655	19.7332	0.2364	0.0	0.0	0.0	0.0	0.0	0.0	0.0
16.845207	0.077444	9.325679	0.07208	1.643118	0.079276	-2.19772	0.079666	19.744	0.2367	0.0	0.0	0.0	0.0	0.0	0.0	0.0
16.585328	0.069605	9.535546	0.070175	2.478817	0.076693	-0.778615	0.081089	19.771	0.2353	0.0	0.0	0.0	0.0	0.0	0.0	0.0
16.316973	0.073325	9.729168	0.073395	3.305534	0.078835	0.491468	0.079333	19.771	0.2353	0.0	0.0	0.0	0.0	0.0	0.0	0.0
16.125838	0.07376	10.016077	0.078229	4.119341	0.071762	1.721411	0.075398	19.771	0.2353	0.0	0.0	0.0	0.0	0.0	0.0	0.0
15.906096	0.076471	10.226533	0.077965	4.864693	0.079068	2.845791	0.083628	19.7872	0.2367	0.0	0.0	0.0	0.0	0.0	0.0	0.0
15.796732	0.07196	10.51244	0.07074	5.63837	0.069047	3.908524	0.070773	19.8034	0.2369	0.0	0.0	0.0	0.0	0.0	0.0	0.0
15.668348	0.072714	10.78826	0.077281	6.364569	0.079424	4.88876	0.068897	19.8249	0.2356	0.0	0.0	0.0	0.0	0.0	0.0	0.0
15.543257	0.069831	11.000783	0.070991	6.998589	0.076998	5.755383	0.079537	19.8357	0.2366	0.0	0.0	0.0	0.0	0.0	0.0	0.0
15.500297	0.076225	11.299858	0.066809	7.669027	0.068555	6.641593	0.074025	19.8627	0.237	0.0	0.0	0.0	0.0	0.0	0.0	0.0
