17.36941125240215	0.07169042446574422	7.580918645828777	0.07472793850536619	-1.0706754517078745	0.07477776210085582	-12.132636427831748	0.07178277682446335	19.5498	0.2348	190.47878292000408	2.0151379118731056	39.65373609342663	0.4845412496307827	168.5505998751839	1.579395501137699	11.715
17.37580138973869	0.06608617446390472	7.588987368356319	0.06990931721041813	-1.076470576137748	0.06758820755612667	-12.151149560679066	0.06900373077585592	19.5391	0.2355	190.51145288425502	1.872668092998032	39.59029416894781	0.44426179198074706	168.35703869377448	1.4683632995335205	11.715
17.39982682213837	0.07402754413264166	7.60547755779345	0.0753916334586389	-1.0590922918312078	0.07221906228520364	-12.120536381612311	0.0716775483893933	19.5391	0.2355	190.3648836690998	2.0536228689292213	39.59435206653996	0.4770779548920913	168.55847601707228	1.55052013228634	11.715
17.39100891414632	0.07722038895742006	7.5792372576207	0.07488780243495988	-1.0784056287739114	0.07384841145636402	-12.136809594089232	0.07459895421896912	19.5067	0.2346	190.0268599383386	2.0833211517343266	39.626031430597976	0.48138576109678655	168.60481532141145	1.6004443260191141	11.715
17.36503756981337	0.07161626573939893	7.574823596066618	0.07204134912608268	-1.0841940687850138	0.07328957277881576	-12.152769724315794	0.07741127229191877	19.5175	0.2354	190.4452919334921	1.9760303561912367	39.61974006863794	0.47022102620687595	168.44987253530627	1.6223405052403275	11.715
17.371427487887594	0.07195638863588233	7.576884431495813	0.07381640841227002	-1.0919201946626136	0.07196001755009537	-12.149173907958762	0.06630943312777444	19.5067	0.2346	190.361117163583	2.003507189630527	39.57500992650659	0.4706188618910603	168.6223547606153	1.49224957171055	11.715
17.375733103213626	0.07065168211731268	7.58495295811417	0.06758403630814441	-1.084195767621852	0.06602042703532401	-12.149262760071538	0.06795302207287832	19.5444	0.2353	190.4342790553606	1.9016912730466884	39.57343909820153	0.431283704523408	168.50328692937933	1.4427904215758698	11.715
17.36066406433929	0.06928621193330176	7.574736067595374	0.06838606157709812	-1.1092985465673175	0.06892301837138297	-12.15816324203626	0.06782518607096538	19.5391	0.2355	190.52870192197733	1.8953925185615714	39.505603601770574	0.44169729119937795	168.7503838368273	1.4768886187888242	11.715
17.390462123334554	0.07624411635286105	7.593021876557628	0.07528866177471545	-1.0861279890681876	0.07507668817565388	-12.140139490417605	0.07227796009088325	19.5337	0.2357	190.3048256849457	2.081313005904107	39.52783791531278	0.4842382323844017	168.67181277077063	1.5901927243766758	11.715
17.35328141199269	0.07147488031932438	7.57714710360066	0.06997946897996052	-1.0841987407106788	0.07345208967105589	-12.140361463912024	0.06925883193523777	19.5229	0.2356	190.7195727375625	1.9514331587777698	39.60909023815146	0.4639449541187103	168.6389939258856	1.539866913358735	11.715
17.367190263538426	0.07356534418903382	7.572850315111435	0.0760098205249385	-1.0938510131196324	0.07384624330761094	-12.147287120224053	0.07495242002580987	19.5391	0.2355	190.3650647352709	2.05595951515026	39.58461427690487	0.48403544963754624	168.6805930983919	1.6056979266874358	11.715
17.36746327072623	0.07329413053317496	7.588987368356319	0.06784742133160357	-1.0841961923393524	0.07072769578570004	-12.15299192009753	0.06771225192259056	19.5444	0.2353	190.6739022458166	1.9475253283772258	39.55502921509119	0.44697910172119704	168.44652337794844	1.4900852179535284	11.715
17.369820823724172	0.06919756206675653	7.575086193616383	0.06698642198709298	-1.0996486021360012	0.07312805837278416	-12.149484896099723	0.06889737489770262	19.5283	0.2357	190.35739391961818	1.8717392646667255	39.54795589821956	0.45211890680631317	168.73554582343348	1.5342440907558328	11.715
17.359125433832013	0.07266267618669482	7.572966992448779	0.07656661631577552	-1.0977154145452332	0.06970224409040406	-12.151149560679066	0.06883254673841414	19.5283	0.2357	190.52421534859337	2.0550650893984908	39.56643929829995	0.4724852883899482	168.68062302372348	1.494928362393838	11.715
17.36565176690242	0.07227063374011193	7.567076212261421	0.07440526772415307	-1.115098305467007	0.07439159060545691	-12.140272673529571	0.07094912414589927	19.5391	0.2355	190.28277609580218	2.014309906499787	39.51406740680502	0.4788527554977461	169.11298597894188	1.5768325300391313	11.715
17.350787879041143	0.07621708031670699	7.556947678739188	0.07229771745881103	-1.1150961381857416	0.07757417510277935	-12.182467679741567	0.06945050731653174	19.5444	0.2353	190.37477845146682	2.0420308916684973	39.560227827909706	0.48373944312275674	168.46819963716936	1.5849319967092683	11.715
17.34016190674908	0.06932198128522615	7.55886269103271	0.06966478696172149	-1.093851474421144	0.07117519844480971	-12.15285860164313	0.06712219811512722	19.5283	0.2357	190.61886536767193	1.9152660727766033	39.64860303612851	0.45636410623357476	168.59561955901506	1.4914736180268864	11.715
17.35495662117426	0.07665559366723988	7.5549453392059505	0.07545330908836712	-1.1073715295437332	0.074390689318629	-12.147464797920081	0.0720763244274579	19.5444	0.2353	190.25489917059292	2.0881537612091194	39.60465015645222	0.4844482488338479	168.88445713246804	1.5845136307239651	11.715
17.36578826104453	0.07414318147530519	7.569136993182029	0.072614749531133	-1.0899929192930153	0.07320963728249072	-12.147731324314591	0.06700933480596699	19.5337	0.2357	190.32015199295378	2.0161241013070397	39.619226481047974	0.4717919339634585	168.61496356929925	1.513372210837082	11.715
17.368009310851324	0.07212115857279285	7.561185397022254	0.06913380611964498	-1.1093068643178463	0.06970274411548671	-12.151505037951503	0.06664368018660505	19.5337	0.2357	190.1227323651986	1.9368299565348714	39.56730699833896	0.4480074130957306	168.8522637434248	1.4746514560467225	11.715
17.327520605720995	0.07093249923876441	7.534777754563253	0.07368773234742833	-1.113162337215016	0.06931671803453252	-12.150927398057915	0.06498026388996102	19.5337	0.2357	190.39611135108325	1.988596084201557	39.67049094816534	0.4640793394200711	168.92008011078028	1.4540444319154537	11.715
17.357041018687436	0.07184931958591431	7.574969481345944	0.07006725840066709	-1.1093027053166604	0.06589993745340036	-12.145622394578119	0.06771293111783568	19.5337	0.2357	190.6038154806089	1.9554788607008384	39.50452286123107	0.437558804374902	168.9422027286639	1.4463957846308726	11.715
17.344262263990416	0.07923933422429891	7.550824377251395	0.07757806404944373	-1.103507139178549	0.07499974268900363	-12.156498784673557	0.07167179794066791	19.5229	0.2356	190.38259903054205	2.1557365874597005	39.64119337003249	0.4942555576844364	168.68737606270508	1.5832349242962085	11.715
17.356768181102783	0.07565345361013258	7.554828943871502	0.07572958568131011	-1.0919197406799228	0.0710853850742867	-12.14360235195769	0.07020908633909528	19.5337	0.2357	190.21747770477023	2.077307025817897	39.67595701539272	0.4765923850610199	168.70735650867425	1.5251906695401398	11.715
17.331620769449014	0.06728865154527924	7.546761743344378	0.07080297735864924	-1.109299586231103	0.07008054105620891	-12.145355919796964	0.06618515834411069	19.5337	0.2357	190.5495166917917	1.902156413973874	39.63327153875318	0.4561319557170453	168.94623423140095	1.4756506001788712	11.715
17.348294484767024	0.07340936663054777	7.548763969504621	0.07261165933925545	-1.1112307023571781	0.06800619762800975	-12.156409881476584	0.06608387356683741	19.5391	0.2355	190.26423310970503	2.004743266665037	39.61527023173217	0.45509627121772206	168.80669186846131	1.449249439619831	11.715
17.329332345679628	0.06745485338953676	7.5286554672065185	0.07166431727368733	-1.1150912620434426	0.06862239782427568	-12.163645464555403	0.06975339187810796	19.5229	0.2356	190.24197832874916	1.910385362034409	39.68973639292816	0.45559589614243906	168.75512615918993	1.4945523909708163	11.715
17.310780211782205	0.07389434508318499	7.5407551644213395	0.07003366563007471	-1.1150928873873618	0.06921677670014072	-12.172989835813892	0.07182236393827925	19.5283	0.2357	190.83883094293637	1.9886464479065789	39.63424809189891	0.45086866969932693	168.61254603994666	1.520954079928834	11.715
17.34730091492446	0.0753179536711545	7.555236343234905	0.07545420285019024	-1.1093079041075533	0.07653269712334963	-12.147909015144414	0.0704799376193152	19.5283	0.2357	190.4092997621897	2.073099817449909	39.5944690612423	0.49112370041184017	168.90728630979768	1.5919953108892317	11.715
17.33882716614244	0.06871345236945324	7.5591829616301505	0.07159486583107064	-1.1054443799407758	0.06892430836505906	-12.166243927803245	0.06580467320684	19.5337	0.2357	190.6511238375401	1.9345336847658114	39.59408934821732	0.4541292525516571	168.56829836337408	1.452284834266461	11.715
17.336606600621177	0.0738983405221133	7.55111521565526	0.07275289792844847	-1.1093058245439997	0.0697011828160178	-12.155100950444238	0.0691730752678681	19.5283	0.2357	190.5372029846254	2.01920833717181	39.61331989966074	0.46085230292908225	168.79727869926398	1.5006463322677868	11.715
17.340775197680347	0.07133871022069777	7.557122325465321	0.06779211883414867	-1.1073746048629534	0.06578268899227793	-12.156943320372813	0.06659937299450422	19.5444	0.2353	190.57300812630223	1.916945581026084	39.594685287535555	0.43167037006339	168.7396319554469	1.429532976478974	11.715
17.36612950578839	0.07230362138219897	7.571285315187169	0.07087698243654036	-1.0880637391046417	0.07263579303933959	-12.142425965840262	0.06708601550377964	19.5337	0.2357	190.3552646718629	1.9676964842747284	39.61822383879213	0.46432057976842656	168.66646126468987	1.5086432863555457	11.715
17.306680315813068	0.06874116090800333	7.524767331268246	0.06613831231518875	-1.1228176396206175	0.07631842080242882	-12.18040286144014	0.07459270916127006	19.5283	0.2357	190.6069049343843	1.8587738214894352	39.67212005271603	0.46330249019812525	168.61729943011474	1.6273332602008768	11.715
17.356904598823096	0.07073340303969876	7.546878011566461	0.07050587934616226	-1.122819352816821	0.07108249905520711	-12.165799053946396	0.06773364304279733	19.5229	0.2356	190.06066311212308	1.9349204904484234	39.57093479878003	0.4569709406597233	168.84031382678683	1.5012091043791667	11.715
17.324033154802276	0.07697627099002441	7.52906142545718	0.07284076418175002	-1.1344096328935402	0.07229459460741594	-12.184532557939288	0.0705347619688145	19.5229	0.2356	190.35278608672584	2.0595277449324296	39.59937383301842	0.4690916451468988	168.7311689624335	1.5422815070328622	11.715
17.328201523352558	0.07686841733498992	7.537070176905154	0.07651071156207076	-1.1170299966919732	0.07624521991871089	-12.156898865324225	0.07236670976146423	19.5337	0.2357	190.42744830484435	2.1093523033061716	39.6422530649501	0.4947891328301	168.88788992948884	1.6081298856333812	11.715
17.34730091492446	0.0713460856341403	7.547226837729701	0.06882811628314991	-1.1266884362812095	0.06921792395275234	-12.175544303170149	0.06846210483204915	19.5337	0.2357	190.2536800880245	1.9245396301002067	39.551692435719126	0.44510306360356916	168.75051867669512	1.4869292420972602	11.715
17.307292376323566	0.07352838224681603	7.5190219001724765	0.07129287597210572	-1.1421328621401532	0.07279393016018523	-12.178961548630296	0.07174442259542696	19.5391	0.2355	190.48310555622348	1.9930562482805685	39.609964092081725	0.46597372873879633	168.93441144047415	1.564420049401118	11.715
17.3308986820053	0.08182381056220604	7.529322421736603	0.0775465235560778	-1.130553005213031	0.07344448943390963	-12.179406906412694	0.0731150840709848	19.5229	0.2356	190.2245219352546	2.187859460823872	39.6158157268099	0.48859978264273746	168.75054869891164	1.5828080643390283	11.715
17.364249672299902	0.07331965329719133	7.559357666122966	0.07124281040836472	-1.103516101821106	0.06715234101024863	-12.164668518121747	0.06986489658493236	19.5337	0.2357	190.16019321242362	1.9827234898286197	39.602104142466914	0.4475605163973728	168.5629207652785	1.4767499687456511	11.715
17.307496406114222	0.07090384625823827	7.529119423066301	0.06800400842035179	-1.118962243288465	0.07454606908874209	-12.171726261164459	0.07079119239682204	19.5444	0.2353	190.67583112758956	1.9157343719906632	39.669841517092394	0.46286038489950077	168.69085011731343	1.5690164499952373	11.715
17.30507236775217	0.074943267623982	7.5149599189545215	0.07242451949007479	-1.1344077879052126	0.07438761053428522	-12.189925179954406	0.06973032057531522	19.5229	0.2356	190.44726688001813	2.0273935146407562	39.66394316420168	0.4760990227041396	168.6488376982201	1.5553708405435753	11.715
17.318325167699097	0.07384881267499838	7.523286843938114	0.06839841645455043	-1.155655243088662	0.06891952362289365	-12.179362369152813	0.07071265446477665	19.5283	0.2357	190.35149191796577	1.9561291845422766	39.52878423327443	0.44224412883728886	169.13549471150054	1.5150027232272465	11.715
17.322493566127356	0.06755420831936776	7.539304715336788	0.07338878672019966	-1.1266901935768172	0.07296189507693271	-12.166466377062834	0.0696187979030189	19.5498	0.2348	190.582047097137	1.94312998240481	39.58784106580717	0.4727428708069496	168.8893078385583	1.5427905051757953	11.715
17.305752390302708	0.0685560541106101	7.5032370996259825	0.06787415800771324	-1.149861842933672	0.06715014805855225	-12.184844446482177	0.06456789812314652	19.5283	0.2357	190.20629940714295	1.8719245879081912	39.646839982819344	0.43746177198718006	168.96267310126876	1.42637212037713	11.715
17.34743726285308	0.07090758288003662	7.551289729452132	0.07044995072867083	-1.1305518044006138	0.06921791301570235	-12.168264208427134	0.06734227381328793	19.5283	0.2357	190.32993857680825	1.9420393588100937	39.51558293173803	0.4495261155823137	168.9208859655911	1.477931621697267	11.715
17.322153206391768	0.06855717957065904	7.511129490674525	0.06958649333030399	-1.136342491860696	0.06681901264452819	-12.171770769924292	0.06782050258687312	19.5337	0.2357	190.04134658594577	1.892177306756707	39.672638410860394	0.44259671785686533	168.95584940983557	1.4576511348253132	11.715
17.2946526752201	0.07692414654983526	7.516961942288551	0.07299111700158165	-1.1402006508026146	0.06969812977416562	-12.188083100061263	0.071220013180637	19.5391	0.2355	190.68921376719996	2.0680931314928888	39.62822985500478	0.46197765240532923	168.76538711241162	1.5222345479449995	11.715
17.337560457541993	0.07727310814672522	7.559532378691092	0.07052008287941491	-1.1131757003409175	0.07446940294652893	-12.163093026050648	0.06988567780761956	19.5391	0.2355	190.68263491228052	2.0401033976826883	39.55719782158941	0.46779260731078925	168.73430844441165	1.5594816689724622	11.715
17.305412372347117	0.06972784736266352	7.541132743784979	0.07272919742939747	-1.1517893558712924	0.06492249885459617	-12.193832232528132	0.07078905089032243	19.5337	0.2357	190.95112279123813	1.970367824900542	39.46521379096808	0.44260116830154517	168.85463850744094	1.4688274351293085	11.715
17.32430546901386	0.07242793017808676	7.539188559004039	0.07635577577811513	-1.1324810559494132	0.0715226875182425	-12.175499780489753	0.07219068167807452	19.5283	0.2357	190.5444948147975	2.0493778968639056	39.561934940369326	0.4773056313090527	168.83971718513612	1.5537232766920521	11.715
17.28423342330767	0.07459220633013879	7.494940598089702	0.06831590902576218	-1.1575783896152496	0.06374222492824733	-12.193609295828729	0.07160905716832654	19.5337	0.2357	190.4632123699946	1.9679774386882887	39.649497402855566	0.42815951223030835	168.9466234886863	1.4676290439099644	11.715
17.300972420760353	0.06987265668615733	7.516990893325886	0.06893411865638897	-1.151786632485562	0.06768713505161154	-12.189969753375358	0.06863908334249161	19.5337	0.2357	190.56660655924796	1.9117749684812904	39.57513364596962	0.44104803398168163	168.91368243320605	1.4751704807233885	11.715
17.321812860030768	0.07208262085415784	7.547023351882482	0.07052050559071477	-1.124753280025672	0.07566645683110702	-12.167863748954433	0.06818410059318591	19.5498	0.2348	190.7458116379184	1.9678305617947238	39.56144671310296	0.47187463353215087	168.83831449187886	1.5572661712813523	11.715
17.315424459232503	0.07190438977526922	7.534951877634192	0.07235624874416322	-1.1344071729185556	0.07229516256181451	-12.17514361089137	0.07539934432123295	19.5283	0.2357	190.63497625151157	1.988280839746503	39.57247901842205	0.4668893672043196	168.8746188985102	1.5977601525486538	11.715
17.32201706624259	0.07656507433957664	7.527088269939417	0.07411856802130713	-1.1459960076286009	0.07344402116599442	-12.184577112457612	0.07213106219121254	19.5444	0.2353	190.35362043930914	2.070943279102156	39.55548201214576	0.4758816088764381	168.90759243558009	1.5751634698086574	11.715
17.3454210180259	0.07276407300208208	7.543309349132117	0.07052074870455805	-1.1151031820894415	0.07296225243656775	-12.153569667560195	0.0703049750554928	19.5337	0.2357	190.21413153641126	1.9663532662846004	39.62250907935946	0.4643570229438656	168.9093463096237	1.5504275824681153	11.715
17.335203559405983	0.07177504692263517	7.537389519431121	0.07189133609794235	-1.1131735620705967	0.07384713108299075	-12.173969156325542	0.06740241190217758	19.5337	0.2357	190.29756542780208	1.9730783999442851	39.65846221788491	0.47248692583455526	168.56835861698667	1.5237486255860437	11.715
17.30964847698494	0.0704838291268084	7.523141962363362	0.07044693626751382	-1.138273490057055	0.06714943838030178	-12.195718896616677	0.0696362810733159	19.5337	0.2357	190.51743904077398	1.939982771720253	39.608771916753646	0.445060628431396	168.61943150227756	1.4751980874039106	11.715
17.294788590691855	0.06919098860232392	7.511013777373151	0.07041122661183483	-1.1498564545642675	0.06800455883027207	-12.188172233972193	0.06898355684834798	19.5337	0.2357	190.5706328996248	1.9228412476355652	39.61126537447523	0.44770654707655944	168.9116524279723	1.482298881099949	11.715
17.32068162160364	0.07517843415068934	7.541423215180352	0.06893723601097657	-1.1131740966314483	0.07117455457295561	-12.153747447179985	0.06712314164871716	19.5283	0.2357	190.6586451480716	1.9886285181801926	39.63997593082077	0.4538387383360468	168.8771134543406	1.49646095902278	11.715
17.303124377276657	0.07425501211435918	7.509011788151324	0.07436424996993352	-1.1537181563460892	0.07279257503626231	-12.204750545408679	0.07045355933721675	19.5444	0.2353	190.36948384601567	2.0426429541996267	39.602761638562164	0.47573036833403115	168.7172829361069	1.5466160874873802	11.715
17.309852538621215	0.06728832075093251	7.511216277990195	0.06872847187469869	-1.1382753790289584	0.06821453322950358	-12.157165600543994	0.06326781753172916	19.5444	0.2353	190.28159722723322	1.8678114182587933	39.66337476639597	0.44404500981360734	169.20943224218777	1.4287173580690622	11.715
17.269579355583122	0.07136524274924165	7.498915449200295	0.06699725056076751	-1.1517852708244174	0.0685184469409837	-12.195406738828844	0.06931626485588331	19.5391	0.2355	190.82635286467507	1.9117626001357533	39.65783122481966	0.4393186494551947	168.8305021793243	1.4900137621785654	11.715
17.262446672340623	0.0789151518126496	7.478523127221592	0.06964165706936283	-1.1730135409200046	0.07673626267483752	-12.18377518151028	0.06580229761466046	19.5283	0.2357	190.56773591119378	2.050021474900301	39.65399931719402	0.47496742147590865	169.33434935583622	1.5546014729646762	11.715
17.295377371735977	0.08085472689480343	7.516382968380774	0.07304026939392369	-1.1401879130196841	0.07151952497355257	-12.181665903691494	0.06938261918311042	19.5391	0.2355	190.66379235086157	2.1244313462790023	39.63093860506395	0.4679991047430408	168.86327717147495	1.523914304050378	11.715
17.318844009035995	0.07810501181719862	7.528626471864076	0.07187789196853213	-1.118952783804283	0.07143686695010908	-12.163600987910332	0.0656755700023823	19.5337	0.2357	190.445222615569	2.0648024187615444	39.672146272182474	0.4649102501827595	168.81480730444562	1.4832131061117086	11.715
17.28980554577144	0.08101817788773832	7.522678378821438	0.07386069446998374	-1.1324707256303213	0.07595422037062191	-12.185795422036854	0.0751116900257241	19.5444	0.2353	190.89545231177584	2.1427385493532363	39.637448759225826	0.48519195683398797	168.6822932947684	1.6301771365755926	11.715
17.30203657086653	0.0705875640160819	7.5045454177498545	0.06737063265890134	-1.1498456788049545	0.07072047675057708	-12.187459199573473	0.06856898241662926	19.5444	0.2353	190.3038368887364	1.8953229194767685	39.640920464957546	0.4473893884866902	168.92239928615786	1.5075339949241853	11.715
17.29927300859477	0.06870820056116597	7.512263530053042	0.06994790546795805	-1.1537002660421323	0.07035344282931515	-12.188855516673415	0.07275942121829182	19.5498	0.2348	190.50764816459193	1.9085509850378244	39.58798319533138	0.4532054960184092	168.9600296484177	1.5496391134812502	11.715
17.319388446182636	0.07968869489017574	7.518848148975304	0.0716440855059484	-1.1344053279859794	0.07212530990606067	-12.178694349760244	0.06801744670478606	19.5498	0.2348	190.24462955913202	2.080142816897375	39.646131948470234	0.4657740384191645	168.82029749906184	1.5154061561186072	11.715
17.287653853970756	0.06978358060653879	7.5186454493933175	0.06699841202087344	-1.1440553137454679	0.07007678242581916	-12.182066778384241	0.06975163196289016	19.5552	0.2343	190.85869118997894	1.8900156501502237	39.60289504527004	0.44322779098269666	168.91630927315504	1.5130816076377178	11.715
17.28482305501236	0.07103032415619391	7.502312466705008	0.07005887876924884	-1.1575629298336465	0.06757891260536081	-12.196312237856215	0.07021473615021952	19.5444	0.2353	190.59526094969087	1.9437967319799323	39.61581586592919	0.44529738419192405	168.9050187023001	1.4911328152463696	11.715
17.28260362121448	0.07423212114469577	7.502254684714176	0.07414231760991498	-1.1556309031516696	0.0725409847278918	-12.188855516673415	0.07261629719077366	19.5552	0.2343	190.63738629643686	2.045021585639884	39.6249206171055	0.4747315789361281	168.98959494004316	1.5721044369095238	11.715
17.304664379873962	0.07522011384744029	7.504776631490648	0.07193966543713737	-1.1421277081921777	0.06998125540808024	-12.178605286103842	0.07142915232207475	19.5391	0.2355	190.25729745007948	2.020701810876858	39.675242798366604	0.46050219722491675	168.9397858292353	1.5307018052494905	11.715
17.306748320398675	0.07021931531791023	7.508780434884813	0.06872940802969463	-1.1498510665212016	0.07108017391651297	-12.184131582094167	0.06700550181090402	19.5498	0.2348	190.29457741724048	1.9083363803055284	39.621507056335346	0.45244423015087376	168.97342383947338	1.4958808816333176	11.715
17.254908166548436	0.07228862465694658	7.46997028521025	0.07047607671440262	-1.1845813267757117	0.07089532729450354	-12.199505301303821	0.07644172653070022	19.5498	0.2348	190.54798108402147	1.9660163317007677	39.64018524726806	0.4578672557903864	169.27036106950806	1.6021526783354707	11.715
17.286159613268445	0.06841840885354059	7.50799972284963	0.07663826369015678	-1.1459716315752364	0.06901777533253474	-12.18292881456886	0.07034312043501341	19.5391	0.2355	190.6800644718946	2.003397057594195	39.64284316191451	0.47245060013461526	168.9324446410359	1.508374837827663	11.715
17.311707768859048	0.07997559888117038	7.514236411250076	0.08010679554341574	-1.1536995780239474	0.07359852275752832	-12.179601234352198	0.07595992761311636	19.5444	0.2353	190.30422139213857	2.1986856360071623	39.578975843348296	0.49672009050626614	169.10183098281448	1.6221248666044998	11.715
17.31218392283148	0.07177044255348605	7.518442760741019	0.07123654421505593	-1.140189186711274	0.07044679969585331	-12.187280954147358	0.06700460610889415	19.5391	0.2355	190.3767035970531	1.9656693479488527	39.62150501524781	0.45845027290323187	168.77746628462066	1.485377465011242	11.715
17.29025884150428	0.07411325651513936	7.509972518077914	0.069702720971392	-1.1459709728578076	0.07212184998140461	-12.192093544724973	0.07081322919449641	19.5552	0.2343	190.63860675076398	1.9831499863348305	39.63381109065902	0.4592520170358848	168.79227495358046	1.5444887096490945	11.715
17.328133429181083	0.08269852748771062	7.5190219001724765	0.06925838704934706	-1.1344090178924646	0.07108232709309972	-12.193698469519767	0.06986132644072059	19.5444	0.2353	190.0783932171272	2.0902616631838624	39.645318993068464	0.4546832389817481	168.59131560637516	1.519339392032424	11.715
17.267563536667293	0.07800185846069119	7.506951991527534	0.06964520920038472	-1.1537167800439385	0.06921511980026357	-12.186241005529997	0.07089401312429162	19.5337	0.2357	191.02288311534855	2.046504472997416	39.61218679292782	0.44909959583777165	169.00032306427227	1.5177326251143917	11.715
17.28665686161292	0.07673392476225341	7.515104637214985	0.0787074465048141	-1.1440657386127866	0.07152051438022253	-12.173568505959844	0.07144542091589161	19.5498	0.2348	190.8090051103865	2.1464557057348057	39.619041344751274	0.48658628735719645	169.04661956669736	1.5494165425949724	11.715
17.281945909149773	0.07216429276000316	7.490850386576781	0.06602569943403719	-1.1691606006789785	0.07262714029748611	-12.187949401664993	0.07225819053098675	19.5552	0.2343	190.42814504495655	1.9023460012034377	39.615195596868354	0.4490025550590479	169.2109897010377	1.573278231911422	11.715
17.35878434579253	0.07737878750809726	7.494738549963035	0.07707090305747466	-1.1556427246002514	0.07623787369428471	-12.202506999798684	0.07481116834191459	19.5444	0.2353	189.0198197487954	2.092787691477147	39.65929572838229	0.4970134934395358	168.7809419825666	1.6319495819306782	11.715
17.31825711163855	0.07276048809648442	7.5312666387947536	0.07414863767718854	-1.1382760086960322	0.07674089642798251	-12.173791086206046	0.07577958793873635	19.5498	0.2348	190.50801811803416	2.0221681088591517	39.57164098275237	0.48707526286787994	168.9545204936867	1.6511974594567784	11.715
17.268900832554593	0.07521592580666812	7.506633975488346	0.07048126323955589	-1.1498476991604583	0.07016831909594982	-12.185750865498502	0.07286339189360526	19.5552	0.2343	190.99049284562096	2.0166310145355935	39.6313470097058	0.45532546903402765	168.94857903508014	1.548606509256575	11.715
17.325776907148256	0.07531435390312285	7.518906065148364	0.07243525642616058	-1.1305445999062773	0.07559125521478398	-12.145622394578119	0.06937100963513049	19.5552	0.2343	190.12182258345425	2.025794084061489	39.66356274129909	0.4800941206991589	169.2679972921699	1.576618806472109	11.715
17.26903653289493	0.0768399270642468	7.508693681085383	0.07016284725271317	-1.1595027801957594	0.07116811916485458	-12.18583997890395	0.06827078238340734	19.5391	0.2355	191.0281418009696	2.0365278231631487	39.577786528440214	0.45630588777809433	169.09515142888907	1.5123857372415017	11.715
17.299500267607243	0.07141600561556696	7.51124520754111	0.07044602623955401	-1.1517927602188034	0.06725770496097669	-12.186686621956392	0.06920004785405653	19.5283	0.2357	190.48340555900438	1.9521500630064557	39.601353521468674	0.44523254275111934	168.96403188675203	1.4775878537173732	11.715
17.290620803151082	0.07365061904185191	7.501003997168824	0.06778731233475817	-1.1459946898294362	0.06577959522950827	-12.17527717202274	0.06816160098436322	19.5444	0.2353	190.4569091184643	1.9473983066613294	39.67480990219271	0.43339349947503575	169.04999589336623	1.4518967935738138	11.715
17.270713002940447	0.07113913103803098	7.488502530677665	0.0720585429753998	-1.1710822183909733	0.07116651084981036	-12.18741463772287	0.06961509736318108	19.5444	0.2353	190.60110836996387	1.9729602540361169	39.617145518214805	0.4633386544471961	169.24871975083605	1.5294865172977494	11.715
17.27515168110044	0.0726474838923301	7.492621344054608	0.06972427618754737	-1.1672240056488967	0.06541549114035805	-12.206012298137432	0.06449284268983288	19.5337	0.2357	190.5948761805326	1.961825602457464	39.61595331987215	0.4373697881192564	168.9044221991533	1.4055703393953474	11.715
17.281402688237076	0.07600775011143582	7.492621344055088	0.07176788701414202	-1.1633627143559377	0.06810326948324921	-12.18943489406604	0.07060007508368449	19.5337	0.2357	190.47316440771547	2.0340971486360866	39.63362534128127	0.4530118124326835	169.0992157436226	1.5043990493072779	11.715
17.2707808591844	0.0722393723611258	7.498540024974677	0.07164117285489527	-1.1614298930945512	0.07279096312688065	-12.192985116896041	0.0672448831111291	19.5444	0.2353	190.79555958081704	1.9863918839855141	39.61538346863613	0.46720779272280716	169.01516789751832	1.5182856803562454	11.715
17.306408302815083	0.07773413628116846	7.514641558400633	0.0800850581708507	-1.1305391969660368	0.07195292166404861	-12.174698428507867	0.07242132622945968	19.5498	0.2348	190.4150912689099	2.170367662191799	39.683152826874036	0.49418497503277636	168.8222814640874	1.5605372083809366	11.715
17.234346884557326	0.07103161347305442	7.454074486922215	0.0737165220633601	-1.1826541821548202	0.07253978126774617	-12.214417584469219	0.07070635158224278	19.5283	0.2357	190.63887819447584	1.9954148601466242	39.721987603881495	0.47565859238683944	169.0119784413064	1.5519439239690647	11.715
17.30473237651739	0.07571481182101979	7.510811287674741	0.07051622239711242	-1.149851740008922	0.0701679201339461	-12.191544349897791	0.07304271422108843	19.5391	0.2355	190.37320613555022	2.011166578208496	39.61221306435255	0.45499795652683245	168.85999494785062	1.5489552613835287	11.715
