19.407946089613006	0.07172121414504876	9.502877173759893	0.0815909992102406	-1.841817534606171	0.06962365629463915	-12.527665257165646	0.06847595608650148	19.6092	0.2346	188.04415343575914	2.062349069398902	30.209417161669858	0.2856171297108774	174.3044021741238	1.5929121820876697	11.703
19.42491050751279	0.08243782484135648	9.50698683658735	0.07526741209125518	-1.8649204144159703	0.07144285600337821	-12.535112606531511	0.0702577273742406	19.6146	0.2351	187.80042686400841	2.1137585062697686	30.137127172452256	0.2750182876223325	174.56014525968553	1.6392480734390056	11.703
19.39098309194127	0.08122051246589604	9.494731661492319	0.08203362634511813	-1.857208504023821	0.08011369758778078	-12.53492939137418	0.07734532051775939	19.6146	0.2351	188.21169935856747	2.1954850512560102	30.190135784708538	0.30494407726509176	174.43706561116593	1.8191975458108651	11.703
19.386474878025577	0.08001216763816305	9.498620745220778	0.07468542776369017	-1.8571951097020942	0.07911851256323502	-12.549456646047082	0.07753716542465194	19.6092	0.2346	188.3715388584628	2.0851586676646128	30.179832025741025	0.2891553711536258	174.19984468890513	1.8048098748416008	11.703
19.41852953078166	0.08123197078020752	9.508968185690895	0.07384246973132368	-1.8437455955734265	0.07100657859696853	-12.533227882247703	0.06730603921493634	19.6146	0.2351	187.95890495467646	2.0822180493294775	30.188078517615157	0.27240786898501107	174.24513639228292	1.5947998267051295	11.703
19.4247572273676	0.0774685649434909	9.50691332127807	0.07496677899881601	-1.8456670452538875	0.07212814276357774	-12.535020998276618	0.06847523412015621	19.6092	0.2346	187.801937259854	2.041324079897307	30.188433285807587	0.2766365276523408	174.24722833485637	1.6212190312249253	11.703
19.39579760976801	0.07493102516688317	9.515206558085316	0.07966310367197138	-1.8225883490780197	0.06676069640935707	-12.527939927412751	0.06860197683767631	19.6038	0.2351	188.5100080816771	2.086569464182305	30.22780159837669	0.27711126956817395	173.98684063528776	1.5557491309481684	11.703
19.427088646872864	0.07842628444768472	9.505005488646415	0.0774197152404788	-1.8553005721608171	0.08104432125673167	-12.518607486790634	0.07201119343546802	19.6092	0.2358	187.7216980851615	2.0849772998848675	30.167903327814614	0.29763526855055816	174.67285842152955	1.7759165525359473	11.703
19.402024938424116	0.07569100345001017	9.51315157822852	0.07551783486082296	-1.8476083390919307	0.07460722064019945	-12.537088953268087	0.0729860834791174	19.6092	0.2346	188.35212376181244	2.0365082325456485	30.166698135599027	0.2818814960615539	174.24516365503527	1.7013042309385717	11.703
19.401412576053108	0.07025133328784043	9.508821125524062	0.06931216935499851	-1.8552805236808654	0.0727136439840047	-12.544077837264869	0.06985533550552665	19.6092	0.2358	188.28133238079306	1.878295356258286	30.157827305319525	0.26658870482719604	174.25630259050314	1.6438302196210592	11.703
19.394726354354148	0.07360939789602358	9.474332989808824	0.07427654796049746	-1.857188412693586	0.06884769279004734	-12.542009874915648	0.07421424982209368	19.6092	0.2346	187.75367372640653	1.979137077476565	30.24453670811889	0.27031435558133227	174.32114383847636	1.6515710564285975	11.703
19.40343727523631	0.07361065640188769	9.526947720875285	0.07526923193133565	-1.8379548575419644	0.07754479807005081	-12.531159997321879	0.07609967146660465	19.6092	0.2346	188.58829230290766	2.0102964404960124	30.155701965071128	0.2867478050708878	174.18447272421696	1.7697938582925696	11.703
19.410277159552294	0.08302322437314927	9.533260500986344	0.07460471168814764	-1.8206537379987	0.07490697537149252	-12.522285572180042	0.07570073609696418	19.6092	0.2346	188.57822796006926	2.131093261581001	30.184886709823807	0.28106383801630314	174.04731613502906	1.7320306294147019	11.703
19.377764877496194	0.07871887216971958	9.494437998006294	0.07745045913388238	-1.8533325384315684	0.06962187733447717	-12.54559575463531	0.07473955525270722	19.6092	0.2346	188.457826166788	2.105746536123844	30.20122885956768	0.2771688710416927	174.19981732041185	1.664128905458545	11.703
19.435648188825915	0.08332402879606948	9.509115250406278	0.0817055334411468	-1.8360594950948872	0.08267678681930327	-12.529733138406106	0.07603042317822388	19.6146	0.2351	187.637547828556	2.2059201886875814	30.20813894054126	0.3094998690113351	174.17684147949305	1.8294714600174902	11.703
19.382578591288848	0.07883397415270965	9.482624120279318	0.07502348117627725	-1.849509854092703	0.07937451240846918	-12.54228484606299	0.07237070022209192	19.6146	0.2351	188.1412994836245	2.068176700134215	30.242901804010028	0.29148136322027174	174.1914797985704	1.7498409514377102	11.703
19.390677095126083	0.06410582781055171	9.478441828028464	0.07284400942214107	-1.8725914253444096	0.07279680002845303	-12.549456646047082	0.06894224542792264	19.6092	0.2346	187.9082012093759	1.8395131833854392	30.192547882368622	0.27392550864874265	174.45104536796518	1.6381922015872814	11.703
19.406380725962855	0.07494224818642915	9.501116266673082	0.07206786111292555	-1.83221626379218	0.07100815206523423	-12.518790470834617	0.07117857515686074	19.6092	0.2346	188.04044118757457	1.9737874664734192	30.23970346723336	0.2699501919826671	174.2925527787012	1.6397766471512403	11.703
19.380553968375562	0.07839667213595936	9.500822391824142	0.07680694163116747	-1.859136483268569	0.07578701471879314	-12.529458430542146	0.06941030373642411	19.62	0.2356	188.52640727862766	2.0942892254734	30.168825326317208	0.2865587523247651	174.55802254217554	1.6812190709405503	11.703
19.399847098175908	0.0808111610661493	9.507060353032806	0.0804135601262583	-1.8495297718873893	0.07885401173012713	-12.535204216139336	0.0761550495091236	19.6092	0.2346	188.27761549786732	2.16969155963474	30.17777442410138	0.29927637657009903	174.30722868469744	1.7882217353166252	11.703
19.391442105273665	0.075307989026374	9.490915911345972	0.06806853266357607	-1.8456802657319908	0.07280036261666065	-12.549915209079746	0.07065252953663168	19.6092	0.2346	188.13043494060312	1.928931201932729	30.230997881866433	0.26577540465038985	174.00499044184144	1.6491078345117762	11.703
19.410736656231574	0.07532040896883258	9.5052259953656	0.07244784910686289	-1.8514711366725287	0.0713577861384167	-12.526238235856447	0.07179277558764995	19.62	0.2356	188.03576744034493	1.9838635469431043	30.177490077637856	0.27021189020022884	174.48533365630485	1.6545526197936145	11.703
19.376963388604103	0.08094295532866633	9.493044017527387	0.06504385207513924	-1.8591633314786118	0.06834807537167448	-12.55556922554448	0.07117477629647981	19.6092	0.2346	188.44652906163353	1.979784735698223	30.189425235157223	0.25091248915787545	174.1323503848873	1.606427186192267	11.703
19.389264406542846	0.07521379862703056	9.4848253518842	0.07239195503610929	-1.8629991795391532	0.06991334785160783	-12.540675123181785	0.07153983188503335	19.6146	0.2351	188.05611188332412	1.982098373565862	30.201085156701144	0.2678439791515064	174.43779983915098	1.6341438671515978	11.703
19.372149790116524	0.07531513411019482	9.472571585982758	0.06974121436596162	-1.8706839380300846	0.08245799428577608	-12.558879654360593	0.07178856907820418	19.62	0.2356	188.14845042859397	1.9508599367133908	30.213250004931382	0.28765226950945627	174.2661108047074	1.7825656686108877	11.703
19.380553968375562	0.08156006799385046	9.504858489850884	0.07895961443004054	-1.8668348490787159	0.08244642456715184	-12.536814086831598	0.07248271450424632	19.62	0.2356	188.60345613681298	2.1679648335119306	30.137694079699695	0.30254569436241147	174.56362917878707	1.7959926583466108	11.703
19.410889826626175	0.07598364299322521	9.489154747007028	0.07384107897477055	-1.8437785750742306	0.07271592899574916	-12.548397354076444	0.06332692115682527	19.6092	0.2346	187.72828381907857	2.004725749206455	30.24076867628479	0.27653804164880535	173.9987511426413	1.5673553994227816	11.703
19.366228839556953	0.08001039305683003	9.482844093452233	0.072255329468559	-1.8649271700778973	0.07108433820129109	-12.557270355214989	0.07575887827419923	19.6092	0.2346	188.45672275771142	2.055680556707781	30.201226924466994	0.26976145805115	174.19851446533704	1.6925066687370798	11.703
19.307147460142858	0.07656564665436175	9.443374892064035	0.07413525655557134	-1.8975347830940539	0.06990825876117755	-12.561363693014057	0.0718476079959242	19.62	0.2356	188.8314320052525	2.0402743231746245	30.219499566911207	0.271521988374573	174.66430817094042	1.641941509863114	11.703
19.376847594088712	0.07567616652346232	9.47785555542849	0.06852735821959424	-1.880234238902004	0.06326952928961581	-12.552400274381432	0.0722139764286314	19.6092	0.2346	188.15959157560283	1.9405698361785197	30.17378989096295	0.24777645342959004	174.5278599313675	1.5701024505234273	11.703
19.41122975724518	0.0701419881142005	9.50243629670401	0.0693118809924797	-1.834079189712969	0.0703832408450331	-12.527115953174224	0.06936686802143172	19.6146	0.2351	187.97347087934213	1.8706780436789523	30.23121305902596	0.26342379560650536	174.18721549420212	1.6097701097964516	11.703
19.37467029371793	0.07631411132555137	9.475801251608123	0.07642857754790654	-1.859062659071693	0.07367765331965366	-12.568901294790564	0.07387541190017555	19.6146	0.2351	188.16192951750233	2.0530131678607297	30.235617976313605	0.2831777850683668	173.9139460787431	1.6942797099249873	11.703
19.364089857167954	0.08006171949619778	9.465676590779303	0.06759155030362976	-1.880227368310366	0.07407036081164926	-12.574370718525067	0.061369981532125716	19.6146	0.2351	188.1705934959413	1.9918544883882168	30.20619743059385	0.2669615831030116	174.16919130479553	1.5666046453901394	11.703
19.377153345575373	0.07540775044039857	9.473966725658022	0.07253639668400473	-1.8802479803962378	0.07143986633019916	-12.563615311278188	0.07154873307847671	19.6092	0.2346	188.0798949358783	1.9871560883572668	30.184087925876256	0.2706508835292138	174.344870986542	1.6500137166959528	11.703
19.370927091434442	0.07329589985296231	9.496198920338246	0.07620163955971825	-1.8667806924144739	0.07099428168823635	-12.558145468407579	0.06973508981104924	19.6146	0.2351	188.62193133136995	2.019612753113838	30.16080523740328	0.2764413979734254	174.2144560614749	1.6215792418677946	11.703
19.3494613169927	0.07928589335579986	9.46773076268547	0.07138128774609315	-1.8821550864345036	0.06662870796191073	-12.568901294790564	0.07518668881068212	19.6092	0.2346	188.48827022434742	2.034941164282847	30.195600164859098	0.2597796175745188	174.28974757050707	1.6384155655695456	11.703
19.368749824341997	0.07298831000942171	9.478002116778848	0.07187060561990878	-1.8610039276110697	0.07467502400284963	-12.545229045106765	0.07944880752048722	19.6092	0.2346	188.31643006930466	1.9503037141254462	30.224572918927173	0.2762629010924772	174.3308736498271	1.7790751777676874	11.703
19.340143462695515	0.07568031003305081	9.422910795721583	0.07550372303240684	-1.912898779378501	0.07169390095110766	-12.58673350767389	0.07048688567705946	19.6092	0.2346	187.81351225198063	2.0245455724013026	30.23309563788197	0.2776906746335156	174.50057513696456	1.643682579758538	11.703
19.36175998597347	0.083042041903933	9.46758436603886	0.07727777288435478	-1.878292793185451	0.07903575220543613	-12.572394483166448	0.08490642090977987	19.6092	0.2346	188.2511864102894	2.1582952120968883	30.2062687800376	0.29428493374448733	174.16986980303915	1.8892206309646777	11.703
19.349156025333023	0.0799257368209213	9.435305604395964	0.07619303039607883	-1.9090792256955433	0.07606534067775432	-12.601807355572982	0.07433550919971252	19.6092	0.2346	187.8775874074968	2.092651103764981	30.21024234895023	0.28670785586425224	174.192243212472	1.7326239084823911	11.703
19.378872039570577	0.07597697852882133	9.483872009078828	0.0738378281669401	-1.870609154559663	0.07271049891096298	-12.568901294790564	0.07387541190017552	19.6146	0.2351	188.23550209851658	2.015439401302944	30.183379590635305	0.27547315813026513	174.10164861736996	1.686861304322042	11.703
19.370468619219945	0.07408207180993098	9.467730762684988	0.0669815154763468	-1.8860036051527378	0.07368031476080064	-12.561547270656803	0.07584877625927285	19.6146	0.2351	188.08841817167777	1.8969513250388768	30.185364912856244	0.26473471692382833	174.4726411473589	1.7281987720059835	11.703
19.357711307921686	0.07880299178279829	9.455552429325914	0.07274770636011188	-1.8744510341951552	0.07170480299775558	-12.590869965569675	0.07153278794286444	19.6092	0.2346	188.0994156769767	2.0372620086954587	30.248588724642065	0.2727071253885489	173.80715619014623	1.6427077056339126	11.703
19.419175233568236	0.07890549830429988	9.465896144830529	0.07840607012607081	-1.8917936605897667	0.07725422685714045	-12.559938174795919	0.07673718126354152	19.6092	0.2346	187.13333388913023	2.0913793954395223	30.174852534999	0.2924353702718214	174.59365089441255	1.7820648200032039	11.703
19.34354097310945	0.07492344480087312	9.445720867603406	0.06759022717905241	-1.8648528634213504	0.07615409174899551	-12.57096940912355	0.0685967864032852	19.6092	0.2346	188.1818702653843	1.918465295216342	30.300550897497953	0.2727790198849999	173.974409026227	1.6655232659946841	11.703
19.354426078253294	0.07805619561947764	9.447920931478594	0.07797715764226912	-1.8821895133489253	0.07549284314015008	-12.584068402932859	0.07140979394661454	19.6307	0.2361	188.01689106383418	2.0940107044121237	30.24830311105023	0.2897558841867852	174.0432982116157	1.6899721708296138	11.703
19.32860827562303	0.07530845165965368	9.44762875618838	0.07418542442220807	-1.8975557870261732	0.07429494419272692	-12.59473056928133	0.07178330195088053	19.6092	0.2346	188.50259686713943	2.0166846699840537	30.208112852760472	0.27955430709790036	174.1198341541713	1.681565878426144	11.703
19.364700946777365	0.08000810906497294	9.474039976222846	0.07627933596257182	-1.8802548512993147	0.07497257426904186	-12.574738257191235	0.0744057420199889	19.6146	0.2351	188.31808152656004	2.1047444339959536	30.183874932161668	0.2843262152853462	174.16365319509427	1.7201780580158053	11.703
19.35614507765163	0.0736044152716534	9.473966725658022	0.07253639668400473	-1.8763992950892792	0.06884527717927218	-12.578323273487086	0.07276875327482968	19.62	0.2356	188.4797291306422	1.970970284702046	30.194322754911013	0.26603667111148926	174.04256494104723	1.6291141472647006	11.703
19.330937510665485	0.0736016603284592	9.449755788787975	0.07253380962939611	-1.8802479803957572	0.07143986633020165	-12.563615311278188	0.06391530028393247	19.6146	0.2351	188.49873946560135	1.9712958208827767	30.24858790859078	0.27180389916740444	174.3448709865342	1.5643390589094552	11.703
19.373104394192925	0.07666322602982222	9.461934110260454	0.07388693745900848	-1.895649082568552	0.07178883912805113	-12.578415186603936	0.07192015157337156	19.6092	0.2346	187.92839247490238	2.0188661535284123	30.17513578357099	0.2737037131704732	174.35468312845146	1.6585135341634434	11.703
19.345717922818935	0.07872244610682419	9.443739938052662	0.07588237021662865	-1.9014181456111299	0.0733477521807146	-12.56549976779014	0.0697342986103135	19.6254	0.2359	188.1028519625027	2.07708710649737	30.208183305114645	0.28100767820509615	174.66016906047133	1.6575972721054977	11.703
19.34758963410898	0.07613972146098316	9.457752710341982	0.07623154515508174	-1.8763924533543084	0.0734345491566483	-12.552491999866744	0.07332979210433338	19.62	0.2356	188.33377267610172	2.0517631923378903	30.237535347134404	0.2823851611450708	174.46355674089833	1.6958903536738055	11.703
19.339034616116265	0.07713245582135406	9.445574815148523	0.07495770768120971	-1.9071728758753574	0.07374733078186826	-12.592846268352476	0.07332498351386349	19.62	0.2356	188.2648069002372	2.0466871966309026	30.18798834821195	0.27961357948822724	174.3072458414969	1.6964117204256113	11.703
19.374976008344223	0.08270697865177065	9.471912438368923	0.07389929753344497	-1.9014111149234096	0.07429017672885616	-12.569084983521456	0.06907060646285947	19.6146	0.2351	188.08223191170495	2.106483829905068	30.13337424288874	0.277628624415598	174.6013537672233	1.6602783358612083	11.703
19.351140593340787	0.07139305467350836	9.46046510500295	0.07344215455224513	-1.897625807020305	0.07271401371506615	-12.573588865041717	0.07277327299505688	19.6092	0.2346	188.31780510852306	1.950150119157399	30.173786921711628	0.2745566827631045	174.46578719706125	1.6811764382005034	11.703
19.328566250581574	0.06840569752947041	9.434491771457935	0.07965280268426853	-1.895725948214675	0.06962822509616519	-12.568394485316427	0.07033686851264392	19.6146	0.2351	188.2531107820637	1.9977207690170324	30.248016719198745	0.2824393996555402	174.51964263009452	1.6183840914132275	11.703
19.33666405102091	0.08049203312523613	9.430310912039287	0.08417424320882703	-1.91495465961127	0.0796113416741726	-12.59395055063185	0.07955997892599836	19.62	0.2356	188.01977608441345	2.2104869149889943	30.20789710495593	0.30848565442734516	174.41623894345796	1.838257481391687	11.703
19.348658135530044	0.06970989899204016	9.442124007191198	0.07718971211148386	-1.8918354107145288	0.07108065287341855	-12.564166176322486	0.07440787957773679	19.6146	0.2351	188.0163410204468	1.9739755008101953	30.23803089283918	0.27994939444778033	174.52516604964387	1.682775142798379	11.703
19.33200506460203	0.07847331967956639	9.434127058115196	0.07835069290545914	-1.891842369437208	0.07310968748354327	-12.567935254947447	0.07178459821969599	19.62	0.2356	188.18076943196854	2.1082923839434407	30.25936253925433	0.28630457427687483	174.46366559178108	1.6743531755022427	11.703
19.3438461831216	0.07720586606924595	9.453936961288074	0.07186819868359554	-1.891807576876841	0.07467158234822863	-12.574830145249726	0.07441957826168824	19.6254	0.2359	188.33239590232952	2.008621157946145	30.206621862847854	0.2759237952889774	174.35049744429583	1.7205470886002976	11.703
19.309476196147752	0.07308130673669917	9.421294245488323	0.07057351285078338	-1.930253446022622	0.07614593674089633	-12.614812569971404	0.07283770540979864	19.6254	0.2359	188.365293872878	1.9353334679538892	30.19117959334423	0.2761281618409094	174.32542395030316	1.719233070977107	11.703
19.340560369927196	0.0733816621023963	9.446305122591712	0.07792580854826792	-1.8880005983142414	0.06845623375896553	-12.582735672372507	0.06936263709741604	19.62	0.2356	188.24967139452417	2.036536784158952	30.237107014387608	0.27671006881477084	174.15955478153467	1.5870125342239367	11.703
19.347549548489695	0.07676918480578362	9.452686801102985	0.07522507861919961	-1.8938050511816082	0.07270428827288766	-12.55556922554448	0.06555469000781125	19.62	0.2356	188.23811371172093	2.044713180550823	30.20463236377451	0.2784930714544109	174.69813330548143	1.6040482752033725	11.703
19.349726754977905	0.07789682118546556	9.43859985075699	0.07749914302731793	-1.8764882470678181	0.0761428805006703	-12.579518249863716	0.0738320647519866	19.6146	0.2351	187.92921501299898	2.0835187953641987	30.28846192392459	0.2908246546604936	174.0245798169207	1.7244837699591375	11.703
19.341170738863447	0.07150308368272955	9.45870338718034	0.0705789039583137	-1.8841794095721922	0.07279766387234894	-12.564717090172858	0.06859872850054499	19.6146	0.2351	188.4742172902022	1.9161070705603118	30.21424281267711	0.27008685520668013	174.39106107808803	1.6332243439601357	11.703
19.328566250581574	0.07804611523090772	9.430456737151735	0.0755790849371155	-1.907271923211347	0.06884370800061451	-12.5867805853312	0.07025274224102972	19.6254	0.2359	188.17636807081925	2.065457594558569	30.2279782206257	0.2725684333709744	174.4078644377196	1.6063423985779863	11.703
19.328871242829962	0.0742594174096557	9.430602566774283	0.07320677855000615	-1.8918910834440623	0.06762114100981742	-12.57961018062494	0.069277159683676	19.6146	0.2351	188.1733422239926	1.9823822675105225	30.268651553645167	0.26641954904445536	174.2738822070792	1.5785636843057922	11.703
19.33838336137445	0.07939763638675802	9.411972457321074	0.07831522440640992	-1.9091642932613295	0.07577626413368468	-12.573496981373655	0.07401964478520358	19.62	0.2356	187.6398546270008	2.108119273413445	30.27227941568574	0.291392040748517	174.65605710901218	1.7348613855379738	11.703
19.355189581997408	0.07099182737745637	9.460391957283225	0.07714760390120175	-1.8937701830626341	0.07577827583331757	-12.58085118361074	0.07816844420764502	19.62	0.2356	188.2393526020451	1.994498944471322	30.18422766740405	0.28748048938382864	174.28428762811143	1.775443740844521	11.703
19.32390753018751	0.06940753711724838	9.43427294006866	0.07586088391833944	-1.89955361735255	0.07311850531645121	-12.57915054039382	0.07095865669590336	19.6146	0.2351	188.33762582749458	1.95812842924599	30.23838535736314	0.2811038499946377	174.40642305384256	1.6639357568068363	11.703
19.325931911964197	0.0754383344453029	9.416079844320617	0.07709815977589661	-1.9245646074718363	0.07302547562383527	-12.584620160088935	0.07407401788486206	19.6146	0.2351	187.95339085695838	2.0458202206533604	30.220206309585055	0.2829785528472277	174.72613438183967	1.7049263123248928	11.703
19.33666405102091	0.08200861703040355	9.446451197632664	0.07704432700260291	-1.8918632462367757	0.0798613797255396	-12.575565298561688	0.07711555260652533	19.62	0.2356	188.32661405930753	2.1426153290140446	30.22641652014898	0.29582296850884626	174.33940874447424	1.8115948215758708	11.703
19.34693896806365	0.07531223638500457	9.456429745628732	0.07549893040791415	-1.8937771564748618	0.07398771457676306	-12.56623437646081	0.07414547435130078	19.6307	0.2361	188.32097085350122	2.030480706128601	30.19474604936951	0.2812141640741894	174.5230981592919	1.7128767405640328	11.703
19.317681989359585	0.08235873661090162	9.43632691383414	0.08084585462185363	-1.9014814265875486	0.07718234475660427	-12.566326208646727	0.06925110529898139	19.6254	0.2359	188.49543253615016	2.201508459696719	30.22776578388273	0.297997899017044	174.6476706475629	1.6981249657684652	11.703
19.339298818669317	0.06323579496693024	9.42451361180202	0.07047316468449119	-1.913055378204279	0.07238203912067671	-12.577725592556847	0.07025692474739029	19.6361	0.2362	187.8598739299326	1.7940374304031654	30.22840393023519	0.2693488401739565	174.6505294179437	1.6519383975682647	11.703
19.33261514836524	0.07339453018551097	9.450559507892711	0.07225164029040455	-1.91111335172862	0.07107917384167946	-12.568302636530033	0.07207852976524955	19.6146	0.2351	188.48206959856665	1.9643559644147204	30.164274156740795	0.26908513000517503	174.77312725042387	1.6601307154135372	11.703
19.339298818669317	0.06909913786763729	9.428548593114536	0.08154281005046236	-1.8938120251220327	0.07063555026427672	-12.577725592556847	0.07321696813079955	19.6254	0.2359	187.93635765350828	2.0268045238979986	30.269007194914476	0.2884109644473091	174.33595725462754	1.6600798978972795	11.703
19.340214362643284	0.07408243403250704	9.46934142466348	0.07199788983830976	-1.8784573635216455	0.07368457775916948	-12.548855908601723	0.07125502811086344	19.6307	0.2361	188.69560075460288	1.974818339577331	30.201153669876646	0.2741784415714873	174.5567694716761	1.676830399981199	11.703
19.32715173356579	0.08003581573564794	9.448943687323014	0.07891191437483741	-1.8899840018749197	0.0726970187135164	-12.578001351318031	0.06822026555040042	19.6146	0.2351	188.55548397898914	2.1454143853851253	30.224781779260226	0.28599969795575914	174.26901904322784	1.6255163734475135	11.703
19.33524978542883	0.07688962850332057	9.436691720790309	0.07803103540555813	-1.905365286088512	0.07577798819643033	-12.588849106232182	0.07068848478877036	19.6146	0.2351	188.16784089577092	2.082474083971725	30.216442644307417	0.2897776690281027	174.34296998630202	1.69112927868646	11.703
19.319858770288253	0.0684047598674514	9.418206402723772	0.07352783895308661	-1.9226512964441862	0.0714433106261027	-12.601304242855548	0.06999792374938517	19.6254	0.2359	188.1090377506956	1.907883589299708	30.219638065114157	0.27318373197301427	174.42184031557915	1.6336841936264497	11.703
19.33074320980341	0.07928640709518239	9.428475694205405	0.07648171157117013	-1.9284416979699333	0.07428905912760812	-12.577633675684465	0.07380676843246559	19.6361	0.2362	188.0973520530028	2.0925796214944934	30.176904804550492	0.2833102610545941	174.9043779943377	1.7199433869302339	11.703
19.33696917141595	0.0708227313242677	9.414317271239382	0.06984256387019602	-1.907271923211347	0.06884370800061451	-12.583103482084008	0.071860185135546	19.6092	0.2346	187.71093834011322	1.8816737740239404	30.27106964672427	0.2622105216380549	174.4679361727524	1.6263155209415268	11.703
19.3224929130421	0.0780773955463477	9.42047869762147	0.0717694011200019	-1.9053582248475502	0.07302847452709393	-12.56301608697982	0.07845834514525221	19.62	0.2356	188.10216370966194	2.0145923328474997	30.259716554536716	0.27356350653236106	174.76544313009163	1.7576501932729054	11.703
19.31940152103344	0.07360147129737683	9.438162000533861	0.07253359161156313	-1.903388096355266	0.0743720850315319	-12.589997607295555	0.07276852377084789	19.6146	0.2351	188.4976368744355	1.9712672717584205	30.217793166634486	0.27678841946391847	174.29197699210837	1.6969959091077567	11.703
19.31783439216617	0.07182874792388451	9.412190758922016	0.0708796402656828	-1.9130340207487924	0.06708306272192675	-12.595835018187397	0.06614666043712919	19.6307	0.2361	188.03324326684287	1.9155612586749258	30.261352130688643	0.26076696726656823	174.3541136309701	1.5376019263381624	11.703
19.326541803516562	0.0768881199612122	9.424440744696213	0.0771437281866708	-1.897653817985185	0.08290448825648455	-12.588665112618186	0.0706882374190348	19.6146	0.2351	188.1005140161985	2.0689917286494954	30.26971848004543	0.3027600654480919	174.22021618661006	1.7754349847517619	11.703
19.303206914553652	0.07677886353975344	9.414244485326924	0.07290295411125317	-1.9188101719151092	0.0734327453935715	-12.597719484698086	0.06436822080503998	19.6092	0.2346	188.3504272904895	2.016580137768269	30.240444909335782	0.2761082156365766	174.41765300646145	1.5949180419503288	11.703
19.279418492834417	0.0737597091882631	9.383659670319707	0.07544368674202427	-1.9245501957921944	0.06254659387831221	-12.610173511283465	0.06614513651792157	19.6092	0.2346	188.2210684810455	2.0068296168380737	30.306884915875298	0.26264527226070217	174.30806271302842	1.4849881209437428	11.703
19.32016361514997	0.07540318625555387	9.414317271239382	0.06984256387020885	-1.9149689267595793	0.07311372559789858	-12.583103482084008	0.07186018513555487	19.6254	0.2359	188.02939540339628	1.9509252716091545	30.250503785256257	0.2699802536770599	174.59381388050068	1.6777662662681971	11.703
19.328718745503025	0.07236629239490448	9.426494652422168	0.07939636696738148	-1.9226728716850585	0.07311664313038978	-12.5942266517738	0.07339877158936878	19.62	0.2356	188.09817688391132	2.0406438857336306	30.197511340707653	0.28718838859358836	174.53787305834697	1.6944593241108712	11.703
19.328718745502545	0.07236629239490448	9.434564717510693	0.07457020543407573	-1.899581686657487	0.06326905696659282	-12.57216369864172	0.07221410987205001	19.62	0.2356	188.25159722952972	1.9770767818907697	30.237532037770702	0.26089769866111573	174.52105750163832	1.5699766112516982	11.703
19.31970635146514	0.07240744773251209	9.422168324772985	0.07898972550509033	-1.926492300351617	0.07669557092295953	-12.590181612383295	0.0807163149620071	19.6361	0.2362	188.1872334292961	2.0373977404699617	30.19886014196994	0.2929717122930013	174.66659469372564	1.8237551135601269	11.703
19.324364897191327	0.07732480435578583	9.422386869936672	0.07752914341530033	-1.903423327503712	0.07584879655303811	-12.575749100458912	0.0757047434131944	19.6307	0.2361	188.10285115537246	2.0800849985108067	30.25978795709224	0.28978143938943796	174.52524769478563	1.7524695183821895	11.703
19.313633268802118	0.0756804423027836	9.432364852802788	0.0745320126147203	-1.9168824163125338	0.07169614823491643	-12.570095368508293	0.07627977138855266	19.6254	0.2359	188.4970856563945	2.026261914624962	30.19729915916563	0.27516850100305673	174.83836166257694	1.7180682735825963	11.703
19.315200482528876	0.0729832208684344	9.426057374664634	0.07186578599321453	-1.9187815222475741	0.07072190929722695	-12.586320694503037	0.07851031144868179	19.6254	0.2359	188.34698605213276	1.9508032032849287	30.209033211577665	0.2684846862571329	174.60355841474163	1.7295260378274864	11.703
19.33899365660775	0.08192545317191104	9.44050795233753	0.08050401122204001	-1.9245862258090674	0.07606619579390472	-12.588573117849	0.07200328695202364	19.62	0.2356	188.16921644902988	2.183465125370508	30.155193581748986	0.29387158221225307	174.66172059858496	1.7155055354619557	11.703
19.31970635146514	0.07579827256392173	9.426203129409126	0.07495725499783006	-1.9226441049149479	0.07806941665543238	-12.604888891178792	0.06480834923081004	19.6307	0.2361	188.2639806344934	2.028533305041243	30.198363581834826	0.28798746808279885	174.3631920324023	1.656168543270599	11.703
19.32188314962918	0.06859401728856232	9.404048886516783	0.07797276480223285	-1.9284199921336707	0.07519374277100113	-12.592066082030003	0.07293588293680181	19.6254	0.2359	187.80211985715684	1.9664890339152414	30.242008046673053	0.2890722309283589	174.6673026563805	1.7158655809084096	11.703
