17.401843	0.078629	7.968239	0.072805	-1.144071	0.071869	-9.015128	0.096748	19.6092	0.2346	0.0	0.0	0.0	0.0	0.0	0.0	0.0
16.952865	0.073438	7.959694	0.071692	-0.736296	0.071125	-7.149113	0.086407	19.6146	0.2351	0.0	0.0	0.0	0.0	0.0	0.0	0.0
16.601887	0.076964	8.058209	0.073251	-0.097128	0.08045	-5.403508	0.079754	19.6361	0.2362	0.0	0.0	0.0	0.0	0.0	0.0	0.0
16.248933	0.076429	8.222833	0.070505	0.670205	0.077048	-3.791748	0.082044	19.6469	0.236	0.0	0.0	0.0	0.0	0.0	0.0	0.0
15.930076	0.071103	8.411911	0.068747	1.465471	0.072478	-2.293885	0.080159	19.6631	0.2348	0.0	0.0	0.0	0.0	0.0	0.0	0.0
15.631088	0.069765	8.614561	0.068408	2.25145	0.071495	-0.923602	0.079657	19.6631	0.2348	0.0	0.0	0.0	0.0	0.0	0.0	0.0
15.346902	0.079151	8.821354	0.078225	3.041905	0.080458	0.335964	0.081793	19.6739	0.2358	0.0	0.0	0.0	0.0	0.0	0.0	0.0
15.181985	0.073172	9.119672	0.070924	3.851047	0.074093	1.572941	0.073001	19.6793	0.2362	0.0	0.0	0.0	0.0	0.0	0.0	0.0
15.002542	0.076759	9.367824	0.074448	4.617411	0.08137	2.675084	0.091196	19.7009	0.2363	0.0	0.0	0.0	0.0	0.0	0.0	0.0
14.866611	0.077057	9.636472	0.07273	5.3208	0.069298	3.703542	0.072413	19.7224	0.2356	0.0	0.0	0.0	0.0	0.0	0.0	0.0
14.742375	0.072936	9.913016	0.076944	6.027922	0.076947	4.674888	0.083442	19.7224	0.2356	0.0	0.0	0.0	0.0	0.0	0.0	0.0
14.659953	0.071953	10.204383	0.080395	6.693454	0.076874	5.572856	0.073214	19.7494	0.2367	0.0	0.0	0.0	0.0	0.0	0.0	0.0
14.599024	0.066944	10.514956	0.073917	7.333306	0.072282	6.418763	0.068585	19.771	0.2353	0.0	0.0	0.0	0.0	0.0	0.0	0.0
14.526097	0.068924	10.737451	0.069782	7.895684	0.072416	7.162924	0.067869	19.771	0.2353	0.0	0.0	0.0	0.0	0.0	0.0	0.0
14.495021	0.07086	11.023551	0.070812	8.471777	0.070755	7.875561	0.078122	19.7926	0.2369	0.0	0.0	0.0	0.0	0.0	0.0	0.0
14.493357	0.071577	11.290085	0.070753	9.003283	0.072154	8.562474	0.070588	19.7926	0.2369	0.0	0.0	0.0	0.0	0.0	0.0	0.0
14.491693	0.071703	11.55489	0.071392	9.517817	0.076371	9.200971	0.071158	19.8195	0.2361	0.0	0.0	0.0	0.0	0.0	0.0	0.0
14.48009	0.074674	11.777869	0.074252	9.957354	0.074576	9.77738	0.075666	19.8303	0.2361	0.0	0.0	0.0	0.0	0.0	0.0	0.0
14.522373	0.074952	12.049882	0.080397	10.429863	0.074665	10.340562	0.070935	19.8519	0.2372	0.0	0.0	0.0	0.0	0.0	0.0	0.0
14.55975	0.073064	12.305232	0.071987	10.856019	0.06996	10.888293	0.071856	19.8681	0.2367	0.0	0.0	0.0	0.0	-0.0	0.0	0.0
14.56164	0.07171	12.486891	0.070999	11.241892	0.075051	11.341309	0.069668	19.8789	0.2358	0.0	0.0	0.0	0.0	-0.0	0.0	0.0
14.617519	0.071176	12.707886	0.070983	11.622604	0.072883	11.787332	0.073257	19.8789	0.2358	0.0	0.0	0.0	0.0	-0.0	0.0	0.0
14.66442	0.070574	12.91615	0.070919	11.968596	0.069256	12.219273	0.074112	19.9058	0.2375	0.0	0.0	0.0	0.0	-0.0	0.0	0.0
14.695348	0.076814	13.129135	0.07872	12.333904	0.07983	12.629906	0.074917	19.9274	0.2366	0.0	0.0	0.0	0.0	-0.0	0.0	0.0
14.771769	0.072556	13.338309	0.067456	12.667142	0.071391	13.02495	0.074882	19.9328	0.2361	0.0	0.0	0.0	0.0	-0.0	0.0	0.0
14.820872	0.072399	13.512304	0.071496	12.959397	0.067662	13.34633	0.079358	19.9436	0.2371	0.0	0.0	0.0	0.0	-0.0	0.0	0.0
14.878701	0.073026	13.701215	0.070977	13.25243	0.076154	13.68908	0.068871	19.9598	0.2377	0.0	0.0	0.0	0.0	-0.0	0.0	0.0
14.917269	0.071927	13.852634	0.077397	13.495885	0.069531	13.957635	0.06755	19.9706	0.2375	0.0	0.0	0.0	0.0	-0.0	0.0	0.0
14.997709	0.072859	14.051974	0.075959	13.779167	0.077872	14.280536	0.077818	19.9867	0.2363	0.0	0.0	0.0	0.0	-0.0	0.0	0.0
15.074222	0.076797	14.206368	0.070508	14.011539	0.072655	14.544268	0.068367	19.9921	0.2369	0.0	0.0	0.0	0.0	-0.0	0.0	0.0
15.14049	0.070822	14.371213	0.070847	14.25037	0.070837	14.795969	0.071703	20.0137	0.238	0.0	0.0	0.0	0.0	-0.0	0.0	0.0
15.213037	0.071733	14.525926	0.070348	14.470958	0.070962	15.045929	0.073156	20.0137	0.238	0.0	0.0	0.0	0.0	-0.0	0.0	0.0
15.291927	0.07289	14.684981	0.071679	14.689811	0.06883	15.279737	0.072903	20.0407	0.2366	0.0	0.0	-0.0	0.0	-0.0	0.0	0.0
15.337165	0.072451	14.791991	0.06773	14.866973	0.069657	15.469724	0.076012	20.0461	0.2371	0.0	0.0	-0.0	0.0	-0.0	0.0	0.0
15.434833	0.076066	14.967857	0.072494	15.078056	0.073094	15.704071	0.07334	20.0569	0.2379	0.0	0.0	-0.0	0.0	-0.0	0.0	0.0
15.479854	0.076758	15.089209	0.074456	15.251107	0.074603	15.87134	0.077224	20.0784	0.238	0.0	0.0	-0.0	0.0	-0.0	0.0	0.0
15.562793	0.076287	15.200937	0.074125	15.431183	0.070508	16.041484	0.075614	20.0676	0.2382	0.0	0.0	-0.0	0.0	-0.0	0.0	0.0
15.628835	0.080262	15.347502	0.075959	15.57168	0.076135	16.211364	0.075849	20.0784	0.238	0.0	0.0	-0.0	0.0	-0.0	0.0	0.0
15.692515	0.072715	15.448344	0.076187	15.740918	0.07422	16.378958	0.074188	20.0892	0.2373	0.0	0.0	-0.0	0.0	-0.0	0.0	0.0
15.781059	0.099949	15.559566	0.080876	15.887469	0.071104	16.507188	0.075098	20.1	0.2374	0.0	0.0	-0.0	0.0	-0.0	0.0	0.0
15.854112	0.07076	15.694647	0.071254	16.03316	0.07088	16.713504	0.068668	20.1054	0.2378	0.0	0.0	-0.0	0.0	-0.0	0.0	0.0
16.080467	0.071374	16.128165	0.074475	16.425826	0.072314	17.019769	0.075883	20.0946	0.2368	-0.0	0.0	-0.0	0.0	-0.0	0.0	0.0
16.217046	0.072027	16.237794	0.067694	16.618697	0.071672	17.161018	0.070075	20.0946	0.2368	-0.0	0.0	-0.0	0.0	-0.0	0.0	0.0
16.304712	0.068269	16.337922	0.069192	16.754386	0.073409	17.294897	0.068837	20.1108	0.2382	-0.0	0.0	-0.0	0.0	-0.0	0.0	0.0
16.400333	0.071376	16.450171	0.075772	16.860608	0.07143	17.434698	0.07839	20.1054	0.2378	-0.0	0.0	-0.0	0.0	-0.0	0.0	0.0
16.452247	0.068545	16.495864	0.083797	16.958411	0.073354	17.534804	0.070854	20.1162	0.2384	-0.0	0.0	-0.0	0.0	-0.0	0.0	0.0
16.51826	0.07725	16.611756	0.071507	17.080743	0.071369	17.638636	0.077092	10.0082	0.1979	-0.0	0.0	-0.0	0.0	-0.0	0.0	0.0
16.607144	0.081759	16.592598	0.076979	17.211462	0.082825	17.713281	0.079614	1.6855	0.1891	0.0	0.0	-0.0	0.0	-0.0	0.0	0.0
16.709773	0.072053	16.672355	0.074287	17.458293	0.073485	17.870734	0.073431	1.1084	0.2035	0.0	0.0	-0.0	0.0	-0.0	0.0	0.0
16.752778	0.07136	16.800605	0.080319	17.70795	0.071561	17.989112	0.072198	0.569	0.1821	-0.0	0.0	-0.0	0.0	-0.0	0.0	0.0
16.802816	0.072084	16.896419	0.069492	17.93784	0.075261	18.110489	0.067236	0.5744	0.1829	-0.0	0.0	-0.0	0.0	-0.0	0.0	0.0
16.880571	0.069634	16.988777	0.072903	18.135241	0.070407	18.251479	0.070328	0.5852	0.1838	-0.0	0.0	-0.0	0.0	-0.0	0.0	0.0
16.933937	0.066884	17.01302	0.070164	18.222259	0.068912	18.342747	0.069752	0.5798	0.1834	-0.0	0.0	-0.0	0.0	-0.0	0.0	0.0
16.998383	0.077248	17.046258	0.073031	18.354012	0.072139	18.461989	0.073212	0.5852	0.1838	-0.0	0.0	-0.0	0.0	-0.0	0.0	0.0
17.075673	0.073973	17.115234	0.07258	18.461089	0.070804	18.590036	0.069414	0.6122	0.1834	-0.0	0.0	-0.0	0.0	-0.0	0.0	0.0
17.089911	0.070883	17.139887	0.071299	18.552858	0.070693	18.671379	0.068954	0.5798	0.1834	-0.0	0.0	-0.0	0.0	-0.0	0.0	0.0
17.1546	0.077874	17.206671	0.081875	18.659869	0.076628	18.780519	0.080528	0.6014	0.1841	-0.0	0.0	-0.0	0.0	-0.0	0.0	0.0
17.204386	0.073124	17.221051	0.073126	18.705746	0.073432	18.830615	0.081099	0.6122	0.1834	-0.0	0.0	-0.0	0.0	-0.0	0.0	0.0
17.243899	0.070248	17.258483	0.069926	18.785331	0.072668	18.908136	0.071686	0.6068	0.1838	-0.0	0.0	-0.0	0.0	-0.0	0.0	0.0
17.324101	0.076318	17.340775	0.080309	18.868292	0.076695	19.016265	0.077799	0.6014	0.1841	-0.0	0.0	-0.0	0.0	-0.0	0.0	0.0
17.375733	0.076325	17.356973	0.073442	18.911794	0.072288	19.064007	0.072502	0.6122	0.1834	0.0	0.0	-0.0	0.0	-0.0	0.0	0.0
17.355882	0.07448	17.364219	0.074481	18.946202	0.071312	19.087982	0.070814	0.6068	0.1838	-0.0	0.0	-0.0	0.0	-0.0	0.0	0.0
17.440637	0.080878	17.407277	0.074605	18.996039	0.078653	19.165079	0.072987	0.6176	0.1829	0.0	0.0	-0.0	0.0	-0.0	0.0	0.0
17.429595	0.074771	17.433765	0.069687	19.06459	0.075866	19.204292	0.075688	0.6122	0.1834	-0.0	0.0	-0.0	0.0	-0.0	0.0	0.0
17.501113	0.075054	17.496942	0.075399	19.132486	0.074939	19.26799	0.078567	0.6229	0.1822	0.0	0.0	-0.0	0.0	-0.0	0.0	0.0
17.578225	0.073263	17.549019	0.073631	19.205909	0.075316	19.337245	0.075651	0.6176	0.1829	0.0	0.0	-0.0	0.0	-0.0	0.0	0.0
17.569397	0.074999	17.548536	0.07319	19.205351	0.072835	19.345112	0.073416	0.6229	0.1822	0.0	0.0	-0.0	0.0	-0.0	0.0	0.0
17.63025	0.074537	17.613556	0.078477	19.268769	0.075565	19.393831	0.073292	0.6176	0.1829	0.0	0.0	-0.0	0.0	-0.0	0.0	0.0
17.62476	0.078271	17.583033	0.079764	19.281954	0.082109	19.407078	0.082533	0.6229	0.1822	0.0	0.0	-0.0	0.0	-0.0	0.0	0.0
17.674702	0.07614	17.645487	0.076467	19.33222	0.077395	19.461573	0.076302	0.6283	0.1829	0.0	0.0	-0.0	0.0	-0.0	0.0	0.0
17.731474	0.07395	17.716862	0.070519	19.383138	0.076043	19.489367	0.074629	0.6229	0.1822	0.0	0.0	-0.0	0.0	-0.0	0.0	0.0
17.741702	0.071085	17.712479	0.076238	19.43965	0.073372	19.52698	0.072504	0.6229	0.1822	0.0	0.0	-0.0	0.0	-0.0	0.0	0.0
17.802878	0.074222	17.765295	0.074218	19.474016	0.072348	19.569737	0.074167	0.6229	0.1822	0.0	0.0	-0.0	0.0	-0.0	0.0	0.0
17.801968	0.081094	17.78944	0.078761	19.502401	0.075137	19.596067	0.077474	0.6283	0.1829	0.0	0.0	-0.0	0.0	-0.0	0.0	0.0
17.873321	0.066794	17.848259	0.066792	19.538555	0.068513	19.651148	0.071133	0.6176	0.1829	0.0	0.0	-0.0	0.0	-0.0	0.0	0.0
17.905287	0.075928	17.88022	0.072695	19.575042	0.070975	19.672891	0.073766	0.6283	0.1829	0.0	0.0	-0.0	0.0	-0.0	0.0	0.0
17.930003	0.077649	17.925825	0.081486	19.608292	0.079586	19.687228	0.077276	0.6337	0.1834	0.0	0.0	-0.0	0.0	-0.0	0.0	0.0
17.967257	0.070117	17.93174	0.071067	19.612092	0.068054	19.686837	0.072372	0.6283	0.1829	0.0	0.0	-0.0	0.0	-0.0	0.0	0.0
18.009049	0.067649	17.990242	0.065682	19.683628	0.065159	19.743653	0.066368	0.6283	0.1845	0.0	0.0	-0.0	0.0	-0.0	0.0	0.0
18.004587	0.07097	17.996228	0.074432	19.679092	0.07124	19.73913	0.078088	0.6337	0.1834	0.0	0.0	-0.0	0.0	-0.0	0.0	0.0
18.044365	0.075425	18.040185	0.077409	19.727576	0.074707	19.772882	0.075659	0.6391	0.1838	0.0	0.0	-0.0	0.0	-0.0	0.0	0.0
18.088047	0.067223	18.048332	0.071404	19.725226	0.071144	19.79159	0.07189	0.6283	0.1829	0.0	0.0	-0.0	0.0	-0.0	0.0	0.0
18.113703	0.075557	18.122066	0.077534	19.782714	0.076016	19.832217	0.079426	0.6391	0.1838	-0.0	0.0	-0.0	0.0	-0.0	0.0	0.0
18.159917	0.072175	18.155735	0.0784	19.801907	0.07716	19.817716	0.071977	0.6391	0.1838	0.0	0.0	-0.0	0.0	-0.0	0.0	0.0
18.18653	0.075785	18.165618	0.074026	19.799144	0.074351	19.836033	0.071939	0.6445	0.1841	0.0	0.0	-0.0	0.0	-0.0	0.0	0.0
18.19915	0.075391	18.205424	0.072757	19.822386	0.082955	19.846639	0.07372	0.6337	0.1834	-0.0	0.0	-0.0	0.0	-0.0	0.0	0.0
18.244078	0.075231	18.250354	0.079173	19.859335	0.076028	19.894069	0.080835	0.6283	0.1829	-0.0	0.0	-0.0	0.0	-0.0	0.0	0.0
18.270986	0.081921	18.252158	0.076774	19.871641	0.075516	19.885329	0.07566	0.6229	0.1838	0.0	0.0	-0.0	0.0	-0.0	0.0	0.0
18.304389	0.072266	18.29602	0.071464	19.901043	0.069558	19.918945	0.070906	0.6337	0.1834	0.0	0.0	-0.0	0.0	-0.0	0.0	0.0
18.308141	0.073625	18.308141	0.071693	19.896335	0.076757	19.91847	0.07158	0.6283	0.1829	nan	nan	-0.0	0.0	-0.0	0.0	0.0
18.363199	0.06938	18.329715	0.07821	19.928674	0.077827	19.95499	0.075112	1.2217	0.1832	0.0	0.0	-0.0	0.0	-0.0	0.0	0.0
18.370847	0.073092	18.402242	0.070588	20.050046	0.069057	19.958409	0.07086	1.0814	0.2053	-0.0	0.0	-0.0	0.0	0.0	0.0	0.0
18.423464	0.073805	18.63079	0.075689	20.240122	0.071365	20.024033	0.072069	0.9574	0.1836	-0.0	0.0	-0.0	0.0	0.0	0.0	0.0
18.475657	0.073401	18.712364	0.083	20.355979	0.07045	20.04073	0.073857	1.8366	0.3039	-0.0	0.0	-0.0	0.0	0.0	0.0	0.0
18.577056	0.07952	18.912436	0.08374	20.426638	0.080767	20.113341	0.076192	4.9865	0.1872	-0.0	0.0	-0.0	0.0	0.0	0.0	0.0
18.635494	0.075228	19.10526	0.084437	20.175336	0.082094	20.13418	0.074458	15.9576	0.2201	-0.0	0.0	-0.0	0.0	0.0	0.0	0.0
18.696114	0.074771	19.130301	0.069559	20.012863	0.073192	20.117157	0.074229	20.1701	0.2386	-0.0	0.0	-0.0	0.0	-0.0	0.0	0.0
18.786023	0.070732	19.182563	0.073083	19.922024	0.078852	20.08741	0.070334	20.278	0.2391	-0.0	0.0	-0.0	0.0	-0.0	0.0	0.0
18.834765	0.069609	19.220893	0.069647	19.888902	0.07597	20.064787	0.072182	20.2025	0.2373	-0.0	0.0	-0.0	0.0	-0.0	0.0	0.0
18.877613	0.075994	19.22388	0.078078	19.837042	0.077591	20.042438	0.077815	20.2025	0.2373	-0.0	0.0	-0.0	0.0	-0.0	0.0	0.0
18.917983	0.076885	19.211811	0.081457	19.822879	0.076143	20.011392	0.078646	20.2187	0.2387	-0.0	0.0	-0.0	0.0	-0.0	0.0	0.0
18.929367	0.076922	19.149724	0.072978	19.735447	0.075029	19.923871	0.080101	20.2133	0.2383	-0.0	0.0	-0.0	0.0	-0.0	0.0	0.0
18.899255	0.071575	19.088091	0.069447	19.625204	0.072461	19.86622	0.074745	20.2025	0.2373	-0.0	0.0	-0.0	0.0	-0.0	0.0	0.0
18.913416	0.070369	19.098059	0.072048	19.612011	0.070964	19.846718	0.07047	20.1971	0.2378	-0.0	0.0	-0.0	0.0	-0.0	0.0	0.0
18.963007	0.067467	19.135103	0.06697	19.592439	0.068714	19.824978	0.068049	20.1971	0.2378	-0.0	0.0	-0.0	0.0	-0.0	0.0	0.0
18.947201	0.071124	19.140269	0.073512	19.578598	0.071712	19.796429	0.073221	20.2025	0.2373	-0.0	0.0	-0.0	0.0	-0.0	0.0	0.0
19.002348	0.075283	19.168168	0.077073	19.593973	0.075937	19.8139	0.078065	20.2025	0.2373	-0.0	0.0	-0.0	0.0	-0.0	0.0	0.0
19.02543	0.07984	19.199665	0.078272	19.638153	0.075157	19.8139	0.079604	20.2025	0.2373	-0.0	0.0	-0.0	0.0	-0.0	0.0	0.0
19.067854	0.073681	19.227421	0.070932	19.649163	0.073869	19.814373	0.083602	20.2079	0.2379	-0.0	0.0	-0.0	0.0	-0.0	0.0	0.0
19.066576	0.069387	19.217732	0.073883	19.637256	0.068717	19.810928	0.069466	20.1971	0.2378	-0.0	0.0	-0.0	0.0	-0.0	0.0	0.0
19.125059	0.07618	19.253157	0.071268	19.632901	0.072235	19.82124	0.073328	20.2025	0.2373	-0.0	0.0	-0.0	0.0	-0.0	0.0	0.0
19.105487	0.076209	19.260875	0.072222	19.670042	0.072784	19.831058	0.073371	20.1863	0.2385	-0.0	0.0	-0.0	0.0	-0.0	0.0	0.0
19.153848	0.075382	19.305066	0.075747	19.684854	0.075587	19.833242	0.075048	20.1917	0.2382	-0.0	0.0	-0.0	0.0	-0.0	0.0	0.0
19.17912	0.066181	19.313546	0.067752	19.703876	0.071182	19.843848	0.06624	20.1971	0.2378	-0.0	0.0	-0.0	0.0	-0.0	0.0	0.0
19.210468	0.077854	19.34491	0.074136	19.701608	0.074213	19.839479	0.07412	20.1971	0.2378	-0.0	0.0	-0.0	0.0	-0.0	0.0	0.0
19.20642	0.074918	19.336658	0.07192	19.718609	0.072785	19.848059	0.074569	20.1863	0.2385	-0.0	0.0	-0.0	0.0	-0.0	0.0	0.0
19.242275	0.081056	19.366229	0.077532	19.729296	0.075709	19.829268	0.080072	20.1809	0.2387	-0.0	0.0	-0.0	0.0	-0.0	0.0	0.0
19.273631	0.069297	19.395498	0.068369	19.773337	0.067871	19.89228	0.069361	20.1809	0.2387	-0.0	0.0	-0.0	0.0	-0.0	0.0	0.0
19.299144	0.074668	19.421026	0.06902	19.803141	0.074388	19.898914	0.072396	20.1863	0.2385	-0.0	0.0	-0.0	0.0	-0.0	0.0	0.0
19.298611	0.069989	19.422591	0.077207	19.781512	0.074267	19.887831	0.069613	20.1701	0.2386	-0.0	0.0	-0.0	0.0	-0.0	0.0	0.0
19.333489	0.076941	19.438563	0.078547	19.807977	0.07974	19.901702	0.073523	20.1647	0.2384	-0.0	0.0	-0.0	0.0	-0.0	0.0	0.0
19.333413	0.073324	19.444792	0.073619	19.795263	0.073773	19.916364	0.069581	20.1755	0.2387	-0.0	0.0	-0.0	0.0	-0.0	0.0	0.0
19.341588	0.068756	19.45297	0.073093	19.792911	0.071536	19.890856	0.068932	20.1755	0.2387	-0.0	0.0	-0.0	0.0	-0.0	0.0	0.0
19.375742	0.067552	19.480835	0.069919	19.810329	0.06663	19.895621	0.068467	20.1755	0.2387	-0.0	0.0	-0.0	0.0	-0.0	0.0	0.0
19.406883	0.075384	19.507782	0.072829	19.843606	0.070398	19.895226	0.072884	20.1647	0.2384	-0.0	0.0	-0.0	0.0	-0.0	0.0	0.0
19.400119	0.068796	19.490501	0.067463	19.834689	0.073554	19.924234	0.069433	20.1701	0.2386	-0.0	0.0	-0.0	0.0	-0.0	0.0	0.0
19.43887	0.076241	19.522962	0.072635	19.867264	0.075134	19.920972	0.073183	20.1486	0.2371	-0.0	0.0	-0.0	0.0	-0.0	0.0	0.0
19.460044	0.069402	19.552556	0.073151	19.8569	0.06954	19.9106	0.075397	20.1701	0.2386	-0.0	0.0	-0.0	0.0	-0.0	0.0	0.0
19.483091	0.075734	19.565096	0.080827	19.890513	0.078002	19.925264	0.076491	20.1539	0.2376	-0.0	0.0	-0.0	0.0	-0.0	0.0	0.0
19.506449	0.07667	19.590566	0.068918	19.90761	0.070405	19.950777	0.068609	20.1647	0.2384	-0.0	0.0	-0.0	0.0	-0.0	0.0	0.0
19.517425	0.073498	19.609961	0.081825	19.914425	0.077192	19.961785	0.082381	20.1486	0.2371	-0.0	0.0	-0.0	0.0	-0.0	0.0	0.0
19.532838	0.075302	19.62959	0.072341	19.927808	0.078386	19.98146	0.079802	20.1593	0.2381	-0.0	0.0	-0.0	0.0	-0.0	0.0	0.0
19.555585	0.078904	19.631307	0.075324	19.940034	0.076865	19.974742	0.073476	20.1486	0.2371	-0.0	0.0	-0.0	0.0	-0.0	0.0	0.0
19.585107	0.070851	19.658734	0.071382	19.965398	0.069675	19.976929	0.0755	20.1593	0.2381	-0.0	0.0	-0.0	0.0	-0.0	0.0	0.0
19.572968	0.067957	19.655	0.070817	19.955231	0.067197	19.971047	0.074756	20.1539	0.2376	-0.0	0.0	-0.0	0.0	-0.0	0.0	0.0
19.634119	0.072114	19.688818	0.070456	19.976464	0.076315	19.981739	0.073994	20.1539	0.2376	-0.0	0.0	-0.0	0.0	-0.0	0.0	0.0
19.589252	0.075679	19.648146	0.072763	19.956757	0.076539	19.98313	0.076002	20.1486	0.2371	-0.0	0.0	-0.0	0.0	-0.0	0.0	0.0
19.636377	0.079301	19.684765	0.079081	19.963989	0.07672	20.002965	0.079376	20.1486	0.2371	-0.0	0.0	-0.0	0.0	-0.0	0.0	0.0
19.638481	0.073894	19.688974	0.074267	19.987164	0.081389	20.009285	0.067002	20.1486	0.2371	-0.0	0.0	-0.0	0.0	-0.0	0.0	0.0
19.677282	0.07892	19.746726	0.078544	20.023981	0.073307	20.018668	0.080481	20.1486	0.2371	-0.0	0.0	-0.0	0.0	0.0	0.0	0.0
19.704325	0.07334	19.742204	0.074091	20.032078	0.074344	20.02467	0.072224	20.1486	0.2371	-0.0	0.0	-0.0	0.0	0.0	0.0	0.0
19.689595	0.070457	19.746414	0.069003	20.032078	0.074196	20.018349	0.069617	20.1486	0.2371	-0.0	0.0	-0.0	0.0	0.0	0.0	0.0
19.719133	0.074049	19.771748	0.072631	20.027947	0.071457	20.035285	0.078805	20.1432	0.2376	-0.0	0.0	-0.0	0.0	-0.0	0.0	0.0
