18.009970657939956	0.06797057720913117	7.917486739084246	0.07312757147349258	-1.1981154955094946	0.06930897817207457	-12.476791266668672	0.06461157965522225	19.6631	0.2348	184.64683656134991	1.8265854800685792	37.61598117705432	0.4157664954886071	165.2273073961656	1.3881070595072411	11.709
18.01436314012025	0.06997175001990576	7.909557136691067	0.07292828138834442	-1.17109051154069	0.06768717544675613	-12.443809946705453	0.06534273905713801	19.6685	0.2354	184.42167301683844	1.8445661518577645	37.760778234883134	0.4137553652179492	165.3146110289726	1.3796988030909565	11.709
18.000300534515485	0.07140162935875947	7.913811713457478	0.06641241184105703	-1.1826805090065338	0.06589547556588636	-12.447853976378397	0.0661614330303133	19.6631	0.2348	184.75658494484196	1.7861700240748395	37.69500524907958	0.387689382702427	165.4253468941711	1.371232757847367	11.709
17.972072588164256	0.06800062118587843	7.893302654976156	0.07513430511251219	-1.1981120702965193	0.0696937067398448	-12.449011432768389	0.06538231016426183	19.6577	0.2353	184.89808191043105	1.8590634018585699	37.71605766930935	0.42514650628655776	165.63522333858774	1.4068565526766883	11.709
17.977421733036852	0.07557607852558816	7.898922151339827	0.07521767953166915	-1.2077521580981336	0.07244968021484384	-12.466817704044507	0.0731766798745963	19.6577	0.2353	184.9030417233214	1.956220325424122	37.65285881791406	0.4318013029515074	165.5150883577491	1.5137900669735775	11.709
17.965167879705106	0.06918597553250072	7.887013942141406	0.06744872558651055	-1.2096859550485062	0.07116423778644604	-12.468839691841039	0.06619961334935776	19.6523	0.2357	184.9093832271327	1.7727972805023104	37.694144684262504	0.40628879165213366	165.51379190900744	1.428793165524099	11.709
17.993854968850826	0.08162169251515888	7.894790444439213	0.0731934338367584	-1.196167252549558	0.07755952531766369	-12.470314775381203	0.07075328023621565	19.6685	0.2354	184.52651967500682	2.0031739627500116	37.71795376273391	0.4424573355520225	165.2936707532943	1.539192697405821	11.709
17.97246497690384	0.0730815618343835	7.86250125239038	0.07376153991860826	-1.2231828274339802	0.06940052046614663	-12.462637213461653	0.0677728347161977	19.6685	0.2354	184.32758805498932	1.8931453143977408	37.7398464509038	0.4206848242976023	165.8038873292345	1.4309841223699453	11.709
18.004657349670886	0.0719387842254142	7.923014076390235	0.07046318740942036	-1.1865197694822067	0.07007197220530408	-12.452145104327283	0.07097398188487719	19.6631	0.2348	184.84538464100896	1.8462971715417058	37.641039363321326	0.4106171924832326	165.4187116359156	1.4644813525605906	11.709
17.981529986105514	0.07548822593221552	7.888866876057857	0.07557568026127917	-1.2019606030472998	0.07319217154596411	-12.45757346170464	0.07330414019640918	19.6577	0.2353	184.64355823070795	1.9542232201020777	37.718494038316585	0.4365165919365217	165.5658605235025	1.5237491052062182	11.709
17.988152470065	0.07605332945420716	7.8830040804101476	0.07385521734395536	-1.1961740437078623	0.07211573860369618	-12.45412148501698	0.07070594555522333	19.6631	0.2348	184.41542437623252	1.9346955194508662	37.76689006278336	0.4293851056736511	165.53152680612467	1.484984133126165	11.709
17.981954484132913	0.07283438815263553	7.899074370741412	0.07169881183903543	-1.2038961084516375	0.0712497980684706	-12.456006838934698	0.07578812080377899	19.6631	0.2348	184.82271014885413	1.8734269147128726	37.668179069431496	0.41827178821927075	165.6173915543221	1.5310629901113773	11.709
17.977775397576064	0.06680253580265186	7.905089610909332	0.07053577636434231	-1.2135472742984188	0.0689141161238049	-12.463366027237697	0.06860976740231493	19.6631	0.2348	185.00976483648355	1.7843763744881118	37.6034627094574	0.40665907293580544	165.65113355058344	1.4319012892054073	11.709
17.97972344747927	0.06594269383286396	7.9010185299958735	0.07481236925322947	-1.1826605638172145	0.07186430863176765	-12.459595382326913	0.06493393934645045	19.6631	0.2348	184.89927465088647	1.8295322299506076	37.74817654088386	0.4310900162788386	165.252815472891	1.4193187578314472	11.709
17.968922548925182	0.0790169918815616	7.906881398788055	0.0704464067690824	-1.201959732230173	0.0681026321586754	-12.45016875173536	0.07025433626995566	19.6631	0.2348	185.20548672548472	1.9485002049830176	37.64390191265334	0.4049320550315515	165.67483991731342	1.4411584551781405	11.709
17.990171299865782	0.07250302371320363	7.919064707772141	0.0713502282022431	-1.1903821616189685	0.07536120961934291	-12.441196813328142	0.07208088372708611	19.6631	0.2348	185.03877519536783	1.8689779739386416	37.64139875782731	0.4288298070400657	165.63647045593282	1.5352741785629638	11.709
17.974907930948284	0.07295472800624457	7.878690639904457	0.0696788097849565	-1.2019562490251066	0.06969157536400271	-12.470223622104356	0.0677957075671223	19.6685	0.2354	184.5785579829111	1.8443516618253846	37.76078139235001	0.4098072986456892	165.3799263864784	1.4269687704706495	11.709
17.97972344747879	0.07468748330512762	7.905028675319425	0.0728396329146419	-1.188451785766056	0.07016370398697808	-12.450396280458975	0.0674485079422504	19.6631	0.2348	184.97287221174827	1.915433431683514	37.70748983751175	0.4193770686265594	165.47277688512673	1.4300119610481445	11.709
17.972677104472357	0.07109879741541326	7.870610899623586	0.07272257745076226	-1.2000243064120044	0.07071393119696379	-12.460934170291962	0.06984886152523606	19.6631	0.2348	184.47169033286886	1.857186991881557	37.80245972694749	0.4227364006229289	165.48798020668252	1.4606850253168395	11.709
17.991694598579983	0.07121120957306934	7.908795028524209	0.0681020084703266	-1.1903755459825986	0.06969234754041408	-12.459231075865052	0.06777347592226748	19.6631	0.2348	184.82235350209828	1.8061529067377922	37.683909677951924	0.4035519983709242	165.37129469104497	1.426600469830912	11.709
17.978803852326	0.07218106342818159	7.874559679487046	0.07199286041145636	-1.2000225794966164	0.06714201744790876	-12.45900339525716	0.06779651077303071	19.6577	0.2353	184.4319274936335	1.8608199910443155	37.786017283003375	0.4099107208851199	165.51633395221486	1.4027098896688854	11.709
18.043269207789596	0.0713595551402216	7.925446969980525	0.0742408196414578	-1.1517798243841006	0.06969603413562946	-12.412300499858649	0.06843661184473063	19.6577	0.2353	184.18442080343743	1.8745557488526106	37.77500880410621	0.4237647004954101	165.49369983590634	1.4355633970725759	11.709
17.975827333511507	0.073449061139571	7.889110113893214	0.07606592499730583	-1.1903854695871054	0.06725396522532612	-12.448738418826968	0.06402155837003372	19.6631	0.2348	184.75240140949683	1.9367630126720912	37.76556956510531	0.4223233862082349	165.52556462433742	1.3651821312155468	11.709
17.99728998232795	0.07368178390688399	7.907399494814453	0.07055866822896174	-1.1942529658223482	0.07253854658398023	-12.438062471796274	0.07579129865816661	19.6631	0.2348	184.694296828017	1.8674151931596676	37.67363383264162	0.4188659061165075	165.73966569541102	1.546432341503288	11.709
18.00543665478387	0.07072534618457814	7.9133236658445725	0.06965618176458475	-1.1826677436501811	0.07506547501506775	-12.460005252827127	0.07211308621770567	19.6631	0.2348	184.65362315160377	1.8162820545218619	37.697080685022186	0.42440389474123286	165.24691463269062	1.525259360453628	11.709
17.946152082958346	0.07617459758099944	7.860860145618498	0.07105917810223059	-1.219334038488423	0.07513419110185006	-12.476061647632969	0.06884810094267117	19.6631	0.2348	184.77851114685154	1.908610917712961	37.76266400493476	0.4300795733707327	165.54946458410595	1.498729363498454	11.709
17.971011952931416	0.07506160812335827	7.89685627339973	0.07967006104803286	-1.1903780267994974	0.0685140140533718	-12.452008568260558	0.06540831257728255	19.6685	0.2354	184.98277056103947	2.0099227749846533	37.73340828974498	0.43632301960231	165.47738995717668	1.3918490043856302	11.709
17.993039678322617	0.06877223934654089	7.913384668503966	0.0715367651332116	-1.192321699326417	0.07278915496853408	-12.456416596441603	0.07028933794802841	19.6685	0.2354	184.88184633776774	1.8201342836967118	37.656861337567314	0.4220619150242181	165.4411868582774	1.4861853345099532	11.709
17.965097197362972	0.07541563670790376	7.878963919604433	0.07315230058783649	-1.1961731947904852	0.07194566666766912	-12.455915785409708	0.07327458114172353	19.6577	0.2353	184.76309774454438	1.924646698926369	37.78370703954424	0.42718177570875465	165.50513598912727	1.5094313727906197	11.709
17.987124453431182	0.06938364441279182	7.917547775519411	0.07210451719467909	-1.1768816137517382	0.069406841194388	-12.438244331741846	0.0665933205216499	19.6577	0.2353	185.06688893395116	1.8390896692200003	37.703555374074185	0.41491778529202994	165.48132542485075	1.4134335153766557	11.709
17.978341289782655	0.07541813542706802	7.891297595230215	0.07096774393817878	-1.1903904317284333	0.07044015369526072	-12.441651565264106	0.07628589579795456	19.6631	0.2348	184.74642175580342	1.8966925188105286	37.75645244101422	0.41570600019651993	165.62989753286345	1.5285306959849085	11.709
17.9733135172241	0.07719053025424857	7.8849178362445675	0.07828051771257215	-1.2212641480430486	0.0789519867444024	-12.4852596607619	0.07595610483445453	19.6631	0.2348	184.7216631457562	2.0129867846749616	37.65489451733346	0.4597443540140705	165.442646577652	1.6091454784325503	11.709
17.97303066154775	0.08022077687424535	7.888806068942862	0.07783016750511847	-1.2019588614188133	0.07920945305103301	-12.450123246998777	0.0750480236939561	19.6631	0.2348	184.7980686615811	2.048267573449518	37.71875355931687	0.460752706266171	165.6754973328848	1.6071848458020699	11.709
17.994704578446587	0.07028709722512294	7.9031758958076015	0.073089011534691	-1.1845950121618694	0.07343920402756798	-12.437744229820451	0.0685097205697591	19.6631	0.2348	184.6643147206193	1.8555417279340243	37.73118023621116	0.43018030481819014	165.60210769610202	1.4779869779472063	11.709
17.972959949020044	0.07872468970787361	7.8867707727553835	0.07284318515226072	-1.2096787544899346	0.0731907601383298	-12.461116343247854	0.07343780751108607	19.6631	0.2348	184.76207377196465	1.9647378555528354	37.695182174866716	0.4279115245136274	165.62729997498258	1.5262585764189438	11.709
18.009545455051665	0.07595244481920058	7.923319465998977	0.0704638563954787	-1.1730143021331272	0.06820890287265673	-12.425000174537045	0.06792799333837493	19.6631	0.2348	184.76139942587477	1.8978500961614342	37.695661880314226	0.4064045443201981	165.61922933385873	1.4169135478801878	11.709
17.994208963099364	0.07143436262949414	7.898952594750966	0.07473082885400635	-1.186519769481726	0.06810368985895776	-12.466863269308911	0.06664974070264043	19.6577	0.2353	184.596127197499	1.8903604239961216	37.740725889374396	0.4199986244932458	165.20287956581748	1.3955499937820701	11.709
17.97274781477481	0.07423971991421706	7.896704101478683	0.07100420604568586	-1.1903738921362268	0.07220236122064413	-12.455460537960063	0.07023493312921134	19.6577	0.2353	184.9481087704998	1.885604315500577	37.73405734108674	0.4205061831917064	165.42662184971752	1.4791799364673035	11.709
17.98981738526205	0.07780034152335313	7.8888364723830895	0.08032785867400055	-1.2000294873167716	0.07343381728795217	-12.470405930004253	0.07075340431279208	19.6631	0.2348	184.49151074891586	2.0425026942136	37.72663427916982	0.45175976958911473	165.3489781942572	1.496063053289059	11.709
18.008022495171286	0.07138064178032758	7.929579963451316	0.07697214356079009	-1.171089757589676	0.06214357779825769	-12.43272407092965	0.06719331154997646	19.6631	0.2348	184.90408838447516	1.9259368948615498	37.6777020356223	0.40956754412079655	165.4773345335445	1.344854410906674	11.709
17.988435579915137	0.07300954229740783	7.889140519676925	0.0687651493142008	-1.182664552552963	0.06810312381607996	-12.434064216094283	0.06737674246875315	19.6631	0.2348	184.52230750242555	1.8324665797928423	37.797584862535864	0.4032396333712346	165.62785825674433	1.4102393801403585	11.709
17.97519081402744	0.06867340959048662	7.882821796200296	0.06700999395036943	-1.2038899614134921	0.06799841318819383	-12.45752793017852	0.06886784889040314	19.6631	0.2348	184.64893875474033	1.7554887855986832	37.73557819600492	0.39646213111339734	165.59491551401916	1.424112273520211	11.709
17.956386496456844	0.07716032423768271	7.872797668411761	0.07275347092836627	-1.201959732230173	0.07351358961958532	-12.464886874873596	0.07131778015740531	19.6577	0.2353	184.80972007505883	1.943675864818386	37.785288017698065	0.4306506563661408	165.4583400089034	1.5046480832194395	11.709
17.998954820758126	0.06829728661025883	7.9192478472708965	0.06963652697477507	-1.17880436927604	0.06768554109927336	-12.452509215296171	0.06967316248147692	19.6631	0.2348	184.88089322087507	1.7890411882582855	37.68854188925873	0.40228151279005664	165.3001612261364	1.4242730794710017	11.709
17.964390404530917	0.07337924667877618	7.8846747353035544	0.06667010589003414	-1.19616470597141	0.07016391177724972	-12.446261620669345	0.06504759094088124	19.6631	0.2348	184.88073372468932	1.8184746501701938	37.759980703485475	0.40246337892839995	165.64703778047755	1.4087591347302322	11.709
17.974625056772542	0.07455123192508775	7.8825787637004465	0.07053945191187011	-1.209673354357453	0.07475899068062444	-12.464522423158517	0.07410460905864737	19.6577	0.2353	184.65484348226522	1.877897794239416	37.71258403547592	0.42632798023157065	165.57709634941543	1.5485966012749866	11.709
17.98312422279046	0.0705760591957156	7.888654055255991	0.07191410633859427	-1.2038846927828424	0.07107310002541672	-12.457254748082528	0.06768260704970991	19.6631	0.2348	184.6105043389479	1.8427309082670267	37.71139519729303	0.4193504707816976	165.5988578981619	1.4442427858049172	11.709
17.991411449522634	0.07193677480538192	7.902658094777074	0.06605736209886912	-1.1923025107017018	0.07513934115885983	-12.438811297449995	0.06715283562297827	19.6685	0.2354	184.71511426002164	1.7881518372679517	37.701353194145256	0.4147269084179855	165.69988642687133	1.4847506100055965	11.709
17.97218214793484	0.06938024991874986	7.902475357672165	0.07237166922688812	-1.1980880967148617	0.075946208346235	-12.460615380568626	0.06628046342792579	19.6631	0.2348	185.0644976539968	1.8425399849692243	37.67814199555934	0.43433596337295	165.46421435396894	1.4809311839601083	11.709
17.987161655763305	0.06877038048687316	7.9066376123842925	0.07408968242952488	-1.1884411306086837	0.07071528546156902	-12.446125152190211	0.06567160202132918	19.6631	0.2348	184.8659078281746	1.8538321133380997	37.70086348489982	0.42455228583312704	165.53540009565873	1.4190451389324201	11.709
18.015956844474882	0.07621619996315009	7.929396574142287	0.07528535021361102	-1.1710852340018223	0.0722032902007583	-12.425091008535377	0.07269103170861595	19.6685	0.2354	184.7552762009674	1.9622938281118594	37.67848003026991	0.43188425043406664	165.5895035063851	1.507524919457861	11.709
17.97944048510472	0.07343541006469012	7.8988917081632275	0.07353042053872906	-1.2019606030477805	0.07895505129741007	-12.450214256807412	0.07211126351913527	19.6631	0.2348	184.86545424250352	1.9057812650520702	37.67694610883817	0.4466648084837858	165.67418250211034	1.574952949245706	11.709
17.98585057239445	0.0703228120673349	7.900957626761518	0.0710051824132545	-1.1730066902619167	0.07016516899001539	-12.431906100702744	0.06894030107858834	19.6577	0.2353	184.7858215956546	1.8311149705068828	37.788590531560814	0.41571894142526605	165.51753068642415	1.4460859460835997	11.709
18.024245709457436	0.06982467416434694	7.9313713779562685	0.07088656644938351	-1.1710844800902187	0.06725455430900938	-12.419525162594434	0.06815997608452974	19.6577	0.2353	184.63969405094412	1.8202723273784749	37.670308697062104	0.4043883455834236	165.67142782390758	1.4103122251729416	11.709
17.992756486926837	0.06996926390607888	7.909252275799365	0.06686493922862662	-1.1884575235932966	0.06881746749222634	-12.439675152594699	0.06620214205246931	19.6631	0.2348	184.81127092767215	1.773815206765778	37.68996040046068	0.39750912766489993	165.6305379659073	1.4057373840596	11.709
17.978874587074504	0.07492874914774612	7.890628523565381	0.07422277122067487	-1.1961630082851662	0.0722830525418457	-12.462728310473741	0.07040443667608366	19.6631	0.2348	184.7244027288111	1.9311951238190777	37.735246909990636	0.4302437632628267	165.40491078509984	1.481376315571601	11.709
17.966409045808142	0.07705845643968615	7.890658933452591	0.07903262723073132	-1.1884427697953057	0.07700971511210378	-12.43885676048785	0.07101591550282085	19.6631	0.2348	184.95349804058762	2.0262031755253407	37.76720795531219	0.4590245913826678	165.6423692678964	1.5423416590443941	11.709
18.00940372521745	0.07121393108093813	7.917242602755969	0.06810353234978307	-1.1903871236093828	0.07116450944020031	-12.445149570518007	0.06958954019492597	19.6631	0.2348	184.6527424651821	1.802894680908032	37.64890892318182	0.4071818149491072	165.578370707848	1.4643347180010329	11.709
17.983548748559016	0.07884941241841419	7.894851298205203	0.07577053718493437	-1.2077503725927683	0.07107112889739631	-12.452008568260558	0.0691398629216734	19.6577	0.2353	184.71613781991724	2.0021949175343123	37.66970526393836	0.4299156741942999	165.73305203726048	1.4614587981751046	11.709
18.019994887248533	0.07211552161489118	7.913293164867648	0.0728950412493429	-1.1826669458665047	0.07623670624538291	-12.434200563807586	0.06912092038698749	19.6631	0.2348	184.38708095404226	1.8707336390900267	37.69721039886102	0.4371442563115314	165.62588638507864	1.5148131999437615	11.709
17.987586277098032	0.0735132712085249	7.896795403927209	0.07407709283394624	-1.2038882051766815	0.07644684082575454	-12.461116343247854	0.07042341854859055	19.6577	0.2353	184.67781684166664	1.9100102650779174	37.67764453771136	0.4407112163230955	165.54210377602823	1.5284836427074073	11.709
18.00501157090476	0.0765367584715309	7.915145851196194	0.07309017754937557	-1.184593402025122	0.0699774847422395	-12.437653306564034	0.06922807961470624	19.6577	0.2353	184.69475020097977	1.937220850506402	37.681554661317165	0.41901455747356303	165.60342204446485	1.4485936152803822	11.709
17.9693467368745	0.07266780048603515	7.89102387038031	0.07235808932579633	-1.2038952302834884	0.0684103151464411	-12.450441787211743	0.06609851569904039	19.6631	0.2348	184.90628384792447	1.881459761386362	37.701525244899244	0.41278222499125705	165.6993299436435	1.4015271036688228	11.709
18.002992652977742	0.06735127734976978	7.901140339280514	0.07312511799241858	-1.190385469587586	0.06725396522532612	-12.448738418826968	0.06822520986237904	19.6523	0.2357	184.4755962365633	1.8154855451316196	37.715596840689464	0.4121460264114325	165.52556462434447	1.4085067217202598	11.709
17.9733135172241	0.07325190014148804	7.8869227518643354	0.06382174716745792	-1.1942411829383963	0.06387589144996965	-12.457664525766175	0.0691118675883472	19.6577	0.2353	184.75838107155997	1.7796419994546258	37.75863144149275	0.37544181162083134	165.45105088761974	1.3823949580718458	11.709
17.998600719001068	0.07968792894239354	7.89703888744675	0.0763863214365079	-1.1884526054369864	0.07278462283461642	-12.446762030964077	0.0712737283906903	19.6577	0.2353	184.480901046592	2.01593393300729	37.74064642981228	0.43828509640766355	165.52620453276936	1.4977554310355017	11.709
17.979581965178166	0.07468730414504138	7.894942580612041	0.06930936205181916	-1.1981017952814335	0.06851125492211044	-12.452145104327283	0.07245814768161499	19.6577	0.2353	184.79046772014829	1.867064442516164	37.70929821733111	0.40415281989664315	165.58895123187503	1.4672455128366955	11.709
17.984114814096895	0.081081314413066	7.897099760672883	0.07229086617120113	-1.1903846425862998	0.07151618837248302	-12.445013105753555	0.07058917327554098	19.6631	0.2348	184.74694632585354	1.989565965591107	37.732369802034086	0.42222301078105695	165.58034187994576	1.4783672025742776	11.709
17.97554443039787	0.06999703123688243	7.8970084511857355	0.07100490178870308	-1.1826605638172145	0.07186288863918641	-12.441196813327663	0.06884981293434556	19.6631	0.2348	184.9023739664896	1.8292210888123062	37.76484820178008	0.4201892019477821	165.52286970200365	1.4631670840621893	11.709
17.981812982563433	0.06988819481392153	7.9030235943432325	0.07635360097173505	-1.1923125217408377	0.06861312853633394	-12.433836976619812	0.07089697415698677	19.6577	0.2353	184.8977250026735	1.8989071237773723	37.69979665376261	0.4254923983157926	165.77335539702526	1.4549174910831062	11.709
17.96899324552623	0.07068818549657092	7.878842459619507	0.07163952868721923	-1.2000303508237289	0.06778725779550338	-12.455733682395463	0.06659079135364997	19.6631	0.2348	184.68953221847616	1.842166172876158	37.76816012661513	0.41028989375105807	165.56452971142576	1.397736190160429	11.709
18.003559372219744	0.07491880916287497	7.92143630352165	0.0740092589312784	-1.1672254842338279	0.07476360776622257	-12.443582521706468	0.07294244809955723	19.6577	0.2353	184.8365880841844	1.9306591433257365	37.727481787907145	0.43668893928078534	165.26128274142317	1.5308005617293137	11.709
17.956951675894004	0.07748070117079263	7.889079708343563	0.0760506405625712	-1.2038969866269957	0.07343395424966692	-12.459732002799424	0.07009154426288583	19.6631	0.2348	185.0982247956031	1.9960226067207487	37.7095788955063	0.4384232452720054	165.5625927339423	1.4931942168200383	11.709
17.967045228525038	0.07629176107267663	7.882912937251711	0.07422258426510663	-1.196171496974956	0.07391027370952225	-12.446625551397132	0.07114105921250649	19.6631	0.2348	184.79976014155326	1.9505936215317572	37.76727979104857	0.43572353656723	165.64177940271716	1.510378148247974	11.709
17.98439786022936	0.07308754208317733	7.903236818036864	0.07241478236229092	-1.2000398498323313	0.07437957700772299	-12.456234478631112	0.0730288568373372	19.6577	0.2353	184.85422669705812	1.8865938245446616	37.666912100371576	0.4295320205956113	165.55730334434287	1.5331417689071696	11.709
17.978129076030072	0.07148243433848353	7.88118142000659	0.06916256675536589	-1.1884575235932966	0.06669996707114224	-12.443355105106244	0.06917397856546402	19.6685	0.2354	184.56520645140492	1.8181432659975407	37.80661217125507	0.40052885186010595	165.57638265176416	1.4136764148248195	11.709
17.95833448796328	0.07740041818134318	7.8887756657371755	0.07275527884672894	-1.213539042055249	0.07679698133228757	-12.472154417983475	0.07456566508595293	19.6631	0.2348	185.06721710088019	1.9523315794600051	37.67089285327005	0.437814952459862	165.52170639450065	1.5736961065501454	11.709
18.00299265297822	0.07385609098968506	7.9111659843974	0.07089894155471714	-1.1749417882773652	0.06768372916830437	-12.443218659178095	0.06895699580844761	19.6523	0.2357	184.65886205366886	1.8733099883921214	37.73808661010983	0.4071109415396662	165.37978699080728	1.4181067787433854	11.709
17.99413816313511	0.069188183406716	7.9109525457083585	0.06497021207203851	-1.1807277538041654	0.06921273265539037	-12.448419917853418	0.0667157344411153	19.6577	0.2353	184.81711032297582	1.739649725051108	37.71495595730281	0.39379367402487314	165.38836893404297	1.4110378944191442	11.709
17.968569074265826	0.06770878308054279	7.880665079585473	0.06452994122113652	-1.2154663963602625	0.0701638425449943	-12.466498756617115	0.06753911197991877	19.6523	0.2357	184.73066651364886	1.7128019697302588	37.69650020789101	0.39505397251460683	165.63326537445488	1.4337133498303334	11.709
17.983548748559016	0.0672142352652395	7.89886126522165	0.06922978432657761	-1.201959732230173	0.07007073156687633	-12.461207431743908	0.06886751612906863	19.6631	0.2348	184.78958636468252	1.7680800959988088	37.67707574624315	0.40779533801979884	165.51241063321532	1.4442563797557313	11.709
17.996440223660958	0.07207486334302331	7.917059510389785	0.07100700081888973	-1.1826605638172145	0.07007091998941511	-12.45223613005296	0.06735095656087955	19.6577	0.2353	184.88687764411327	1.855897238716397	37.681634080801544	0.4131001071997874	165.36072877902203	1.4261025168956358	11.709
18.02187207944868	0.07376022341905412	7.94127602437484	0.07229574811597585	-1.163359091126756	0.06810494594320002	-12.437744229820451	0.0702581783510835	19.6577	0.2353	184.86458722101352	1.894059699004545	37.6612920478474	0.41084717880303295	165.29018706903264	1.43453830609167	11.709
18.007668195077933	0.07723515470624694	7.921405770415545	0.07545989594625312	-1.1826693392353171	0.08022823183547007	-12.449056936268347	0.07819362826062798	19.6631	0.2348	184.76073199388125	1.9779655470242596	37.663608652624816	0.4556487600450661	165.4075197229822	1.6447749584710711	11.709
17.988223246691984	0.07765678606666568	7.905089610909332	0.08023277291020045	-1.1730097349413844	0.0729506506316457	-12.42656774797991	0.07165181189533493	19.6577	0.2366	184.81806311182095	2.0466571569045757	37.77137801765923	0.45118520804549805	165.59609205407517	1.5046602188024787	11.709
17.997998175853898	0.07162167332935658	7.901688527543455	0.07020236907097388	-1.190400356687316	0.06969418879525054	-12.442197311928416	0.06777668270753887	19.6631	0.2348	184.576869527259	1.8334590839627487	37.71326110424432	0.41032248055656895	165.6220100732409	1.4309817553960464	11.709
17.979935675104837	0.07197744360841873	7.891084696483964	0.0705652958272931	-1.1903846425862998	0.07151469250674755	-12.448692917679626	0.07017503914814233	19.6631	0.2348	184.713326880535	1.8454740272169106	37.75736164177777	0.4177083233101161	165.52622144711657	1.473114335026631	11.709
17.983690261602725	0.06877061463330825	7.904937273695782	0.0674052357915538	-1.196170648077284	0.07107474849378773	-12.463138263680763	0.06661513467239008	19.6631	0.2348	184.89839277726023	1.7665798077444452	37.67588792719103	0.4055026164212801	165.39900461613138	1.4300148751532156	11.709
17.955962635225976	0.0758188082767054	7.88664919368534	0.07611672079801735	-1.1845821317498848	0.07278531587858872	-12.466453194044641	0.06976648235300599	19.6631	0.2348	185.0717270330473	1.9746284832893397	37.79997552399988	0.43885351804886985	165.18051113801272	1.4761576382073742	11.709
17.97986493200611	0.07701671335420067	7.903084514224686	0.07425595925398108	-1.2058263730808694	0.07319066783117033	-12.45048729430094	0.07294078779182665	19.6685	0.2354	184.93458737818702	1.9634242142670013	37.643613634628615	0.43087969937299203	165.7271163371642	1.522918130908626	11.709
17.994987799474746	0.07489955295258666	7.90931324609792	0.06999921080719096	-1.1614313277641541	0.06881811950635236	-12.434246013716454	0.07338068991170979	19.6631	0.2348	184.77150128139533	1.8781398846549864	37.8020039349425	0.4090875797819101	165.31321418645098	1.4752974888875385	11.709
17.990242084457535	0.07646927766340444	7.905059142997349	0.07540843941492259	-1.190382988601991	0.07116150879414707	-12.446762030964077	0.06970038350184736	19.6631	0.2348	184.7805081454664	1.967714260378658	37.69935722890453	0.42975634992187334	165.55459101454957	1.465022864460004	11.709
17.986204410138065	0.07629752588765794	7.905120079056818	0.07609997797203644	-1.1923150246425234	0.07728582869282556	-12.452372671161827	0.07225481578085535	19.6631	0.2348	184.85563332879374	1.976007837778552	37.6910984431821	0.44936887029613565	165.50050516296065	1.555065194379682	11.709
17.999663066073335	0.07054651584330976	7.917547775519411	0.07014242644804695	-1.1691591073987315	0.06821032101443228	-12.430883954764388	0.06628213870574695	19.6577	0.2353	184.83673068180292	1.8238258927683269	37.735598439802935	0.40631219518352496	165.47600424626992	1.3975188681274382	11.709
17.984327097860813	0.06934023244921277	7.903206356804962	0.06792230112608955	-1.1826653503178957	0.06969554401111394	-12.448829422129505	0.06404521773962525	19.6631	0.2348	184.8549656858711	1.7798462529607366	37.739067106261516	0.4042223899828521	165.41080147462674	1.3897088862244915	11.709
17.970729138012263	0.07490418317281185	7.894729591612347	0.07241267022986886	-1.2135372127441355	0.07414442364377302	-12.455506061192192	0.06845343475079103	19.6631	0.2348	184.94891946763076	1.9123315864014232	37.64627556913321	0.4283595333293162	165.76680239780802	1.4879857614897534	11.709
17.960070487751164	0.08002945176981291	7.878599550883571	0.06930715241718255	-1.2038838147012043	0.06901067614845789	-12.449850225638086	0.06893791780839706	19.6631	0.2348	184.84854445675003	1.941153872445013	37.75314616851107	0.4065488159893569	165.70787787972364	1.437304265446553	11.709
17.99413816313511	0.06675875196371878	7.916967967382363	0.06992509598344214	-1.1710754336008313	0.06541588370025789	-12.444740185296277	0.0703709882290981	19.6631	0.2348	184.92743423629346	1.774113692221669	37.73004891645836	0.39753210155382096	165.30074910935633	1.408774440037019	11.709
17.992190130876757	0.07516009751539504	7.909008404006956	0.06999856184452113	-1.1942420245316656	0.07151580618911893	-12.46322936809434	0.064872457863089	19.6523	0.2357	184.81718163394808	1.8825524245098264	37.66702067198191	0.4140714415335565	165.36936033809098	1.4169246225733634	11.709
18.022510336546645	0.07570961525286743	7.927513442215317	0.06887941859875493	-1.1788106346101308	0.06930915827198819	-12.428952959496423	0.07033908759869067	19.6739	0.2358	184.60087191403144	1.8716814629135214	37.65430696087504	0.40404599210133435	165.6463691610975	1.4539725326766535	11.709
