22.58053972018441	0.18911316595000988	11.441123492128222	0.1887026495315418	2.3505262338130684	0.18839772612908903	-9.965110093882972	0.3000396265608307	19.1777	0.2326	190.47015875058233	4.5680400630803515	41.96494375526177	1.230938448018103	172.279070353452	4.955959749122778	13.3312
22.58053972018441	0.18911316595000988	11.441123492128222	0.1887026495315418	2.3505262338130684	0.18839772612908903	-9.935164741792237	0.2701961675014384	19.1777	0.2326	190.47015875058233	4.5680400630803515	41.96494375526177	1.230938448018103	172.6989862889775	4.630249718981345	13.3312
22.58053972018441	0.18911316595000988	11.441123492128222	0.1887026495315418	2.3505262338130684	0.18839772612908903	-10.024989223585694	0.32687157451149834	19.1777	0.2326	190.47015875058233	4.5680400630803515	41.96494375526177	1.230938448018103	171.44549531293995	5.226660895541906	13.3312
22.58053972018441	0.18911316595000988	11.441123492128222	0.1887026495315418	2.3505262338130684	0.18839772612908903	-10.174619564998272	0.27010324258691254	19.1777	0.2326	190.47015875058233	4.5680400630803515	41.96494375526177	1.230938448018103	169.3973396739247	4.453869647928108	13.3312
22.58053972018441	0.18911316595000988	11.441123492128222	0.1887026495315418	2.3505262338130684	0.18839772612908903	-10.05492300269576	0.3298720028924509	19.1777	0.2326	190.46420655812136	4.56789731182838	41.96363235076941	1.2308999811916024	171.02646046492274	5.2371846199266505	13.3307834
22.58053972018441	0.18911316595000988	11.441123492128222	0.1887026495315418	2.3505262338130684	0.18839772612908903	-9.995051587564204	0.31743247954213194	19.1777	0.2326	190.47015875058233	4.5680400630803515	41.96494375526177	1.230938448018103	171.86124522035337	5.138614939964192	13.3312
22.58053972018441	0.18911316595000988	11.441123492128222	0.1887026495315418	2.3505262338130684	0.18839772612908903	-9.995051587564204	0.31743247954213194	19.1777	0.2326	190.47611094304327	4.568182814332323	41.96625515975412	1.2309769148446035	171.86661588426648	5.138775521681066	13.3316166
22.58053972018441	0.18911316595000988	11.441123492128222	0.1887026495315418	2.3505262338130684	0.18839772612908903	-10.084852925643686	0.326833734200634	19.1777	0.2326	190.47611094304327	4.568182814332323	41.96625515975412	1.2309769148446035	170.62549151807758	5.17617184241005	13.3316166
22.58053972018441	0.18911316595000988	11.441123492128222	0.1887026495315418	2.3505262338130684	0.18839772612908903	-9.965110093882972	0.3000396265608307	19.1777	0.2326	190.47015875058233	4.5680400630803515	41.96494375526177	1.230938448018103	172.279070353452	4.955959749122778	13.3312
22.58053972018441	0.18911316595000988	11.441123492128222	0.1887026495315418	2.3505262338130684	0.18839772612908903	-10.114778993177785	0.31736167136934945	19.1777	0.2326	190.47015875058233	4.5680400630803515	41.96494375526177	1.230938448018103	170.2105434813219	5.03954629582415	13.3312
22.58053972018441	0.18911316595000988	11.441123492128222	0.1887026495315418	2.3505262338130684	0.18839772612908903	-10.05492300269576	0.3298720028924509	19.1777	0.2326	190.47015875058233	4.5680400630803515	41.96494375526177	1.230938448018103	171.03180520883552	5.23734828706062	13.3312
22.58053972018441	0.18911316595000988	11.441123492128222	0.1887026495315418	2.3505262338130684	0.18839772612908903	-10.114778993177785	0.3173616713693494	19.1777	0.2326	190.46420655812136	4.56789731182838	41.96363235076941	1.2308999811916024	170.20522440183805	5.039388810002404	13.3307834
22.58053972018441	0.18911316595000988	11.441123492128222	0.1887026495315418	2.3505262338130684	0.18839772612908903	-9.995051587564204	0.31743247954213194	19.1777	0.2326	190.47015875058233	4.5680400630803515	41.96494375526177	1.230938448018103	171.86124522035337	5.138614939964192	13.3312
22.58053972018441	0.18911316595000988	11.441123492128222	0.1887026495315418	2.3505262338130684	0.18839772612908903	-9.935164741792237	0.2701961675014384	19.264	0.3483	190.47015875058233	4.5680400630803515	41.96494375526177	1.230938448018103	172.6989862889775	4.630249718981345	13.3312
22.58053972018441	0.18911316595000988	11.441123492128222	0.1887026495315418	2.3505262338130684	0.18839772612908903	-9.935164741792237	0.2701961675014384	19.1777	0.2326	190.47015875058233	4.5680400630803515	41.96494375526177	1.230938448018103	172.6989862889775	4.630249718981345	13.3312
22.58053972018441	0.18911316595000988	11.441123492128222	0.1887026495315418	2.3505262338130684	0.18839772612908903	-9.965110093882972	0.3000396265608307	19.1777	0.2326	190.47015875058233	4.5680400630803515	41.96494375526177	1.230938448018103	172.279070353452	4.955959749122778	13.3312
22.58053972018441	0.18911316595000988	11.441123492128222	0.1887026495315418	2.3505262338130684	0.18839772612908903	-9.935164741792237	0.2701961675014384	19.1777	0.2326	190.47015875058233	4.5680400630803515	41.96494375526177	1.230938448018103	172.6989862889775	4.630249718981345	13.3312
22.58053972018441	0.18911316595000988	11.441123492128222	0.1887026495315418	2.3505262338130684	0.18839772612908903	-10.05492300269576	0.3298720028924509	19.1777	0.2326	190.47015875058233	4.5680400630803515	41.96494375526177	1.230938448018103	171.03180520883552	5.23734828706062	13.3312
22.58053972018441	0.18911316595000988	11.441123492128222	0.1887026495315418	2.3505262338130684	0.18839772612908903	-9.965110093882972	0.3000396265608307	19.1777	0.2326	190.47015875058233	4.5680400630803515	41.96494375526177	1.230938448018103	172.279070353452	4.955959749122778	13.3312
22.58053972018441	0.18911316595000988	11.441123492128222	0.1887026495315418	2.3505262338130684	0.18839772612908903	-9.965110093882972	0.3000396265608307	19.1777	0.2326	190.47015875058233	4.5680400630803515	41.96494375526177	1.230938448018103	172.279070353452	4.955959749122778	13.3312
22.58053972018441	0.18911316595000988	11.441123492128222	0.1887026495315418	2.3505262338130684	0.18839772612908903	-9.965110093882972	0.3000396265608307	19.1777	0.2326	190.47015875058233	4.5680400630803515	41.96494375526177	1.230938448018103	172.279070353452	4.955959749122778	13.3312
22.58053972018441	0.18911316595000988	11.441123492128222	0.1887026495315418	2.3505262338130684	0.18839772612908903	-9.995051587564204	0.31743247954213194	19.1777	0.2326	190.47015875058233	4.5680400630803515	41.96494375526177	1.230938448018103	171.86124522035337	5.138614939964192	13.3312
22.58053972018441	0.18911316595000988	11.441123492128222	0.1887026495315418	2.3505262338130684	0.18839772612908903	-9.965110093882972	0.3000396265608307	19.1777	0.2326	190.47015875058233	4.5680400630803515	41.96494375526177	1.230938448018103	172.279070353452	4.955959749122778	13.3312
22.58053972018441	0.18911316595000988	11.441123492128222	0.1887026495315418	2.3505262338130684	0.18839772612908903	-9.935164741792237	0.2701961675014384	19.1777	0.2326	190.47015875058233	4.5680400630803515	41.96494375526177	1.230938448018103	172.6989862889775	4.630249718981345	13.3312
22.58053972018441	0.18911316595000988	11.441123492128222	0.1887026495315418	2.3505262338130684	0.18839772612908903	-9.995051587564204	0.31743247954213194	19.1777	0.2326	190.47015875058233	4.5680400630803515	41.96494375526177	1.230938448018103	171.86124522035337	5.138614939964192	13.3312
22.58053972018441	0.18911316595000988	11.441123492128222	0.1887026495315418	2.3505262338130684	0.18839772612908903	-9.995051587564204	0.31743247954213194	19.1777	0.2326	190.47015875058233	4.5680400630803515	41.96494375526177	1.230938448018103	171.86124522035337	5.138614939964192	13.3312
22.58053972018441	0.18911316595000988	11.441123492128222	0.1887026495315418	2.3505262338130684	0.18839772612908903	-9.935164741792237	0.2701961675014384	19.1777	0.2326	190.47015875058233	4.5680400630803515	41.96494375526177	1.230938448018103	172.6989862889775	4.630249718981345	13.3312
22.58053972018441	0.18911316595000988	11.441123492128222	0.1887026495315418	2.3505262338130684	0.18839772612908903	-9.905215530542716	0.18798800945586389	19.1777	0.2326	190.47015875058233	4.5680400630803515	41.96494375526177	1.230938448018103	173.12100875994616	3.7594870047804263	13.3312
22.58053972018441	0.18911316595000988	11.441123492128222	0.1887026495315418	2.3505262338130684	0.18839772612908903	-10.024989223585694	0.3268715745114983	19.1777	0.2326	190.47015875058233	4.5680400630803515	41.96494375526177	1.230938448018103	171.44549531293995	5.2266608955419045	13.3312
22.58053972018441	0.18911316595000988	11.441123492128222	0.1887026495315418	2.3505262338130684	0.18839772612908903	-9.995051587564204	0.31743247954213194	19.1777	0.2326	190.46420655812136	4.56789731182838	41.96363235076941	1.2308999811916024	171.85587455644023	5.138454358247318	13.3307834
22.58053972018441	0.18911316595000988	11.441123492128222	0.1887026495315418	2.3505262338130684	0.18839772612908903	-9.965110093882972	0.3000396265608307	19.1777	0.2326	190.47015875058233	4.5680400630803515	41.96494375526177	1.230938448018103	172.279070353452	4.955959749122778	13.3312
22.58053972018441	0.18911316595000988	11.441123492128222	0.1887026495315418	2.3505262338130684	0.18839772612908903	-9.965110093882972	0.3000396265608307	19.1777	0.2326	190.47611094304327	4.568182814332323	41.96625515975412	1.2309769148446035	172.28445407440054	4.956114622864939	13.3316166
22.58053972018441	0.18911316595000988	11.441123492128222	0.1887026495315418	2.3505262338130684	0.18839772612908903	-9.935164741792237	0.2701961675014384	19.1777	0.2326	190.47015875058233	4.5680400630803515	41.96494375526177	1.230938448018103	172.6989862889775	4.630249718981345	13.3312
22.58053972018441	0.18911316595000988	11.441123492128222	0.1887026495315418	2.3505262338130684	0.18839772612908903	-9.965110093882972	0.3000396265608307	19.1777	0.2326	190.47015875058233	4.5680400630803515	41.96494375526177	1.230938448018103	172.279070353452	4.955959749122778	13.3312
22.58053972018441	0.18911316595000988	11.441123492128222	0.1887026495315418	2.3505262338130684	0.18839772612908903	-9.905215530542716	0.18798800945586389	19.1777	0.2326	190.47015875058233	4.5680400630803515	41.96494375526177	1.230938448018103	173.12100875994616	3.7594870047804263	13.3312
22.58053972018441	0.18911316595000988	11.441123492128222	0.1887026495315418	2.3505262338130684	0.18839772612908903	-9.965110093882972	0.3000396265608307	19.1777	0.2326	190.47015875058233	4.5680400630803515	41.96494375526177	1.230938448018103	172.279070353452	4.955959749122778	13.3312
22.58053972018441	0.18911316595000988	11.441123492128222	0.1887026495315418	2.3505262338130684	0.18839772612908903	-9.935164741792237	0.2701961675014384	19.1777	0.2326	190.47015875058233	4.5680400630803515	41.96494375526177	1.230938448018103	172.6989862889775	4.630249718981345	13.3312
22.58053972018441	0.18911316595000988	11.441123492128222	0.1887026495315418	2.3505262338130684	0.18839772612908903	-9.935164741792237	0.2701961675014384	19.1777	0.2326	190.47015875058233	4.5680400630803515	41.96494375526177	1.230938448018103	172.6989862889775	4.630249718981345	13.3312
22.58053972018441	0.18911316595000988	11.441123492128222	0.1887026495315418	2.3505262338130684	0.18839772612908903	-9.935164741792237	0.2701961675014384	19.1777	0.2326	190.47015875058233	4.5680400630803515	41.96494375526177	1.230938448018103	172.6989862889775	4.630249718981345	13.3312
22.54475380422131	0.2877295073494436	11.407624494774872	0.28085999177135823	2.3187864340308835	0.27557680052121813	-9.96459461530492	0.3061959637620406	19.1777	0.2326	190.50927024318932	6.877939989079063	41.97306631467309	1.8171163965963082	172.7314628460055	5.792853974342276	13.3312
22.58053972018441	0.18911316595000988	11.441123492128222	0.1887026495315418	2.3505262338130684	0.18839772612908903	-9.995051587564204	0.31743247954213194	19.1777	0.2326	190.47611094304327	4.568182814332323	41.96625515975412	1.2309769148446035	171.86661588426648	5.138775521681066	13.3316166
22.58053972018441	0.18911316595000988	11.441123492128222	0.1887026495315418	2.3189770913442933	0.27501291916474574	-9.935164741792237	0.27019616750143843	19.1777	0.2326	190.47015875058233	4.5680400630803515	41.81980708116551	1.5290336048133844	173.1436118691965	5.447391712664127	13.3312
22.58053972018441	0.18911316595000988	11.441123492128222	0.1887026495315418	2.3505262338130684	0.18839772612908903	-9.965110093882972	0.3000396265608307	19.1777	0.2326	190.47015875058233	4.5680400630803515	41.96494375526177	1.230938448018103	172.279070353452	4.955959749122778	13.3312
22.58053972018441	0.18911316595000988	11.441123492128222	0.1887026495315418	2.3505262338130684	0.18839772612908903	-9.995051587564204	0.31743247954213194	19.1777	0.2326	190.47015875058233	4.5680400630803515	41.96494375526177	1.230938448018103	171.86124522035337	5.138614939964192	13.3312
22.58053972018441	0.18911316595000988	11.441123492128222	0.1887026495315418	2.3505262338130684	0.18839772612908903	-9.905215530542716	0.18798800945586389	19.1777	0.2326	190.47015875058233	4.5680400630803515	41.96494375526177	1.230938448018103	173.12100875994616	3.7594870047804263	13.3312
22.58053972018441	0.18911316595000988	11.441123492128222	0.1887026495315418	2.3505262338130684	0.18839772612908903	-10.024989223585694	0.3268715745114983	19.1777	0.2326	190.47015875058233	4.5680400630803515	41.96494375526177	1.230938448018103	171.44549531293995	5.2266608955419045	13.3312
22.58053972018441	0.18911316595000988	11.441123492128222	0.1887026495315418	2.3505262338130684	0.18839772612908903	-10.024989223585694	0.3268715745114983	19.1777	0.2326	190.47015875058233	4.5680400630803515	41.96494375526177	1.230938448018103	171.44549531293995	5.2266608955419045	13.3312
22.58053972018441	0.18911316595000988	11.441123492128222	0.1887026495315418	2.3505262338130684	0.18839772612908903	-9.935164741792237	0.2701961675014384	19.1777	0.2326	190.47015875058233	4.5680400630803515	41.96494375526177	1.230938448018103	172.6989862889775	4.630249718981345	13.3312
22.58053972018441	0.18911316595000988	11.441123492128222	0.1887026495315418	2.3505262338130684	0.18839772612908903	-9.965110093882972	0.3000396265608307	19.1777	0.2326	190.47015875058233	4.5680400630803515	41.96494375526177	1.230938448018103	172.279070353452	4.955959749122778	13.3312
22.58053972018441	0.18911316595000988	11.441123492128222	0.1887026495315418	2.3505262338130684	0.18839772612908903	-10.05492300269576	0.3298720028924509	19.1777	0.2326	190.47015875058233	4.5680400630803515	41.96494375526177	1.230938448018103	171.03180520883552	5.23734828706062	13.3312
22.58053972018441	0.18911316595000988	11.441123492128222	0.1887026495315418	2.3505262338130684	0.18839772612908903	-9.995051587564204	0.31743247954213194	19.1777	0.2326	190.47015875058233	4.5680400630803515	41.96494375526177	1.230938448018103	171.86124522035337	5.138614939964192	13.3312
22.58053972018441	0.18911316595000988	11.441123492128222	0.1887026495315418	2.3505262338130684	0.18839772612908903	-9.965110093882972	0.3000396265608307	19.1777	0.2326	190.47015875058233	4.5680400630803515	41.96494375526177	1.230938448018103	172.279070353452	4.955959749122778	13.3312
22.58053972018441	0.18911316595000988	11.441123492128222	0.1887026495315418	2.3505262338130684	0.18839772612908903	-9.935164741792237	0.2701961675014384	19.1777	0.2326	190.47015875058233	4.5680400630803515	41.96494375526177	1.230938448018103	172.6989862889775	4.630249718981345	13.3312
22.58053972018441	0.18911316595000988	11.441123492128222	0.1887026495315418	2.3505262338130684	0.18839772612908903	-9.965110093882972	0.3000396265608307	19.1777	0.2326	190.47611094304327	4.568182814332323	41.96625515975412	1.2309769148446035	172.28445407440054	4.956114622864939	13.3316166
22.58053972018441	0.18911316595000988	11.441123492128222	0.1887026495315418	2.3505262338130684	0.18839772612908903	-10.05492300269576	0.3298720028924509	19.1777	0.2326	190.47611094304327	4.568182814332323	41.96625515975412	1.2309769148446035	171.03714995274828	5.2375119541945905	13.3316166
22.58053972018441	0.18911316595000988	11.441123492128222	0.1887026495315418	2.3505262338130684	0.18839772612908903	-9.965110093882972	0.3000396265608307	19.1777	0.2326	190.47015875058233	4.5680400630803515	41.96494375526177	1.230938448018103	172.279070353452	4.955959749122778	13.3312
22.58053972018441	0.18911316595000988	11.441123492128222	0.1887026495315418	2.3505262338130684	0.18839772612908903	-10.084852925643686	0.326833734200634	19.1777	0.2326	190.47015875058233	4.5680400630803515	41.96494375526177	1.230938448018103	170.62015963808892	5.176010092094673	13.3312
22.58053972018441	0.18911316595000988	11.441123492128222	0.1887026495315418	2.3505262338130684	0.18839772612908903	-9.995051587564204	0.31743247954213194	19.1777	0.2326	190.47015875058233	4.5680400630803515	41.96494375526177	1.230938448018103	171.86124522035337	5.138614939964192	13.3312
22.58053972018441	0.18911316595000988	11.441123492128222	0.1887026495315418	2.3505262338130684	0.18839772612908903	-10.114778993177785	0.3173616713693494	19.1777	0.2326	190.47015875058233	4.5680400630803515	41.96494375526177	1.230938448018103	170.2105434813219	5.039546295824149	13.3312
22.58053972018441	0.18911316595000988	11.441123492128222	0.1887026495315418	2.3505262338130684	0.18839772612908903	-10.144701206046381	0.29994686640373014	19.1777	0.2326	190.47015875058233	4.5680400630803515	41.96494375526177	1.230938448018103	169.8029417678644	4.813454225350915	13.3312
22.58053972018441	0.18911316595000988	11.441123492128222	0.1887026495315418	2.3505262338130684	0.18839772612908903	-10.05492300269576	0.3298720028924509	19.1777	0.2326	190.47015875058233	4.5680400630803515	41.96494375526177	1.230938448018103	171.03180520883552	5.23734828706062	13.3312
22.58053972018441	0.18911316595000988	11.441123492128222	0.1887026495315418	2.3505262338130684	0.18839772612908903	-10.084852925643686	0.326833734200634	19.1777	0.2326	190.47015875058233	4.5680400630803515	41.96494375526177	1.230938448018103	170.62015963808892	5.176010092094673	13.3312
22.58053972018441	0.18911316595000988	11.441123492128222	0.1887026495315418	2.3505262338130684	0.18839772612908903	-10.05492300269576	0.3298720028924509	19.1777	0.2326	190.46420655812136	4.56789731182838	41.96363235076941	1.2308999811916024	171.02646046492274	5.2371846199266505	13.3307834
22.58053972018441	0.18911316595000988	11.441123492128222	0.1887026495315418	2.3505262338130684	0.18839772612908903	-10.204534070780817	0.18797755548460165	19.1777	0.2326	190.47015875058233	4.5680400630803515	41.96494375526177	1.230938448018103	168.99372252081798	3.5822685125296605	13.3312
22.58053972018441	0.18911316595000988	11.441123492128222	0.1887026495315418	2.3505262338130684	0.18839772612908903	-10.114778993177785	0.31736167136934934	19.1777	0.2326	190.47015875058233	4.5680400630803515	41.96494375526177	1.230938448018103	170.2105434813219	5.039546295824149	13.3312
22.58053972018441	0.18911316595000988	11.441123492128222	0.1887026495315418	2.3505262338130684	0.18839772612908903	-10.144701206046381	0.29994686640373014	19.1777	0.2326	190.47015875058233	4.5680400630803515	41.96494375526177	1.230938448018103	169.8029417678644	4.813454225350915	13.3312
22.58053972018441	0.18911316595000988	11.441123492128222	0.1887026495315418	2.3505262338130684	0.18839772612908903	-10.084852925643686	0.326833734200634	19.1777	0.2326	190.46420655812136	4.56789731182838	41.96363235076941	1.2308999811916024	170.6148277581002	5.175848341779294	13.3307834
22.58053972018441	0.18911316595000988	11.441123492128222	0.1887026495315418	2.3505262338130684	0.18839772612908903	-10.05492300269576	0.3298720028924509	19.1777	0.2326	190.47015875058233	4.5680400630803515	41.96494375526177	1.230938448018103	171.03180520883552	5.23734828706062	13.3312
22.58053972018441	0.18911316595000988	11.441123492128222	0.1887026495315418	2.3505262338130684	0.18839772612908903	-10.174619564998272	0.27010324258691254	19.1777	0.2326	190.47015875058233	4.5680400630803515	41.96494375526177	1.230938448018103	169.3973396739247	4.453869647928108	13.3312
22.58053972018441	0.18911316595000988	11.441123492128222	0.1887026495315418	2.3505262338130684	0.18839772612908903	-10.144701206046381	0.29994686640373014	19.1777	0.2326	190.47015875058233	4.5680400630803515	41.96494375526177	1.230938448018103	169.8029417678644	4.813454225350915	13.3312
22.58053972018441	0.18911316595000988	11.441123492128222	0.1887026495315418	2.3189770913442933	0.27501291916474574	-10.084852925643686	0.326833734200634	19.1777	0.2326	190.47015875058233	4.5680400630803515	41.81980708116551	1.5290336048133844	171.05413202541567	5.8905052647531715	13.3312
22.58053972018441	0.18911316595000988	11.441123492128222	0.1887026495315418	2.3505262338130684	0.18839772612908903	-10.144701206046381	0.29994686640373014	19.1777	0.2326	190.46420655812136	4.56789731182838	41.96363235076941	1.2308999811916024	169.79763542593412	4.813303804906373	13.3307834
22.58053972018441	0.18911316595000988	11.441123492128222	0.1887026495315418	2.3505262338130684	0.18839772612908903	-10.144701206046381	0.29994686640373014	19.1777	0.2326	190.47015875058233	4.5680400630803515	41.96494375526177	1.230938448018103	169.8029417678644	4.813454225350915	13.3312
22.58053972018441	0.18911316595000988	11.441123492128222	0.1887026495315418	2.3505262338130684	0.18839772612908903	-10.05492300269576	0.3298720028924509	19.1777	0.2326	190.47015875058233	4.5680400630803515	41.96494375526177	1.230938448018103	171.03180520883552	5.23734828706062	13.3312
22.58053972018441	0.18911316595000988	11.441123492128222	0.1887026495315418	2.3505262338130684	0.18839772612908903	-10.084852925643686	0.326833734200634	19.1777	0.2326	190.47015875058233	4.5680400630803515	41.96494375526177	1.230938448018103	170.62015963808892	5.176010092094673	13.3312
22.58053972018441	0.18911316595000988	11.441123492128222	0.1887026495315418	2.3505262338130684	0.18839772612908903	-10.084852925643686	0.326833734200634	19.1777	0.2326	190.47015875058233	4.5680400630803515	41.96494375526177	1.230938448018103	170.62015963808892	5.176010092094673	13.3312
22.58053972018441	0.18911316595000988	11.441123492128222	0.1887026495315418	2.3505262338130684	0.18839772612908903	-10.144701206046381	0.29994686640373014	19.1777	0.2326	190.47015875058233	4.5680400630803515	41.96494375526177	1.230938448018103	169.8029417678644	4.813454225350915	13.3312
22.58053972018441	0.18911316595000988	11.441123492128222	0.1887026495315418	2.3505262338130684	0.18839772612908903	-10.024989223585694	0.3268715745114983	19.1777	0.2326	190.47015875058233	4.5680400630803515	41.96494375526177	1.230938448018103	171.44549531293995	5.2266608955419045	13.3312
22.58053972018441	0.18911316595000988	11.441123492128222	0.1887026495315418	2.3505262338130684	0.18839772612908903	-10.204534070780817	0.18797755548460165	19.1777	0.2326	190.47015875058233	4.5680400630803515	41.96494375526177	1.230938448018103	168.99372252081798	3.5822685125296605	13.3312
22.58053972018441	0.18911316595000988	11.441123492128222	0.1887026495315418	2.3505262338130684	0.18839772612908903	-10.174619564998272	0.27010324258691254	19.1777	0.2326	190.46420655812136	4.56789731182838	41.96363235076941	1.2308999811916024	169.39204600705986	4.453730464501609	13.3307834
22.58053972018441	0.18911316595000988	11.310105673626722	0.3406558377902653	2.3505262338130684	0.18839772612908903	-10.144701206046381	0.29994686640373014	19.1777	0.2326	188.2618426700277	6.508368346947409	42.57993655391369	1.8500402391824449	169.80824810979462	4.813604645795458	13.3316166
22.58053972018441	0.18911316595000988	11.441123492128222	0.1887026495315418	2.3505262338130684	0.18839772612908903	-10.204534070780817	0.18797755548460165	19.1777	0.2326	190.46420655812136	4.56789731182838	41.96363235076941	1.2308999811916024	168.98844146698917	3.582156566638644	13.3307834
22.58053972018441	0.18911316595000988	11.441123492128222	0.1887026495315418	2.3505262338130684	0.18839772612908903	-10.084852925643686	0.326833734200634	19.1777	0.2326	190.47015875058233	4.5680400630803515	41.96494375526177	1.230938448018103	170.62015963808892	5.176010092094673	13.3312
22.58053972018441	0.18911316595000988	11.441123492128222	0.1887026495315418	2.3505262338130684	0.18839772612908903	-10.144701206046381	0.29994686640373014	19.1777	0.2326	190.47015875058233	4.5680400630803515	41.96494375526177	1.230938448018103	169.8029417678644	4.813454225350915	13.3312
22.58053972018441	0.18911316595000988	11.441123492128222	0.1887026495315418	2.3505262338130684	0.18839772612908903	-10.144701206046381	0.29994686640373014	19.1777	0.2326	190.47611094304327	4.568182814332323	41.96625515975412	1.2309769148446035	169.80824810979462	4.813604645795458	13.3316166
22.58053972018441	0.18911316595000988	11.441123492128222	0.1887026495315418	2.3505262338130684	0.18839772612908903	-10.114778993177785	0.3173616713693494	19.1777	0.2326	190.47015875058233	4.5680400630803515	41.96494375526177	1.230938448018103	170.2105434813219	5.039546295824149	13.3312
22.58053972018441	0.18911316595000988	11.441123492128222	0.1887026495315418	2.3505262338130684	0.18839772612908903	-10.084852925643686	0.326833734200634	19.1777	0.2326	190.47611094304327	4.568182814332323	41.96625515975412	1.2309769148446035	170.62549151807758	5.17617184241005	13.3316166
22.58053972018441	0.18911316595000988	11.441123492128222	0.1887026495315418	2.3505262338130684	0.18839772612908903	-10.084852925643686	0.326833734200634	19.1777	0.2326	190.47015875058233	4.5680400630803515	41.96494375526177	1.230938448018103	170.62015963808892	5.176010092094673	13.3312
22.58053972018441	0.18911316595000988	11.441123492128222	0.1887026495315418	2.3505262338130684	0.18839772612908903	-10.144701206046381	0.29994686640373014	19.1777	0.2326	190.47015875058233	4.5680400630803515	41.96494375526177	1.230938448018103	169.8029417678644	4.813454225350915	13.3312
22.58053972018441	0.18911316595000988	11.441123492128222	0.1887026495315418	2.3505262338130684	0.18839772612908903	-10.174619564998272	0.27010324258691254	19.1777	0.2326	190.46420655812136	4.56789731182838	41.96363235076941	1.2308999811916024	169.39204600705986	4.453730464501609	13.3307834
22.58053972018441	0.18911316595000988	11.441123492128222	0.1887026495315418	2.3505262338130684	0.18839772612908903	-10.174619564998272	0.27010324258691254	19.1777	0.2326	190.47015875058233	4.5680400630803515	41.96494375526177	1.230938448018103	169.3973396739247	4.453869647928108	13.3312
22.58053972018441	0.18911316595000988	11.441123492128222	0.1887026495315418	2.3189770913442933	0.27501291916474574	-10.174619564998272	0.27010324258691254	19.1777	0.2326	190.47015875058233	4.5680400630803515	41.81980708116551	1.5290336048133844	169.82510606899967	5.239695971481378	13.3312
22.58053972018441	0.18911316595000988	11.441123492128222	0.1887026495315418	2.3505262338130684	0.18839772612908903	-10.174619564998272	0.27010324258691254	19.1777	0.2326	190.47015875058233	4.5680400630803515	41.96494375526177	1.230938448018103	169.3973396739247	4.453869647928108	13.3312
22.58053972018441	0.18911316595000988	11.441123492128222	0.1887026495315418	2.3505262338130684	0.18839772612908903	-10.204534070780817	0.18797755548460165	19.1777	0.2326	190.47015875058233	4.5680400630803515	41.96494375526177	1.230938448018103	168.99372252081798	3.5822685125296605	13.3312
22.58053972018441	0.18911316595000988	11.441123492128222	0.1887026495315418	2.3189770913442933	0.27501291916474574	-10.174619564998272	0.27010324258691254	19.1777	0.2326	190.47015875058233	4.5680400630803515	41.81980708116551	1.5290336048133844	169.82510606899967	5.239695971481378	13.3312
22.58053972018441	0.18911316595000988	11.441123492128222	0.1887026495315418	2.3189770913442933	0.27501291916474574	-10.204534070780817	0.18797755548460165	19.1777	0.2326	190.47015875058233	4.5680400630803515	41.81980708116551	1.5290336048133844	169.41945033461687	4.50645863552487	13.3312
22.58053972018441	0.18911316595000988	11.441123492128222	0.1887026495315418	2.3189770913442933	0.27501291916474574	-10.204534070780817	0.18797755548460165	19.1777	0.2326	190.47015875058233	4.5680400630803515	41.81980708116551	1.5290336048133844	169.41945033461687	4.50645863552487	13.3312
22.58053972018441	0.18911316595000988	11.408362423010464	0.27866105906648786	2.3505262338130684	0.18839772612908903	-10.144701206046381	0.29994686640373014	19.1777	0.2326	189.91162786893614	5.724670180530335	42.116725747580034	1.5640446403156572	169.8029417678644	4.813454225350915	13.3312
22.58053972018441	0.18911316595000988	11.441123492128222	0.1887026495315418	2.3189770913442933	0.27501291916474574	-10.144701206046381	0.29994686640373014	19.1777	0.2326	190.47611094304327	4.568182814332323	41.82111395013679	1.5290813871135347	170.23808146108632	5.558286788638902	13.3316166
22.58053972018441	0.18911316595000988	11.441123492128222	0.1887026495315418	2.3505262338130684	0.18839772612908903	-10.204534070780817	0.18797755548460165	19.1777	0.2326	190.47015875058233	4.5680400630803515	41.96494375526177	1.230938448018103	168.99372252081798	3.5822685125296605	13.3312
