17.850559715309565	0.1089466534685364	5.942213583848061	0.10851019313716861	3.177146970817862	0.3906509882419539	-9.314964038400863	0.10800862740841641	17.4516	0.2249	178.1769405988505	2.3006948003179226	115.41046344528995	16.922619287615646	169.85061049570896	5.510814219611949	13.3316166
17.850559715309565	0.1089466534685364	5.942213583848061	0.10851019313716861	3.050383414827177	0.29028141328736606	-9.314964038400863	0.10800862740841641	17.4516	0.2249	178.17137274345228	2.300622905852115	110.34799020060831	11.825313319857873	171.58647465201534	4.297857915129282	13.3312
17.850559715309565	0.1089466534685364	5.942213583848061	0.10851019313716861	3.303977767330981	0.4172731286317113	-9.314964038400863	0.10800862740841641	17.4516	0.2249	178.17137274345228	2.300622905852115	120.95493706632199	19.766944840753204	168.13821713504802	5.743097214451801	13.3312
17.850559715309565	0.1089466534685364	5.942213583848061	0.10851019313716861	3.050383414827177	0.29028141328736606	-9.314964038400863	0.10800862740841641	17.4516	0.2249	178.17137274345228	2.300622905852115	110.34799020060831	11.825313319857873	171.58647465201534	4.297857915129282	13.3312
17.850559715309565	0.1089466534685364	5.942213583848061	0.10851019313716861	2.9870268352365246	0.10841999510062242	-9.314964038400863	0.10800862740841641	17.4516	0.2249	178.16580488805403	2.300551011386306	107.97885283862048	5.604783111918337	172.46477380697831	2.1454850103280534	13.3307834
17.850559715309565	0.1089466534685364	5.942213583848061	0.10851019313716861	3.050383414827177	0.29028141328736606	-9.314964038400863	0.10800862740841641	17.4516	0.2249	178.17137274345228	2.300622905852115	110.34799020060831	11.825313319857873	171.58647465201534	4.297857915129282	13.3312
17.850559715309565	0.1089466534685364	5.942213583848061	0.10851019313716861	3.240553960649191	0.41078505118968944	-9.314964038400863	0.10800862740841641	17.4516	0.2249	178.1769405988505	2.3006948003179226	118.11910594757524	18.575938400231312	168.9928429441542	5.716948071680513	13.3316166
17.850559715309565	0.1089466534685364	5.942213583848061	0.10851019313716861	2.9870268352365246	0.10841999510062242	-9.314964038400863	0.10800862740841641	17.4516	0.2249	178.17137274345228	2.300622905852115	107.9822272832231	5.604958266864177	172.47016349958767	2.1455520588298915	13.3312
17.850559715309565	0.1089466534685364	5.942213583848061	0.10851019313716861	2.9870268352365246	0.10841999510062242	-9.314964038400863	0.10800862740841641	17.4516	0.2249	178.17137274345228	2.300622905852115	107.9822272832231	5.604958266864177	172.47016349958767	2.1455520588298915	13.3312
17.850559715309565	0.1089466534685364	5.942213583848061	0.10851019313716861	2.9870268352365246	0.10841999510062242	-9.314964038400863	0.10800862740841641	17.4516	0.2249	178.17137274345228	2.300622905852115	107.9822272832231	5.604958266864177	172.47016349958767	2.1455520588298915	13.3312
17.850559715309565	0.1089466534685364	5.942213583848061	0.10851019313716861	2.9870268352365246	0.10841999510062242	-9.314964038400863	0.10800862740841641	17.4516	0.2249	178.17137274345228	2.300622905852115	107.9822272832231	5.604958266864177	172.47016349958767	2.1455520588298915	13.3312
17.850559715309565	0.1089466534685364	5.942213583848061	0.10851019313716861	2.9870268352365246	0.10841999510062242	-9.314964038400863	0.10800862740841641	17.4516	0.2249	178.17137274345228	2.300622905852115	107.9822272832231	5.604958266864177	172.47016349958767	2.1455520588298915	13.3312
17.850559715309565	0.1089466534685364	5.942213583848061	0.10851019313716861	3.050383414827177	0.29028141328736606	-9.314964038400863	0.10800862740841641	17.4516	0.2249	178.17137274345228	2.300622905852115	110.34799020060831	11.825313319857873	171.58647465201534	4.297857915129282	13.3312
17.850559715309565	0.1089466534685364	5.942213583848061	0.10851019313716861	3.050383414827177	0.29028141328736606	-9.314964038400863	0.10800862740841641	17.4516	0.2249	178.17137274345228	2.300622905852115	110.34799020060831	11.825313319857873	171.58647465201534	4.297857915129282	13.3312
17.850559715309565	0.1089466534685364	5.942213583848061	0.10851019313716861	2.9870268352365246	0.10841999510062242	-9.314964038400863	0.10800862740841641	17.4516	0.2249	178.17137274345228	2.300622905852115	107.9822272832231	5.604958266864177	172.47016349958767	2.1455520588298915	13.3312
17.850559715309565	0.1089466534685364	5.942213583848061	0.10851019313716861	3.050383414827177	0.29028141328736606	-9.314964038400863	0.10800862740841641	17.4516	0.2249	178.17137274345228	2.300622905852115	110.34799020060831	11.825313319857873	171.58647465201534	4.297857915129282	13.3312
17.850559715309565	0.1089466534685364	5.942213583848061	0.10851019313716861	2.9870268352365246	0.10841999510062242	-9.314964038400863	0.10800862740841641	17.4516	0.2249	178.17137274345228	2.300622905852115	107.9822272832231	5.604958266864177	172.47016349958767	2.1455520588298915	13.3312
17.850559715309565	0.1089466534685364	5.942213583848061	0.10851019313716861	3.113756791116541	0.3536670361941905	-9.314964038400863	0.10800862740841641	17.4516	0.2249	178.17137274345228	2.300622905852115	112.8204072174526	14.755984350855849	170.71156448439274	5.0791869703399755	13.3312
17.850559715309565	0.1089466534685364	5.942213583848061	0.10851019313716861	3.050383414827177	0.29028141328736606	-9.314964038400863	0.10800862740841641	17.4516	0.2249	178.16580488805403	2.300551011386306	110.34454182591453	11.824943778816625	171.58111257468246	4.297723607069433	13.3307834
17.850559715309565	0.1089466534685364	5.942213583848061	0.10851019313716861	3.050383414827177	0.29028141328736606	-9.314964038400863	0.10800862740841641	17.4516	0.2249	178.17137274345228	2.300622905852115	110.34799020060831	11.825313319857873	171.58647465201534	4.297857915129282	13.3312
17.850559715309565	0.1089466534685364	5.942213583848061	0.10851019313716861	2.9870268352365246	0.10841999510062242	-9.314964038400863	0.10800862740841641	17.4516	0.2249	178.16580488805403	2.300551011386306	107.97885283862048	5.604783111918337	172.46477380697831	2.1454850103280534	13.3307834
17.850559715309565	0.1089466534685364	5.942213583848061	0.10851019313716861	2.9870268352365246	0.10841999510062242	-9.314964038400863	0.10800862740841641	17.4516	0.2249	178.17137274345228	2.300622905852115	107.9822272832231	5.604958266864177	172.47016349958767	2.1455520588298915	13.3312
17.850559715309565	0.1089466534685364	5.942213583848061	0.10851019313716861	3.177146970817862	0.3906509882419539	-9.314964038400863	0.10800862740841641	17.4516	0.2249	178.17137274345228	2.300622905852115	115.40685698100931	16.92209047228839	169.84530282999555	5.510642012049074	13.3312
17.850559715309565	0.1089466534685364	5.942213583848061	0.10851019313716861	3.050383414827177	0.29028141328736606	-9.314964038400863	0.10800862740841641	17.4516	0.2249	178.17137274345228	2.300622905852115	110.34799020060831	11.825313319857873	171.58647465201534	4.297857915129282	13.3312
17.850559715309565	0.1089466534685364	5.942213583848061	0.10851019313716861	3.113756791116541	0.3536670361941905	-9.314964038400863	0.10800862740841641	17.4516	0.2249	178.17137274345228	2.300622905852115	112.8204072174526	14.755984350855849	170.71156448439274	5.0791869703399755	13.3312
17.850559715309565	0.1089466534685364	5.942213583848061	0.10851019313716861	3.113756791116541	0.3536670361941905	-9.314964038400863	0.10800862740841641	17.4516	0.2249	178.1769405988505	2.3006948003179226	112.82393285517813	14.75644547536681	170.71689922078284	5.079345694932799	13.3316166
17.920317166658773	0.239838370418973	6.0071469316530255	0.2301787130488529	3.0508559991783386	0.2279684387642547	-9.255776923969105	0.21867443339512505	17.4516	0.2249	178.0992242612448	4.969641071993833	107.941895585296	11.828724485542775	172.40510792809442	4.42537721471884	13.3312
17.850559715309565	0.1089466534685364	5.942213583848061	0.10851019313716861	3.050383414827177	0.29028141328736606	-9.314964038400863	0.10800862740841641	17.4516	0.2249	178.17137274345228	2.300622905852115	110.34799020060831	11.825313319857873	171.58647465201534	4.297857915129282	13.3312
17.850559715309565	0.1089466534685364	5.942213583848061	0.10851019313716861	3.050383414827177	0.29028141328736606	-9.314964038400863	0.10800862740841641	17.4516	0.2249	178.16580488805403	2.300551011386306	110.34454182591453	11.824943778816625	171.58111257468246	4.297723607069433	13.3307834
17.850559715309565	0.1089466534685364	5.942213583848061	0.10851019313716861	3.050383414827177	0.29028141328736606	-9.314964038400863	0.10800862740841641	17.4516	0.2249	178.17137274345228	2.300622905852115	110.34799020060831	11.825313319857873	171.58647465201534	4.297857915129282	13.3312
17.850559715309565	0.1089466534685364	5.942213583848061	0.10851019313716861	2.9870268352365246	0.10841999510062242	-9.314964038400863	0.10800862740841641	17.4516	0.2249	178.1769405988505	2.3006948003179226	107.9856017278257	5.605133421810017	172.47555319219703	2.14561910733173	13.3316166
17.850559715309565	0.1089466534685364	5.942213583848061	0.10851019313716861	2.9870268352365246	0.10841999510062242	-9.314964038400863	0.10800862740841641	17.4516	0.2249	178.1769405988505	2.3006948003179226	107.9856017278257	5.605133421810017	172.47555319219703	2.14561910733173	13.3316166
17.850559715309565	0.1089466534685364	5.942213583848061	0.10851019313716861	2.9870268352365246	0.10841999510062242	-9.314964038400863	0.10800862740841641	17.4516	0.2249	178.17137274345228	2.300622905852115	107.9822272832231	5.604958266864177	172.47016349958767	2.1455520588298915	13.3312
17.850559715309565	0.1089466534685364	5.942213583848061	0.10851019313716861	3.050383414827177	0.29028141328736606	-9.314964038400863	0.10800862740841641	17.4516	0.2249	178.16580488805403	2.300551011386306	110.34454182591453	11.824943778816625	171.58111257468246	4.297723607069433	13.3307834
17.850559715309565	0.1089466534685364	5.942213583848061	0.10851019313716861	3.050383414827177	0.29028141328736606	-9.314964038400863	0.10800862740841641	17.4516	0.2249	178.16580488805403	2.300551011386306	110.34454182591453	11.824943778816625	171.58111257468246	4.297723607069433	13.3307834
17.850559715309565	0.1089466534685364	5.942213583848061	0.10851019313716861	3.050383414827177	0.29028141328736606	-9.314964038400863	0.10800862740841641	17.4516	0.2249	178.16580488805403	2.300551011386306	110.34454182591453	11.824943778816625	171.58111257468246	4.297723607069433	13.3307834
17.850559715309565	0.1089466534685364	5.942213583848061	0.10851019313716861	2.9870268352365246	0.10841999510062242	-9.314964038400863	0.10800862740841641	17.4516	0.2249	178.17137274345228	2.300622905852115	107.9822272832231	5.604958266864177	172.47016349958767	2.1455520588298915	13.3312
17.850559715309565	0.1089466534685364	5.942213583848061	0.10851019313716861	3.177146970817862	0.3906509882419539	-9.314964038400863	0.10800862740841641	17.4516	0.2249	178.16580488805403	2.300551011386306	115.40325051672865	16.92156165696113	169.8399951642821	5.5104698044861955	13.3307834
17.850559715309565	0.1089466534685364	5.942213583848061	0.10851019313716861	2.9870268352365246	0.10841999510062242	-9.314964038400863	0.10800862740841641	17.4516	0.2249	178.17137274345228	2.300622905852115	107.9822272832231	5.604958266864177	172.47016349958767	2.1455520588298915	13.3312
17.850559715309565	0.1089466534685364	5.942213583848061	0.10851019313716861	3.050383414827177	0.29028141328736606	-9.314964038400863	0.10800862740841641	17.4516	0.2249	178.16580488805403	2.300551011386306	110.34454182591453	11.824943778816625	171.58111257468246	4.297723607069433	13.3307834
17.850559715309565	0.1089466534685364	5.942213583848061	0.10851019313716861	2.9870268352365246	0.10841999510062242	-9.314964038400863	0.10800862740841641	17.4516	0.2249	178.17137274345228	2.300622905852115	107.9822272832231	5.604958266864177	172.47016349958767	2.1455520588298915	13.3312
17.850559715309565	0.1089466534685364	5.942213583848061	0.10851019313716861	3.113756791116541	0.3536670361941905	-9.314964038400863	0.10800862740841641	17.4516	0.2249	178.1769405988505	2.3006948003179226	112.82393285517813	14.75644547536681	170.71689922078284	5.079345694932799	13.3316166
17.850559715309565	0.1089466534685364	5.942213583848061	0.10851019313716861	3.050383414827177	0.29028141328736606	-9.314964038400863	0.10800862740841641	17.4516	0.2249	178.17137274345228	2.300622905852115	110.34799020060831	11.825313319857873	171.58647465201534	4.297857915129282	13.3312
17.850559715309565	0.1089466534685364	5.942213583848061	0.10851019313716861	2.9870268352365246	0.10841999510062242	-9.314964038400863	0.10800862740841641	17.4516	0.2249	178.17137274345228	2.300622905852115	107.9822272832231	5.604958266864177	172.47016349958767	2.1455520588298915	13.3312
17.850559715309565	0.1089466534685364	5.942213583848061	0.10851019313716861	2.9870268352365246	0.10841999510062242	-9.314964038400863	0.10800862740841641	17.4516	0.2249	178.16580488805403	2.300551011386306	107.97885283862048	5.604783111918337	172.46477380697831	2.1454850103280534	13.3307834
17.850559715309565	0.1089466534685364	5.942213583848061	0.10851019313716861	3.177146970817862	0.3906509882419539	-9.314964038400863	0.10800862740841641	17.4516	0.2249	178.1769405988505	2.3006948003179226	115.41046344528995	16.922619287615646	169.85061049570896	5.510814219611949	13.3316166
17.850559715309565	0.1089466534685364	5.942213583848061	0.10851019313716861	2.9870268352365246	0.10841999510062242	-9.314964038400863	0.10800862740841641	17.4516	0.2249	178.17137274345228	2.300622905852115	107.9822272832231	5.604958266864177	172.47016349958767	2.1455520588298915	13.3312
17.850559715309565	0.1089466534685364	5.942213583848061	0.10851019313716861	3.050383414827177	0.29028141328736606	-9.314964038400863	0.10800862740841641	17.4516	0.2249	178.1769405988505	2.3006948003179226	110.35143857530207	11.82568286089912	171.5918367293482	4.297992223189129	13.3316166
17.850559715309565	0.1089466534685364	5.942213583848061	0.10851019313716861	2.9870268352365246	0.10841999510062242	-9.314964038400863	0.10800862740841641	17.4516	0.2249	178.16580488805403	2.300551011386306	107.97885283862048	5.604783111918337	172.46477380697831	2.1454850103280534	13.3307834
17.850559715309565	0.1089466534685364	5.942213583848061	0.10851019313716861	2.9870268352365246	0.10841999510062242	-9.314964038400863	0.10800862740841641	17.4516	0.2249	178.16580488805403	2.300551011386306	107.97885283862048	5.604783111918337	172.46477380697831	2.1454850103280534	13.3307834
17.850559715309565	0.1089466534685364	5.942213583848061	0.10851019313716861	2.9870268352365246	0.10841999510062242	-9.314964038400863	0.10800862740841641	17.4516	0.2249	178.1769405988505	2.3006948003179226	107.9856017278257	5.605133421810017	172.47555319219703	2.14561910733173	13.3316166
17.850559715309565	0.1089466534685364	5.942213583848061	0.10851019313716861	2.9870268352365246	0.10841999510062242	-9.314964038400863	0.10800862740841641	17.4516	0.2249	178.1769405988505	2.3006948003179226	107.9856017278257	5.605133421810017	172.47555319219703	2.14561910733173	13.3316166
17.850559715309565	0.1089466534685364	5.942213583848061	0.10851019313716861	2.9870268352365246	0.10841999510062242	-9.314964038400863	0.10800862740841641	17.4516	0.2249	178.1769405988505	2.3006948003179226	107.9856017278257	5.605133421810017	172.47555319219703	2.14561910733173	13.3316166
17.850559715309565	0.1089466534685364	5.942213583848061	0.10851019313716861	3.050383414827177	0.29028141328736606	-9.314964038400863	0.10800862740841641	17.4516	0.2249	178.17137274345228	2.300622905852115	110.34799020060831	11.825313319857873	171.58647465201534	4.297857915129282	13.3312
17.850559715309565	0.1089466534685364	5.942213583848061	0.10851019313716861	3.050383414827177	0.29028141328736606	-9.314964038400863	0.10800862740841641	17.4516	0.2249	178.17137274345228	2.300622905852115	110.34799020060831	11.825313319857873	171.58647465201534	4.297857915129282	13.3312
17.850559715309565	0.1089466534685364	5.942213583848061	0.10851019313716861	2.9870268352365246	0.10841999510062242	-9.314964038400863	0.10800862740841641	17.4516	0.2249	178.17137274345228	2.300622905852115	107.9822272832231	5.604958266864177	172.47016349958767	2.1455520588298915	13.3312
17.850559715309565	0.1089466534685364	5.942213583848061	0.10851019313716861	3.050383414827177	0.29028141328736606	-9.314964038400863	0.10800862740841641	17.4516	0.2249	178.17137274345228	2.300622905852115	110.34799020060831	11.825313319857873	171.58647465201534	4.297857915129282	13.3312
17.850559715309565	0.1089466534685364	5.942213583848061	0.10851019313716861	2.9870268352365246	0.10841999510062242	-9.314964038400863	0.10800862740841641	17.4516	0.2249	178.17137274345228	2.300622905852115	107.9822272832231	5.604958266864177	172.47016349958767	2.1455520588298915	13.3312
17.850559715309565	0.1089466534685364	5.942213583848061	0.10851019313716861	3.050383414827177	0.29028141328736606	-9.314964038400863	0.10800862740841641	17.4516	0.2249	178.16580488805403	2.300551011386306	110.34454182591453	11.824943778816625	171.58111257468246	4.297723607069433	13.3307834
17.850559715309565	0.1089466534685364	5.942213583848061	0.10851019313716861	2.9870268352365246	0.10841999510062242	-9.314964038400863	0.10800862740841641	17.4516	0.2249	178.16580488805403	2.300551011386306	107.97885283862048	5.604783111918337	172.46477380697831	2.1454850103280534	13.3307834
17.850559715309565	0.1089466534685364	5.942213583848061	0.10851019313716861	3.050383414827177	0.29028141328736606	-9.314964038400863	0.10800862740841641	17.4516	0.2249	178.17137274345228	2.300622905852115	110.34799020060831	11.825313319857873	171.58647465201534	4.297857915129282	13.3312
17.850559715309565	0.1089466534685364	5.942213583848061	0.10851019313716861	2.9870268352365246	0.10841999510062242	-9.314964038400863	0.10800862740841641	17.4516	0.2249	178.17137274345228	2.300622905852115	107.9822272832231	5.604958266864177	172.47016349958767	2.1455520588298915	13.3312
17.850559715309565	0.1089466534685364	5.942213583848061	0.10851019313716861	2.9870268352365246	0.10841999510062242	-9.314964038400863	0.10800862740841641	17.4516	0.2249	178.17137274345228	2.300622905852115	107.9822272832231	5.604958266864177	172.47016349958767	2.1455520588298915	13.3312
17.850559715309565	0.1089466534685364	5.942213583848061	0.10851019313716861	2.9870268352365246	0.10841999510062242	-9.314964038400863	0.10800862740841641	17.4516	0.2249	178.17137274345228	2.300622905852115	107.9822272832231	5.604958266864177	172.47016349958767	2.1455520588298915	13.3312
17.850559715309565	0.1089466534685364	5.942213583848061	0.10851019313716861	3.113756791116541	0.3536670361941905	-9.314964038400863	0.10800862740841641	17.4516	0.2249	178.17137274345228	2.300622905852115	112.8204072174526	14.755984350855849	170.71156448439274	5.0791869703399755	13.3312
17.850559715309565	0.1089466534685364	5.942213583848061	0.10851019313716861	2.9870268352365246	0.10841999510062242	-9.314964038400863	0.10800862740841641	17.4516	0.2249	178.17137274345228	2.300622905852115	107.9822272832231	5.604958266864177	172.47016349958767	2.1455520588298915	13.3312
17.850559715309565	0.1089466534685364	5.942213583848061	0.10851019313716861	2.9870268352365246	0.10841999510062242	-9.314964038400863	0.10800862740841641	17.4516	0.2249	178.17137274345228	2.300622905852115	107.9822272832231	5.604958266864177	172.47016349958767	2.1455520588298915	13.3312
17.850559715309565	0.1089466534685364	5.942213583848061	0.10851019313716861	2.9870268352365246	0.10841999510062242	-9.314964038400863	0.10800862740841641	17.4516	0.2249	178.17137274345228	2.300622905852115	107.9822272832231	5.604958266864177	172.47016349958767	2.1455520588298915	13.3312
17.850559715309565	0.1089466534685364	5.942213583848061	0.10851019313716861	2.9870268352365246	0.10841999510062242	-9.314964038400863	0.10800862740841641	17.4516	0.2249	178.1769405988505	2.3006948003179226	107.9856017278257	5.605133421810017	172.47555319219703	2.14561910733173	13.3316166
17.850559715309565	0.1089466534685364	5.942213583848061	0.10851019313716861	2.9870268352365246	0.10841999510062242	-9.314964038400863	0.10800862740841641	17.4516	0.2249	178.17137274345228	2.300622905852115	107.9822272832231	5.604958266864177	172.47016349958767	2.1455520588298915	13.3312
17.850559715309565	0.1089466534685364	5.942213583848061	0.10851019313716861	2.9870268352365246	0.10841999510062242	-9.314964038400863	0.10800862740841641	17.4516	0.2249	178.17137274345228	2.300622905852115	107.9822272832231	5.604958266864177	172.47016349958767	2.1455520588298915	13.3312
17.850559715309565	0.1089466534685364	5.942213583848061	0.10851019313716861	3.050383414827177	0.29028141328736606	-9.314964038400863	0.10800862740841641	17.4516	0.2249	178.16580488805403	2.300551011386306	110.34454182591453	11.824943778816625	171.58111257468246	4.297723607069433	13.3307834
17.850559715309565	0.1089466534685364	5.942213583848061	0.10851019313716861	3.113756791116541	0.3536670361941905	-9.314964038400863	0.10800862740841641	17.4516	0.2249	178.1769405988505	2.3006948003179226	112.82393285517813	14.75644547536681	170.71689922078284	5.079345694932799	13.3316166
17.850559715309565	0.1089466534685364	5.942213583848061	0.10851019313716861	3.050383414827177	0.29028141328736606	-9.314964038400863	0.10800862740841641	17.4516	0.2249	178.16580488805403	2.300551011386306	110.34454182591453	11.824943778816625	171.58111257468246	4.297723607069433	13.3307834
17.850559715309565	0.1089466534685364	5.942213583848061	0.10851019313716861	3.050383414827177	0.29028141328736606	-9.314964038400863	0.10800862740841641	17.4516	0.2249	178.1769405988505	2.3006948003179226	110.35143857530207	11.82568286089912	171.5918367293482	4.297992223189129	13.3316166
17.850559715309565	0.1089466534685364	5.942213583848061	0.10851019313716861	3.050383414827177	0.29028141328736606	-9.314964038400863	0.10800862740841641	17.4516	0.2249	178.16580488805403	2.300551011386306	110.34454182591453	11.824943778816625	171.58111257468246	4.297723607069433	13.3307834
17.850559715309565	0.1089466534685364	5.942213583848061	0.10851019313716861	2.9870268352365246	0.10841999510062242	-9.314964038400863	0.10800862740841641	17.4516	0.2249	178.17137274345228	2.300622905852115	107.9822272832231	5.604958266864177	172.47016349958767	2.1455520588298915	13.3312
17.850559715309565	0.1089466534685364	5.942213583848061	0.10851019313716861	3.113756791116541	0.3536670361941905	-9.314964038400863	0.10800862740841641	17.4516	0.2249	178.17137274345228	2.300622905852115	112.8204072174526	14.755984350855849	170.71156448439274	5.0791869703399755	13.3312
17.715893972369354	0.36940628276926557	5.942213583848061	0.10851019313716861	2.9870268352365246	0.10841999510062242	-9.314964038400863	0.10800862740841641	17.4516	0.2249	180.20364095035976	5.892877016805326	107.97885283862048	5.604783111918337	172.46477380697831	2.1454850103280534	13.3307834
17.850559715309565	0.1089466534685364	5.942213583848061	0.10851019313716861	3.050383414827177	0.29028141328736606	-9.314964038400863	0.10800862740841641	17.4516	0.2249	178.17137274345228	2.300622905852115	110.34799020060831	11.825313319857873	171.58647465201534	4.297857915129282	13.3312
17.850559715309565	0.1089466534685364	5.942213583848061	0.10851019313716861	2.9870268352365246	0.10841999510062242	-9.314964038400863	0.10800862740841641	17.4516	0.2249	178.17137274345228	2.300622905852115	107.9822272832231	5.604958266864177	172.47016349958767	2.1455520588298915	13.3312
17.850559715309565	0.1089466534685364	5.942213583848061	0.10851019313716861	2.9870268352365246	0.10841999510062242	-9.314964038400863	0.10800862740841641	17.4516	0.2249	178.17137274345228	2.300622905852115	107.9822272832231	5.604958266864177	172.47016349958767	2.1455520588298915	13.3312
17.850559715309565	0.1089466534685364	5.942213583848061	0.10851019313716861	2.9870268352365246	0.10841999510062242	-9.314964038400863	0.10800862740841641	17.4516	0.2249	178.16580488805403	2.300551011386306	107.97885283862048	5.604783111918337	172.46477380697831	2.1454850103280534	13.3307834
17.850559715309565	0.1089466534685364	5.942213583848061	0.10851019313716861	2.9870268352365246	0.10841999510062242	-9.314964038400863	0.10800862740841641	17.4516	0.2249	178.16580488805403	2.300551011386306	107.97885283862048	5.604783111918337	172.46477380697831	2.1454850103280534	13.3307834
17.850559715309565	0.1089466534685364	5.942213583848061	0.10851019313716861	2.9870268352365246	0.10841999510062242	-9.314964038400863	0.10800862740841641	17.4516	0.2249	178.1769405988505	2.3006948003179226	107.9856017278257	5.605133421810017	172.47555319219703	2.14561910733173	13.3316166
17.850559715309565	0.1089466534685364	5.942213583848061	0.10851019313716861	2.9870268352365246	0.10841999510062242	-9.314964038400863	0.10800862740841641	17.4516	0.2249	178.17137274345228	2.300622905852115	107.9822272832231	5.604958266864177	172.47016349958767	2.1455520588298915	13.3312
17.850559715309565	0.1089466534685364	5.942213583848061	0.10851019313716861	3.113756791116541	0.3536670361941905	-9.314964038400863	0.10800862740841641	17.4516	0.2249	178.16580488805403	2.300551011386306	112.81688157972704	14.75552322634488	170.70622974800256	5.0790282457471525	13.3307834
17.850559715309565	0.1089466534685364	5.942213583848061	0.10851019313716861	2.9870268352365246	0.10841999510062242	-9.314964038400863	0.10800862740841641	17.4516	0.2249	178.16580488805403	2.300551011386306	107.97885283862048	5.604783111918337	172.46477380697831	2.1454850103280534	13.3307834
17.850559715309565	0.1089466534685364	5.942213583848061	0.10851019313716861	3.050383414827177	0.29028141328736606	-9.314964038400863	0.10800862740841641	17.4516	0.2249	178.17137274345228	2.300622905852115	110.34799020060831	11.825313319857873	171.58647465201534	4.297857915129282	13.3312
17.850559715309565	0.1089466534685364	5.942213583848061	0.10851019313716861	2.9870268352365246	0.10841999510062242	-9.314964038400863	0.10800862740841641	17.4516	0.2249	178.17137274345228	2.300622905852115	107.9822272832231	5.604958266864177	172.47016349958767	2.1455520588298915	13.3312
17.850559715309565	0.1089466534685364	5.942213583848061	0.10851019313716861	2.9870268352365246	0.10841999510062242	-9.314964038400863	0.10800862740841641	17.4516	0.2249	178.1769405988505	2.3006948003179226	107.9856017278257	5.605133421810017	172.47555319219703	2.14561910733173	13.3316166
17.850559715309565	0.1089466534685364	5.942213583848061	0.10851019313716861	2.9870268352365246	0.10841999510062242	-9.314964038400863	0.10800862740841641	17.4516	0.2249	178.17137274345228	2.300622905852115	107.9822272832231	5.604958266864177	172.47016349958767	2.1455520588298915	13.3312
17.850559715309565	0.1089466534685364	5.942213583848061	0.10851019313716861	2.9870268352365246	0.10841999510062242	-9.314964038400863	0.10800862740841641	17.4516	0.2249	178.16580488805403	2.300551011386306	107.97885283862048	5.604783111918337	172.46477380697831	2.1454850103280534	13.3307834
17.850559715309565	0.1089466534685364	5.942213583848061	0.10851019313716861	2.9870268352365246	0.10841999510062242	-9.314964038400863	0.10800862740841641	17.4516	0.2249	178.17137274345228	2.300622905852115	107.9822272832231	5.604958266864177	172.47016349958767	2.1455520588298915	13.3312
17.850559715309565	0.1089466534685364	5.942213583848061	0.10851019313716861	2.9870268352365246	0.10841999510062242	-9.314964038400863	0.10800862740841641	17.4516	0.2249	178.17137274345228	2.300622905852115	107.9822272832231	5.604958266864177	172.47016349958767	2.1455520588298915	13.3312
17.850559715309565	0.1089466534685364	5.942213583848061	0.10851019313716861	2.9870268352365246	0.10841999510062242	-9.314964038400863	0.10800862740841641	17.4516	0.2249	178.17137274345228	2.300622905852115	107.9822272832231	5.604958266864177	172.47016349958767	2.1455520588298915	13.3312
17.850559715309565	0.1089466534685364	5.942213583848061	0.10851019313716861	2.9870268352365246	0.10841999510062242	-9.314964038400863	0.10800862740841641	17.4516	0.2249	178.17137274345228	2.300622905852115	107.9822272832231	5.604958266864177	172.47016349958767	2.1455520588298915	13.3312
17.850559715309565	0.1089466534685364	5.942213583848061	0.10851019313716861	3.050383414827177	0.29028141328736606	-9.314964038400863	0.10800862740841641	17.4516	0.2249	178.16580488805403	2.300551011386306	110.34454182591453	11.824943778816625	171.58111257468246	4.297723607069433	13.3307834
17.850559715309565	0.1089466534685364	5.942213583848061	0.10851019313716861	3.050383414827177	0.29028141328736606	-9.314964038400863	0.10800862740841641	17.4516	0.2249	178.16580488805403	2.300551011386306	110.34454182591453	11.824943778816625	171.58111257468246	4.297723607069433	13.3307834
17.850559715309565	0.1089466534685364	5.942213583848061	0.10851019313716861	2.9870268352365246	0.10841999510062242	-9.314964038400863	0.10800862740841641	17.4516	0.2249	178.17137274345228	2.300622905852115	107.9822272832231	5.604958266864177	172.47016349958767	2.1455520588298915	13.3312
