22.300333243948423	0.34987404105139275	12.239671273162106	0.18873062591491935	-0.46882984066874545	0.1882991404791778	-11.206103124762715	0.1879425819309869	19.8681	0.418	185.37325163754286	7.324732749060585	26.70857281855598	0.5602956828724498	173.69192101253293	4.303658107439244	11.718
22.47352142798233	0.2843475074461842	12.239671273162106	0.18873062591491935	-0.46882984066874545	0.1882991404791778	-11.206103124762715	0.1879425819309869	19.9544	0.3504	182.2361667346097	6.077258230217277	26.70857281855598	0.5602956828724498	173.69192101253293	4.303658107439244	11.718
22.47352142798233	0.2843475074461842	12.239671273162106	0.18873062591491935	-0.46882984066874545	0.1882991404791778	-11.206103124762715	0.1879425819309869	19.7818	0.4602	182.2361667346097	6.077258230217277	26.70857281855598	0.5602956828724498	173.69192101253293	4.303658107439244	11.718
22.43887413382117	0.3188785126314313	12.239671273162106	0.18873062591491935	-0.46882984066874545	0.1882991404791778	-11.206103124762715	0.1879425819309869	19.6955	0.4837	182.85523375013216	6.64325298258007	26.70857281855598	0.5602956828724498	173.69192101253293	4.303658107439244	11.718
22.508173552851233	0.1891106164983771	12.239671273162106	0.18873062591491935	-0.46882984066874545	0.1882991404791778	-11.206103124762715	0.1879425819309869	19.7818	0.4602	181.62119190835793	4.725567815450422	26.70857281855598	0.5602956828724498	173.69192101253293	4.303658107439244	11.718
22.508173552851233	0.1891106164983771	12.239671273162106	0.18873062591491935	-0.46882984066874545	0.1882991404791778	-11.206103124762715	0.1879425819309869	19.7818	0.4602	181.62119190835793	4.725567815450422	26.70857281855598	0.5602956828724498	173.69192101253293	4.303658107439244	11.718
22.508173552851233	0.1891106164983771	12.239671273162106	0.18873062591491935	-0.46882984066874545	0.1882991404791778	-11.206103124762715	0.1879425819309869	19.9544	0.3504	181.62119190835793	4.725567815450422	26.70857281855598	0.5602956828724498	173.69192101253293	4.303658107439244	11.718
22.369594033560396	0.3499213951405027	12.239671273162106	0.18873062591491935	-0.46882984066874545	0.1882991404791778	-11.206103124762715	0.1879425819309869	19.6955	0.4837	184.105808826276	7.22567061402788	26.70857281855598	0.5602956828724498	173.69192101253293	4.303658107439244	11.718
22.508173552851233	0.1891106164983771	12.239671273162106	0.18873062591491935	-0.46882984066874545	0.1882991404791778	-11.206103124762715	0.1879425819309869	19.9544	0.3504	181.62119190835793	4.725567815450422	26.70857281855598	0.5602956828724498	173.69192101253293	4.303658107439244	11.718
22.508173552851233	0.1891106164983771	12.239671273162106	0.18873062591491935	-0.46882984066874545	0.1882991404791778	-11.206103124762715	0.1879425819309869	19.9544	0.3504	181.62119190835793	4.725567815450422	26.70857281855598	0.5602956828724498	173.69192101253293	4.303658107439244	11.718
22.47352142798233	0.2843475074461842	12.239671273162106	0.18873062591491935	-0.46882984066874545	0.1882991404791778	-11.206103124762715	0.1879425819309869	19.8681	0.418	182.2361667346097	6.077258230217277	26.70857281855598	0.5602956828724498	173.69192101253293	4.303658107439244	11.718
22.47352142798233	0.2843475074461842	12.239671273162106	0.18873062591491935	-0.46882984066874545	0.1882991404791778	-11.206103124762715	0.1879425819309869	19.8681	0.418	182.2361667346097	6.077258230217277	26.70857281855598	0.5602956828724498	173.69192101253293	4.303658107439244	11.718
22.508173552851233	0.1891106164983771	12.239671273162106	0.18873062591491935	-0.46882984066874545	0.1882991404791778	-11.206103124762715	0.1879425819309869	19.6955	0.4837	181.62119190835793	4.725567815450422	26.70857281855598	0.5602956828724498	173.69192101253293	4.303658107439244	11.718
22.404231669352214	0.3390016695259746	12.239671273162106	0.18873062591491935	-0.46882984066874545	0.1882991404791778	-11.206103124762715	0.1879425819309869	19.7818	0.4602	183.47843393698193	7.0036489896191165	26.70857281855598	0.5602956828724498	173.69192101253293	4.303658107439244	11.718
22.404231669352214	0.3390016695259746	12.239671273162106	0.18873062591491935	-0.46882984066874545	0.1882991404791778	-11.206103124762715	0.1879425819309869	19.6092	0.4911	183.47843393698193	7.0036489896191165	26.70857281855598	0.5602956828724498	173.69192101253293	4.303658107439244	11.718
22.404231669352214	0.3390016695259746	12.239671273162106	0.18873062591491935	-0.46882984066874545	0.1882991404791778	-11.206103124762715	0.1879425819309869	19.8681	0.418	183.47843393698193	7.0036489896191165	26.70857281855598	0.5602956828724498	173.69192101253293	4.303658107439244	11.718
22.404231669352214	0.3390016695259746	12.239671273162106	0.18873062591491935	-0.46882984066874545	0.1882991404791778	-11.206103124762715	0.1879425819309869	19.8681	0.418	183.47843393698193	7.0036489896191165	26.70857281855598	0.5602956828724498	173.69192101253293	4.303658107439244	11.718
22.404231669352214	0.3390016695259746	12.239671273162106	0.18873062591491935	-0.46882984066874545	0.1882991404791778	-11.206103124762715	0.1879425819309869	19.6955	0.4837	183.47843393698193	7.0036489896191165	26.70857281855598	0.5602956828724498	173.69192101253293	4.303658107439244	11.718
22.43887413382117	0.3188785126314313	12.239671273162106	0.18873062591491935	-0.46882984066874545	0.1882991404791778	-11.206103124762715	0.1879425819309869	19.9544	0.3504	182.85523375013216	6.64325298258007	26.70857281855598	0.5602956828724498	173.69192101253293	4.303658107439244	11.718
22.47352142798233	0.2843475074461842	12.239671273162106	0.18873062591491935	-0.46882984066874545	0.1882991404791778	-11.206103124762715	0.1879425819309869	19.9544	0.3504	182.2361667346097	6.077258230217277	26.70857281855598	0.5602956828724498	173.69192101253293	4.303658107439244	11.718
22.43887413382117	0.3188785126314313	12.239671273162106	0.18873062591491935	-0.46882984066874545	0.1882991404791778	-11.206103124762715	0.1879425819309869	19.9544	0.3504	182.85523375013216	6.64325298258007	26.70857281855598	0.5602956828724498	173.69192101253293	4.303658107439244	11.718
22.369594033560396	0.3499213951405027	12.239671273162106	0.18873062591491935	-0.46882984066874545	0.1882991404791778	-11.206103124762715	0.1879425819309869	19.9544	0.3504	184.105808826276	7.22567061402788	26.70857281855598	0.5602956828724498	173.69192101253293	4.303658107439244	11.718
22.369594033560396	0.3499213951405027	12.239671273162106	0.18873062591491935	-0.46882984066874545	0.1882991404791778	-11.206103124762715	0.1879425819309869	19.9544	0.3504	184.105808826276	7.22567061402788	26.70857281855598	0.5602956828724498	173.69192101253293	4.303658107439244	11.718
22.369594033560396	0.3499213951405027	12.239671273162106	0.18873062591491935	-0.46882984066874545	0.1882991404791778	-11.206103124762715	0.1879425819309869	19.8681	0.418	184.105808826276	7.22567061402788	26.70857281855598	0.5602956828724498	173.69192101253293	4.303658107439244	11.718
22.369594033560396	0.3499213951405027	12.239671273162106	0.18873062591491935	-0.46882984066874545	0.1882991404791778	-11.206103124762715	0.1879425819309869	19.6955	0.4837	184.105808826276	7.22567061402788	26.70857281855598	0.5602956828724498	173.69192101253293	4.303658107439244	11.718
22.43887413382117	0.3188785126314313	12.239671273162106	0.18873062591491935	-0.46882984066874545	0.1882991404791778	-11.206103124762715	0.1879425819309869	19.9544	0.3504	182.85523375013216	6.64325298258007	26.70857281855598	0.5602956828724498	173.69192101253293	4.303658107439244	11.718
22.508173552851233	0.1891106164983771	12.239671273162106	0.18873062591491935	-0.46882984066874545	0.1882991404791778	-11.206103124762715	0.1879425819309869	19.7818	0.4602	181.62119190835793	4.725567815450422	26.70857281855598	0.5602956828724498	173.69192101253293	4.303658107439244	11.718
22.43887413382117	0.3188785126314313	12.239671273162106	0.18873062591491935	-0.46882984066874545	0.1882991404791778	-11.206103124762715	0.1879425819309869	19.9544	0.3504	182.85523375013216	6.64325298258007	26.70857281855598	0.5602956828724498	173.69192101253293	4.303658107439244	11.718
22.43887413382117	0.3188785126314313	12.239671273162106	0.18873062591491935	-0.46882984066874545	0.1882991404791778	-11.206103124762715	0.1879425819309869	19.8681	0.418	182.85523375013216	6.64325298258007	26.70857281855598	0.5602956828724498	173.69192101253293	4.303658107439244	11.718
22.369594033560396	0.3499213951405027	12.239671273162106	0.18873062591491935	-0.46882984066874545	0.1882991404791778	-11.206103124762715	0.1879425819309869	19.7818	0.4602	184.105808826276	7.22567061402788	26.70857281855598	0.5602956828724498	173.69192101253293	4.303658107439244	11.718
22.369594033560396	0.3499213951405027	12.239671273162106	0.18873062591491935	-0.46882984066874545	0.1882991404791778	-11.206103124762715	0.1879425819309869	19.5229	0.4833	184.105808826276	7.22567061402788	26.70857281855598	0.5602956828724498	173.69192101253293	4.303658107439244	11.718
22.196478249241377	0.28423125815419537	12.239671273162106	0.18873062591491935	-0.46882984066874545	0.1882991404791778	-11.206103124762715	0.1879425819309869	19.8681	0.418	187.3067970114661	6.418334668496334	26.70857281855598	0.5602956828724498	173.69192101253293	4.303658107439244	11.718
22.369594033560396	0.3499213951405025	12.239671273162106	0.18873062591491935	-0.46882984066874545	0.1882991404791778	-11.206103124762715	0.1879425819309869	19.9544	0.3504	184.105808826276	7.225670614027878	26.70857281855598	0.5602956828724498	173.69192101253293	4.303658107439244	11.718
22.33496122543114	0.35339117048453345	12.239671273162106	0.18873062591491935	-0.46882984066874545	0.1882991404791778	-11.206103124762715	0.1879425819309869	19.6955	0.4837	184.73740050741722	7.331278713841488	26.70857281855598	0.5602956828724498	173.69192101253293	4.303658107439244	11.718
22.33496122543066	0.3533911704845334	12.239671273162106	0.18873062591491935	-0.46882984066874545	0.1882991404791778	-11.206103124762715	0.1879425819309869	20.0407	0.2366	184.73740050742603	7.331278713842183	26.70857281855598	0.5602956828724498	173.69192101253293	4.303658107439244	11.718
22.33496122543114	0.35339117048453345	12.239671273162106	0.18873062591491935	-0.46882984066874545	0.1882991404791778	-11.206103124762715	0.1879425819309869	19.9544	0.3504	184.73740050741722	7.331278713841488	26.70857281855598	0.5602956828724498	173.69192101253293	4.303658107439244	11.718
22.404231669352214	0.3390016695259746	12.239671273162106	0.18873062591491935	-0.46882984066874545	0.1882991404791778	-11.206103124762715	0.1879425819309869	19.7818	0.4602	183.47843393698193	7.0036489896191165	26.70857281855598	0.5602956828724498	173.69192101253293	4.303658107439244	11.718
22.33496122543066	0.3533911704845334	12.239671273162106	0.18873062591491935	-0.46882984066874545	0.1882991404791778	-11.206103124762715	0.1879425819309869	19.8681	0.418	184.73740050742603	7.331278713842183	26.70857281855598	0.5602956828724498	173.69192101253293	4.303658107439244	11.718
22.33496122543114	0.35339117048453345	12.239671273162106	0.18873062591491935	-0.46882984066874545	0.1882991404791778	-11.206103124762715	0.1879425819309869	19.9544	0.3504	184.73740050741722	7.331278713841488	26.70857281855598	0.5602956828724498	173.69192101253293	4.303658107439244	11.718
22.33496122543114	0.35339117048453345	12.239671273162106	0.18873062591491935	-0.46882984066874545	0.1882991404791778	-11.206103124762715	0.1879425819309869	19.8681	0.418	184.73740050741722	7.331278713841488	26.70857281855598	0.5602956828724498	173.69192101253293	4.303658107439244	11.718
22.33496122543114	0.35339117048453345	12.239671273162106	0.18873062591491935	-0.46882984066874545	0.1882991404791778	-11.236215827769644	0.2706806569922443	19.6955	0.4837	184.73740050741722	7.331278713841488	26.70857281855598	0.5602956828724498	173.20616400164656	5.304163952606985	11.718
22.369594033560396	0.3499213951405027	12.239671273162106	0.18873062591491935	-0.46882984066874545	0.1882991404791778	-11.206103124762715	0.1879425819309869	19.7818	0.4602	184.105808826276	7.22567061402788	26.70857281855598	0.5602956828724498	173.69192101253293	4.303658107439244	11.718
22.369594033560396	0.3499213951405027	12.239671273162106	0.18873062591491935	-0.46882984066874545	0.1882991404791778	-11.206103124762715	0.1879425819309869	19.9544	0.3504	184.105808826276	7.22567061402788	26.70857281855598	0.5602956828724498	173.69192101253293	4.303658107439244	11.718
22.265710088098622	0.3389130613640706	12.239671273162106	0.18873062591491935	-0.46882984066874545	0.1882991404791778	-11.206103124762715	0.1879425819309869	19.6955	0.4837	186.01340545105785	7.197076965732273	26.70857281855598	0.5602956828724498	173.69192101253293	4.303658107439244	11.718
22.23109175686716	0.31876244243210605	12.239671273162106	0.18873062591491935	-0.46882984066874545	0.1882991404791778	-11.206103124762715	0.1879425819309869	19.8681	0.418	186.65790576949598	6.920567302097023	26.70857281855598	0.5602956828724498	173.69192101253293	4.303658107439244	11.718
22.300333243948423	0.34987404105139275	12.239671273162106	0.18873062591491935	-0.46882984066874545	0.1882991404791778	-11.206103124762715	0.1879425819309869	19.9544	0.3504	185.37325163754286	7.324732749060585	26.70857281855598	0.5602956828724498	173.69192101253293	4.303658107439244	11.718
22.196478249241377	0.28423125815419537	12.239671273162106	0.18873062591491935	-0.46882984066874545	0.1882991404791778	-11.206103124762715	0.1879425819309869	19.8681	0.418	187.3067970114661	6.418334668496334	26.70857281855598	0.5602956828724498	173.69192101253293	4.303658107439244	11.718
22.265710088098622	0.3389130613640706	12.239671273162106	0.18873062591491935	-0.46882984066874545	0.1882991404791778	-11.206103124762715	0.1879425819309869	19.8681	0.418	186.01340545105785	7.197076965732273	26.70857281855598	0.5602956828724498	173.69192101253293	4.303658107439244	11.718
22.23109175686716	0.31876244243210605	12.239671273162106	0.18873062591491935	-0.46882984066874545	0.1882991404791778	-11.206103124762715	0.1879425819309869	20.0407	0.2366	186.65790576949598	6.920567302097023	26.70857281855598	0.5602956828724498	173.69192101253293	4.303658107439244	11.718
22.196478249241377	0.28423125815419537	12.239671273162106	0.18873062591491935	-0.46882984066874545	0.1882991404791778	-11.206103124762715	0.1879425819309869	19.7818	0.4602	187.3067970114661	6.418334668496334	26.70857281855598	0.5602956828724498	173.69192101253293	4.303658107439244	11.718
22.23109175686716	0.31876244243210605	12.239671273162106	0.18873062591491935	-0.46882984066874545	0.1882991404791778	-11.296429497946574	0.31817720907380553	19.7818	0.4602	186.65790576949598	6.920567302097023	26.70857281855598	0.5602956828724498	172.24294231245196	5.881429077330679	11.718
22.265710088098622	0.3389130613640706	12.239671273162106	0.18873062591491935	-0.46882984066874545	0.1882991404791778	-11.206103124762715	0.1879425819309869	19.7818	0.4602	186.01340545105785	7.197076965732273	26.70857281855598	0.5602956828724498	173.69192101253293	4.303658107439244	11.718
22.196478249241377	0.28423125815419537	12.239671273162106	0.18873062591491935	-0.46882984066874545	0.1882991404791778	-11.206103124762715	0.1879425819309869	19.8681	0.418	187.3067970114661	6.418334668496334	26.70857281855598	0.5602956828724498	173.69192101253293	4.303658107439244	11.718
22.23109175686716	0.31876244243210605	12.239671273162106	0.18873062591491935	-0.46882984066874545	0.1882991404791778	-11.206103124762715	0.1879425819309869	19.9544	0.3504	186.65790576949598	6.920567302097023	26.70857281855598	0.5602956828724498	173.69192101253293	4.303658107439244	11.718
22.23109175686716	0.31876244243210605	12.239671273162106	0.18873062591491935	-0.46882984066874545	0.1882991404791778	-11.206103124762715	0.1879425819309869	19.9544	0.3504	186.65790576949598	6.920567302097023	26.70857281855598	0.5602956828724498	173.69192101253293	4.303658107439244	11.718
22.265710088098622	0.3389130613640706	12.239671273162106	0.18873062591491935	-0.46882984066874545	0.1882991404791778	-11.206103124762715	0.1879425819309869	20.0407	0.2366	186.01340545105785	7.197076965732273	26.70857281855598	0.5602956828724498	173.69192101253293	4.303658107439244	11.718
22.23109175686716	0.31876244243210605	12.239671273162106	0.18873062591491935	-0.46882984066874545	0.1882991404791778	-11.206103124762715	0.1879425819309869	20.0407	0.2366	186.65790576949598	6.920567302097023	26.70857281855598	0.5602956828724498	173.69192101253293	4.303658107439244	11.718
22.265710088098622	0.3389130613640706	12.239671273162106	0.18873062591491935	-0.46882984066874545	0.1882991404791778	-11.206103124762715	0.1879425819309869	20.0407	0.2366	186.01340545105785	7.197076965732273	26.70857281855598	0.5602956828724498	173.69192101253293	4.303658107439244	11.718
22.196478249241377	0.28423125815419537	12.239671273162106	0.18873062591491935	-0.46882984066874545	0.1882991404791778	-11.206103124762715	0.1879425819309869	19.9544	0.3504	187.3067970114661	6.418334668496334	26.70857281855598	0.5602956828724498	173.69192101253293	4.303658107439244	11.718
22.265710088098622	0.3389130613640706	12.239671273162106	0.18873062591491935	-0.46882984066874545	0.1882991404791778	-11.206103124762715	0.1879425819309869	19.9544	0.3504	186.01340545105785	7.197076965732273	26.70857281855598	0.5602956828724498	173.69192101253293	4.303658107439244	11.718
22.196478249241377	0.28423125815419537	12.239671273162106	0.18873062591491935	-0.46882984066874545	0.1882991404791778	-11.206103124762715	0.1879425819309869	19.9544	0.3504	187.3067970114661	6.418334668496334	26.70857281855598	0.5602956828724498	173.69192101253293	4.303658107439244	11.718
22.23109175686716	0.31876244243210605	12.239671273162106	0.18873062591491935	-0.46882984066874545	0.1882991404791778	-11.206103124762715	0.1879425819309869	19.7818	0.4602	186.66412769968832	6.920797987673759	26.7094631043166	0.5603143593952122	173.69771074323336	4.303801562709492	11.718390600000001
22.196478249241377	0.28423125815419537	12.239671273162106	0.18873062591491935	-0.46882984066874545	0.1882991404791778	-11.206103124762715	0.1879425819309869	19.8681	0.418	187.3067970114661	6.418334668496334	26.70857281855598	0.5602956828724498	173.69192101253293	4.303658107439244	11.718
22.196478249241377	0.28423125815419537	12.239671273162106	0.18873062591491935	-0.46882984066874545	0.1882991404791778	-11.206103124762715	0.1879425819309869	19.7818	0.4602	187.3067970114661	6.418334668496334	26.70857281855598	0.5602956828724498	173.69192101253293	4.303658107439244	11.718
22.196478249241377	0.28423125815419537	12.239671273162106	0.18873062591491935	-0.46882984066874545	0.1882991404791778	-11.236215827769644	0.2706806569922443	19.8681	0.418	187.3067970114661	6.418334668496334	26.70857281855598	0.5602956828724498	173.20616400164656	5.304163952606985	11.718
22.161869564205734	0.18909841706744557	12.239671273162106	0.18873062591491935	-0.46882984066874545	0.1882991404791778	-11.206103124762715	0.1879425819309869	19.9544	0.3504	187.9601242029471	5.061023658850601	26.70857281855598	0.5602956828724498	173.69192101253293	4.303658107439244	11.718
22.23109175686716	0.31876244243210605	12.239671273162106	0.18873062591491935	-0.46882984066874545	0.1882991404791778	-11.266324618576045	0.3006888370770236	19.7818	0.4602	186.65790576949598	6.920567302097023	26.70857281855598	0.5602956828724498	172.72317898840305	5.675306590321015	11.718
22.161869564205734	0.18909841706744557	12.239671273162106	0.18873062591491935	-0.46882984066874545	0.1882991404791778	-11.296429497946574	0.31817720907380553	19.6955	0.4837	187.9601242029471	5.061023658850601	26.70857281855598	0.5602956828724498	172.24294231245196	5.881429077330679	11.718
22.196478249241377	0.28423125815419537	12.239671273162106	0.18873062591491935	-0.46882984066874545	0.1882991404791778	-11.266324618576045	0.3006888370770236	19.8681	0.418	187.3067970114661	6.418334668496334	26.70857281855598	0.5602956828724498	172.72317898840305	5.675306590321015	11.718
22.161869564205734	0.18909841706744557	12.239671273162106	0.18873062591491935	-0.46882984066874545	0.1882991404791778	-11.266324618576045	0.3006888370770236	19.8681	0.418	187.9601242029471	5.061023658850601	26.70857281855598	0.5602956828724498	172.72317898840305	5.675306590321015	11.718
22.161869564205734	0.18909841706744557	12.239671273162106	0.18873062591491935	-0.46882984066874545	0.1882991404791778	-11.206103124762715	0.1879425819309869	19.9544	0.3504	187.9601242029471	5.061023658850601	26.70857281855598	0.5602956828724498	173.69192101253293	4.303658107439244	11.718
22.161869564205734	0.18909841706744557	12.239671273162106	0.18873062591491935	-0.46882984066874545	0.1882991404791778	-11.326530466647336	0.3276679814343018	19.9544	0.3504	187.96638954042052	5.06119235963923	26.7094631043166	0.5603143593952122	171.77115609627594	5.97876188635536	11.718390600000001
22.196478249241377	0.28423125815419537	12.239671273162106	0.18873062591491935	-0.46882984066874545	0.1882991404791778	-11.236215827769644	0.2706806569922443	19.7818	0.4602	187.3067970114661	6.418334668496334	26.70857281855598	0.5602956828724498	173.20616400164656	5.304163952606985	11.718
22.300333243948423	0.34987404105139275	12.239671273162106	0.18873062591491935	-0.46882984066874545	0.1882991404791778	-11.206103124762715	0.1879425819309869	19.8681	0.418	185.3670725291549	7.324488591302283	26.707682532795356	0.5602770063496874	173.68613128183247	4.303514652168995	11.717609399999999
22.196478249241377	0.28423125815419537	12.239671273162106	0.18873062591491935	-0.46882984066874545	0.1882991404791778	-11.236215827769644	0.2706806569922443	19.8681	0.418	187.3067970114661	6.418334668496334	26.70857281855598	0.5602956828724498	173.20616400164656	5.304163952606985	11.718
22.161869564205734	0.18909841706744557	12.239671273162106	0.18873062591491935	-0.46882984066874545	0.1882991404791778	-11.206103124762715	0.1879425819309869	19.8681	0.418	187.9601242029471	5.061023658850601	26.70857281855598	0.5602956828724498	173.69192101253293	4.303658107439244	11.718
22.161869564205734	0.18909841706744557	12.239671273162106	0.18873062591491935	-0.46882984066874545	0.1882991404791778	-11.296429497946574	0.31817720907380553	19.9544	0.3504	187.9601242029471	5.061023658850601	26.70857281855598	0.5602956828724498	172.24294231245196	5.881429077330679	11.718
22.265710088098622	0.3389130613640706	12.239671273162106	0.18873062591491935	-0.46882984066874545	0.1882991404791778	-11.206103124762715	0.1879425819309869	19.6955	0.4837	186.01340545105785	7.197076965732273	26.70857281855598	0.5602956828724498	173.69192101253293	4.303658107439244	11.718
22.23109175686716	0.31876244243210605	12.239671273162106	0.18873062591491935	-0.46882984066874545	0.1882991404791778	-11.356627525444432	0.33068471530249843	19.8681	0.418	186.65790576949598	6.920567302097023	26.70857281855598	0.5602956828724498	171.29062066965218	5.986751598941133	11.718
22.196478249241377	0.28423125815419537	12.239671273162106	0.18873062591491935	-0.46882984066874545	0.1882991404791778	-11.206103124762715	0.1879425819309869	20.0407	0.2366	187.3067970114661	6.418334668496334	26.70857281855598	0.5602956828724498	173.69192101253293	4.303658107439244	11.718
22.23109175686716	0.31876244243210605	12.239671273162106	0.18873062591491935	-0.46882984066874545	0.1882991404791778	-11.236215827769644	0.2706806569922443	19.6092	0.4911	186.65790576949598	6.920567302097023	26.70857281855598	0.5602956828724498	173.20616400164656	5.304163952606985	11.718
22.196478249241377	0.28423125815419537	12.239671273162106	0.18873062591491935	-0.46882984066874545	0.1882991404791778	-11.266324618576045	0.3006888370770236	19.9544	0.3504	187.3067970114661	6.418334668496334	26.70857281855598	0.5602956828724498	172.72317898840305	5.675306590321015	11.718
22.196478249241377	0.28423125815419537	12.239671273162106	0.18873062591491935	-0.46882984066874545	0.1882991404791778	-11.236215827769644	0.2706806569922443	19.8681	0.418	187.3067970114661	6.418334668496334	26.70857281855598	0.5602956828724498	173.20616400164656	5.304163952606985	11.718
22.196478249241377	0.28423125815419537	12.239671273162106	0.18873062591491935	-0.46882984066874545	0.1882991404791778	-11.326530466647336	0.3276679814343018	19.8681	0.418	187.3067970114661	6.418334668496334	26.70857281855598	0.5602956828724498	171.76543058192317	5.978562600935328	11.718
22.161869564205734	0.18909841706744557	12.239671273162106	0.18873062591491935	-0.46882984066874545	0.1882991404791778	-11.266324618576045	0.3006888370770236	19.8681	0.418	187.9601242029471	5.061023658850601	26.70857281855598	0.5602956828724498	172.72317898840305	5.675306590321015	11.718
22.161869564205734	0.18909841706744557	12.239671273162106	0.18873062591491935	-0.46882984066874545	0.1882991404791778	-11.266324618576045	0.3006888370770236	19.9544	0.3504	187.9601242029471	5.061023658850601	26.70857281855598	0.5602956828724498	172.72317898840305	5.675306590321015	11.718
22.196478249241377	0.28423125815419537	12.239671273162106	0.18873062591491935	-0.46882984066874545	0.1882991404791778	-11.266324618576045	0.30068883707702365	19.8681	0.418	187.3067970114661	6.418334668496334	26.70857281855598	0.5602956828724498	172.72317898840305	5.675306590321016	11.718
22.161869564205734	0.18909841706744557	12.239671273162106	0.18873062591491935	-0.46882984066874545	0.1882991404791778	-11.296429497946574	0.31817720907380553	19.7818	0.4602	187.9601242029471	5.061023658850601	26.70857281855598	0.5602956828724498	172.24294231245196	5.881429077330679	11.718
22.161869564205734	0.18909841706744557	12.239671273162106	0.18873062591491935	-0.46882984066874545	0.1882991404791778	-11.206103124762715	0.1879425819309869	19.7818	0.4602	187.9601242029471	5.061023658850601	26.70857281855598	0.5602956828724498	173.69192101253293	4.303658107439244	11.718
22.196478249241377	0.28423125815419537	12.239671273162106	0.18873062591491935	-0.46882984066874545	0.1882991404791778	-11.266324618576045	0.3006888370770236	19.5229	0.4833	187.3067970114661	6.418334668496334	26.70857281855598	0.5602956828724498	172.72317898840305	5.675306590321015	11.718
22.196478249241377	0.28423125815419537	12.239671273162106	0.18873062591491935	-0.46882984066874545	0.1882991404791778	-11.356627525444432	0.33068471530249843	19.8681	0.418	187.3067970114661	6.418334668496334	26.70857281855598	0.5602956828724498	171.29062066965218	5.986751598941133	11.718
22.196478249241377	0.28423125815419537	12.239671273162106	0.18873062591491935	-0.46882984066874545	0.1882991404791778	-11.266324618576045	0.30068883707702365	19.9544	0.3504	187.3067970114661	6.418334668496334	26.70857281855598	0.5602956828724498	172.72317898840305	5.675306590321016	11.718
22.161869564205734	0.18909841706744557	12.239671273162106	0.18873062591491935	-0.46882984066874545	0.1882991404791778	-11.386720675102522	0.3276296222732694	19.6955	0.4837	187.9601242029471	5.061023658850601	26.70857281855598	0.5602956828724498	170.8184897094688	5.912304463721425	11.718
22.161869564205734	0.18909841706744557	12.239671273162106	0.18873062591491935	-0.46882984066874545	0.1882991404791778	-11.416809916387228	0.3181054302773003	19.9544	0.3504	187.9601242029471	5.061023658850601	26.70857281855598	0.5602956828724498	170.34901509248834	5.751838483224664	11.718
22.161869564205734	0.18909841706744557	12.239671273162106	0.18873062591491935	-0.46882984066874545	0.1882991404791778	-11.386720675102522	0.3276296222732695	19.8681	0.418	187.9601242029471	5.061023658850601	26.70857281855598	0.5602956828724498	170.8184897094688	5.912304463721426	11.718
22.161869564205734	0.18909841706744557	12.239671273162106	0.18873062591491935	-0.46882984066874545	0.1882991404791778	-11.44689525006273	0.3005948062583095	19.9544	0.3504	187.9601242029471	5.061023658850601	26.70857281855598	0.5602956828724498	169.88217446354065	5.4889104278104	11.718
22.196478249241377	0.28423125815419537	12.239671273162106	0.18873062591491935	-0.46882984066874545	0.1882991404791778	-11.326530466647336	0.3276679814343018	19.6955	0.4837	187.3067970114661	6.418334668496334	26.70857281855598	0.5602956828724498	171.76543058192317	5.978562600935328	11.718
22.161869564205734	0.18909841706744557	12.239671273162106	0.18873062591491935	-0.46882984066874545	0.1882991404791778	-11.296429497946574	0.31817720907380553	19.6955	0.4837	187.9601242029471	5.061023658850601	26.70857281855598	0.5602956828724498	172.24294231245196	5.881429077330679	11.718
22.161869564205734	0.18909841706744557	12.239671273162106	0.18873062591491935	-0.46882984066874545	0.1882991404791778	-11.296429497946574	0.31817720907380553	19.6092	0.4911	187.9601242029471	5.061023658850601	26.70857281855598	0.5602956828724498	172.24294231245196	5.881429077330679	11.718
22.161869564205734	0.18909841706744557	12.239671273162106	0.18873062591491935	-0.46882984066874545	0.1882991404791778	-11.386720675102522	0.3276296222732695	19.8681	0.418	187.9601242029471	5.061023658850601	26.70857281855598	0.5602956828724498	170.8184897094688	5.912304463721426	11.718
