18.338588	0.078692	8.343255	0.074882	-1.753261	0.073762	-12.538699	0.072371	19.3934	0.2336	186.34599199345476	2.0251655423516106	33.94404570132886	0.35337601028913657	172.69492648247632	1.6546103018075076	11.703
18.253907	0.077066	8.278547	0.071737	-1.799425	0.074683	-12.162641	0.082981	19.4042	0.2346	0.0	0.0	0.0	0.0	0.0	0.0	0.0
18.086507	0.078329	8.254391	0.077034	-1.776318	0.075867	-10.554671	0.087322	19.4204	0.2352	0.0	0.0	0.0	0.0	0.0	0.0	0.0
17.773907	0.07478	8.274787	0.073762	-1.576036	0.079924	-8.715452	0.088621	19.4474	0.2338	0.0	0.0	0.0	0.0	0.0	0.0	0.0
17.421454	0.070965	8.345102	0.070052	-1.138228	0.074383	-6.946038	0.082916	19.4474	0.2338	0.0	0.0	0.0	0.0	0.0	0.0	0.0
17.048955	0.083284	8.439678	0.074894	-0.506116	0.076606	-5.29225	0.087473	19.4528	0.2344	0.0	0.0	0.0	0.0	0.0	0.0	0.0
16.718442	0.076378	8.566392	0.072718	0.244182	0.073597	-3.729797	0.087518	19.4743	0.2355	0.0	0.0	0.0	0.0	0.0	0.0	0.0
16.356395	0.076334	8.726932	0.07445	1.002619	0.073683	-2.312441	0.082497	19.4851	0.2353	0.0	0.0	0.0	0.0	0.0	0.0	0.0
16.091514	0.07829	8.940596	0.077346	1.841815	0.080848	-0.960138	0.073361	19.5013	0.2341	0.0	0.0	0.0	0.0	0.0	0.0	0.0
15.83796	0.084357	9.121447	0.073045	2.601355	0.077742	0.291192	0.086781	19.5067	0.2359	0.0	0.0	0.0	0.0	0.0	0.0	0.0
15.620413	0.075221	9.357187	0.084135	3.38504	0.086038	1.453432	0.082192	19.5067	0.2346	0.0	0.0	0.0	0.0	0.0	0.0	0.0
15.400334	0.082756	9.586687	0.075981	4.101994	0.075723	2.552596	0.086378	19.5391	0.2355	0.0	0.0	0.0	0.0	0.0	0.0	0.0
15.306218	0.077452	9.866018	0.074474	4.892956	0.084736	3.602009	0.078179	19.5552	0.2343	0.0	0.0	0.0	0.0	0.0	0.0	0.0
15.146256	0.072806	10.089867	0.077195	5.568674	0.075831	4.5508	0.079829	19.5498	0.2348	0.0	0.0	0.0	0.0	0.0	0.0	0.0
15.077114	0.076504	10.394194	0.074307	6.273023	0.081201	5.462282	0.074092	19.566	0.2354	0.0	0.0	0.0	0.0	0.0	0.0	0.0
14.963409	0.087198	10.614942	0.074364	6.885046	0.07892	6.299153	0.074239	19.593	0.2358	0.0	0.0	0.0	0.0	0.0	0.0	0.0
14.93086	0.075611	10.878964	0.075129	7.508981	0.084395	7.097265	0.077165	19.6092	0.2346	0.0	0.0	0.0	0.0	0.0	0.0	0.0
14.874629	0.085075	11.12427	0.079256	8.09585	0.080319	7.81938	0.085753	19.6092	0.2346	0.0	0.0	0.0	0.0	0.0	0.0	0.0
14.85589	0.07622	11.382273	0.074492	8.636067	0.069864	8.491557	0.075483	19.6307	0.2361	0.0	0.0	0.0	0.0	0.0	0.0	0.0
14.824082	0.077471	11.611504	0.083616	9.124618	0.073976	9.116802	0.084929	19.6523	0.2357	0.0	0.0	0.0	0.0	0.0	0.0	0.0
14.839504	0.069695	11.88315	0.072912	9.6558	0.084297	9.744817	0.077851	19.6631	0.2348	0.0	0.0	0.0	0.0	-0.0	0.0	0.0
14.833375	0.074893	12.085024	0.080596	10.110632	0.076082	10.305042	0.075995	19.6631	0.2348	0.0	0.0	0.0	0.0	-0.0	0.0	0.0
14.833954	0.078191	12.30587	0.077844	10.536321	0.083181	10.820279	0.078827	19.6847	0.2364	0.0	0.0	0.0	0.0	-0.0	0.0	0.0
14.875095	0.077169	12.526347	0.074258	10.954112	0.075854	11.311715	0.075789	19.717	0.2351	0.0	0.0	0.0	0.0	-0.0	0.0	0.0
14.871318	0.073356	12.731057	0.076137	11.336395	0.078234	11.751546	0.08355	19.717	0.2351	0.0	0.0	0.0	0.0	-0.0	0.0	0.0
14.93121	0.080653	12.94593	0.068363	11.729235	0.07424	12.189912	0.07586	19.717	0.2351	0.0	0.0	0.0	0.0	-0.0	0.0	0.0
14.974372	0.077182	13.160788	0.077261	12.089869	0.076946	12.612519	0.076899	19.7332	0.2364	0.0	0.0	0.0	0.0	-0.0	0.0	0.0
14.986169	0.078792	13.307815	0.07856	12.395516	0.083956	12.97612	0.091069	19.7656	0.2358	0.0	0.0	0.0	0.0	-0.0	0.0	0.0
15.067557	0.074118	13.50341	0.073954	12.725352	0.072901	13.335398	0.070952	19.7764	0.2359	0.0	0.0	0.0	0.0	-0.0	0.0	0.0
15.125612	0.073914	13.712969	0.076758	13.044831	0.07551	13.709025	0.075482	19.7764	0.2359	0.0	0.0	0.0	0.0	-0.0	0.0	0.0
15.189344	0.076194	13.866746	0.076358	13.321177	0.075101	14.014883	0.091172	19.7872	0.2367	0.0	0.0	0.0	0.0	-0.0	0.0	0.0
15.255932	0.073452	14.064503	0.070626	13.61704	0.070685	14.319788	0.076107	19.8141	0.2365	0.0	0.0	0.0	0.0	-0.0	0.0	0.0
15.283905	0.076262	14.199369	0.075802	13.833802	0.080698	14.570131	0.076191	19.8249	0.2356	0.0	0.0	0.0	0.0	-0.0	0.0	0.0
15.354054	0.072832	14.363896	0.084557	14.088568	0.083677	14.833893	0.081293	19.8411	0.2369	0.0	0.0	0.0	0.0	-0.0	0.0	0.0
15.447751	0.071137	14.53545	0.072979	14.342317	0.075859	15.117295	0.068068	19.8357	0.2366	0.0	0.0	0.0	0.0	-0.0	0.0	0.0
15.509674	0.074536	14.683714	0.074447	14.552282	0.073475	15.340308	0.074533	19.8789	0.2358	0.0	0.0	0.0	0.0	-0.0	0.0	0.0
15.544778	0.076976	14.784687	0.079301	14.731554	0.077005	15.544963	0.07793	19.8735	0.2363	0.0	0.0	0.0	0.0	-0.0	0.0	0.0
15.615489	0.074886	14.925311	0.066054	14.950603	0.074928	15.760576	0.07626	19.8789	0.2358	0.0	0.0	-0.0	0.0	-0.0	0.0	0.0
15.706433	0.072678	15.061422	0.080329	15.136301	0.079636	15.963449	0.080764	19.8843	0.2364	0.0	0.0	-0.0	0.0	-0.0	0.0	0.0
15.733407	0.074928	15.203982	0.078694	15.320263	0.080295	16.143865	0.072061	19.9058	0.2375	0.0	0.0	-0.0	0.0	-0.0	0.0	0.0
15.789249	0.065553	15.325837	0.079255	15.462867	0.072798	16.311835	0.07727	19.9274	0.2366	0.0	0.0	-0.0	0.0	-0.0	0.0	0.0
15.886905	0.07922	15.443978	0.077655	15.639056	0.075209	16.492769	0.076538	19.9328	0.2361	0.0	0.0	-0.0	0.0	-0.0	0.0	0.0
15.938389	0.078925	15.536747	0.080316	15.789867	0.074174	16.610845	0.074164	19.9382	0.2366	0.0	0.0	-0.0	0.0	-0.0	0.0	0.0
16.011736	0.073905	15.659623	0.071999	15.970976	0.078921	16.82165	0.075408	19.9436	0.2371	0.0	0.0	-0.0	0.0	-0.0	0.0	0.0
16.062867	0.077962	15.747961	0.084512	16.092555	0.082668	16.943639	0.068868	19.9436	0.2371	0.0	0.0	-0.0	0.0	-0.0	0.0	0.0
16.127205	0.072017	15.853638	0.079919	16.239891	0.077727	17.087307	0.080119	19.9652	0.2377	0.0	0.0	-0.0	0.0	-0.0	0.0	0.0
16.184892	0.073537	15.952706	0.076273	16.359852	0.063966	17.19934	0.074734	19.9867	0.2363	0.0	0.0	-0.0	0.0	-0.0	0.0	0.0
16.262474	0.069952	16.067517	0.072753	16.495708	0.075767	17.339811	0.070068	19.9813	0.2368	0.0	0.0	-0.0	0.0	-0.0	0.0	0.0
16.299185	0.072658	16.120794	0.062306	16.590581	0.073907	17.455849	0.073903	19.9867	0.2363	0.0	0.0	-0.0	0.0	-0.0	0.0	0.0
16.351731	0.077079	16.194057	0.072928	16.663867	0.077254	17.541901	0.088619	19.9867	0.2363	0.0	0.0	-0.0	0.0	-0.0	0.0	0.0
16.44345	0.078994	16.310612	0.078975	16.797328	0.076692	17.663304	0.076686	20.0029	0.2377	0.0	0.0	-0.0	0.0	-0.0	0.0	0.0
16.499448	0.077203	16.416397	0.077192	16.928295	0.078642	17.773843	0.073625	19.9867	0.2363	0.0	0.0	-0.0	0.0	-0.0	0.0	0.0
16.555328	0.080831	16.517943	0.080544	17.030048	0.07962	17.863406	0.084001	20.0029	0.2377	0.0	0.0	-0.0	0.0	-0.0	0.0	0.0
16.625958	0.08378	16.571945	0.081933	17.113315	0.072987	17.967836	0.079918	20.0245	0.2378	0.0	0.0	-0.0	0.0	-0.0	0.0	0.0
16.686676	0.073588	16.678363	0.068684	17.240854	0.073755	18.037285	0.073373	20.0245	0.2378	0.0	0.0	-0.0	0.0	-0.0	0.0	0.0
16.747018	0.073497	16.730388	0.073495	17.313848	0.07475	18.123048	0.073281	20.0353	0.2371	0.0	0.0	-0.0	0.0	-0.0	0.0	0.0
16.821864	0.076715	16.842658	0.075047	17.405553	0.076587	18.223409	0.076576	20.0407	0.2366	-0.0	0.0	-0.0	0.0	-0.0	0.0	0.0
16.88359	0.076722	16.900229	0.077989	17.513246	0.081712	18.314716	0.07107	20.0407	0.2366	-0.0	0.0	-0.0	0.0	-0.0	0.0	0.0
16.923309	0.077574	16.981561	0.077581	17.553091	0.079031	18.409091	0.076163	20.0623	0.2381	-0.0	0.0	-0.0	0.0	-0.0	0.0	0.0
17.110462	0.0706	17.331226	0.073384	17.790837	0.075346	18.618311	0.086669	20.0461	0.2371	-0.0	0.0	-0.0	0.0	-0.0	0.0	0.0
17.247354	0.078543	17.418206	0.077638	17.928072	0.083312	18.697323	0.078758	19.9652	0.2377	-0.0	0.0	-0.0	0.0	-0.0	0.0	0.0
17.343864	0.076886	17.460581	0.074178	18.033287	0.08188	18.786081	0.074345	2.1925	0.1885	-0.0	0.0	-0.0	0.0	-0.0	0.0	0.0
17.378949	0.074993	17.35811	0.063795	18.160424	0.073752	18.821341	0.073726	3.8215	0.3477	0.0	0.0	-0.0	0.0	-0.0	0.0	0.0
17.412569	0.079028	17.337545	0.076517	18.282029	0.068594	18.897118	0.079245	0.6769	0.1822	0.0	0.0	-0.0	0.0	-0.0	0.0	0.0
17.445783	0.080149	17.358246	0.076779	18.407425	0.077074	18.989249	0.07922	0.6769	0.1822	0.0	0.0	-0.0	0.0	-0.0	0.0	0.0
17.487753	0.073302	17.371023	0.074736	18.545909	0.080124	19.081867	0.07349	0.6769	0.1822	0.0	0.0	-0.0	0.0	-0.0	0.0	0.0
17.531472	0.075472	17.381374	0.079263	18.631709	0.079593	19.159448	0.075705	0.6823	0.1829	0.0	0.0	-0.0	0.0	-0.0	0.0	0.0
17.564287	0.069248	17.422511	0.074053	18.714899	0.074304	19.209222	0.074259	0.6769	0.1822	0.0	0.0	-0.0	0.0	-0.0	0.0	0.0
17.594039	0.075133	17.452242	0.073692	18.820325	0.07242	19.285429	0.069416	0.6769	0.1822	0.0	0.0	-0.0	0.0	-0.0	0.0	0.0
17.603016	0.074737	17.465394	0.075755	18.892067	0.076042	19.311123	0.073106	0.6769	0.1838	0.0	0.0	-0.0	0.0	-0.0	0.0	0.0
17.642643	0.077414	17.475793	0.070067	18.961541	0.081312	19.397459	0.074956	0.6877	0.1835	0.0	0.0	-0.0	0.0	-0.0	0.0	0.0
17.678738	0.078256	17.528541	0.07278	19.04408	0.075627	19.467506	0.078511	0.6769	0.1822	0.0	0.0	-0.0	0.0	-0.0	0.0	0.0
17.728546	0.074759	17.557463	0.077087	19.131918	0.085615	19.542876	0.085533	0.6985	0.1841	0.0	0.0	-0.0	0.0	-0.0	0.0	0.0
17.730145	0.078914	17.563237	0.07889	19.129263	0.083507	19.544435	0.07529	0.6877	0.1835	0.0	0.0	-0.0	0.0	-0.0	0.0	0.0
17.759226	0.076391	17.583956	0.076371	19.208886	0.07192	19.594744	0.078851	0.6769	0.1838	0.0	0.0	-0.0	0.0	-0.0	0.0	0.0
17.792904	0.079873	17.613436	0.080709	19.364647	0.085663	19.653944	0.081036	3.6866	0.3121	0.0	0.0	-0.0	0.0	-0.0	0.0	0.0
17.87309	0.073355	17.701902	0.082398	19.487519	0.081458	19.722204	0.081353	3.8862	0.2719	0.0	0.0	-0.0	0.0	-0.0	0.0	0.0
17.863612	0.074696	18.260684	0.076448	19.620804	0.081334	19.784076	0.073826	10.197	0.4421	-0.0	0.0	-0.0	0.0	-0.0	0.0	0.0
17.930584	0.07641	18.298479	0.082401	19.406514	0.074977	19.822118	0.075276	18.3848	0.2304	-0.0	0.0	-0.0	0.0	-0.0	0.0	0.0
18.041526	0.076973	18.371922	0.077337	19.291195	0.077584	19.853929	0.071783	20.1593	0.2381	-0.0	0.0	-0.0	0.0	-0.0	0.0	0.0
18.125984	0.077418	18.435576	0.078707	19.233343	0.079264	19.859087	0.078919	20.1432	0.2376	-0.0	0.0	-0.0	0.0	-0.0	0.0	0.0
18.181219	0.073774	18.486673	0.08279	19.213086	0.071256	19.83459	0.071226	19.9652	0.2377	-0.0	0.0	-0.0	0.0	-0.0	0.0	0.0
18.255056	0.076628	18.531296	0.077946	19.224304	0.075514	19.862666	0.07813	19.9706	0.2375	-0.0	0.0	-0.0	0.0	-0.0	0.0	0.0
18.348113	0.076756	18.574202	0.078064	19.233823	0.08184	19.846929	0.076964	19.9598	0.2377	-0.0	0.0	-0.0	0.0	-0.0	0.0	0.0
18.307423	0.073659	18.5209	0.071752	19.163489	0.071916	19.789072	0.073828	19.976	0.2372	-0.0	0.0	-0.0	0.0	-0.0	0.0	0.0
18.324159	0.068702	18.470653	0.074762	19.092114	0.075297	19.734358	0.063971	19.9813	0.2368	-0.0	0.0	-0.0	0.0	-0.0	0.0	0.0
18.353451	0.071735	18.47484	0.073677	19.079521	0.071908	19.725942	0.071882	19.976	0.2372	-0.0	0.0	-0.0	0.0	-0.0	0.0	0.0
18.36846	0.066721	18.489859	0.070065	19.061028	0.073833	19.694774	0.070179	19.9867	0.2363	-0.0	0.0	-0.0	0.0	-0.0	0.0	0.0
18.397613	0.075297	18.535776	0.066505	19.065067	0.075496	19.711448	0.075464	19.9652	0.2377	-0.0	0.0	-0.0	0.0	-0.0	0.0	0.0
18.451028	0.076774	18.555719	0.084003	19.076749	0.076995	19.723144	0.082885	19.9706	0.2375	-0.0	0.0	-0.0	0.0	-0.0	0.0	0.0
18.46228	0.076588	18.575345	0.078203	19.087916	0.076792	19.709109	0.082717	19.976	0.2372	-0.0	0.0	-0.0	0.0	-0.0	0.0	0.0
18.481048	0.068335	18.59831	0.079967	19.115124	0.087518	19.694304	0.068447	19.9544	0.2376	-0.0	0.0	-0.0	0.0	-0.0	0.0	0.0
18.522629	0.081721	18.63153	0.079443	19.152594	0.078132	19.719237	0.07578	19.9652	0.2377	-0.0	0.0	-0.0	0.0	-0.0	0.0	0.0
18.554111	0.071318	18.658837	0.079896	19.163171	0.074564	19.729836	0.068321	19.9652	0.2377	-0.0	0.0	-0.0	0.0	-0.0	0.0	0.0
18.570718	0.076671	18.68383	0.06853	19.196606	0.076881	19.746512	0.077809	19.976	0.2372	-0.0	0.0	-0.0	0.0	-0.0	0.0	0.0
18.614626	0.074491	18.727758	0.068355	19.232225	0.071592	19.77379	0.073523	19.9706	0.2375	-0.0	0.0	-0.0	0.0	-0.0	0.0	0.0
18.642224	0.081227	18.738605	0.072398	19.251527	0.077864	19.76787	0.079363	19.9652	0.2377	-0.0	0.0	-0.0	0.0	-0.0	0.0	0.0
18.67964	0.080767	18.763459	0.074412	19.297417	0.078622	19.805437	0.078253	19.9544	0.2376	-0.0	0.0	-0.0	0.0	-0.0	0.0	0.0
18.748022	0.074793	18.84445	0.068747	19.345081	0.068881	19.827904	0.074925	19.9706	0.2375	-0.0	0.0	-0.0	0.0	-0.0	0.0	0.0
18.74107	0.076236	18.829106	0.06338	19.342257	0.073574	19.83351	0.071563	19.9544	0.2376	-0.0	0.0	-0.0	0.0	-0.0	0.0	0.0
18.778352	0.069358	18.870592	0.074209	19.358585	0.074007	19.820407	0.07929	19.949	0.2374	-0.0	0.0	-0.0	0.0	-0.0	0.0	0.0
18.794972	0.075267	18.874637	0.075621	19.396248	0.064843	19.849719	0.064808	19.9598	0.2377	-0.0	0.0	-0.0	0.0	-0.0	0.0	0.0
18.835915	0.077518	18.923986	0.075194	19.433186	0.075396	19.874061	0.083483	19.949	0.2374	-0.0	0.0	-0.0	0.0	-0.0	0.0	0.0
18.852539	0.076708	18.923837	0.068555	19.445637	0.078207	19.890747	0.082806	19.9544	0.2376	-0.0	0.0	-0.0	0.0	-0.0	0.0	0.0
18.874786	0.075276	18.941892	0.073851	19.446851	0.077151	19.900405	0.069472	19.9436	0.2371	-0.0	0.0	-0.0	0.0	-0.0	0.0	0.0
18.924583	0.076265	19.012689	0.075938	19.513721	0.076119	19.921019	0.076398	19.9544	0.2376	-0.0	0.0	-0.0	0.0	-0.0	0.0	0.0
18.946983	0.085415	19.018309	0.077284	19.5193	0.077494	19.935047	0.079	19.949	0.2374	-0.0	0.0	-0.0	0.0	-0.0	0.0	0.0
18.95335	0.076649	19.012089	0.066969	19.513073	0.067109	19.920385	0.071236	19.9544	0.2376	-0.0	0.0	-0.0	0.0	-0.0	0.0	0.0
18.968935	0.081273	19.036066	0.0777	19.503367	0.077896	19.940176	0.08143	19.9382	0.2366	-0.0	0.0	-0.0	0.0	-0.0	0.0	0.0
19.01164	0.078439	19.070391	0.078447	19.54623	0.074642	19.953604	0.071077	19.949	0.2374	-0.0	0.0	-0.0	0.0	-0.0	0.0	0.0
19.018309	0.071473	19.093852	0.063397	19.595007	0.073219	19.985595	0.07501	19.949	0.2374	-0.0	0.0	-0.0	0.0	-0.0	0.0	0.0
19.053904	0.072434	19.137854	0.072443	19.592823	0.068727	19.991834	0.076868	19.949	0.2374	-0.0	0.0	-0.0	0.0	-0.0	0.0	0.0
19.06402	0.07976	19.13118	0.083131	19.611346	0.079083	20.001969	0.083287	19.949	0.2374	-0.0	0.0	-0.0	0.0	-0.0	0.0	0.0
19.071813	0.074363	19.122181	0.087943	19.602281	0.078886	19.99712	0.077558	19.949	0.2374	-0.0	0.0	-0.0	0.0	-0.0	0.0	0.0
19.131632	0.076767	19.20721	0.080474	19.653907	0.08156	20.027725	0.081758	19.949	0.2374	-0.0	0.0	-0.0	0.0	-0.0	0.0	0.0
19.131331	0.081815	19.202708	0.077993	19.674619	0.075896	20.035834	0.081973	19.9328	0.2361	-0.0	0.0	-0.0	0.0	-0.0	0.0	0.0
19.161474	0.076121	19.232863	0.081904	19.683852	0.074556	19.855508	0.078802	19.9544	0.2376	-26089.004221203868	40862.78113899375	-759.8716686919961	186.61357974361735	-10850.016992917435	6856.944501980363	11.7022198
19.343043	0.078415	19.242225	0.069579	19.663692	0.073455	18.010763	0.097797	19.9328	0.2361	18474.862656347774	19210.82688432023	-813.1526269885329	195.2048872860285	1126.8422733298105	83.38185606862841	11.703
19.688901	0.07028	19.243288	0.074925	19.483962	0.070362	15.727946	0.098155	19.9274	0.2366	4179.835144922235	963.5836203028513	-1423.9863166515597	608.1374019381767	495.8952018835579	15.944842038174404	11.703
20.07349	0.08338	19.181713	0.076122	19.010663	0.082297	13.593959	0.086144	19.922	0.237	2088.626756338233	264.4261603281365	2003.6109876237995	1313.1492486309078	343.8604648662838	7.5630065524166605	11.703
20.476019	0.075952	19.124807	0.073269	18.291764	0.077468	11.649816	0.087626	19.8843	0.2364	1378.4592175028433	107.66023037445952	411.4032973056437	52.65896007914407	280.4282865043936	4.938136324769859	11.703
20.859707	0.084089	18.998077	0.075493	17.442951	0.079575	9.851192	0.082457	19.8735	0.2363	1000.5161795703109	60.73356746658285	220.37861945982522	15.543971668414521	245.34372392814203	3.7032829682261843	11.703
21.188679	0.081047	18.787476	0.074331	16.464075	0.080542	8.16298	0.087289	19.8573	0.2372	775.6905991942716	35.52549758080236	147.5064263491844	6.958191939911488	224.37887220818897	3.2103676724342196	11.703
21.448556	0.073986	18.537651	0.071753	15.462609	0.07455	6.608358	0.084493	19.8303	0.2361	639.8663031054598	22.655550525684664	111.45102599616239	3.7501791746304676	210.3611526325699	2.6770757339255304	11.703
21.70362	0.076108	18.303815	0.078016	14.542405	0.079201	5.216693	0.090586	19.8303	0.2361	547.8521008801335	17.563012593696335	91.11385683373213	2.6929652838375127	199.72635097593403	2.5770112026395484	11.703
21.93599	0.066654	17.997716	0.076509	13.575193	0.072992	3.903624	0.074553	19.8195	0.2361	472.94580779724345	12.185670727315065	77.49346224804653	1.852871434360878	192.58408868176033	2.0775727633137606	11.703
22.097729	0.075155	17.71818	0.086139	12.653621	0.075928	2.676447	0.070258	19.7926	0.2369	425.2927255940792	11.101107662836503	67.66959083996971	1.5342406707120615	186.6851529135712	1.9356181290289038	11.703
22.238146	0.072113	17.434646	0.073569	11.792435	0.068232	1.580428	0.080168	19.7764	0.2359	387.75692069162034	8.315976749981516	60.74154426574768	1.0802125682078851	182.39219993451937	1.8802509828950227	11.703
22.349845	0.073805	17.115163	0.074709	10.947883	0.079429	0.526308	0.072959	19.771	0.2353	355.81729656356487	7.1383180690617785	55.57013335811657	0.9825308304836492	178.72445848861528	1.849603156182865	11.703
22.444134	0.077746	16.853519	0.074648	10.206304	0.082945	-0.389518	0.077071	19.7602	0.2362	333.1637760441622	6.423026928628268	51.55792283427004	0.8655229239981558	175.7853522061816	1.8783988176112278	11.703
22.538285	0.076529	16.592007	0.081804	9.462825	0.075082	-1.240131	0.084052	19.7224	0.2356	313.2363111657438	5.900962701247006	48.07236035021795	0.7487258642990927	174.02579147167165	1.8325172591322327	11.703
22.580133	0.074186	16.271764	0.087778	8.777397	0.076641	-2.041487	0.071318	19.7224	0.2356	295.257020099186	5.37910862024713	45.72989770076981	0.7110429100573875	172.1610297044566	1.6659450676818963	11.703
22.594045	0.084653	16.007719	0.076794	8.115915	0.075887	-2.807478	0.081945	19.7063	0.236	282.7965464850007	4.907498741558557	43.426903797449285	0.5941014190330619	170.51389983075822	1.7434179749298169	11.703
22.642312	0.083777	15.747714	0.079433	7.547244	0.074486	-3.469987	0.080687	19.7117	0.2356	270.1521263641303	4.523604714996876	41.7923146821359	0.5549576578019052	169.06155000747373	1.6850818938086656	11.703
22.632898	0.077094	15.498786	0.076231	6.983041	0.078896	-4.092205	0.073945	19.6631	0.2348	261.08229772448107	3.967729790610892	40.245051989104915	0.5184730031368007	168.17598285152198	1.6419680509275811	11.703
22.648609	0.082445	15.265726	0.081296	6.454616	0.080103	-4.676932	0.080999	19.6523	0.2357	252.2849625238882	3.9565749576186366	38.89596114216254	0.5038137018593706	167.3253622276947	1.7123700126092516	11.703
22.650288	0.083601	15.048564	0.079404	5.978648	0.081223	-5.195471	0.076354	19.6523	0.2357	245.02207791205188	3.7164022145292575	37.78608439147388	0.47321601600900187	166.6878864283167	1.662936959000963	11.703
22.616767	0.074109	14.801301	0.071394	5.490017	0.077245	-5.692251	0.070905	19.6307	0.2361	238.32110645500887	3.1378917557654167	36.80658985658801	0.415785609938581	166.56641223350252	1.5618561320683595	11.703
22.55885	0.080902	14.5928	0.089542	5.075408	0.077379	-6.166969	0.076004	19.6092	0.2346	233.82382944988626	3.5421809213820987	36.01070803599975	0.44777387452621376	165.6813734155606	1.598435692296252	11.7033901
22.551054	0.076774	14.391391	0.083856	4.675657	0.081413	-6.559913	0.080438	19.6038	0.2351	228.275650298215	3.180700784253097	35.27556809453086	0.42435002438192826	165.7817410121931	1.6886939269831687	11.7033901
22.492439	0.082741	14.149889	0.077976	4.266251	0.078652	-6.976172	0.079125	19.5984	0.2355	223.26388017426115	3.0426860698809235	34.67515071194947	0.38856066441455994	165.67515735250973	1.6440990435973233	11.703
22.454681	0.079705	13.993944	0.074431	3.962445	0.073377	-7.330121	0.077695	19.5768	0.2359	220.14515545752218	2.837556995594553	34.16404647929376	0.35595696169478414	164.93951913847167	1.5609091843689633	11.703
22.440058	0.078914	13.819442	0.077765	3.637289	0.076566	-7.651544	0.08129	19.5498	0.2348	216.06231397424307	2.7768218225151164	33.65856159900489	0.3607505872483176	164.9940486829787	1.6321460925278541	11.703
22.334873	0.085153	13.619685	0.080624	3.30447	0.078184	-7.994627	0.076509	19.5498	0.2348	213.71774182758182	2.875653740754725	33.22438126866912	0.3617336877934661	164.84416898401554	1.5959173360314478	11.703
22.314851	0.074755	13.485	0.075214	3.049135	0.071478	-8.264907	0.071346	19.5337	0.2357	210.9424190447415	2.533362181562185	32.84027045999114	0.3265190603786188	164.6264261242666	1.4694891565189356	11.703
22.276584	0.082467	13.341445	0.086219	2.778142	0.074199	-8.534465	0.072853	19.5121	0.2351	208.45678553134084	2.7834589103417873	32.444077816162284	0.3493720317416709	164.64729964159622	1.513447246066351	11.703
22.190333	0.077837	13.160378	0.08437	2.515112	0.076345	-8.788312	0.073949	19.5013	0.2341	206.26795097781613	2.6221218368746495	32.19427362771739	0.34411519541617897	164.78107478543868	1.5494581499359272	11.703
22.176075	0.080846	13.04809	0.082744	2.297701	0.078391	-9.003347	0.083839	19.5013	0.2341	204.05273419972954	2.586060430821348	31.879463061170274	0.3380027581471653	164.81571346741245	1.6739379432182244	11.703
22.143309	0.075706	12.925966	0.080597	2.106	0.073276	-9.197911	0.075334	19.4905	0.235	202.07453323406065	2.4242109254483197	31.674463733121634	0.3188752507226574	164.77396753268263	1.5319110441530777	11.703
22.06543	0.074124	12.761486	0.073016	1.878906	0.071864	-9.40994	0.08011	19.4581	0.2349	200.1936304561202	2.2387720031955087	31.492222345410593	0.2964677859951328	164.99385467253182	1.572940095904686	11.703
22.008527	0.079083	12.645181	0.074984	1.697197	0.067865	-9.602007	0.073558	19.4474	0.2338	198.92358394500238	2.3152777857320244	31.30408622362068	0.2891796404618209	164.8426054489517	1.4600850686455054	11.703
21.998869	0.074146	12.574179	0.074564	1.523486	0.071786	-9.760641	0.069198	19.442	0.2343	197.62880329229287	2.2050107726449566	31.013135155787335	0.29047805850389413	165.0628572556888	1.458515503272578	11.703
21.911213	0.073467	12.416519	0.072265	1.345826	0.076218	-9.929685	0.069562	19.442	0.2343	196.1717003057185	2.1291718041778456	30.957107701931687	0.29369714513111844	165.18899515758108	1.511745475984705	11.703
21.847713	0.080077	12.334931	0.073989	1.209323	0.074991	-10.078487	0.071291	19.4312	0.235	195.79868902150986	2.2440541374471485	30.804302838899428	0.29168253231267816	165.00901612155366	1.5125616657245133	11.703
21.813242	0.079133	12.199928	0.077686	1.041658	0.078163	-10.234325	0.077392	19.4096	0.2349	193.7511032822352	2.2349705076484274	30.714134978180432	0.3033411168599569	165.1820801768965	1.6113238298186139	11.703
21.758771	0.081669	12.143176	0.071674	0.917055	0.075545	-10.342323	0.073198	19.3934	0.2336	193.70514699685464	2.1889460987692524	30.528498307073953	0.2831895158145205	165.425684034631	1.5454896398891398	11.703
21.73604	0.074519	12.047634	0.080563	0.778878	0.072407	-10.474361	0.069476	19.3934	0.2336	192.2494214143954	2.1776665544015352	30.41299487837245	0.2923427724570756	165.51591925607948	1.4759411071088608	11.703
21.654929	0.080842	11.937252	0.079107	0.64264	0.078963	-10.592845	0.072805	19.3826	0.2345	191.67032577952094	2.2309326046891216	30.343373519567276	0.3002809149802687	165.7774582734151	1.5847300925347516	11.703
21.601493	0.079946	11.857535	0.072227	0.523989	0.071237	-10.702036	0.068319	19.3772	0.2348	191.1533573977632	2.113624154478416	30.239133732166202	0.27067170602682505	165.91717684345883	1.458799965026049	11.703
21.565711	0.076411	11.798585	0.081129	0.436535	0.074022	-10.781843	0.068648	19.3611	0.2349	190.69992938807033	2.1759795811119895	30.163274799029683	0.29155234214456566	166.03026666527722	1.494108719640738	11.703
21.526718	0.064087	11.7239	0.068141	0.353058	0.072949	-10.880624	0.072023	19.3503	0.2344	190.00559632241084	1.8131236181726103	30.139950969828405	0.2645956546168741	165.80407141121373	1.513045861981686	11.703
21.457371	0.077034	11.637557	0.071619	0.236433	0.074549	-10.965089	0.069237	19.3395	0.2333	189.67673373231935	2.0316855266418283	30.059896216953092	0.27256101590714626	166.2801125965533	1.5102921018111333	11.703
21.443305	0.081955	11.582999	0.075728	0.16852	0.074324	-11.033946	0.074769	19.3395	0.2333	188.89781612600618	2.137693878998374	30.024726932905864	0.27910540245450527	166.26610852999474	1.56471311933354	11.703
21.366194	0.071695	11.476729	0.062896	0.059793	0.069806	-11.122367	0.06596	19.3287	0.2343	188.34084402175114	1.8163440405150373	30.018267343673283	0.2470515653733112	166.568012670542	1.4305973118074673	11.703
21.315029	0.073821	11.41959	0.072746	-0.02558	0.071636	-11.199898	0.064026	19.3233	0.2346	188.22715857567044	1.9714211701114868	29.94421343186487	0.2671173338768256	166.68491586924853	1.4331799984645839	11.703
21.300797	0.076906	11.364986	0.076979	-0.093432	0.073234	-11.257515	0.067792	19.3071	0.2347	187.46233035926463	2.053021335492406	29.909591817978395	0.277342164573305	166.83774092529487	1.491353593615397	11.703
21.25252	0.076883	11.322503	0.077905	-0.157398	0.076643	-11.318735	0.075235	19.3071	0.2347	187.57170624428124	2.0675088851659456	29.853621036801204	0.28419821392438566	166.8787826099314	1.605775353215606	11.703
21.242692	0.085742	11.284267	0.078889	-0.209709	0.076293	-11.361625	0.075793	19.2909	0.2337	187.0366309770245	2.1882999414318314	29.81706531130684	0.2846946211639901	167.01975536127708	1.610617472745448	11.703
21.163784	0.068559	11.20875	0.067736	-0.296932	0.066884	-11.429713	0.065937	19.2855	0.2331	187.1003353508611	1.811363067747369	29.786729179368454	0.2464406738838458	167.30683072633104	1.4114643853245268	11.703
21.123325	0.068943	11.137497	0.079252	-0.387982	0.074469	-11.509028	0.073169	19.2855	0.2331	186.5233577707834	1.9620722936995898	29.735563883513997	0.28057174477808083	167.483375843547	1.572262615269085	11.703
21.101832	0.080325	11.125134	0.079015	-0.418976	0.073198	-11.531024	0.077437	19.2855	0.2331	186.69405958520537	2.108479413374435	29.687574295380827	0.27699362460477533	167.61899298666157	1.6073560604558346	11.703
21.067981	0.077012	11.084504	0.080457	-0.442212	0.074775	-11.56796	0.073336	19.2855	0.2331	186.56729049271607	2.0813094887563115	29.732371994837518	0.2833225871481978	167.41259105561846	1.5759884721672799	11.703
21.014517	0.068546	11.004997	0.073693	-0.529339	0.069752	-11.632286	0.070426	19.2694	0.2343	186.08188751761497	1.8710185836405544	29.712730184661766	0.2613872923759894	167.7563842847553	1.4976523102188806	11.703
20.988806	0.080902	10.960158	0.073367	-0.583532	0.073259	-11.680109	0.069361	19.2694	0.2343	185.72696963322315	2.0226216287173653	29.688652890326598	0.26665097798102216	167.8526938938389	1.5260462823296705	11.703
20.964094	0.083307	10.928017	0.077372	-0.618349	0.07483	-11.698907	0.07339	19.2694	0.2343	185.58947409425343	2.102471249283009	29.681774579102775	0.2767007876254412	168.09534684903917	1.5900314862188694	11.703
20.906427	0.082185	10.885095	0.079221	-0.662853	0.07999	-11.726289	0.073983	19.2424	0.2339	185.86255590106606	2.117119560204726	29.677706281467934	0.28932712931785864	168.35549594615262	1.6580507250661594	11.703
20.888641	0.077302	10.855285	0.074783	-0.718929	0.07357	-11.776754	0.070653	19.2478	0.2342	185.6398111123945	1.9900242535036403	29.61035861897676	0.26837869646427076	168.44092517970984	1.553761477165233	11.703
20.8479	0.072633	10.820493	0.074059	-0.751811	0.072835	-11.818883	0.078091	19.237	0.2334	185.74994940627263	1.921549197496418	29.615244850562107	0.2658266917397141	168.30018215036142	1.6239119547994165	11.703
20.828961	0.081738	10.777928	0.079571	-0.780814	0.077951	-11.831838	0.071984	19.237	0.2334	185.3133271741466	2.1031888715967426	29.649993548933555	0.28573445914427154	168.54457706005797	1.6182486170033794	11.703
20.810023	0.068399	10.759712	0.070596	-0.80208	0.072495	-11.85586	0.072849	19.237	0.2334	185.32663788795833	1.8125743788712378	29.642171044110714	0.25942927945118943	168.50257498224704	1.5666737511251476	11.703
20.76776	0.079804	10.698862	0.07603	-0.867803	0.074723	-11.907496	0.074437	19.2316	0.2328	184.98451839257262	2.0250141647369957	29.6296828273696	0.27307713360952296	168.71758738232992	1.6119144913235661	11.703
20.751021	0.076139	10.703001	0.080064	-0.863937	0.072822	-11.914959	0.069918	19.2316	0.2328	185.36888474727343	2.038304419030679	29.628984054328864	0.277227884910685	168.5446221860512	1.539686310426481	11.703
20.740703	0.069859	10.668649	0.076434	-0.892927	0.07355	-11.920621	0.069887	19.2262	0.2346	184.92655452858	1.901211488008786	29.64272606333821	0.27196534458771127	168.9011484349935	1.5539530817925007	11.703
20.667898	0.070956	10.607327	0.072659	-0.950899	0.075683	-11.993839	0.073131	19.2316	0.2328	185.13762310492947	1.8689027841604837	29.65131760660887	0.26914886179573705	168.66797089987503	1.6074620626861347	11.703
20.67294	0.075069	10.603683	0.077508	-0.966354	0.062156	-11.990591	0.065893	19.2316	0.2328	184.9779288806414	1.982216622526304	29.621046170843055	0.2543558999405187	168.95413145856	1.3882372848545064	11.703
20.639474	0.078649	10.55925	0.071994	-0.997264	0.074478	-12.009199	0.074212	19.2316	0.2328	184.77667243486195	1.9544876313288673	29.655707753993152	0.2658177932757347	169.14288067904383	1.61494968834909	11.703
20.62867	0.076852	10.532778	0.081401	-1.018512	0.074399	-12.029341	0.071832	19.2262	0.2334	184.48992194619439	2.0457022426887965	29.669118800273587	0.28324524241063825	169.15986527146006	1.5887897906502009	11.703
20.571089	0.074699	10.481831	0.073983	-1.05907	0.066822	-12.038248	0.065889	19.2154	0.2341	184.61123529315017	1.9237497149772118	29.695829574765224	0.256519895762503	169.64751457893533	1.4500360050609473	11.703
20.559397	0.077613	10.486371	0.066861	-1.074523	0.076249	-12.060891	0.068523	19.2154	0.2341	184.90871746191164	1.880483788351398	29.64447276625622	0.26003861896623526	169.53650157676591	1.5819572221240383	11.703
20.553145	0.073488	10.468175	0.073894	-1.084179	0.072467	-12.070149	0.071286	19.2154	0.2341	184.68972635544478	1.9085334754149892	29.666387887150833	0.2657810809936324	169.5426442291357	1.5687632544551204	11.703
20.525619	0.074389	10.437743	0.071481	-1.109281	0.063326	-12.075633	0.072267	19.2154	0.2341	184.6365085970929	1.8882266604500388	29.68008156970705	0.2454632453319655	169.8459469528339	1.488192226101075	11.703
20.472284	0.075201	10.39897	0.07401	-1.161404	0.074071	-12.114016	0.077065	19.21	0.2342	184.90343137731458	1.9367421543212355	29.645806524292105	0.26851938452647356	170.05901272759402	1.6596628847338089	11.703
20.455239	0.076804	10.374584	0.074292	-1.161403	0.075585	-12.102873	0.070222	19.21	0.2342	184.76876950239208	1.9585716389901062	29.708479713664588	0.2729369621860717	170.23217748631484	1.6051799188005587	11.703
20.416934	0.075945	10.342019	0.072258	-1.207724	0.071069	-12.146909	0.072054	19.1938	0.234	184.87405786078662	1.9235788998682133	29.673094386255258	0.2603868594644474	170.2677387737111	1.5752622544009973	11.703
20.434622	0.079298	10.34242	0.078755	-1.211593	0.077556	-12.147353	0.074881	19.1992	0.2342	184.55737838563886	2.043778349589111	29.662129285097116	0.28376265855413263	170.32106344222916	1.6790368325983256	11.703
20.400539	0.075965	10.326059	0.073167	-1.203869	0.073755	-12.150859	0.068196	19.1885	0.2336	184.8820380075185	1.9355567451869387	29.72408937933093	0.2678286297613675	170.14633698042502	1.5612939394209024	11.703
20.37709	0.074372	10.311765	0.071468	-1.221236	0.073192	-12.174671	0.071	19.1831	0.2332	185.05019028721742	1.896307551478454	29.716170410080498	0.2635804466943434	170.0462271130566	1.5830387068945857	11.703
20.373032	0.079276	10.295646	0.076708	-1.240536	0.068093	-12.182127	0.066884	19.2046	0.2343	184.82872599233832	2.023220323129168	29.707975084771707	0.26413962203455826	170.2302951457279	1.4849702168182	11.703
20.337412	0.075318	10.261348	0.072833	-1.269484	0.067137	-12.20252	0.070609	19.1885	0.2336	184.852951543598	1.922145365567467	29.72176172414506	0.2553237472359835	170.36350190616307	1.518225571863064	11.703
20.327428	0.081997	10.26365	0.079112	-1.259843	0.076507	-12.204674	0.071723	19.1777	0.2326	185.0786346609541	2.0954228990736246	29.740686803216267	0.28403859459023567	170.17991811418713	1.6306004132669383	11.703
20.318831	0.079804	10.223084	0.080802	-1.294572	0.076782	-12.200901	0.078429	19.1885	0.2336	184.49256777522803	2.0753680758962285	29.75576130012643	0.28796911696646793	170.78068522113836	1.718670420019073	11.703
20.293361	0.079031	10.21086	0.077638	-1.306146	0.06929	-12.237642	0.073257	19.1831	0.2332	184.73494149497708	2.029855038909905	29.757442186986967	0.26887071703346654	170.38749090358473	1.5716969445947393	11.703
20.278358	0.07668	10.204669	0.079134	-1.311929	0.077547	-12.243032	0.068886	19.1831	0.2332	184.89654179567538	2.0224926016009315	29.75849350084515	0.2862927578580666	170.39363255231626	1.6168567540418675	11.703
20.237414	0.075509	10.145548	0.075342	-1.367853	0.068895	-12.270157	0.06394	19.1777	0.2326	184.5635185865951	1.9507767967246399	29.76675895016967	0.26395090794983267	170.84372727529512	1.4729215297526521	11.703
20.244939	0.074598	10.160302	0.076941	-1.362089	0.076985	-12.254259	0.074342	19.1831	0.2332	184.69582087066263	1.9627125346128445	29.74353284291784	0.28096181394081354	171.00267956649702	1.6801842150153603	11.703
20.213552	0.080914	10.130067	0.07075	-1.375594	0.073495	-12.285693	0.072475	19.1831	0.2332	184.71691320776668	1.968958440158282	29.78678076930107	0.26410561164367	170.72167759734697	1.6151790566492958	11.703
20.188413	0.076863	10.134192	0.069914	-1.364025	0.071497	-12.267372	0.067791	19.1777	0.2326	185.25456194176562	1.9144715161941324	29.80606544123226	0.2592199587035409	170.82739399521884	1.5436485930265174	11.703
20.185906	0.075031	10.119832	0.065095	-1.38909	0.071054	-12.283717	0.067329	19.1885	0.2336	185.0364232965805	1.8259453435631703	29.778339843264195	0.24933257664834663	170.96412181544247	1.5360928026449145	11.703
20.138578	0.07591	10.07081	0.077195	-1.419925	0.075842	-12.305269	0.069764	19.1777	0.2326	185.00527706354882	1.9894807920038464	29.825473703062816	0.2808916007658205	171.10992772119053	1.6198543601367836	11.703
20.142634	0.076792	10.066686	0.081334	-1.431491	0.07435	-12.319904	0.07301	19.1831	0.2332	184.85509176140496	2.052169502201966	29.806169301934997	0.28565580133284246	171.0616846313559	1.637086186501566	11.703
20.145299	0.081969	10.064936	0.077935	-1.429575	0.073161	-12.311016	0.076237	19.1777	0.2326	184.77413191174523	2.0732202714114063	29.81567568219149	0.2772729244852599	171.1712934470363	1.6621348060484749	11.703
20.117344	0.082038	10.05455	0.078658	-1.446916	0.074651	-12.330948	0.078715	19.1777	0.2326	185.09672244259474	2.090577196450048	29.79764783352343	0.2809500419333391	171.13053997911462	1.7057119248652899	11.703
20.117503	0.077568	10.050582	0.072225	-1.443063	0.067546	-12.323675	0.074372	19.1777	0.2326	185.0208505076144	1.9479470795564509	29.817921396040614	0.25654638281977177	171.18432569423078	1.5806568385804214	11.703
20.094879	0.073688	10.024561	0.069903	-1.460428	0.071486	-12.32215	0.074241	19.1885	0.2336	184.95843761587335	1.8654828561454189	29.840396351542633	0.2597767881650084	171.4820405102286	1.6271359042703701	11.703
20.088795	0.078825	10.022655	0.076271	-1.470073	0.073402	-12.342532	0.074371	19.1777	0.2326	185.03519585659896	2.0162187771275413	29.82030189736473	0.2746608463665095	171.31270028619295	1.6464544185359227	11.703
20.054607	0.078606	10.018377	0.079816	-1.481629	0.074645	-12.345942	0.075407	19.1777	0.2326	185.58665823595567	2.0715158794952027	29.801429675452844	0.2831951106228679	171.44113841310585	1.674347847090368	11.703
20.037119	0.076522	9.973579	0.073959	-1.504745	0.080611	-12.363985	0.074115	19.1777	0.2326	185.0830189171581	1.9572562093075387	29.85772298857871	0.28457108879479204	171.52123692948547	1.7296073398002791	11.703
20.043677	0.073566	9.967629	0.068109	-1.506678	0.072836	-12.358599	0.071944	19.1831	0.2332	184.85326806449672	1.8392379502450382	29.86817463007272	0.2595736178804444	171.63691748425083	1.6192198450297195	11.703
20.044152	0.077989	9.971905	0.076666	-1.502835	0.073793	-12.35887	0.072393	19.1777	0.2326	184.92301583289782	2.007839559626632	29.8670489292005	0.27696916087911816	171.57187306707456	1.6337561274527383	11.703
20.031986	0.073067	9.97618	0.07725	-1.498992	0.074417	-12.344418	0.073314	19.1777	0.2326	185.22536937459265	1.9585916379775037	29.86592322839734	0.27917025935400275	171.73971221940468	1.6542256428976085	11.703
20.017318	0.078578	9.966109	0.075671	-1.497066	0.068777	-12.357346	0.076465	19.1831	0.2332	185.31006396222685	2.0112390623438103	29.897181306744898	0.26669533525290035	171.50481399049409	1.624126810126784	11.703
19.997332	0.068972	9.94741	0.07394	-1.541371	0.073158	-12.373322	0.066264	19.1777	0.2326	185.33380863951672	1.8646935873049335	29.830544942853326	0.27007561968682303	171.9533626769186	1.5669324365949444	11.703
19.986722	0.073834	9.937263	0.070929	-1.551005	0.071739	-12.375117	0.073076	19.1885	0.2336	185.3423537241954	1.8882653594229293	29.831877896495634	0.2619668203610598	172.07789190973875	1.6279797077921312	11.703
19.965345	0.078161	9.912851	0.074304	-1.566413	0.07067	-12.385976	0.065979	19.1777	0.2326	185.28638865924975	1.9877512836178288	29.855279219632024	0.2666978662818553	172.15022377309595	1.53831781748113	11.703
19.948812	0.073971	9.900875	0.074586	-1.57413	0.073392	-12.393518	0.073002	19.1938	0.234	185.37042895152385	1.937966351157883	29.866358085394523	0.27234872549553346	172.1530180804668	1.647107960929449	11.703
19.981903	0.074638	9.927885	0.072152	-1.5337	0.069662	-12.370455	0.070357	19.1777	0.2326	185.2583060931358	1.9128536151686177	29.901327602698952	0.2616484225037145	171.87713139055757	1.5703476203387075	11.703
19.928383	0.072531	9.872883	0.073948	-1.58571	0.074021	-12.40124	0.065569	19.1777	0.2326	185.23100003681992	1.9080606075501854	29.90913557177877	0.27310445615449835	172.21441800547677	1.5745444225553364	11.703
19.91809	0.077183	9.858849	0.074668	-1.576082	0.069268	-12.403217	0.070588	19.1831	0.2332	185.1621175594142	1.9767374771017447	29.971024986706617	0.266948065154185	172.02984612286878	1.5713503756143685	11.703
19.920589	0.081605	9.865104	0.075227	-1.59729	0.073069	-12.423683	0.063812	19.1831	0.2332	185.2312650358475	2.04451402516367	29.899217798954297	0.27355486603330914	172.0416297653538	1.5415881505357683	11.703
19.905299	0.073524	9.850689	0.073574	-1.606908	0.072496	-12.414166	0.071328	19.1777	0.2326	185.247398727298	1.9163585300679977	29.91173698113194	0.2696532517578173	172.34623959328468	1.6218744605367772	11.703
19.868642	0.071051	9.844207	0.069918	-1.612661	0.074323	-12.415507	0.076456	19.1885	0.2336	185.80500924102364	1.8476527420763948	29.913638889294358	0.2664273565571661	172.41663989621574	1.701798575681461	11.703
19.894378	0.074997	9.820185	0.082054	-1.628089	0.075235	-12.426818	0.072731	19.1777	0.2326	184.88730232982056	2.0401444406619627	29.936094882216647	0.2911028061820264	172.48235981476765	1.6714045870843348	11.703
19.868956	0.075876	9.824151	0.076245	-1.624231	0.074932	-12.441445	0.07202	19.1777	0.2326	185.42821216095606	1.9856889091752192	29.935813977847364	0.279533204940776	172.18761012316924	1.6543655985923849	11.703
19.86927	0.081355	9.84047	0.080115	-1.624241	0.074007	-12.426909	0.076636	19.1777	0.2326	185.72414008031276	2.114501634024065	29.893177248862745	0.2843804375441194	172.41946639756333	1.7004137306474383	11.703
19.854298	0.074623	9.806002	0.070611	-1.65313	0.072822	-12.44701	0.061379	19.1831	0.2332	185.3638050455362	1.8951834009668465	29.907727601849956	0.2647378437120765	172.55985816019327	1.5225554397614116	11.703
19.859606	0.072421	9.814617	0.073248	-1.614634	0.0704	-12.421889	0.07065	19.1885	0.2336	185.4248105266895	1.901411801840108	29.985921548624866	0.2665448906295436	172.34629603941795	1.590547664925853	11.703
19.861476	0.078244	9.812482	0.078083	-1.616554	0.072064	-12.423592	0.070708	19.1831	0.2332	185.35091536871093	2.0388794460263724	29.98648630095895	0.2787831260351686	172.34973630902297	1.6100946812845403	11.703
19.841981	0.078781	9.777867	0.070713	-1.660846	0.076175	-12.436153	0.068486	19.1831	0.2332	185.07245394195337	1.9467385020249024	29.961118119786487	0.27224056085487314	172.8572779857217	1.6432572377297194	11.703
19.818121	0.073147	9.771465	0.072095	-1.647338	0.068367	-12.463338	0.069864	19.1777	0.2326	185.3940490659224	1.8952429195632543	30.013356200063196	0.26115164044740596	172.20694655035263	1.5563209993629479	11.703
19.823584	0.076416	9.784193	0.078709	-1.658938	0.075807	-12.453029	0.080443	19.1885	0.2336	185.52822117157203	2.0272903258177353	29.949550159123664	0.286008399540156	172.5564704574313	1.7670203358296825	11.703
19.776341	0.078473	9.727173	0.078614	-1.697429	0.075807	-12.500308	0.074351	19.1777	0.2326	185.3477122884748	2.0487130516979537	29.998121638599617	0.2867576320136525	172.4161163305332	1.6946954286157925	11.703
19.767767	0.08192	9.755379	0.079287	-1.666606	0.077759	-12.467108	0.07687	19.1831	0.2332	186.02856940843805	2.118209441530068	30.004995706768646	0.2917318864222198	172.45405249671074	1.7458697571763075	11.703
19.782733	0.075457	9.737311	0.069874	-1.687802	0.074089	-12.465405	0.073079	19.1831	0.2332	185.41683004365046	1.8982080172492222	29.99678181595673	0.2673851093995583	172.82045316729634	1.6687102477271534	11.703
19.772913	0.073438	9.755832	0.067974	-1.674343	0.073064	-12.460297	0.068866	19.1831	0.2332	185.94141897956064	1.8575032173664763	29.983497657291615	0.2617782344841249	172.68666013883197	1.607497500823558	11.703
19.759506	0.075863	9.719093	0.076232	-1.712837	0.067519	-12.481915	0.069745	19.1777	0.2326	185.50934286665807	1.9870746065819358	29.97889342343202	0.2670474003078929	172.95726837360925	1.5590449186571567	11.703
19.751244	0.067784	9.723208	0.072021	-1.693583	0.072069	-12.470969	0.069946	19.1885	0.2336	185.73829347634515	1.8318608088837023	30.018645918393236	0.267895780359786	172.8239305209004	1.6104917231832778	11.703
19.757167	0.075453	9.721	0.069872	-1.695495	0.074088	-12.47626	0.072782	19.1885	0.2336	185.58781609424562	1.901642759301821	30.019423218636405	0.2677832871750059	172.7697782064223	1.6643796419893326	11.703
19.729891	0.078467	9.69882	0.076229	-1.712831	0.077216	-12.492859	0.069743	19.1938	0.234	185.6821045053671	2.025030148580356	30.03216653923401	0.28555111471613964	172.78158062375024	1.6677043583802393	11.703
19.735034	0.078351	9.70331	0.072843	-1.693605	0.073057	-12.471334	0.068041	19.1885	0.2336	185.67001203691123	1.980037332391275	30.0709991553559	0.27220878431789197	172.81843420203077	1.6008283134825907	11.703
19.724747	0.089808	9.685245	0.076686	-1.722503	0.078877	-12.491705	0.073774	19.1777	0.2326	185.51997748095005	2.1822674632289596	30.041442923766464	0.28970584812630795	172.94951074470316	1.7344583725712606	11.702609899999999
19.70698	0.078093	9.696913	0.06987	-1.714765	0.075592	-12.513227	0.07026	19.1831	0.2332	186.07170450044217	1.9478386636612912	30.032095257724514	0.2708979394004192	172.4866275489985	1.6484673337234215	11.703
19.698098	0.074482	9.680531	0.079358	-1.737857	0.078869	-12.49824	0.073123	19.1938	0.234	185.9323993308516	2.0200688920838856	30.01444744199841	0.2941004534493334	173.0970279769352	1.7301326410573	11.703
19.691865	0.073134	9.666432	0.074864	-1.739786	0.074006	-12.507481	0.072422	19.1831	0.2332	185.79271979635024	1.939528737827381	30.047474407123136	0.2773109897367866	172.98523321906757	1.663494636880945	11.7033901
19.711967	0.076805	9.701328	0.074304	-1.726349	0.075591	-12.498971	0.067769	19.1885	0.2336	186.06108495938867	1.9862254549959428	29.990052098481534	0.27816861411285093	172.9003671719623	1.6294200373616665	11.703
19.708537	0.075012	9.697663	0.079843	-1.71097	0.075876	-12.499428	0.075452	19.2154	0.2341	186.056725340651	2.0360785420416887	30.040112483868725	0.29002432658521715	172.6465736619932	1.712396466863599	11.703
19.705266	0.07945	9.687002	0.078065	-1.739815	0.080818	-12.511617	0.067507	19.1992	0.2342	185.9194763731946	2.067082249916168	29.992308861839348	0.29492631921177526	172.9135247332234	1.6903679729412833	11.703
19.667087	0.072502	9.666657	0.075572	-1.747505	0.074001	-12.511434	0.071419	19.2046	0.2343	186.25101268078427	1.950456755145845	30.025560559099315	0.2782337057129399	173.04000989122042	1.6533111005287124	11.703
19.656337	0.07197	9.640293	0.071002	-1.757124	0.074393	-12.520492	0.07313	19.1885	0.2336	185.96068205126508	1.8770337319156514	30.069673221629806	0.27131689193257236	173.04902203739502	1.6771902595057817	11.703
19.667398	0.07681	9.654689	0.073923	-1.735963	0.070289	-12.511617	0.065559	19.21	0.2342	186.02262911630586	1.9805502206967986	30.087531004429028	0.2694393732149522	172.8517226245127	1.5418068724949467	11.703
19.660699	0.075573	9.644406	0.074359	-1.760981	0.074689	-12.520584	0.073	19.1992	0.2342	185.95605763354905	1.968329561384034	30.048660721000047	0.27767018391671144	173.10958198563108	1.6803031920349203	11.703
19.693886	0.076356	9.663365	0.072086	-1.732158	0.073696	-12.512348	0.06986	19.1992	0.2342	185.68608891720191	1.9439154618603853	30.073669408922033	0.27206139869013	172.77321579300087	1.627464528829191	11.702609899999999
19.658983	0.07635	9.626419	0.07645	-1.762922	0.073691	-12.515295	0.073884	19.1938	0.234	185.65446689613526	1.999411107712364	30.090995822967788	0.28053983127487625	173.2259666215407	1.681154602024378	11.703
19.620658	0.082988	9.614082	0.075707	-1.770605	0.078801	-12.518699	0.07277	19.1831	0.2332	186.13662344757367	2.089543397878938	30.103297084574777	0.28894641708513513	173.29494616091677	1.7294177758031306	11.703
19.60991	0.078588	9.603875	0.078554	-1.787924	0.069638	-12.542468	0.071314	19.1938	0.234	186.1466966996056	2.0671472302775458	30.08450261112668	0.2772325877031233	173.19100343012744	1.6051678364953492	11.703
19.650724	0.081972	9.630532	0.072178	-1.77063	0.071007	-12.533777	0.073498	19.1992	0.2342	185.8836910442783	2.0261274737761887	30.059797395742272	0.2669519481444667	173.0525599657244	1.643127646175433	11.703
19.622838	0.076335	9.6121	0.07212	-1.776385	0.071458	-12.524262	0.07285	19.2046	0.2343	186.0592277627675	1.9518253922571862	30.093259657223832	0.2682753863914025	173.29843244692822	1.6453784808573382	11.703
19.629535	0.07864	9.630458	0.082673	-1.766773	0.077202	-12.522652	0.075598	19.1938	0.234	186.27621040491604	2.125626289245512	30.070166401984995	0.2984393838488322	173.16950995282244	1.7396321560830164	11.703
19.649474	0.078541	9.616807	0.074702	-1.772588	0.081358	-12.525086	0.066463	19.2154	0.2341	185.65256102732837	2.0058039159626055	30.09085179985299	0.29181383365421104	173.22397095109199	1.6924421415781123	11.703
19.61769	0.072595	9.602562	0.071637	-1.762952	0.066201	-12.519431	0.069943	19.2046	0.2343	185.97767478982513	1.8939221640843866	30.154080888927105	0.25879077676889756	173.15984512509218	1.5503298628530913	11.703
19.621277	0.077059	9.602265	0.075529	-1.782182	0.071711	-12.519065	0.072087	19.1992	0.2342	185.90557718173264	2.002136470282961	30.10393219679242	0.27540316863894515	173.4758867062646	1.6428649320562836	11.703
19.581706	0.082229	9.576205	0.076249	-1.830327	0.073759	-12.539524	0.068476	19.1992	0.2342	186.1566278570888	2.086433508255524	30.045646048120744	0.2794406182029436	173.9243746960931	1.6345383065196786	11.703
19.585757	0.08589	9.588244	0.080028	-1.803369	0.078327	-12.550466	0.079398	19.2154	0.2341	186.30536050964383	2.1876754991095657	30.084994726327253	0.29573793623508055	173.3110284411312	1.7985919699195514	11.703
19.64199	0.079057	9.625331	0.087617	-1.780327	0.077543	-12.525635	0.076685	19.2046	0.2343	185.9492460842375	2.1907573030739056	30.047948133437874	0.30824059773641266	173.3398692769496	1.75927339753589	11.703
19.626259	0.078338	9.582446	0.075528	-1.809167	0.074308	-12.526879	0.071778	19.2046	0.2343	185.4403677633695	2.0091123376013496	30.083990542505973	0.27981024871335114	173.7803923763881	1.6751653231378099	11.702609899999999
19.580933	0.072392	9.571797	0.068537	-1.811045	0.072138	-12.542743	0.070963	19.21	0.2342	186.089023933412	1.8534116106349445	30.108177707754113	0.2631959130691771	173.55969205341634	1.6365245797609447	11.703
19.546826	0.078925	9.547352	0.078419	-1.807175	0.076149	-12.571888	0.078454	19.21	0.2342	186.2688257940483	2.0725369359929213	30.18325571670891	0.2905682694486874	173.02740559004292	1.7573697637751153	11.703
19.585138	0.073827	9.575834	0.076306	-1.814895	0.07938	-12.561131	0.072369	19.2046	0.2343	186.0858944684009	1.9739177525841773	30.08732920831183	0.2908387898835992	173.32489019243903	1.7325281451746488	11.703
19.607406	0.080156	9.580465	0.083198	-1.791843	0.076152	-12.539798	0.075698	19.2154	0.2341	185.75856207948905	2.140281639164814	30.13606719587373	0.2988811307873701	173.2971669311733	1.7312774010798813	11.703
19.588556	0.073324	9.586558	0.077134	-1.805323	0.075795	-12.534327	0.073499	19.2208	0.2338	186.22183731878164	1.981451631520572	30.084286036803192	0.28558485417400303	173.60327730607221	1.7083524720646523	11.703
19.548524	0.074028	9.556239	0.074634	-1.807245	0.074384	-12.539798	0.073057	19.1992	0.2342	186.40284915030628	1.9609862399144928	30.159466150616414	0.279664607280652	173.5458662354916	1.6859081691005096	11.703
19.550549	0.087348	9.558221	0.079312	-1.809167	0.079813	-12.559981	0.08353	19.2154	0.2341	186.40203165583821	2.2009144969787258	30.14910880332479	0.298427448632351	173.25109374982074	1.8618020000787894	11.703
19.523777	0.073786	9.553445	0.07276	-1.832203	0.062553	-12.566418	0.066149	19.21	0.2342	186.81326371906005	1.941628468221839	30.100756460486874	0.2536736771667842	173.51900762824226	1.4716909962098927	11.703
19.568316	0.077487	9.56776	0.073286	-1.811045	0.073761	-12.557454	0.068473	19.2262	0.2334	186.24866924684022	1.9863085089692987	30.118860485975713	0.2752228419285578	173.32210655389636	1.6232290855986582	11.703
19.547752	0.075801	9.563944	0.075607	-1.818764	0.071793	-12.554052	0.072156	19.21	0.2342	186.5611102891623	2.0006000353726066	30.10853034221402	0.27578622370438427	173.50166845717033	1.6450759340170225	11.703
19.568934	0.068426	9.535758	0.073541	-1.83802	0.069634	-12.565176	0.070338	19.21	0.2342	185.6431486143975	1.8586418651755001	30.132168783011345	0.26831198237806003	173.63319098213398	1.6020628416755962	11.703
19.47894	0.068926	9.490549	0.073891	-1.849497	0.062699	-12.582552	0.066247	19.2154	0.2341	186.4755062029713	1.8864826715749548	30.22180232137659	0.25826273300401453	173.53775456910026	1.4747773666172528	11.703
19.536237	0.072487	9.549334	0.075557	-1.843746	0.07854	-12.570004	0.069072	19.2154	0.2341	186.50329107171365	1.9553506329204056	30.081122198148535	0.2877491494700548	173.64772636613276	1.6932402079474065	11.703
19.530623	0.077483	9.539574	0.074643	-1.830301	0.073759	-12.561223	0.072444	19.2208	0.2338	186.42588710125472	2.0075138980685088	30.14251420594631	0.27819898875226856	173.57224994209267	1.672248701386586	11.703
19.526419	0.075349	9.51939	0.07458	-1.834151	0.078874	-12.568578	0.072215	19.2262	0.2334	186.12821200425932	1.9718949828161292	30.185878554312495	0.2886048395282758	173.51557343025658	1.7286078652278176	11.703
19.534828	0.07535	9.543611	0.068535	-1.826451	0.070379	-12.568578	0.072215	19.2208	0.2338	186.42275221560774	1.9005024721473716	30.142018448988647	0.26042289741870883	173.39120079451263	1.627640447749237	11.703
19.535291	0.077233	9.535758	0.076892	-1.834171	0.074681	-12.561499	0.074145	19.2154	0.2341	186.26773269711768	2.030095269105179	30.1423715638042	0.28416591791036994	173.63040239991267	1.703338835312385	11.703
19.524239	0.078104	9.513299	0.076809	-1.843772	0.075499	-12.563016	0.073219	19.2154	0.2341	186.05547686969385	2.0358990688026504	30.176497476150825	0.28617136151827843	173.76134737089396	1.7048503859548816	11.703
19.517701	0.074587	9.507134	0.073537	-1.845687	0.072802	-12.586781	0.068597	19.2262	0.2334	186.06241480143592	1.9468072596951416	30.187794087678654	0.2751555049885698	173.40788093183926	1.614885805970637	11.703
19.507267	0.072484	9.509189	0.076492	-1.851464	0.074298	-12.573956	0.07409	19.2208	0.2338	186.2948368300753	1.9635516374863484	30.166981331321075	0.28316029867402387	173.7087153836144	1.6998492164745338	11.703
19.554137	0.073928	9.53774	0.074545	-1.836092	0.079064	-12.570647	0.070492	19.2208	0.2338	185.954111304412	1.949089409342127	30.132027353504984	0.2878798259654411	173.51351853670576	1.712181651466756	11.703
19.52283	0.077037	9.527758	0.073218	-1.834177	0.070379	-12.550557	0.07191	19.2208	0.2338	186.35086344779674	1.981523189830175	30.163577647470348	0.2696152497904929	173.80778406468067	1.631936527878896	11.703
19.501499	0.078521	9.495319	0.081886	-1.849563	0.067612	-12.590826	0.07356	19.2208	0.2338	186.1439966838961	2.110488967170813	30.20891840201304	0.2827647307587308	173.40515268523973	1.6129609731167478	11.703
19.501807	0.075347	9.511612	0.068533	-1.845727	0.067626	-12.576301	0.06664	19.2208	0.2338	186.44183281609423	1.90082004155091	30.175787121931016	0.2558115618220233	173.57788123199214	1.5357882087767647	11.703
19.491526	0.074596	9.509704	0.073844	-1.855361	0.073995	-12.600341	0.073875	19.2208	0.2338	186.59821330189826	1.9621857279588744	30.155272916983012	0.27737400372322923	173.34516432247	1.6868337314060595	11.703
19.516908	0.080357	9.513814	0.077772	-1.836118	0.072704	-12.567336	0.071305	19.2154	0.2341	186.20141272808158	2.081626617732991	30.195477249655628	0.28323605015699077	173.56746263502436	1.6470789118964924	11.703
19.478299	0.073311	9.47712	0.076202	-1.863033	0.074903	-12.570555	0.073494	19.2262	0.2334	186.2370839025397	1.9690591920903315	30.221515820624177	0.28475776561145655	173.95157660267805	1.7047737654833208	11.703
19.49309	0.074969	9.487247	0.080214	-1.861112	0.071794	-12.579794	0.061923	19.2154	0.2341	186.15025667131297	2.04261754110856	30.199664595275006	0.28647607165680417	173.77045168390967	1.5370487433645965	11.703
19.495423	0.072971	9.501484	0.078458	-1.878444	0.073684	-12.578093	0.065331	19.2208	0.2338	186.37198243293565	1.9981343579896007	30.115887957691374	0.2848429921363103	174.0795599865361	1.6021704298582853	11.703
19.461329	0.07311	9.489155	0.073841	-1.870725	0.073679	-12.607234	0.072412	19.2262	0.2334	186.77874880757116	1.9462627626222138	30.169036175247232	0.2770283509409971	173.48192646710407	1.6692277216269122	11.703
19.495423	0.074953	9.501484	0.073843	-1.859197	0.073681	-12.585448	0.07149	19.2316	0.2328	186.37198243293565	1.9621499361406833	30.166908937985927	0.27699601134305624	173.64783838647384	1.6620121172096822	11.703
19.48017	0.076158	9.491136	0.079456	-1.864947	0.072127	-12.590642	0.06847	19.2262	0.2334	186.46350775200494	2.054478425169638	30.17912067247062	0.2851798746999556	173.65685263148072	1.6101809255440132	11.703
19.469737	0.07258	9.46494	0.074782	-1.886121	0.06915	-12.59988	0.070928	19.2262	0.2334	186.16971818091778	1.9391929469074112	30.19247462774347	0.2709168494453441	173.8503074800075	1.6074002614512841	11.703
19.461637	0.084085	9.477193	0.074599	-1.874588	0.084894	-12.596387	0.074616	19.237	0.2334	186.54924285812194	2.1002134012356883	30.190558960942766	0.3005640464393974	173.7199301489014	1.8312834778666085	11.703
19.491065	0.075702	9.489302	0.075833	-1.855341	0.071704	-12.589033	0.07208	19.2262	0.2334	186.2261919059452	1.9950949427499474	30.209557047150057	0.2779128265349475	173.52745204471287	1.6436684744477836	11.703
19.482503	0.071845	9.485192	0.074143	-1.863033	0.07775	-12.577909	0.066149	19.2316	0.2328	186.30913649234466	1.9240122334619938	30.200019495092857	0.2859064197043555	173.8321754215009	1.6561167382350168	11.703
19.47348	0.076711	9.480863	0.072818	-1.882251	0.074298	-12.595927	0.07177	19.2154	0.2341	186.39664708096535	1.9729513713438622	30.160447675562253	0.2761254911201643	173.85166143771343	1.6762689091963359	11.703
19.435035	0.074496	9.448286	0.078031	-1.905316	0.076632	-12.610266	0.074015	19.2262	0.2334	186.50617767488896	2.0147302919344736	30.18571673912517	0.2907746330266715	173.9933707429653	1.7316408390989	11.703
19.475966	0.080811	9.491136	0.079456	-1.872646	0.074679	-12.605349	0.073614	19.2262	0.2334	186.54201596173496	2.1172901225099636	30.158675552146107	0.2893900140224371	173.54344088891946	1.6955764854809572	11.703
19.486861	0.07583	9.489302	0.077419	-1.855341	0.073356	-12.578001	0.073203	19.2316	0.2328	186.30450529694045	2.019452481533802	30.209557047150057	0.2840037407641428	173.7059816292768	1.67883918510351	11.703
19.445773	0.07926	9.442343	0.07442	-1.888008	0.081806	-12.597535	0.073759	19.2316	0.2328	186.19516986189933	2.023657340976653	30.24766211618926	0.2952381203773134	173.91899314079853	1.7887686567879402	11.703
19.469737	0.075122	9.485119	0.080903	-1.866875	0.078524	-12.581495	0.073595	19.2316	0.2328	186.54597055209953	2.062676417984346	30.189992088798856	0.2998372680537045	173.836348956079	1.7460670368976097	11.703
19.480785	0.080342	9.483357	0.075025	-1.872673	0.073749	-12.572623	0.066845	19.2262	0.2334	186.30695638648228	2.048520775288644	30.17926132705319	0.27958287262753767	174.0746746342029	1.6193002997785773	11.703
19.476735	0.072235	9.491503	0.071318	-1.87268	0.065367	-12.583747	0.070386	19.2316	0.2328	186.53451383561654	1.896290051773505	30.157611226073282	0.25672913588975577	173.8939981694638	1.5594881033729417	11.703
19.450897	0.08011	9.446816	0.078406	-1.899596	0.074667	-12.609118	0.074625	19.2262	0.2334	186.1830555052949	2.086162731510618	30.204844596019832	0.28822585409710805	173.91907688920048	1.71435205174781	11.703
19.436262	0.078313	9.465013	0.074202	-1.882279	0.071701	-12.588941	0.07049	19.2262	0.2334	186.79608971203635	2.021035819991179	30.20250288642095	0.2746399146371931	173.9655447144625	1.6337293286335899	11.703
19.459765	0.088345	9.463178	0.080997	-1.88807	0.078057	-12.602041	0.076328	19.2262	0.2334	186.32261995708126	2.233947129689592	30.191977162108447	0.29919255934886035	173.84686671781992	1.7714681065948295	11.703
19.443257	0.080186	9.451217	0.072537	-1.888084	0.074068	-12.602225	0.077111	19.237	0.2334	186.40740943700925	2.017161936552042	30.22378682578041	0.2763240042221727	173.84410293076306	1.7348642484676156	11.703
19.464583	0.073003	9.475578	0.076885	-1.87655	0.074677	-12.584023	0.073287	19.2262	0.2334	186.46405032631378	1.97910319993768	30.189635350771926	0.2850366999251753	173.95236517870592	1.6998168003276988	11.703
19.430187	0.073615	9.455033	0.075263	-1.907307	0.074065	-12.609303	0.074208	19.2262	0.2334	186.72297509677392	1.9706943844042537	30.162500964934573	0.28030979366253866	174.04140353751504	1.7050460256481803	11.703
19.476581	0.078032	9.479321	0.074426	-1.872673	0.075267	-12.587332	0.07594	19.2262	0.2334	186.3100890487687	2.0096185211942625	30.189991109550892	0.28150507443176304	173.83569983513965	1.7346998267795617	11.703
19.446847	0.073878	9.450925	0.073888	-1.891905	0.067194	-12.590826	0.070649	19.2208	0.2338	186.33501556431574	1.94774456729248	30.214383761628767	0.26603411396998944	174.09142065839592	1.586513643961383	11.703
19.453383	0.0785	9.453052	0.078323	-1.878444	0.078004	-12.585448	0.0743	19.2316	0.2328	186.2528767713078	2.0653054430464897	30.24460475411849	0.2950392295329094	173.95998518146095	1.7502720200675819	11.703
19.414633	0.083024	9.420333	0.076194	-1.913041	0.079048	-12.603281	0.077472	19.2316	0.2328	186.36525634907744	2.1013053195289584	30.239592370157865	0.29294351979755945	174.23279197878858	1.803932578541951	11.703
19.421321	0.08433	9.454814	0.077447	-1.880344	0.074678	-12.609026	0.073326	19.2316	0.2328	186.88497445256917	2.14696791578983	30.234832599623807	0.2869716601798955	173.6084903287446	1.6935605288995954	11.703
19.428622	0.074867	9.469415	0.073802	-1.878464	0.069913	-12.585724	0.071537	19.2262	0.2334	187.02194635220323	1.9741733903706704	30.20094053676198	0.2705535373242856	173.9558363891378	1.625087717122432	11.703
19.40405	0.07401	9.426349	0.075906	-1.907265	0.073113	-12.616103	0.073339	19.2316	0.2328	186.67530064352133	1.9834619759941938	30.2389531696412	0.2811916788649605	173.9301922430088	1.681950716746677	11.703
19.420708	0.073474	9.438381	0.067591	-1.891863	0.072797	-12.590274	0.070335	19.2316	0.2328	186.58879460324127	1.8660937676054499	30.247946114076008	0.2651963693208666	174.09972458159507	1.6472596850187178	11.703
19.431445	0.074866	9.440508	0.070882	-1.901495	0.067084	-12.599604	0.066146	19.237	0.2334	186.42798808867985	1.9237806209303092	30.216585346075107	0.2600033884919254	174.10463784085098	1.5332147044695597	11.703
19.408559	0.074268	9.4386	0.074237	-1.899582	0.063269	-12.608934	0.07221	19.2316	0.2328	186.82025995947149	1.9676883364120563	30.226770834979153	0.26003540467722736	173.92184174044002	1.5591669384012192	11.703
19.435955	0.075323	9.456795	0.07385	-1.897661	0.072709	-12.610819	0.072696	19.2316	0.2328	186.6480119381508	1.9729963747518016	30.183446049109126	0.2754939478626	173.86006474543066	1.668581546662496	11.703
19.418989	0.068604	9.440581	0.075544	-1.9092	0.078532	-12.596019	0.069069	19.2316	0.2328	186.6620653781102	1.9089398556508825	30.19587994100033	0.28990945031216847	174.28855439807373	1.7056348088585895	11.703
19.422426	0.075984	9.432146	0.07349	-1.905316	0.079311	-12.599236	0.071487	19.2316	0.2328	186.4402533941186	1.9727478378644758	30.22868936776582	0.28828864792147585	174.17283207997974	1.7390262501599394	11.703
19.418683	0.073912	9.44447	0.080187	-1.89764	0.073356	-12.595835	0.074407	19.2262	0.2334	186.74058446121944	2.041765103653709	30.216301660163985	0.28952823123041155	174.10322611965347	1.7004261381494243	11.703
19.412608	0.068413	9.446597	0.075202	-1.907272	0.066754	-12.586781	0.07483	19.2262	0.2334	186.89426430551634	1.9065250956748911	30.185006447378388	0.267333172244887	174.4078644377196	1.6376470462574846	11.703
19.403437	0.075541	9.413953	0.076874	-1.907237	0.075562	-12.612058	0.072989	19.2316	0.2328	186.45510754016829	2.0116837954208986	30.272137297724253	0.2882311527564771	173.9954591290599	1.7075914597970447	11.703
19.427089	0.074865	9.440435	0.075451	-1.89764	0.071704	-12.599512	0.061786	19.2262	0.2334	186.50794925460121	1.985046629023593	30.227055465031228	0.27749668439345354	174.04340919552357	1.5393155768501214	11.703
19.42537	0.069417	9.442635	0.073208	-1.907279	0.076714	-12.597904	0.069275	19.2316	0.2328	186.58115645838973	1.885612182868717	30.19552513861284	0.2821108805178238	174.22651784998092	1.6845402856717533	11.703
19.418683	0.078813	9.42833	0.073796	-1.916882	0.069908	-12.603189	0.073051	19.237	0.2334	186.43889009542963	2.01491705131423	30.208038903866104	0.2706604658858308	174.29692293236502	1.6491691220264693	11.703
19.414786	0.070253	9.452687	0.073493	-1.889956	0.072711	-12.588665	0.067301	19.2424	0.2339	186.9676462386187	1.9081231438483257	30.214881516270083	0.2753944452423102	174.09486677351055	1.6122371323241724	11.703
19.431905	0.0793	9.452833	0.079948	-1.886121	0.078535	-12.588849	0.06907	19.2316	0.2328	186.64964894432447	2.1062039768381893	30.224711264406224	0.2987273413507004	174.02949122933114	1.700621444143524	11.703
19.423499	0.080876	9.436692	0.078031	-1.897668	0.078001	-12.581495	0.070689	19.2316	0.2328	186.50508554052368	2.0987563263241586	30.236963426065177	0.2943330280422052	174.33737076112916	1.7177293619177232	11.703
19.431598	0.082718	9.448651	0.071381	-1.889956	0.074294	-12.592342	0.072639	19.2316	0.2328	186.5772014615077	2.0420112339101615	30.225634837671194	0.2746453667638167	174.03505283481968	1.6896159476595622	11.703
19.413374	0.074577	9.422751	0.070576	-1.89961	0.072467	-12.587241	0.070336	19.2316	0.2328	186.43384678863788	1.916057675950345	30.26900646285681	0.27042756588227773	174.27532276760266	1.6467357054589238	11.703
19.407146	0.075074	9.432875	0.075224	-1.905386	0.075198	-12.611187	0.06555	19.2316	0.2328	186.7394911529456	1.9897228618316334	30.22655673922521	0.2835548030297023	173.9795412379765	1.6211531017449927	11.703
19.38957	0.081229	9.424441	0.073834	-1.905351	0.075203	-12.603373	0.071487	19.2316	0.2328	186.9107944585952	2.058904198431262	30.249153540274058	0.2813755239980377	174.1060495815558	1.6886282348442174	11.703
19.411196	0.074864	9.440873	0.079038	-1.893833	0.069911	-12.589033	0.070571	19.2316	0.2328	186.81343154328147	2.039805736522509	30.236039534696264	0.2814824668746503	174.15198140661528	1.6175285008547842	11.703
19.395951	0.077142	9.426495	0.074958	-1.895733	0.069619	-12.59055	0.072137	19.2316	0.2328	186.82968241713297	2.015737921357437	30.26936283704754	0.2734956849009843	174.15822550909908	1.632540310789939	11.703
19.423345	0.074971	9.432584	0.075176	-1.90151	0.068745	-12.58508	0.079217	19.2316	0.2328	186.43125820504935	1.9811625297868287	30.237673989129917	0.27177171565937175	174.34155644132434	1.711619310967965	11.703
19.436108	0.073108	9.448798	0.073837	-1.901517	0.077198	-12.592526	0.069851	19.237	0.2334	186.49567897831773	1.9402740973861863	30.19446073661665	0.2841773327172947	174.22024377702925	1.6965654534397105	11.703
19.40279	0.071838	9.436838	0.070883	-1.897682	0.071705	-12.596387	0.071847	19.2316	0.2328	186.8953563650874	1.8926092941950903	30.236536763431122	0.26897029828726127	174.09492218935645	1.6517731906189017	11.703
19.417271	0.077218	9.430675	0.074334	-1.899596	0.07311	-12.601765	0.074418	19.2316	0.2328	186.50903900071194	2.0017396155029563	30.247873930747513	0.2783444173049372	174.03858095425818	1.6964909334466043	11.703
19.412761	0.077551	9.418425	0.066086	-1.907279	0.075284	-12.612611	0.070382	19.2316	0.2328	186.36457500613005	1.8999357642989116	30.260072081522065	0.2676478631144964	173.98716139797162	1.6749639343770926	11.703
19.374327	0.074264	9.418134	0.074568	-1.918796	0.067618	-12.612242	0.069273	19.2262	0.2334	187.07855269886213	1.9774736415968788	30.230109220328366	0.268413473091979	174.18054394374437	1.5767980068181229	11.703
19.383802	0.075908	9.430748	0.07225	-1.914997	0.074971	-12.594503	0.074406	19.237	0.2334	187.13757112754823	1.9703731910754783	30.20661833495053	0.27720277024654877	174.4079192991252	1.72498613749754	11.703
19.419142	0.068284	9.436619	0.073785	-1.90151	0.073993	-12.607142	0.071549	19.2316	0.2341	186.58511151260683	1.8790892613303545	30.226912732412433	0.2785795901351483	173.98227923142437	1.6727402685834858	11.703
19.403743	0.075808	9.40603	0.073267	-1.914948	0.073432	-12.615919	0.072437	19.2316	0.2328	186.30162392595264	1.9645821212417351	30.27270577652669	0.27738261926356417	174.05806092154924	1.6777529608477453	11.703
19.425524	0.079258	9.426568	0.076651	-1.92268	0.076697	-12.620056	0.071672	19.237	0.2334	186.27847520698788	2.0541090362498404	30.19729827972247	0.2885112620935022	174.11655463737515	1.7085948462460625	11.703
19.418989	0.076446	9.424441	0.075542	-1.928442	0.074289	-12.60705	0.073803	19.2316	0.2328	186.36062472478844	2.0039859315259094	30.187630035595994	0.2817253917005146	174.4225748614846	1.7104403845004084	11.703
19.383343	0.066794	9.42246	0.069306	-1.922673	0.071448	-12.616288	0.06936	19.2316	0.2328	186.9904700426079	1.806923632476381	30.20825117994236	0.2650404291910078	174.17780265505115	1.6219153101841706	11.703
19.394232	0.068794	9.404485	0.080134	-1.920767	0.069909	-12.618356	0.061785	19.2316	0.2328	186.45020039997797	1.9711691408284004	30.261280017409767	0.2841476469541056	174.11308073167328	1.518514635081437	11.703
19.399047	0.078608	9.437057	0.075019	-1.901552	0.077184	-12.600341	0.072188	19.237	0.2334	186.9696949348102	2.039365572410315	30.22563314673462	0.2869241434577124	174.09356594894186	1.7196745263519766	11.703
19.391901	0.07802	9.410428	0.076648	-1.934225	0.069978	-12.631086	0.078895	19.2316	0.2328	186.60475147564694	2.04470480867493	30.2095282734224	0.27637442448484706	174.1249422304683	1.7166551186543952	11.703
19.394691	0.077249	9.420843	0.078329	-1.920788	0.072363	-12.625986	0.075637	19.2316	0.2328	186.74740811155394	2.059844579341506	30.21757745288374	0.28411915516183917	173.98933363212413	1.7012988381780254	11.703
19.387699	0.073803	9.418498	0.069114	-1.926528	0.073742	-12.61638	0.072363	19.237	0.2334	186.8344618874858	1.8949596510058955	30.20853478819301	0.2691128782472613	174.23912155339633	1.68400050529087	11.703
19.370584	0.070826	9.402213	0.07253	-1.93421	0.071436	-12.634578	0.074205	19.2316	0.2328	186.85003033476562	1.9002130777726478	30.23145778500987	0.27148234073259914	174.06788486265845	1.6755817553870698	11.703
19.377728	0.076318	9.396561	0.076423	-1.924629	0.068343	-12.633247	0.072409	19.2424	0.2339	186.61047971111878	2.0192709127402666	30.272135219455617	0.2741421869086984	173.93377442440823	1.6172292086994766	11.703
19.402637	0.08329	9.420624	0.072154	-1.928463	0.074593	-12.61468	0.069731	19.2316	0.2328	186.59465831232077	2.0599188821616967	30.197723532419772	0.27613799370993125	174.29839137290685	1.6654747739939244	11.703
19.377116	0.077968	9.412409	0.076741	-1.920752	0.073985	-12.610819	0.072696	19.2316	0.2328	186.9187182026889	2.052119362018617	30.240160214847084	0.28443346639551437	174.23561739761467	1.6905767802273264	11.703
19.391901	0.076273	9.402359	0.077495	-1.92268	0.075266	-12.627409	0.070133	19.237	0.2334	186.45401643877912	2.0294966804435624	30.261849016315693	0.288666896428186	173.99695384911666	1.6721702615498182	11.703
19.394232	0.068794	9.416589	0.077597	-1.93616	0.069907	-12.622033	0.066145	19.2316	0.2328	186.6763915670569	1.9401950082555248	30.18798384669055	0.2777234306152757	174.30398897603817	1.5698343513122959	11.703
19.378682	0.073469	9.402068	0.072099	-1.938044	0.071442	-12.62704	0.070331	19.2316	0.2328	186.69563161788452	1.9262955968318836	30.22162572941419	0.2704991403063193	174.2530552371771	1.6343113939188882	11.703
19.42178	0.079812	9.438892	0.076012	-1.89961	0.076981	-12.590918	0.075439	19.2316	0.2341	186.5782915617983	2.059928066383267	30.22591777896349	0.28839541225628706	174.21538237434737	1.7563239239353527	11.703
19.391595	0.07817	9.394144	0.076873	-1.95345	0.074666	-12.634578	0.069482	19.2316	0.2328	186.30652566818134	2.0431069798941865	30.201697010494392	0.28522051643057295	174.3814322504374	1.6651659170422644	11.703
19.364204	0.073906	9.363852	0.077048	-1.943827	0.065223	-12.629017	0.068026	19.2316	0.2328	186.25247242319313	1.9884418904180643	30.308307875759887	0.2705745025231063	174.31512894333434	1.537439890968863	11.703
19.385368	0.073102	9.396198	0.074834	-1.920745	0.073986	-12.629109	0.071167	19.237	0.2334	186.46096698707657	1.9527507070772734	30.28349727941573	0.28159921479127326	173.9378936643675	1.6675001539234076	11.703
19.3796	0.079229	9.414608	0.077834	-1.934239	0.074963	-12.638623	0.075684	19.237	0.2334	186.91338977683358	2.0832417252354	30.198361856473163	0.28754522868229765	174.00256970238607	1.7315848359277044	11.703
19.392054	0.070829	9.398397	0.075256	-1.949625	0.074368	-12.623825	0.067757	19.237	0.2334	186.3772434953152	1.9273299056709632	30.200561242496118	0.2815708969677222	174.49459356123012	1.6446442310154823	11.703
19.403403	0.081937	9.412919	0.074592	-1.9285	0.081275	-12.607787	0.072002	19.2316	0.2328	186.43643552211512	2.0677613818604033	30.218144884958196	0.2939266621120093	174.41148201033525	1.7733335826518475	11.703
19.360308	0.082628	9.384167	0.072435	-1.947689	0.07303	-12.632878	0.070169	19.2316	0.2328	186.70450094740627	2.056467085537279	30.243641112474485	0.2745234083306793	174.3151566753409	1.6522014787647774	11.703
19.370584	0.070826	9.402213	0.07253	-1.918817	0.079625	-12.623548	0.070249	19.237	0.2334	186.85003033476562	1.9002130777729795	30.27256296342051	0.2880103576980164	173.9969258768081	1.725941406645602	11.703
19.37448	0.075538	9.414172	0.07595	-1.922651	0.074669	-12.612334	0.073281	19.2316	0.2328	187.00126773247976	2.011110433181438	30.23039303939166	0.2840102442713144	174.24186393708058	1.7053306444242897	11.703
19.374786	0.081323	9.394144	0.075255	-1.93421	0.077533	-12.619872	0.071856	19.237	0.2334	186.62030070844827	2.071771567551051	30.252990959459687	0.28855210546291926	174.3074390511871	1.7243824868567927	11.703
19.351599	0.077025	9.392091	0.075503	-1.943827	0.065223	-12.632693	0.071766	19.2478	0.2342	187.01630239417145	2.0253438417585383	30.232807167747694	0.26609658059823615	174.25517448081126	1.5809548193566276	11.703
19.38319	0.071507	9.418352	0.070575	-1.93421	0.069625	-12.630901	0.061367	19.2316	0.2328	186.9162592209693	1.8845640998372037	30.188481123527865	0.263627093807779	174.12771023404238	1.5108070078159004	11.703
19.391901	0.072373	9.39429	0.074232	-1.945769	0.072124	-12.61638	0.069274	19.237	0.2334	186.30352972927864	1.931941809997727	30.221766816995967	0.27583360927401	174.55330169137744	1.6358949375993437	11.703
19.338231	0.07914	9.36349	0.078615	-1.963028	0.069503	-12.646936	0.071293	19.2316	0.2328	186.73070130107044	2.0882653827480713	30.257895577194727	0.2803200671110239	174.33605146511	1.624678591787146	11.703
19.391901	0.076273	9.410428	0.075016	-1.92268	0.075266	-12.61638	0.072363	19.237	0.2334	186.60475147564694	2.0000130255884057	30.24030217891719	0.2835483125110079	174.17641813637553	1.7005930754926237	11.703
19.349574	0.076428	9.373973	0.069839	-1.93421	0.071436	-12.634578	0.067756	19.2316	0.2328	186.71459890622674	1.937808502541035	30.306955191017227	0.26774784938057355	174.06788486265845	1.6016587080900175	11.703
19.372761	0.070249	9.388129	0.074833	-1.939986	0.064213	-12.621756	0.07578	19.2316	0.2328	186.5457137723797	1.9176490926343939	30.253630435708093	0.2633463198590996	174.3709397018129	1.6214319877168941	11.703
19.368406	0.068791	9.404194	0.067944	-1.91689	0.071703	-12.603281	0.068853	19.237	0.2334	186.92800861701787	1.8138681711761404	30.272420839646767	0.26413882871710653	174.29553736714774	1.6213527394428602	11.703
19.351446	0.085431	9.396053	0.076247	-1.936123	0.076344	-12.632601	0.076909	19.2316	0.2328	187.09359351137726	2.1519741550582285	30.242789255355227	0.2879538138961253	174.13118419342126	1.7641389567769836	11.703
