20.791276	0.07674	20.670842	0.073812	20.549752	0.070693	20.28065	0.076019	20.4722	0.2386	15480.479339889214	13686.4065020822	2832.988866763757	2391.1473657738666	6928.137414020229	2672.6078481412437	11.714219000000002
20.856552	0.077553	20.655811	0.075419	20.547385	0.081814	19.368866	0.089304	20.5099	0.24	9290.45066781104	5006.584786311989	3164.892780402108	3247.9874527590296	1582.4761392492367	162.62793730975645	11.718
21.102891	0.070959	20.661016	0.074365	20.506178	0.071323	17.784121	0.094839	20.483	0.2396	4220.600753633564	981.785292631733	2216.2239917549277	1474.8223067586719	685.1355291971304	29.867886899367072	11.718
21.34611	0.072403	20.652321	0.071926	20.303318	0.073954	16.133718	0.097774	20.4722	0.2386	2688.1072041999196	395.42187837100016	983.2454101060359	290.63896632126256	447.27968922508774	13.150682741824987	11.718
21.627643	0.074074	20.61609	0.072808	19.91302	0.079054	14.467523	0.097319	20.4722	0.2386	1843.6767660953178	189.3075419187108	488.08214143520814	74.61012468482924	342.4807131917143	7.885557873475284	11.718
21.924695	0.07411	20.550629	0.076169	19.42065	0.078987	12.999096	0.090548	20.456	0.2398	1357.2686828427263	104.97415157310778	303.6835718595409	29.49009363042559	290.42465421590083	5.434317349748059	11.718
22.158431	0.077538	20.411399	0.073362	18.782532	0.076584	11.545598	0.088681	20.4452	0.24	1067.5120973824305	65.2248583852199	210.6714586357451	13.71645631113919	257.7027281653173	4.172465005601453	11.718
22.432717	0.075234	20.259513	0.073492	18.166892	0.08443	10.205911	0.086303	20.4236	0.2389	858.1981767347175	41.53253935678916	163.98926512047174	8.77186083617183	234.27260455533232	3.5529008357467817	11.718390600000001
22.64537	0.078516	20.069627	0.077216	17.492149	0.08367	8.980224	0.091755	20.429	0.2394	724.0542761513838	30.956240088344398	133.13631869102218	5.881031353593353	219.10174702936285	3.1963580810797616	11.718
22.832721	0.080429	19.84207	0.079993	16.773577	0.07933	7.812864	0.092017	20.4182	0.2383	623.602443062837	23.65335153479626	111.83208153855973	4.105908791494953	208.12825632633238	2.821883581274068	11.718
23.000198	0.072335	19.639267	0.072101	16.097976	0.077792	6.718716	0.085934	20.4075	0.2393	554.899017666703	16.862234237452295	96.90135516194665	2.9023225168086917	198.8406000714087	2.4573952407855617	11.718
23.180194	0.081945	19.385561	0.079671	15.40689	0.086072	5.667755	0.092654	20.3859	0.2396	491.4777525326925	14.802906353989462	86.24885666064866	2.54249013400599	191.49314825880853	2.486563538788838	11.718
23.302313	0.073926	19.133896	0.07814	14.762827	0.078693	4.722117	0.088666	20.3859	0.2396	447.4067180150157	11.5455569442219	78.50617866023595	1.9917780331454538	185.74160542414577	2.1930493779204983	11.718
23.367015	0.079326	18.853654	0.072252	14.108907	0.083226	3.79955	0.078997	20.3589	0.2386	413.21256597502827	9.823466655481694	72.32332323388145	1.6799574285895171	180.9014529607409	2.0135277669628744	11.718
23.466285	0.07222	18.600874	0.073626	13.487056	0.076171	2.933965	0.078062	20.3643	0.2381	383.3135349565171	8.12517781743341	67.10364724290719	1.3901156231575478	176.72335032301132	1.8264641938709198	11.718
23.536041	0.073579	18.344867	0.071547	12.906642	0.073378	2.157389	0.076251	20.3589	0.2386	359.25932407363587	7.102564428709964	63.10071233549648	1.189159783396049	173.49834318713968	1.7080387399696502	11.718
23.628973	0.074316	18.090493	0.081565	12.347007	0.075514	1.420564	0.077105	20.3266	0.2392	336.7309558491582	6.7087210054923645	59.746963079931035	1.1562840145781113	170.6848024740661	1.685905978465541	11.718
23.626835	0.077391	17.827235	0.074468	11.804363	0.079484	0.718993	0.077017	20.3212	0.2389	321.57002842270515	5.955036779653698	56.975451525341185	1.0303528711586445	168.23774464377578	1.6796917326761933	11.718
23.673868	0.070574	17.585119	0.077242	11.283259	0.072879	0.036944	0.07388	20.305	0.2383	306.29898660332464	5.263402157965291	54.453115869977196	0.9176220687579909	165.8301070530992	1.530210431693988	11.718
23.684841	0.070211	17.318436	0.067782	10.785729	0.07111	-0.573495	0.069957	20.3104	0.2378	292.940453138106	4.490509860510976	52.52889384495172	0.7899376096738459	164.18179152759325	1.441790792441081	11.718
23.673679	0.077061	17.07648	0.075417	10.313156	0.081183	-1.147601	0.07373	20.2888	0.2392	282.69234154246385	4.620314111510845	50.73775459487896	0.8312688508336981	162.72726451579484	1.5571239690322718	11.718
23.680282	0.072809	16.824835	0.072215	9.862028	0.070039	-1.708785	0.072481	20.2834	0.2392	272.04319190605173	4.069385823752811	49.28413115218673	0.7120694324130817	161.179478643039	1.4040134118752343	11.718
23.66412	0.079564	16.607209	0.075694	9.432233	0.081835	-2.197603	0.074894	20.2672	0.2386	264.2767833950616	4.112614967741373	47.826763902609166	0.7430654682773593	160.36147082272905	1.5296339378786157	11.718
23.612154	0.085572	16.36583	0.079006	9.016611	0.079572	-2.717895	0.072917	20.2564	0.2376	257.36877476929743	4.136568855087397	46.69283904414051	0.7124264764183922	158.93106440495325	1.461768647427084	11.718
23.610675	0.070368	16.135955	0.069678	8.602243	0.078005	-3.170188	0.071578	20.251	0.2381	249.50470294567208	3.3055561588286406	45.54937507853825	0.6323784778472629	158.41907341909084	1.424647923723119	11.718
23.582137	0.079011	15.909492	0.076323	8.220154	0.076042	-3.615711	0.07723	20.2456	0.2385	243.0684216250419	3.4801789509269536	44.62749394700184	0.6252979521067796	157.5700228803134	1.4428937300333946	11.718
23.553154	0.074071	15.715413	0.070465	7.881408	0.072569	-3.982427	0.072556	20.2187	0.2387	237.94834020682472	3.1037593226826914	43.8033826516403	0.5655829813915351	157.19853999733382	1.3597261845469504	11.718
23.466098	0.070834	15.474323	0.073929	7.516198	0.077245	-4.380551	0.070032	20.2025	0.2373	233.36214090105588	2.989707269262424	43.120188311348656	0.5793434977298417	156.76363469576532	1.3739125849498972	11.718
23.428301	0.079474	15.286597	0.073834	7.210315	0.07391	-4.730835	0.072335	20.1971	0.2378	229.06475829391397	3.0520127224125755	42.48934136273961	0.549620495357799	156.18074008798277	1.352605587348973	11.718
23.422825	0.066827	15.15495	0.076248	6.960818	0.074143	-5.025596	0.069366	20.2025	0.2373	225.56915396393308	2.76614184429264	41.87824587267967	0.5435452234309143	155.59095415234196	1.3179556601540685	11.718
23.3413	0.075473	14.933779	0.073997	6.663262	0.070942	-5.386124	0.075089	20.1917	0.2382	221.82253441814512	2.7886716781552576	41.491464584025785	0.5142728453008845	154.77782244413567	1.3269341821364244	11.718
23.279663	0.0734	14.748274	0.073187	6.380227	0.070094	-5.672375	0.073824	20.1647	0.2384	218.60185747206998	2.6559097393390645	41.00788543901359	0.49661037508738193	154.73650647982862	1.3069460834733744	11.718
23.220359	0.073866	14.571262	0.06848	6.103545	0.072684	-5.967788	0.069189	20.1593	0.2381	215.62684099802402	2.5111521289714873	40.52519649344233	0.47792620883385184	154.49641367867213	1.2843392808902976	11.718
23.166271	0.078168	14.408055	0.077635	5.860629	0.070948	-6.219082	0.071936	20.1486	0.2371	212.940358741466	2.6785854310129684	40.14727613879469	0.4939832783492789	154.38925311205324	1.291332809298353	11.718
23.115066	0.076797	14.245413	0.078607	5.61619	0.077783	-6.470283	0.077274	20.1486	0.2371	210.26498528361012	2.605171417310239	39.766718289114905	0.50962228305401	154.30289210317758	1.3997636115979757	11.718
23.040412	0.074245	14.086991	0.073628	5.393827	0.072275	-6.715557	0.071468	20.1432	0.2376	208.2977850617015	2.4326165348096604	39.47421852257086	0.4684923314178158	154.01094255016466	1.29272743826372	11.718
22.988776	0.07835	13.930456	0.074464	5.171552	0.072592	-6.951029	0.074177	20.1324	0.2383	205.88560235114954	2.456788406419871	39.17794485741346	0.46515040081394915	153.8432869239767	1.317121822828359	11.718
22.927041	0.070899	13.805163	0.06901	4.965474	0.075495	-7.145007	0.073673	20.1108	0.2382	204.4510495192195	2.217555825046483	38.819903424563265	0.449180761152491	153.9969898761734	1.341354601328559	11.718
22.865594	0.068298	13.667773	0.068106	4.767554	0.071024	-7.34455	0.067084	20.1054	0.2378	202.76298325711474	2.1262530420106036	38.55589173015092	0.4262745584052049	153.97635710831003	1.2419757281434307	11.718
22.829367	0.068905	13.546662	0.071401	4.615197	0.06955	-7.508113	0.067978	20.0946	0.2368	200.9088674004847	2.147604694569497	38.4210059174947	0.42878108500712253	153.83403696764518	1.2340548731429672	11.718
22.752938	0.08341	13.417564	0.083407	4.435325	0.079579	-7.694181	0.078569	20.0892	0.2373	199.7753363945171	2.5242631421878996	38.20382820189327	0.4903177776719958	153.75543777732688	1.417573030645084	11.718
22.686369	0.070315	13.277814	0.074297	4.255405	0.073728	-7.855452	0.066993	20.0946	0.2368	198.22147713449974	2.155169377410649	38.033728839696245	0.44123429926988894	153.99221204288656	1.2666680886456274	11.718
22.609714	0.070936	13.167143	0.070641	4.095479	0.074476	-8.037408	0.072533	20.073	0.2382	197.50738009825994	2.0939800198507337	37.827228856702064	0.4280274212777413	153.71259394005588	1.3170759312665734	11.718
22.562097	0.075377	13.059332	0.076761	3.959614	0.071111	-8.161582	0.069673	20.0784	0.238	196.25631835085753	2.2218461409909374	37.71060651706354	0.4336319713911133	153.86085881131433	1.2636931090177714	11.718
22.486622	0.078756	12.94001	0.070597	3.793763	0.076185	-8.326118	0.068066	20.0569	0.2379	195.35491294026252	2.164322190152783	37.51876253160414	0.42606494912438675	153.8775513036908	1.2970780129784443	11.718
22.430768	0.069642	12.823051	0.068235	3.637977	0.072699	-8.490682	0.069229	20.0407	0.2366	194.1124825148452	1.9698476727915508	37.36016348618427	0.4055495803946013	153.76618885458416	1.2727115261939397	11.718
22.402408	0.079014	12.731787	0.081099	3.516147	0.070609	-8.588481	0.069771	20.0461	0.2371	192.84981929966634	2.2579503402571217	37.23624987879031	0.4344813472230183	154.07145330920122	1.2634890343936886	11.718
22.311926	0.076929	12.632985	0.074722	3.395847	0.071763	-8.722723	0.071012	20.0407	0.2366	192.68404845960598	2.134984718033564	37.14958949849089	0.4166612237264964	153.89419538552832	1.282083056582534	11.718
22.233349	0.070963	12.52061	0.072008	3.262078	0.069636	-8.855461	0.068127	20.0353	0.2371	192.01355427322144	1.9986368454478627	37.06374954497844	0.40100550327115464	153.90728284899407	1.2373339694520944	11.718
22.179771	0.077105	12.418209	0.068965	3.149914	0.069333	-8.969252	0.067411	20.0137	0.238	191.05320618382882	2.0246823529151725	37.024703280200654	0.39065600554216295	153.88663775422646	1.2279002728584159	11.718
22.117882	0.073649	12.334328	0.068286	3.035872	0.071575	-9.069981	0.066447	20.0191	0.2379	190.623739052113	1.9568734559007468	36.904606610522315	0.392617516871527	154.05585795515103	1.2428414504539094	11.718
22.07618	0.072912	12.244926	0.075295	2.937779	0.071963	-9.163605	0.06815	19.9921	0.2369	189.69885929672736	2.02239721982565	36.87014549831213	0.41260342951283613	154.1127597344723	1.2621982576018205	11.718
22.007946	0.082784	12.128458	0.079494	2.808132	0.077127	-9.295959	0.077554	19.9921	0.2369	188.7727067050728	2.1930042471836066	36.81801345337269	0.43753705709991725	154.07829077046193	1.3922950839740544	11.718
21.927079	0.075643	12.048805	0.068836	2.708005	0.070371	-9.372344	0.067162	19.9975	0.2373	188.7958932699913	1.954705365309999	36.73731236454002	0.3871639704219008	154.38110565038295	1.2431498862523311	11.718
21.896663	0.075988	11.979095	0.074576	2.603917	0.070831	-9.480176	0.067151	19.9813	0.2368	188.04788392739798	2.0187697498953314	36.602598964750676	0.40155492663586995	154.33327233371762	1.2465433756615967	11.718
21.833593	0.08053	11.893796	0.075699	2.50204	0.077586	-9.554949	0.070181	19.9867	0.2363	187.62733816038102	2.086281890173874	36.53798823327329	0.42171085968155186	154.68021578428213	1.3421590841171318	11.718
21.766552	0.074278	11.812736	0.075689	2.419839	0.073314	-9.646568	0.071423	19.976	0.2372	187.36308893645105	1.996153940226553	36.53355037418894	0.4098512408131566	154.5594792007721	1.3110496832122123	11.718
21.708581	0.076202	11.736987	0.073684	2.355066	0.074024	-9.715177	0.07122	19.9813	0.2368	187.02904828449712	1.9881700109295426	36.576292346315945	0.407191331673575	154.51035311875688	1.3149383218160804	11.718
21.631884	0.076562	11.653302	0.074634	2.251191	0.070824	-9.798794	0.072079	19.9652	0.2377	186.89806597499754	2.0025986688530626	36.49774884301903	0.39940237114435534	154.77011557279434	1.2979061359693598	11.718
21.604661	0.06726	11.590365	0.068809	2.182701	0.065798	-9.847319	0.064212	19.9706	0.2375	186.23153863188446	1.7893833064199656	36.476205020840084	0.36913624998851857	155.0269773302049	1.184771277308087	11.718
21.562684	0.078113	11.533594	0.066172	2.094667	0.069604	-9.931213	0.067992	19.9436	0.2371	185.9568024939753	1.8981876930388346	36.35539199756722	0.3699065161491061	155.08034554787565	1.254756038834737	11.718
21.510626	0.076548	11.48117	0.071469	2.051737	0.070803	-9.974391	0.076871	19.9328	0.2361	185.9562265817199	1.9417079188627406	36.3932078421997	0.38827786512367773	155.08231720990509	1.347698513413528	11.718390600000001
21.451197	0.079497	11.389568	0.0775	1.961719	0.073911	-10.031998	0.070302	19.9382	0.2366	185.35543343209181	2.045267396644188	36.398113078276445	0.4134578336110988	155.4962094010879	1.3224877172899852	11.718
21.405765	0.072911	11.330098	0.064754	1.895095	0.066588	-10.113383	0.066199	19.9436	0.2371	185.09718929788738	1.7914122631679597	36.37051047250644	0.35804566691449163	155.30508280048602	1.2143384747830008	11.718
21.361784	0.069093	11.273425	0.073477	1.842362	0.068051	-10.148915	0.069165	19.9328	0.2361	184.86431901457598	1.8482142742378052	36.38570805180668	0.3863816246496287	155.5278499594411	1.2584799004571763	11.718
21.299768	0.070871	11.210098	0.069998	1.746501	0.065655	-10.222972	0.069828	19.9328	0.2361	184.84030826914233	1.8248668384046254	36.26061774049425	0.3677212242481896	155.81116983351035	1.2476711804595035	11.718
21.256224	0.071921	11.176023	0.070156	1.711436	0.07183	-10.258678	0.067262	19.9328	0.2361	185.01392447134762	1.844081652766775	36.25682852489522	0.3846373741602544	155.80282147328887	1.280855381966605	11.718
21.183652	0.071971	11.074121	0.075748	1.631257	0.072436	-10.319701	0.067915	19.9328	0.2361	184.4771632202117	1.906668890810932	36.34023549244709	0.40334729809187825	156.05256473848763	1.2965669962279813	11.718
21.136332	0.075052	11.014828	0.074527	1.570619	0.071825	-10.371346	0.074414	19.9382	0.2366	184.25894287695306	1.9254881758145823	36.33505521540702	0.39821296806102247	156.17008457317473	1.352502225665961	11.718
21.088245	0.072929	10.982633	0.06827	1.521867	0.067824	-10.416163	0.068348	19.922	0.237	184.5487029291243	1.8243213814366392	36.271466725754344	0.36894776770334703	156.22156510995467	1.2600430158149403	11.718
21.070901	0.077864	10.929627	0.072424	1.469106	0.071461	-10.454946	0.071137	19.9112	0.2374	183.89974305223868	1.9283284010011261	36.27240667636442	0.3900969357987546	156.40468840602244	1.322592604503196	11.718
21.017428	0.073143	10.870461	0.069949	1.400727	0.069475	-10.514054	0.069987	19.922	0.237	183.79654939164647	1.8331894567217062	36.23712168805435	0.37726018529139627	156.52638597548543	1.2955299227270471	11.718
20.973177	0.071714	10.834012	0.070286	1.381231	0.070978	-10.536393	0.069695	19.9166	0.2373	183.93799704015933	1.8216423068756682	36.30210703327768	0.3836135036561902	156.48905123261963	1.3061956721301526	11.718
20.933493	0.077952	10.7673	0.069574	1.312995	0.075664	-10.590417	0.072068	19.9058	0.2375	183.44896831222994	1.8854226378066692	36.296255094670286	0.39462048876813244	156.67589335851164	1.3753701524980557	11.718
20.884696	0.071155	10.716499	0.075597	1.277865	0.068317	-10.614449	0.070765	19.8897	0.2368	183.4128214094825	1.8726364844257433	36.356518576772466	0.392481137295671	156.82210525582698	1.2970802683275895	11.718
20.825504	0.071731	10.682017	0.069565	1.240807	0.073713	-10.655244	0.070692	19.9058	0.2375	183.85960983732915	1.811204959671881	36.346599966885805	0.3901984486981909	156.77283608619678	1.3459609870614782	11.718
20.800882	0.074379	10.645883	0.070855	1.20578	0.070422	-10.690823	0.068613	19.895	0.2372	183.6511977111022	1.8577821457371773	36.35085955989018	0.3846752012251918	156.7655687672779	1.2956077010814144	11.718
20.730405	0.077605	10.564409	0.074414	1.116024	0.069437	-10.744226	0.068947	19.9058	0.2375	183.4525270701202	1.940223973414819	36.318995488263084	0.3912314980009228	157.24606399699394	1.2973578737838896	11.718
20.724477	0.0701	10.570696	0.071969	1.112165	0.068824	-10.744423	0.066063	19.8843	0.2364	183.67322541555947	1.8173539357129727	36.28003925571977	0.3819586295664102	157.29463057163878	1.265604006654064	11.718
20.671905	0.069415	10.499872	0.065152	1.03618	0.069109	-10.801993	0.06601	19.8789	0.2358	183.34365078014784	1.7159284443343574	36.26025244110333	0.3639109772794356	157.53931935163374	1.271804887880112	11.718
20.64225	0.068107	10.467406	0.068619	1.030326	0.067111	-10.820483	0.070478	19.8789	0.2358	183.29298311961287	1.7416341733285723	36.36250790192455	0.36983194999777347	157.37133344859365	1.2923421136337523	11.718
20.580678	0.076253	10.41051	0.074522	0.964054	0.070409	-10.866641	0.070031	19.8843	0.2364	183.37726341289834	1.9224765536284603	36.3264162881465	0.3942531222726444	157.63888247969118	1.3232210346413218	11.718
20.542021	0.068704	10.369672	0.075972	0.915301	0.072423	-10.897813	0.066782	19.8789	0.2358	183.33795663993143	1.8461147715337825	36.296003132449236	0.4029523846861321	157.87349935828112	1.3165570189791647	11.718
20.52164	0.070362	10.351804	0.070223	0.911471	0.071019	-10.903728	0.07002	19.8843	0.2364	183.3832569417959	1.792543030471355	36.34997606202791	0.38456668487944	157.84563563030707	1.3323769274226351	11.718
20.492166	0.078063	10.307287	0.077214	0.868635	0.075346	-10.929698	0.076953	19.8789	0.2358	183.11239774235375	1.9740582713039405	36.35644856409961	0.4155560083076914	158.07128709878202	1.442912235117159	11.718
20.475684	0.074179	10.293311	0.073423	0.851145	0.073682	-10.944714	0.069913	19.8789	0.2358	183.15746101627096	1.877403459509993	36.34291910280884	0.40036884797514494	158.10443831853175	1.3614088896506502	11.718
20.387785	0.068971	10.209626	0.077538	0.786784	0.065064	-10.997729	0.066809	19.8789	0.2358	183.23329574290906	1.8682061204635485	36.4174505355532	0.39119445642773604	158.25665453027864	1.2523552774158129	11.718
20.380554	0.079255	10.212244	0.077743	0.767419	0.076225	-11.013144	0.074169	19.8789	0.2358	183.4107641381594	2.0025132057974004	36.332691327320944	0.4188328041930962	158.30970872486654	1.42921339416786	11.718
20.314992	0.074857	10.141323	0.073652	0.722643	0.071641	-11.051939	0.071886	19.8789	0.2358	183.31415726290066	1.892222387391391	36.43354166451781	0.3974511865278223	158.39014040103766	1.3652165464690584	11.718
20.302577	0.081961	10.11311	0.079531	0.689581	0.080522	-11.068719	0.072681	19.8789	0.2358	183.02994401209418	2.051421782697718	36.41479686111116	0.4373413328983551	158.6094579797281	1.4632068589511513	11.718
20.277667	0.071358	10.101164	0.071834	0.679884	0.069402	-11.078176	0.069229	19.8789	0.2358	183.26312031998063	1.823400049440715	36.423485543619265	0.3861587475706202	158.61269742171692	1.322351398486582	11.718
20.221795	0.069745	10.041985	0.071119	0.625329	0.072486	-11.116513	0.070724	19.8789	0.2358	183.20357371904296	1.792658493961929	36.441374571503815	0.39298208396016376	158.83177375037369	1.3699126085869067	11.718
20.151346	0.079521	9.974815	0.072218	0.57275	0.071713	-11.153071	0.068918	19.8735	0.2363	183.2626050154834	1.9344561627792476	36.4979268525745	0.39508342854289835	159.04880047828001	1.349091221229865	11.718
20.172071	0.077055	10.001957	0.074481	0.592328	0.078421	-11.131765	0.07368	19.8789	0.2358	183.37823075054507	1.9323374442477643	36.46858991044018	0.41916764965491676	159.0722315363648	1.4599640515502932	11.718
20.119212	0.070061	9.96143	0.069071	0.543696	0.071257	-11.177939	0.073143	19.8789	0.2358	183.6008848488031	1.7782861855530478	36.43720075926471	0.3839571947892339	159.10558388929942	1.3860763784194081	11.718
20.074793	0.071336	9.918889	0.070259	0.524239	0.075798	-11.203757	0.069569	19.8735	0.2363	183.63482341898097	1.8104238034901834	36.52673274074395	0.4018345896496965	159.01929326239642	1.3949949147958733	11.718
20.081909	0.073798	9.890967	0.078042	0.49513	0.073065	-11.200467	0.070923	19.8681	0.2367	183.0034574724386	1.9287907006980665	36.522118889621645	0.4155518558647734	159.45980417886528	1.3883139450587338	11.718
20.009315	0.071464	9.854121	0.072557	0.444519	0.073711	-11.236969	0.070238	19.8735	0.2363	183.64766164635924	1.841707460113447	36.46869513692064	0.4008644507380089	159.65239222817686	1.3915491495702568	11.718
19.974054	0.073539	9.811942	0.073704	0.432894	0.070984	-11.261301	0.073446	19.8735	0.2363	183.52264172812392	1.8802951628232305	36.58749867365059	0.3991784504174313	159.47891679343064	1.3929588202620329	11.718
19.948067	0.078018	9.787349	0.068143	0.405636	0.069065	-11.259081	0.068191	19.8627	0.237	183.54783022268722	1.8712484747736378	36.577103212765316	0.3782702939749765	159.8819411828721	1.3303099128742086	11.718
19.939563	0.080146	9.771146	0.069957	0.388141	0.071779	-11.288628	0.07073	19.8789	0.2358	183.40884324697308	1.918841466206219	36.57206662085394	0.39067088239070114	159.71693118521873	1.3783801229129184	11.718
19.900177	0.071746	9.739119	0.069054	0.378466	0.069463	-11.28526	0.072067	19.8735	0.2363	183.5416772672824	1.7987201010406173	36.65939379504043	0.38359266251037183	159.89553580415605	1.3721687710783874	11.718
19.870853	0.075603	9.71495	0.074035	0.335727	0.070973	-11.31123	0.071696	19.8681	0.2367	183.6348495399545	1.9133132939085764	36.586813651373895	0.4000647251337144	160.1257341477003	1.3869785716596372	11.718
19.882088	0.071479	9.72135	0.070913	0.337715	0.065409	-11.320848	0.06677	19.8681	0.2367	183.54744502375328	1.8188468121650405	36.569612983606625	0.37597078936324296	159.96633493385636	1.2824924952473191	11.718
19.781882	0.077585	9.627834	0.070642	0.281298	0.071326	-11.349766	0.068177	19.8681	0.2367	183.66838934974422	1.8979412280170198	36.714763818951866	0.394339373876884	160.34454834951282	1.3602330549704371	11.718
19.786326	0.073041	9.640063	0.072355	0.281312	0.07168	-11.344344	0.073216	19.8735	0.2363	183.8093099241831	1.8625289342912654	36.66684502407016	0.3990368481806755	160.41912631433888	1.4138576247522892	11.718
19.757483	0.078194	9.616127	0.079424	0.246387	0.076438	-11.366861	0.075047	19.8681	0.2367	183.89824807470754	2.0210966560176367	36.62384374136926	0.4308657306357509	160.5905267239703	1.4812897560091427	11.718
19.733786	0.0732	9.597693	0.069036	0.23276	0.071225	-11.385054	0.06852	19.8681	0.2367	183.99372587691315	1.8264760792187869	36.64264247594334	0.38811218422054533	160.5274074901584	1.365605834883628	11.718
19.723342	0.07621	9.565424	0.078775	0.221112	0.075629	-11.383248	0.074713	19.8735	0.2363	183.59841288137085	1.9810706419414035	36.72350623677651	0.4291720303769741	160.71352740072493	1.472330263859613	11.718
19.674867	0.073945	9.537123	0.074631	0.201689	0.069347	-11.40169	0.072594	19.8681	0.2367	183.96376730081897	1.9064637568164928	36.75842843444832	0.40114035849072455	160.72712388190988	1.3906310038694698	11.718
19.647439	0.070857	9.508825	0.069855	0.168676	0.069828	-11.42013	0.071358	19.8789	0.2358	183.94799233575787	1.805267462174263	36.73987052805298	0.3885171410797804	160.92923581184624	1.3864243739565936	11.718
19.628893	0.072501	9.476714	0.06864	0.141517	0.074308	-11.436972	0.067319	19.8735	0.2363	183.7022081727266	1.806575803904304	36.75935872322631	0.39833566602610093	161.07263274461206	1.3948542785164628	11.718
19.596799	0.077615	9.454258	0.071239	0.116251	0.072776	-11.457006	0.070929	19.8681	0.2367	183.87677914815035	1.9099596314811373	36.74829938920621	0.4007750470519782	161.14544118446605	1.4149918303392228	11.718
19.544144	0.075599	9.419918	0.076321	0.114306	0.075232	-11.466203	0.071452	19.8573	0.2372	184.20940016339466	1.9545741508108032	36.876230208885744	0.42468006106849016	161.04453143099494	1.4428855552899622	11.718
19.546401	0.071071	9.409902	0.065475	0.100727	0.066344	-11.462591	0.067879	19.8681	0.2367	183.98636588984724	1.7539970568931718	36.862115011820926	0.3690986201053752	161.2839488411021	1.3238776942073394	11.718
19.518834	0.074509	9.385582	0.069562	0.077424	0.068328	-11.49018	0.06664	19.8735	0.2363	184.0453319751012	1.8513725024515733	36.866142874893335	0.3861907659760741	161.22418539206376	1.3302674478606829	11.718
19.497731	0.076792	9.349235	0.071373	0.025026	0.070936	-11.503071	0.069184	19.8681	0.2367	183.76886071617915	1.8984117828253575	36.80267878394103	0.39718137489156347	161.77672473534716	1.3905271748039594	11.718
19.460658	0.070098	9.335476	0.072445	0.032825	0.067785	-11.490559	0.062054	19.8789	0.2358	184.14485851412857	1.8333573912639938	36.87852285006476	0.39330953219123754	161.80144567018579	1.2903744004722963	11.715
19.467042	0.077718	9.355684	0.080624	0.042532	0.072439	-11.505381	0.072122	19.8789	0.2358	184.44384538591154	2.042721397097977	36.84637160996802	0.42881830677036914	161.49910979667084	1.4295625061721764	11.718
19.430922	0.080272	9.333315	0.083188	0.021168	0.076978	-11.525492	0.073426	19.8681	0.2367	184.6950086519276	2.114475392932065	36.85034955893986	0.44851147852963114	161.5166408802862	1.488083575051833	11.718
19.407802	0.071535	9.288944	0.067937	-0.004056	0.068103	-11.521797	0.064919	19.8789	0.2358	184.25994094125343	1.7964571684541257	36.916824559105045	0.38213652650055635	161.88070941429078	1.3223923900219356	11.715
19.375742	0.080862	9.268527	0.077931	-0.029301	0.078867	-11.551057	0.074494	19.8735	0.2363	184.51943053541027	2.0502296463113683	36.90710058688526	0.44011114344406854	161.86575432987755	1.5240973733509624	11.718
19.348349	0.075557	9.256393	0.07286	-0.044823	0.074904	-11.552861	0.068512	19.8789	0.2358	184.75111143150554	1.9215571782588696	36.884212170570265	0.41437856757801894	162.0172052043004	1.42913541674908	11.715
19.310379	0.078214	9.222046	0.078201	-0.062287	0.075145	-11.578634	0.078722	19.8735	0.2363	184.86480323362457	2.0267450272549814	36.96074558403272	0.4317522540770255	161.94178202621228	1.5303595421757832	11.718
19.306862	0.076881	9.196159	0.080064	-0.079713	0.074283	-11.580862	0.068614	19.8735	0.2363	184.4085418249927	2.0245195834733303	36.984992899225055	0.43547052763767	162.11424897475888	1.4253715936253333	11.715
19.29479	0.076752	9.192375	0.071681	-0.083568	0.070182	-11.573771	0.067766	19.8789	0.2358	184.60711072784102	1.9190805638838844	36.994175814521604	0.40008713150918535	162.31024551808773	1.3781140269765322	11.718
19.260799	0.069985	9.182119	0.073923	-0.10104	0.072067	-11.595721	0.067155	19.8573	0.2372	185.04183806382989	1.8689557176530405	36.965423819283544	0.41109528065651213	162.24700654041982	1.3904018467759873	11.718
19.245945	0.075703	9.151813	0.066248	-0.122378	0.067774	-11.603023	0.066452	19.8681	0.2367	184.7112956988225	1.8408171267591065	36.991693636753496	0.3780238941501025	162.40378452005737	1.3426799877285491	11.715
19.216541	0.071337	9.141735	0.070225	-0.071954	0.078583	-11.601176	0.077491	19.8735	0.2363	185.11300684992065	1.8392610805163099	37.24413284767912	0.4260091931170195	161.76092781097236	1.5484622436376978	11.718
19.196732	0.074016	9.119143	0.073671	-0.151501	0.068306	-11.619132	0.06743	19.8789	0.2358	185.0618886884797	1.9177382956883693	37.015319735957284	0.401128366825049	162.62972165120627	1.3611746048682138	11.718
19.176264	0.072936	9.081104	0.075583	-0.172806	0.071274	-11.615737	0.070297	19.8789	0.2358	184.6924762441906	1.9216425742587155	37.07276371473027	0.41619638594207503	162.9390458178308	1.4254704006524654	11.715
19.155872	0.074247	9.0834	0.073943	-0.170843	0.071194	-11.636388	0.071418	19.8789	0.2358	185.10848533326813	1.9257348601119562	37.07143128358269	0.4111876474163445	162.61766349017304	1.430256378161863	11.715
19.150102	0.071591	9.075585	0.072163	-0.166944	0.071355	-11.636687	0.064696	19.8735	0.2363	185.1183169782534	1.8678169032249023	37.12791859632176	0.40767002340892683	162.599785617013	1.365444132899738	11.718
19.127083	0.075531	9.053456	0.071082	-0.182452	0.077971	-11.638576	0.070265	19.8789	0.2358	185.08728571084512	1.9056763507142722	37.14502344730074	0.42433747574370195	162.751398466884	1.4911188527097259	11.715
19.103613	0.072195	9.039179	0.069108	-0.197976	0.071002	-11.658673	0.067131	19.8789	0.2358	185.25632193076117	1.839603862355712	37.140011101921225	0.39837959391411815	162.68646210462148	1.3870469345655498	11.715
19.071751	0.078881	8.996701	0.074352	-0.244512	0.071185	-11.675075	0.07474	19.8681	0.2367	185.10851728279192	1.9916208360785987	37.13320904550957	0.41361459556893054	163.1571073627833	1.4732651108548387	11.718
19.044092	0.075069	8.972358	0.076285	-0.263906	0.073714	-11.704397	0.07472	19.8789	0.2358	185.12206294971784	1.9671981581718279	37.14359273427899	0.4266044006048029	162.97379554044343	1.495202019550837	11.715
19.015688	0.070059	8.96878	0.072045	-0.281313	0.067328	-11.710491	0.064005	19.8735	0.2363	185.57951112774234	1.8562282950601274	37.088060576180446	0.39536682410831275	163.13510831633047	1.3259605871844362	11.715
19.008793	0.073728	8.952392	0.07107	-0.281334	0.073304	-11.700919	0.06922	19.8789	0.2358	185.40431375715096	1.8879794679834476	37.1538032118907	0.41082053791348305	163.272150784133	1.4414964061360531	11.715
19.004371	0.069382	8.936177	0.068917	-0.298782	0.072041	-11.713711	0.067608	19.8789	0.2358	185.18715438706795	1.7987266182847947	37.14883922385803	0.4010453830868725	163.3387407231161	1.413705809838361	11.715
18.993805	0.073605	8.934129	0.068047	-0.306535	0.071526	-11.71736	0.070186	19.8789	0.2358	185.3439592377929	1.8468782856412063	37.12590415310721	0.3966400660858444	163.39749537696295	1.4349651864977542	11.715
18.964133	0.073865	8.895734	0.068969	-0.331733	0.071955	-11.737491	0.068577	19.8735	0.2363	185.18338764569472	1.8587105587280568	37.17900107063039	0.4015881337299384	163.4700875843225	1.424624409189693	11.715
18.96518	0.068895	8.906283	0.072388	-0.308448	0.067333	-11.712251	0.066248	19.8789	0.2358	185.35831449115125	1.8414928000268511	37.23039058049687	0.3994336174766554	163.4980980125748	1.35427448556812	11.715
18.914161	0.07037	8.863694	0.069335	-0.351095	0.063382	-11.746933	0.069092	19.8735	0.2363	185.50759991692541	1.8234013452569773	37.2289154810257	0.37952694552585	163.60691951817455	1.3460908340556754	11.7146095
18.905995	0.068754	8.86581	0.070038	-0.333651	0.070059	-11.761826	0.067036	19.8789	0.2358	185.75132521117928	1.8157597131620178	37.30173722227364	0.40168002419705207	163.1912083039438	1.3846274974073232	11.718
18.88682	0.077057	8.833465	0.075593	-0.36272	0.073301	-11.761654	0.074329	19.8789	0.2358	185.5079793070032	1.9918396493089578	37.31502415215124	0.427257233780915	163.60983817890016	1.4983599699641037	11.718
18.870266	0.081181	8.845645	0.072327	-0.35109	0.070902	-11.745173	0.070186	19.8789	0.2358	186.0397190478305	2.0177818191609163	37.31279457506467	0.41092285747762664	163.67947681342022	1.4331637135953759	11.718
18.864123	0.07381	8.825584	0.075016	-0.358834	0.069395	-11.750796	0.067444	19.8789	0.2358	185.78177971987097	1.9476531278587108	37.36283169849933	0.41572225666789264	163.7099638734368	1.3906395791518746	11.718
18.858055	0.069426	8.811597	0.075813	-0.393696	0.067755	-11.761998	0.06924	19.8789	0.2358	185.58781280045093	1.8989965427675595	37.26856346017956	0.41165302587179564	164.00867432544666	1.3976142550708053	11.715
18.817768	0.067712	8.797304	0.069595	-0.393709	0.068986	-11.770967	0.065936	19.8789	0.2358	186.11689727536262	1.8035033458481355	37.336023742649004	0.39806676575668914	163.92154312923637	1.3749187199858197	11.718
18.78183	0.075215	8.771006	0.072573	-0.409213	0.074245	-11.774485	0.069862	19.8789	0.2358	186.24842711784194	1.9445412549426162	37.37035307888244	0.4226358805374644	164.05239616629345	1.471544203035338	11.715
18.762076	0.073093	8.756515	0.072741	-0.426668	0.071858	-11.788729	0.070984	19.8789	0.2358	186.3463830440223	1.9205485272753364	37.35829250683525	0.41596087271312615	164.09875972121702	1.458802837633204	11.715
18.804521	0.072247	8.788948	0.075954	-0.393729	0.073289	-11.752126	0.069578	19.8789	0.2358	186.1601203376982	1.9484195206676285	37.360349385485264	0.4294267349178071	164.15170085705802	1.4604675303248806	11.715
18.759537	0.074985	8.762348	0.070579	-0.407314	0.066768	-11.762638	0.06493	19.8897	0.2368	186.5024567308261	1.9210802029290792	37.41337492655714	0.3964106424113064	164.19612088265217	1.3466955335836697	11.715
18.749056	0.072679	8.740216	0.07411	-0.430553	0.069283	-11.78478	0.068218	19.8789	0.2358	186.28533024810767	1.9319477324665073	37.40886031206604	0.41383466483608716	164.2119857287183	1.406214941741717	11.715
18.740968	0.075519	8.738339	0.07803	-0.428609	0.071604	-11.773882	0.070835	19.8789	0.2358	186.40100760518584	2.023588499122232	37.424456186381946	0.43235926740300945	164.34158140121545	1.4589902608114484	11.715
18.73071	0.072782	8.728381	0.071066	-0.438285	0.075228	-11.785082	0.068214	19.8843	0.2364	186.40658914897065	1.8957367464946009	37.425607871677606	0.4225182537646857	164.31951141626078	1.4706130966925521	11.715
18.720084	0.068029	8.71423	0.072769	-0.455717	0.069375	-11.788686	0.068652	19.8843	0.2364	186.3409467848837	1.855157385120854	37.41221535055123	0.4101893688958159	164.52000088197838	1.4168755947251808	11.715
18.675635	0.070238	8.683855	0.069	-0.465409	0.068271	-11.805032	0.067207	19.8843	0.2364	186.6511809400156	1.839279636505065	37.506391291909104	0.39791287876641046	164.46558148626397	1.3894511589780272	11.718
18.750756	0.073902	8.730932	0.07431	-0.422759	0.072038	-11.769164	0.078394	19.895	0.2372	186.08112609122705	1.9463139044139264	37.47865486716652	0.42375395664663973	164.3251903205615	1.5419144445439994	11.715
18.671483	0.072254	8.702933	0.067592	-0.457608	0.070424	-11.787833	0.069237	19.8789	0.2358	187.038255996249	1.8564154631907288	37.450630556426894	0.39906352905434134	164.55985523305262	1.434371878088363	11.715
18.6706	0.075973	8.666321	0.076589	-0.482803	0.074856	-11.796541	0.073528	19.8789	0.2358	186.37027077454374	2.009678550669072	37.49736389040684	0.43892312560237845	164.7996593398291	1.528405461235034	11.715
18.664681	0.074321	8.686604	0.074874	-0.476985	0.070608	-11.793066	0.068551	19.8843	0.2364	186.85966083714817	1.975650945544378	37.43817327411908	0.42046548948552065	164.76553030411512	1.432893033176721	11.715
18.610029	0.074524	8.637295	0.068053	-0.500274	0.069664	-11.815712	0.068121	19.8897	0.2368	186.9597942282746	1.8919725067291862	37.54477732524727	0.40014742347197024	164.7749032928433	1.4188388066071058	11.715
18.610469	0.079148	8.635484	0.0762	-0.511879	0.072871	-11.810437	0.073233	19.895	0.2372	186.965472471148	2.059290788633988	37.51418569815965	0.43239882409615094	165.0633267679232	1.5093000046850906	11.718
18.601827	0.074441	8.616206	0.075323	-0.513771	0.070515	-11.818897	0.074769	19.8897	0.2368	186.7185042123303	1.9802155876807321	37.57599993956957	0.42465138521469414	164.92519893926652	1.4993424412055933	11.715
18.603	0.076793	8.620761	0.079986	-0.488573	0.071331	-11.797447	0.0685	19.8843	0.2364	186.78176418641118	2.0747583388666935	37.66115469143526	0.44308525051225434	164.87053491873718	1.4417901859727482	11.715
18.579224	0.072223	8.602328	0.071778	-0.538927	0.076104	-11.819156	0.074239	19.8897	0.2368	186.8818043320045	1.9073227359739517	37.52963887765871	0.42949214716794903	165.2892091981918	1.5578569122269545	11.715
18.594546	0.07368	8.634807	0.071036	-0.511809	0.071151	-11.812165	0.070246	19.895	0.2372	187.20370031272873	1.9237099659862884	37.5076475591861	0.41229075860652686	164.9948092534312	1.4598599304616278	11.715
18.552286	0.075368	8.588385	0.071079	-0.536985	0.07051	-11.810104	0.069004	19.8897	0.2368	187.1734325642872	1.9461043104326343	37.60460176569581	0.41258054656491105	165.43581025972662	1.4478170786309845	11.718
18.528663	0.072217	8.56198	0.073557	-0.54087	0.071235	-11.835588	0.071637	19.8897	0.2368	187.07327892922547	1.9348364256680202	37.68798283977927	0.42394717936135057	165.07717787344302	1.4765425090647442	11.715
18.530903	0.08021	8.576121	0.081691	-0.556352	0.076325	-11.839364	0.073233	19.9004	0.2374	187.29692178340684	2.154030260368515	37.56573267098179	0.4598757919922287	165.24844538149145	1.5491807301662248	11.715
18.556548	0.070861	8.584396	0.072038	-0.525368	0.07159	-11.835977	0.069151	19.8897	0.2368	186.9706871282027	1.894578119456039	37.65937733752671	0.41984751838458656	164.84524365066727	1.4506407038948899	11.715
18.524839	0.07929	8.550081	0.070677	-0.552476	0.073274	-11.81551	0.072738	19.8843	0.2364	186.921837962279	1.99045903979149	37.6891927823959	0.4215236444605102	165.5415578335556	1.5174928535134207	11.715
18.47999	0.077118	8.527571	0.075457	-0.57185	0.070508	-11.850042	0.070491	19.9058	0.2375	187.34140299131582	2.0309499983731176	37.70218119525902	0.4278939369499488	165.319065655942	1.4614551108280835	11.715
18.523402	0.072898	8.5544	0.072504	-0.538911	0.071325	-11.815899	0.070257	19.895	0.2372	187.02976299775943	1.9289255446341298	37.72751781264334	0.42197115326851714	165.33671772176277	1.4678551162221334	11.715
18.476094	0.071004	8.521672	0.070492	-0.581521	0.070775	-11.840992	0.068301	19.8897	0.2368	187.30371118147892	1.8826113422415096	37.686559503397156	0.4135423149708603	165.59394513180771	1.4465493220203502	11.715
18.468009	0.067878	8.523814	0.070006	-0.575709	0.070502	-11.84301	0.066209	19.8843	0.2364	187.4963226074531	1.83854951652326	37.701760903175504	0.4116557062778226	165.47886390340207	1.4204552694186536	11.715
18.464186	0.071482	8.511916	0.069819	-0.585379	0.069071	-11.832158	0.067207	19.8897	0.2368	187.34422129567727	1.8809550102902215	37.71099249656469	0.40711674867418535	165.78081820416878	1.4205473466448097	11.715
18.476821	0.074955	8.526021	0.070161	-0.573765	0.069659	-11.834046	0.072256	19.9058	0.2375	187.37188603981505	1.933229758538521	37.70067039902608	0.40961298743648555	165.58202491707118	1.4758796802030076	11.715
18.405204	0.07238	8.495671	0.073758	-0.589257	0.073507	-11.8467	0.066529	19.9004	0.2374	188.15215776045565	1.962111272138753	37.762328832178525	0.43283448201931496	165.62377789862788	1.4586316306552196	11.715
18.398273	0.069854	8.463217	0.069388	-0.610557	0.067302	-11.857377	0.068738	19.9058	0.2375	187.7168844913667	1.8603416514633238	37.818425629861196	0.40289371367084065	165.82266215027545	1.418371773155136	11.718
18.415381	0.072509	8.491519	0.065427	-0.604745	0.069264	-11.848371	0.073223	19.9004	0.2374	187.88051405629568	1.8489898595815393	37.715265244856184	0.39505232107878235	165.8273031009272	1.486542548534431	11.715
18.407443	0.074884	8.477646	0.070566	-0.610542	0.072267	-11.854165	0.06884	19.8897	0.2368	187.7682109750994	1.9456737518755791	37.74878064381691	0.41953684805031527	165.82734895192417	1.472015172920881	11.715
18.422314	0.069489	8.469704	0.072815	-0.620214	0.070223	-11.845071	0.070961	19.895	0.2372	187.33782300565235	1.894564736884174	37.741595470174886	0.4200201598702265	166.1045762039176	1.477333009410269	11.715
18.394738	0.071884	8.453462	0.074174	-0.620221	0.071135	-11.866991	0.069285	19.895	0.2372	187.55139244332014	1.9486951796825656	37.80912504485833	0.4282404902143871	165.7809450236966	1.463727233488483	11.715
18.410116	0.074261	8.479918	0.072355	-0.60279	0.074834	-11.852667	0.071932	19.9004	0.2374	187.76061831433177	1.9604151448921834	37.77155785011621	0.4328844856804556	165.7351580089016	1.5291963732628704	11.715
18.36926	0.072115	8.421146	0.071346	-0.655056	0.072347	-11.877841	0.070296	19.9112	0.2374	187.42247566064003	1.911204788044687	37.7986301751944	0.4231590755011412	166.1352543048536	1.493286468730583	11.715
18.369767	0.07369	8.447499	0.0755	-0.626024	0.071582	-11.859699	0.073875	19.9112	0.2374	187.9106800526967	1.9980076137175966	37.80979721677155	0.43353626918278854	165.97418453236247	1.51981304866967	11.715
18.331591	0.074604	8.40909	0.07275	-0.655056	0.068664	-11.86124	0.065094	19.9112	0.2374	187.90626734906334	1.9733438232051383	37.8489064497162	0.41771939727183427	166.3813658118695	1.4047740842865477	11.715
18.324448	0.076425	8.406691	0.072929	-0.66281	0.074597	-11.892074	0.067737	19.9004	0.2374	187.99616613373152	2.002436106213267	37.82656071642944	0.435108302935887	166.03938182373716	1.4899068934650006	11.715
18.329932	0.074969	8.433398	0.080392	-0.63957	0.069844	-11.86519	0.067523	19.9004	0.2374	188.39932311814752	2.092600090349172	37.81210437116987	0.44381988012550333	166.09329399559667	1.4373754807426156	11.715
18.315861	0.078745	8.409544	0.075982	-0.649235	0.07771	-11.867382	0.074318	19.922	0.237	188.21326289117695	2.0790168025694578	37.87133199146668	0.45436432741344	166.2039364941445	1.5930749248733058	11.715
18.309295	0.078801	8.387312	0.076892	-0.660849	0.073262	-11.887498	0.072152	19.9166	0.2373	187.91608241169868	2.085219564500171	37.91577484812229	0.44504833543598626	166.0780669795078	1.5211271687221868	11.715
18.328489	0.074999	8.407567	0.070914	-0.660843	0.071576	-11.884026	0.07329	19.9058	0.2375	187.93619060396503	1.9552745674572118	37.831110378530866	0.4203325707000381	166.12935130717796	1.5163883788014318	11.715
18.287723	0.08137	8.372957	0.074593	-0.674402	0.073177	-11.885262	0.069834	19.922	0.237	188.0528640289587	2.093694795195045	37.91913346606587	0.43795250571393957	166.3119694281623	1.5005718691382768	11.715
18.29198	0.075577	8.37098	0.073697	-0.686009	0.07366	-11.888994	0.072074	19.9166	0.2373	187.93471344541334	1.9996673260786664	37.87881637556954	0.4357822001128649	166.42886447753438	1.530973303659713	11.715
18.289671	0.070726	8.362848	0.074773	-0.682143	0.072175	-11.898086	0.070846	19.9274	0.2366	187.82444367571875	1.9473990726785206	37.92906448272085	0.4357940050909775	166.23660027154028	1.4989834418104528	11.715
18.273006	0.070883	8.354844	0.07459	-0.687946	0.07157	-11.887063	0.067109	19.9166	0.2373	187.9884749655775	1.9503359292798592	37.93829576051388	0.43369312712033514	166.48634727575035	1.4585303450760723	11.715
18.262618	0.078639	8.360903	0.07582	-0.68601	0.074131	-11.903705	0.069911	19.9166	0.2373	188.30073296166822	2.0773633020115847	37.9210044139364	0.4444695580554446	166.2106227143547	1.5097915193327685	11.715
18.277838	0.075187	8.359152	0.075519	-0.684067	0.076305	-11.900365	0.07679	19.9112	0.2374	187.97854767333314	2.019631535729737	37.936495484545766	0.45036541595308693	166.23132486616933	1.604388821386671	11.715
18.262546	0.076015	8.358862	0.06946	-0.705356	0.070947	-11.914727	0.068539	19.9274	0.2366	188.26329060872513	1.9574110633893138	37.84860937963525	0.41458971806217526	166.33404880633987	1.4637970257273465	11.715
18.269973	0.069398	8.357369	0.070096	-0.693732	0.068661	-11.895137	0.070473	19.9166	0.2373	188.09388069867907	1.8716782420891438	37.9034581228889	0.410902817306103	166.45235576338294	1.4620774996811654	11.715
18.251503	0.078838	8.353512	0.068904	-0.7034	0.068149	-11.897199	0.06821	19.922	0.237	188.37156935925498	1.9926708296037692	37.87913974367861	0.40532280619558547	166.56545210267828	1.4347537281324612	11.715
18.236141	0.072492	8.333101	0.066552	-0.697607	0.068861	-11.900452	0.068665	19.9112	0.2374	188.2755286043737	1.8709306975341953	37.98905313663979	0.4028500405010712	166.4309419798677	1.4446888325843634	11.715
18.214578	0.076656	8.32076	0.073261	-0.720828	0.075792	-11.909282	0.074206	19.922	0.237	188.45101280094383	2.0196853251630222	37.94333799908814	0.4423632344907798	166.64502931429385	1.5798451493001326	11.715
18.21465	0.078241	8.310749	0.074924	-0.709221	0.075941	-11.909325	0.075086	19.922	0.237	188.2591632513861	2.059183695813546	38.03427487727802	0.44983469014360433	166.47168347049387	1.5873185315527165	11.715
18.204264	0.073613	8.306764	0.078842	-0.722761	0.071568	-11.914902	0.074782	19.922	0.237	188.38091845394214	2.053031254534669	37.99403026714445	0.44804320652502566	166.59012580938247	1.5407043557166482	11.715
18.1809	0.072203	8.282503	0.077784	-0.738239	0.070852	-11.923904	0.06813	19.9112	0.2374	188.36384352768385	2.01963547685217	38.031021396233655	0.4435864647146435	166.6865644294433	1.4647633665528441	11.715
18.192216	0.069994	8.308997	0.076125	-0.742096	0.071913	-11.915207	0.075862	19.9274	0.2366	188.6531132140126	1.9739738279505747	37.90349080358147	0.43854409605758504	166.87387212676015	1.5611867580174663	11.715
18.183135	0.076959	8.280559	0.07591	-0.747907	0.074744	-11.92768	0.07567	19.922	0.237	188.2843551405727	2.055330685834583	37.99848420214459	0.44836398872194855	166.77443044317326	1.5866321111207238	11.715
18.153287	0.071641	8.270262	0.071256	-0.761452	0.070851	-11.929175	0.06958	19.9166	0.2373	188.65684611022257	1.9288176425948107	37.98481939405644	0.42261308764802613	166.95436985040016	1.4845609783967078	11.715
18.185656	0.090057	8.298826	0.077113	-0.730495	0.076868	-11.929786	0.074578	19.9328	0.2361	188.58422844242938	2.2614638171990533	37.994887341432694	0.4581646086004617	166.4837720631284	1.5921040156414794	11.715
18.156521	0.078327	8.286839	0.073481	-0.736296	0.071126	-11.929873	0.074733	19.9274	0.2366	188.9118862718803	2.055683120199482	38.020934564705136	0.43091983666071054	166.56875057590713	1.5352365690254484	11.715
18.166333	0.069907	8.294585	0.071047	-0.732435	0.072339	-11.922104	0.067402	19.9274	0.2366	188.8723359045815	1.9070043688046274	38.00456934117239	0.4268742690137414	166.62693672376506	1.4723299998529003	11.715
18.162366	0.068904	8.266565	0.070021	-0.755642	0.072504	-11.925923	0.068594	19.922	0.237	188.41327255325038	1.870426059234704	38.02484640932424	0.42481196811915894	166.91613642723206	1.4914361296495056	11.715
18.175342	0.068905	8.272781	0.069718	-0.751769	0.067183	-11.916964	0.069225	19.9328	0.2361	188.28464273934307	1.8637847617210574	38.01497410982607	0.407844745239798	166.99217237004206	1.4427907987994333	11.715
18.120332	0.071588	8.248397	0.074495	-0.776917	0.074813	-11.942388	0.06899	19.9274	0.2366	188.86875965984152	1.9766538219992367	38.01175675421943	0.4446573297833043	166.98804137834628	1.522003785392011	11.715
18.115865	0.071559	8.236222	0.072058	-0.761449	0.070114	-11.945901	0.067122	19.9274	0.2366	188.721405401318	1.9398754766753146	38.12853564451235	0.4260488014917193	166.7046511163108	1.4467348765347539	11.715
18.147799	0.080102	8.272622	0.075282	-0.7363	0.078033	-11.909369	0.073012	19.9328	0.2361	188.80674415634857	2.1017026465957818	38.080920197819395	0.45832430562023213	166.8744909696309	1.5960523565340141	11.715
18.13302	0.073656	8.242436	0.076521	-0.76918	0.079533	-11.935099	0.075365	19.9274	0.2366	188.5126593479537	2.02435985290329	38.0695326788029	0.4662467647179493	166.98133774382532	1.6385586841871553	11.715
18.105697	0.07964	8.232333	0.072489	-0.776917	0.071562	-11.951608	0.071829	19.9274	0.2366	188.84143510085988	2.0597208442694206	38.07953156712564	0.4305393495988879	166.8502696243355	1.513907840101195	11.715
18.114416	0.071309	8.238516	0.063169	-0.794317	0.064822	-11.951826	0.070387	19.9328	0.2361	188.79293005006502	1.8211310781928718	37.980114379436614	0.3805686020516925	167.10720460829296	1.4331295017571015	11.715
18.129409	0.078775	8.238675	0.075006	-0.77691	0.071564	-11.939137	0.072451	19.9112	0.2374	188.50978612579584	2.0731255315221375	38.052778237809505	0.4375659006856936	167.0365695880171	1.5239207567983035	11.715
18.038805	0.068648	8.198202	0.076467	-0.817523	0.06905	-11.960827	0.067102	19.9328	0.2361	189.47011264058753	1.978538747840701	38.0521833893361	0.4348520500499002	167.32023277665874	1.4457340019831424	11.715
18.076927	0.066708	8.208462	0.070476	-0.784647	0.072247	-11.939006	0.069967	19.9328	0.2361	188.93516043442696	1.8578623286403404	38.14787952325984	0.4281278215828558	167.15440039045617	1.5071477782655525	11.715
18.099924	0.070148	8.222516	0.074011	-0.780779	0.074812	-11.935318	0.070305	19.9328	0.2361	188.7641221484635	1.9487720318269657	38.104716803124376	0.44538740163975254	167.15171016563787	1.5384040878449423	11.715
18.065693	0.073989	8.198076	0.071464	-0.811725	0.071205	-11.95512	0.070225	19.9274	0.2366	188.95139686709143	1.969757262153316	38.07720506977621	0.4263494506473707	167.3188564756118	1.5016346142523402	11.715
18.056977	0.074906	8.205948	0.071578	-0.813662	0.074114	-11.956746	0.066538	19.9382	0.2366	189.2695767800902	1.9906028139273566	38.03579714092578	0.434500073744939	167.32353113909642	1.4955808632636234	11.715
18.059209	0.070831	8.208019	0.073392	-0.809794	0.063765	-11.949458	0.063988	19.9382	0.2366	189.26647551334509	1.9596243882969806	38.04337759285523	0.41015351148878426	167.37489637986627	1.357292237242508	11.715
18.065693	0.077169	8.198076	0.076408	-0.802058	0.067823	-11.942213	0.066815	19.9328	0.2361	188.95139686709143	2.079489371893426	38.11810623324375	0.43270927648644725	167.36751164170863	1.4303581260050537	11.715
18.053081	0.074343	8.171947	0.072467	-0.834926	0.074806	-11.975358	0.070142	19.9274	0.2366	188.6929412508148	1.982559612857971	38.08957946571789	0.44044946742396646	167.3633709093038	1.5405711751714488	11.715
18.04125	0.069857	8.202375	0.070041	-0.807853	0.070481	-11.948138	0.070641	19.9328	0.2361	189.5033949330715	1.9053213202190558	38.07539960463919	0.41989561884284055	167.3655587340958	1.4991751264334061	11.715
18.04543	0.071405	8.186315	0.066433	-0.807853	0.072245	-11.949982	0.068915	19.9328	0.2361	189.11433911313807	1.8707872272573072	38.14339009408768	0.4162290505137636	167.33786110624206	1.4994855809163516	11.715
18.041179	0.075497	8.172231	0.079626	-0.823321	0.076284	-11.962846	0.07115	19.9328	0.2361	188.92592458860545	2.1005673621616876	38.13751753792628	0.4675031290312645	167.37699884001663	1.5673865423286995	11.715
18.015532	0.073373	8.161942	0.074985	-0.834926	0.07356	-11.975402	0.07246	19.9274	0.2366	189.2204068933064	2.0146268271641343	38.13193910802733	0.4452067129832629	167.36270511715978	1.5511920976886016	11.715
18.04125	0.067346	8.172262	0.072354	-0.823321	0.065442	-11.927854	0.077683	19.9274	0.2366	188.92516881726345	1.8922503572081326	38.13738631466796	0.41360988039224084	167.9044119774776	1.5358447393153705	11.715
18.024742	0.073593	8.178379	0.081241	-0.811718	0.073241	-11.951957	0.069903	19.9274	0.2366	189.35927702155203	2.1080936367483414	38.16065849009961	0.46429584669432095	167.3662545392104	1.5210684386334306	11.715
18.022581	0.069592	8.164296	0.067034	-0.825253	0.067609	-11.968508	0.063941	19.9382	0.2366	189.13026837455678	1.8537549891619751	38.162985815685474	0.4041815463080343	167.32095846852243	1.397280860357595	11.715
17.999096	0.06989	8.156046	0.073131	-0.829124	0.068649	-11.964514	0.069691	19.9328	0.2361	189.42300925508425	1.9467043949064187	38.181583944245546	0.42623052333917477	167.4391324894318	1.4709519480023265	11.715
17.975474	0.074699	8.141714	0.075763	-0.852327	0.072494	-11.977026	0.069823	19.9328	0.2361	189.6019575907158	2.0513783391837697	38.14392625830162	0.44471033484562755	167.60005302487912	1.5163630323697146	11.715
18.009758	0.070121	8.146105	0.07001	-0.834922	0.069728	-11.973865	0.06582	19.9328	0.2361	189.02734047934945	1.8989190710629935	38.199198313659835	0.4202706465838672	167.3857456094317	1.4409020306918139	11.715
17.97296	0.075149	8.139518	0.073059	-0.858129	0.071897	-11.991512	0.067509	19.9328	0.2361	189.60809680135415	2.0209255876079544	38.12863706734419	0.43436732581798	167.46933437268396	1.4835016796123521	11.715
17.967469	0.078097	8.127821	0.07775	-0.860057	0.080339	-11.982776	0.07491	19.9328	0.2361	189.48850307833496	2.122204825794824	38.17007731001087	0.4748012330808368	167.62989315228748	1.6554644663923654	11.715
17.982521	0.073879	8.128009	0.07415	-0.834923	0.068137	-11.966446	0.071901	19.9328	0.2361	189.25115806087365	2.010194601399032	38.28611815911917	0.4301582462590753	167.54020311455585	1.4909023414647375	11.718
17.967894	0.080394	8.121989	0.073214	-0.858122	0.071552	-11.995944	0.068531	19.9382	0.2366	189.36808288085712	2.091338317201836	38.20309789621511	0.4355095076818902	167.40257378372308	1.4891337126280415	11.715
17.973809	0.07421	8.12986	0.070822	-0.863923	0.06963	-11.999412	0.067022	19.9382	0.2366	189.40571527856582	1.9737449055305785	38.14502015943037	0.4212336580238112	167.4376585690488	1.4531907534909045	11.715
17.980926	0.075938	8.130236	0.074746	-0.840719	0.06885	-11.964908	0.069137	19.9382	0.2366	189.27609408503466	2.0473634904403877	38.242084858770404	0.4332070832756578	167.60773699919568	1.4701118615154936	11.715
17.976676	0.072019	8.106121	0.06899	-0.883249	0.070196	-11.998051	0.066734	19.9274	0.2366	188.89516506897743	1.9085842608044006	38.16374489681878	0.4178471072177426	167.7492950409782	1.4617813466222251	11.715
17.93397	0.071972	8.105715	0.074435	-0.848459	0.071466	-11.990107	0.0698	19.9328	0.2361	189.70815334627565	1.9985643813708776	38.31375689870624	0.44153078367572457	167.34510306343913	1.5004295055518324	11.715
17.941903	0.068767	8.085461	0.069596	-0.883256	0.07038	-11.988	0.070335	19.9382	0.2366	189.16562995715577	1.877740230477328	38.25163155169753	0.4221502697902407	167.90122397694287	1.5044309543064767	11.715
17.938078	0.066405	8.105683	0.068492	-0.890985	0.068233	-11.997437	0.067229	19.9328	0.2361	189.628293854527	1.839848782469522	38.132784516123955	0.4097795184033606	167.8754183027665	1.4478589227880558	11.715
17.933899	0.073547	8.08963	0.072122	-0.883254	0.069435	-11.997437	0.069018	19.9328	0.2361	189.3995426814545	1.9818298307402766	38.233865703880355	0.42658807804554266	167.7586382116578	1.4777271153297844	11.715
17.936412	0.077614	8.09985	0.077999	-0.877453	0.073556	-12.006917	0.071675	19.9328	0.2361	189.54796171950002	2.12035980705262	38.21504162484234	0.4563846031707632	167.52829411035748	1.5459530388095308	11.715
17.931881	0.077047	8.083641	0.075795	-0.887119	0.07315	-11.995637	0.070886	19.9436	0.2371	189.32319108661457	2.0777236637028147	38.242915092383136	0.44905649537238246	167.84419030358083	1.5390805120814246	11.715
17.940379	0.073843	8.09173	0.080342	-0.875521	0.07649	-11.995725	0.071915	19.9328	0.2361	189.31532919322316	2.097592042318982	38.25788123957917	0.4732729569158551	167.66780722574507	1.5829863183659458	11.715
17.919417	0.075612	8.083672	0.070132	-0.898716	0.069817	-12.003055	0.070631	19.9328	0.2361	189.5637051943128	1.9875994183392875	38.19340930929356	0.4207780022916019	167.90735467161184	1.5017103957786404	11.715
17.925613	0.073379	8.099694	0.067102	-0.875522	0.075027	-11.986419	0.076356	19.9274	0.2366	189.75325917861824	1.920222489202662	38.22392905956635	0.42867990356956476	167.80824012264262	1.6167588902193395	11.715
17.900827	0.073207	8.075739	0.073879	-0.889051	0.072905	-12.006873	0.070176	19.9328	0.2361	189.76931164113742	2.0088741888258124	38.26838295376547	0.4430723110140983	167.70371807160265	1.5264014665903085	11.715
17.901461	0.080551	8.067993	0.081063	-0.889048	0.079003	-11.998051	0.07721	19.9436	0.2383	189.60759261254938	2.2035112018198983	38.30148994924023	0.48402930290535934	167.8368601220277	1.6689466204509094	11.715
17.895828	0.073598	8.078307	0.072005	-0.887112	0.069242	-11.992915	0.06919	19.9328	0.2361	189.91557251016792	1.9917723896071722	38.26570010321344	0.4263694405339641	167.8852222723402	1.4797335882693892	11.715
17.880502	0.07575	8.05793	0.073815	-0.919973	0.078207	-12.025659	0.072382	19.9328	0.2361	189.81791477091235	2.043908264233889	38.212490395660915	0.457722919297087	167.88699555847975	1.6109279499777485	11.715
17.873743	0.075746	8.065738	0.073605	-0.919975	0.073228	-12.017978	0.068442	19.949	0.2374	190.09983248201073	2.0471046205786507	38.179278949574105	0.44114947519766373	168.00321421344924	1.5173399154489793	11.715
17.865388	0.074229	8.033636	0.074553	-0.921907	0.071978	-12.040097	0.072201	19.9328	0.2361	189.6406777429998	2.0292482352458707	38.30789535132493	0.4432773254599689	167.6981827854911	1.5377307808728755	11.715
17.874235	0.069241	8.05191	0.068822	-0.919973	0.066382	-12.021972	0.066712	19.9328	0.2361	189.82268798228603	1.8866776751895158	38.23812759569403	0.407527383263822	167.9427467147955	1.423655765362928	11.715
17.866162	0.0715	8.031971	0.068873	-0.927703	0.072901	-12.016618	0.06955	19.9328	0.2361	189.5936508509699	1.913946042341789	38.29023572379277	0.4286001937300881	168.14090975005644	1.5277579794144491	11.715
17.858982	0.075559	8.033574	0.072588	-0.919975	0.072901	-12.032636	0.071775	19.9382	0.2366	189.76313022657334	2.023607854896542	38.31642744480616	0.44025828084455315	167.78161324423385	1.5446247456136957	11.715
17.86574	0.072323	8.031785	0.072396	-0.937367	0.070003	-12.029257	0.069269	19.9436	0.2371	189.59819876607975	1.9729533770431311	38.2497730014481	0.4294681345923062	168.09579851989287	1.4924728320648881	11.715
17.864143	0.074082	8.046046	0.071081	-0.921905	0.073947	-12.020349	0.078153	19.9382	0.2366	189.90443359749986	1.98583801641695	38.25489464181342	0.4375387706105328	167.99654565543827	1.6286101309960281	11.715
17.847645	0.073125	8.032095	0.07579	-0.919972	0.071547	-12.026011	0.07184	19.9382	0.2366	189.9537090335263	2.0381048063662828	38.32277551385951	0.4461798877203619	167.88165270590102	1.5326332171815054	11.715
17.881416	0.064597	8.064353	0.065994	-0.919971	0.069721	-12.004108	0.065077	19.9382	0.2379	189.92443844227256	1.7865749610546215	38.18517976575166	0.40802187385580957	168.21337107923023	1.4473850852173469	11.715
17.836851	0.066685	8.01589	0.066967	-0.947029	0.063892	-12.038694	0.071492	19.9436	0.2371	189.8490516849133	1.8269077957152975	38.276372308497685	0.39526618727198426	168.09921651002384	1.4531372733305497	11.715
17.866794	0.072358	8.042281	0.07764	-0.931567	0.071545	-12.033604	0.069249	19.9382	0.2366	189.78041967030055	2.0501223849906762	38.22975460464101	0.449777024124192	167.9421682008794	1.5062066422601488	11.715
17.866372	0.06845	8.01802	0.070995	-0.935433	0.067707	-12.035183	0.070727	19.9436	0.2371	189.32101932918832	1.8958118160283939	38.316839575701245	0.4198455751380463	167.97676985810327	1.4817217655769699	11.715
17.847715	0.072426	8.010057	0.071006	-0.954759	0.070096	-12.037115	0.070629	19.949	0.2374	189.52683278136996	1.9540367185508785	38.26827566532537	0.42591765172125695	168.24041012284536	1.5106266755553754	11.715
17.84166	0.066219	8.026199	0.067345	-0.925769	0.064812	-12.024343	0.069648	19.9382	0.2366	189.95544787519495	1.827820297469275	38.32319355306945	0.400129657464884	167.99457042327708	1.4400859487530528	11.715
17.849803	0.073226	8.020088	0.075791	-0.937366	0.074871	-12.027898	0.070962	19.9328	0.2361	189.67996863564824	2.0336008003374184	38.29972735629703	0.4555212293825215	168.1163809407107	1.5637014112768848	11.715
17.841239	0.07147	8.034039	0.073343	-0.929636	0.068841	-12.042513	0.06812	19.9382	0.2366	190.1154468928141	1.9851819686357983	38.27314646762565	0.42949781135979126	167.7783514722698	1.4621665722096906	11.715
17.820354	0.07995	7.997928	0.07468	-0.958624	0.067274	-12.048042	0.06965	19.9436	0.2371	189.82072978414436	2.1142395224558452	38.30358494811247	0.42985513452243074	168.1332654888023	1.4681709657844384	11.715
17.811511	0.069691	7.985677	0.070556	-0.968286	0.06781	-12.049577	0.067597	19.9382	0.2366	189.7548988311923	1.9151919101536194	38.314661801868354	0.418744027303037	168.2565778269419	1.4538091986320267	11.715
17.843678	0.071198	8.022156	0.070996	-0.950893	0.067706	-12.024299	0.070728	19.9382	0.2366	189.83820664207886	1.9434469902518265	38.2331597398162	0.41801233933637194	168.37639587831237	1.4887829136721893	11.715
17.807825	0.078357	8.005952	0.073787	-0.968285	0.074098	-12.046199	0.0714	19.949	0.2374	190.21877271033455	2.0887244094293607	38.22809777106359	0.44544793202630373	168.30788178642993	1.563371474422139	11.715
17.797174	0.075591	7.9858	0.069771	-0.962489	0.066379	-12.046067	0.067188	19.9328	0.2361	190.03456329133317	1.9924336660336008	38.33895630749866	0.4126059664245227	168.22186000938805	1.4334887813135022	11.715
17.76947	0.06927	7.973519	0.071709	-0.97215	0.066942	-12.060459	0.072347	19.9328	0.2361	190.3337438979621	1.9371974432768928	38.35018237671208	0.4205519941936117	168.15009088201103	1.4947289152497538	11.715
17.794526	0.067369	7.97753	0.068938	-0.952827	0.072649	-12.029126	0.067483	19.9328	0.2361	189.92574519581086	1.8648158043104812	38.41593544500204	0.4308243989906148	168.3324238621122	1.506928489792279	11.715
17.796474	0.072054	7.96744	0.072759	-0.989539	0.074787	-12.058528	0.07061	19.949	0.2374	189.69313374676216	1.9762336592635004	38.30175468346319	0.4461817545244574	168.44358957989144	1.5651932265280784	11.715
17.771838	0.07189	7.961607	0.071322	-0.97215	0.070187	-12.042204	0.070458	19.9544	0.2376	190.0567137036015	1.96187770256587	38.40131450553313	0.430126041339566	168.42737495601003	1.5131139906196782	11.715
17.820635	0.071384	8.004069	0.07123	-0.945096	0.067166	-12.031629	0.063937	19.9382	0.2366	189.9340659353266	1.951153027331889	38.335198444477896	0.4193827334053866	168.17702881665377	1.4066984079928695	11.715
17.750122	0.075201	7.945195	0.072577	-0.985675	0.071185	-12.067478	0.073643	19.9544	0.2376	190.15951168483338	2.0269224988069725	38.4137305598236	0.437264082759271	168.24880696171797	1.5550387981047336	11.715
17.809563	0.073777	7.993762	0.06616	-0.974082	0.068936	-12.033076	0.066726	19.9436	0.2371	189.94885883193842	1.9176553952738296	38.255351605633905	0.40758933037702005	168.59582394616788	1.4626172886454096	11.715
17.784365	0.067952	7.975647	0.067943	-0.952827	0.068229	-12.038518	0.069082	19.9382	0.2366	190.0860200401408	1.8621906641082506	38.424037600869134	0.4143786144184332	168.18980069552524	1.4731054778572092	11.715
17.796894	0.069355	7.971636	0.072694	-0.970218	0.068124	-12.049577	0.067597	19.9436	0.2371	189.76603104172557	1.9405238389455775	38.36654457555662	0.42746118278262335	168.2859222727785	1.4576992231594792	11.715
17.775874	0.076116	7.953523	0.080547	-0.985675	0.075974	-12.042116	0.073219	19.9544	0.2376	189.82220258146387	2.141682465775397	38.37793910199884	0.4753632278942878	168.63475260121842	1.6093142862862022	11.715
17.75075	0.074046	7.931433	0.074094	-1.00886	0.069711	-12.05866	0.071309	19.9598	0.2377	189.8808216101882	2.0256190184640577	38.373246137848376	0.436656484982583	168.73609176112697	1.5228213565492978	11.715
17.762508	0.077554	7.953156	0.071706	-0.989539	0.068121	-12.06739	0.067185	19.949	0.2374	190.07371865559864	2.0466431227942614	38.3629378655061	0.4242900063368762	168.30883236106075	1.4536694318015908	11.715
17.759101	0.072294	7.955498	0.070549	-1.001132	0.072561	-12.056817	0.069127	19.9436	0.2371	190.1851983446214	1.959590117924852	38.30324833073325	0.4328000203800511	168.64627591959848	1.5287526846514474	11.715
17.763207	0.067983	7.931402	0.066554	-0.993404	0.067701	-12.062302	0.065413	19.9598	0.2377	189.6396597668848	1.8350412318573774	38.43983250990447	0.40889712747073387	168.44495934495384	1.4326080957110836	11.715
17.746156	0.072854	7.927238	0.072329	-1.010791	0.069995	-12.078668	0.06619	19.949	0.2374	189.88855660805834	1.9853579067284939	38.38296196619402	0.43223453738972606	168.46050443719213	1.46628770455819	11.715
17.752559	0.078144	7.949359	0.073147	-1.003063	0.072809	-12.073227	0.072635	19.949	0.2374	190.19301980580397	2.0766407039497277	38.32125135681664	0.4417788180349903	168.42570095930378	1.5647123152148823	11.715
17.747965	0.076438	7.935137	0.072473	-0.989539	0.073219	-12.058219	0.069484	19.949	0.2374	190.00641674502816	2.039570905969978	38.44038898085779	0.44373251490500837	168.44828003262793	1.5361596721265558	11.715
17.763067	0.069827	7.943373	0.072345	-0.999199	0.07362	-12.071429	0.069061	19.976	0.2372	189.8735512383347	1.9441650127752903	38.36345970564912	0.4427981183792066	168.39428826973634	1.5352089977748284	11.715
17.763417	0.070862	7.977622	0.072244	-0.981811	0.068533	-12.06612	0.072592	19.9598	0.2377	190.53130863655056	1.9703137223525227	38.291263299820045	0.42558760958640995	168.21076564965884	1.51500422461866	11.715
17.750401	0.073153	7.927269	0.07343	-0.999199	0.068224	-12.073183	0.070308	19.9598	0.2377	189.80708782520043	2.002773197191805	38.43267246024391	0.43154551294368376	168.36760396101866	1.4894901245128898	11.715
17.74379	0.068865	7.937143	0.069167	-1.016585	0.069325	-12.067434	0.065265	19.9436	0.2371	190.12616488203813	1.8922912622966368	38.315662210606895	0.41906598993016625	168.72009224315207	1.4536650171774423	11.715
17.723055	0.071512	7.907125	0.072738	-1.035903	0.067697	-12.091479	0.071905	19.9598	0.2377	189.94637010170936	1.973859204503349	38.36150551789071	0.42623714363455806	168.64794759113926	1.5065085493507233	11.715
17.75973	0.07407	7.945746	0.076178	-0.976015	0.073624	-12.059057	0.071817	19.9544	0.2376	189.9840302669918	2.056874471980237	38.45295003404333	0.45660896695756925	168.22999462902476	1.5611712779688927	11.715
17.746994	0.068279	7.939638	0.071633	-1.016588	0.069711	-12.082884	0.072472	19.9598	0.2377	190.11241601775828	1.918334028380686	38.30497671223809	0.42749693534056216	168.48458198783322	1.530990648768479	11.715
17.717211	0.071382	7.929366	0.070001	-1.003063	0.067593	-12.071473	0.067719	19.949	0.2374	190.491394158005	1.9457752169109104	38.40702345998022	0.41840238487599274	168.45240422499964	1.4561825680034168	11.715
17.721316	0.067488	7.919309	0.069248	-1.008859	0.069711	-12.080643	0.066683	19.9652	0.2377	190.2161669593555	1.87644741112862	38.425355251046156	0.4228945112033991	168.4010608808154	1.4672864160296517	11.715
17.729108	0.074538	7.927086	0.06606	-1.028176	0.063333	-12.078447	0.06906	19.9652	0.2377	190.21587197351445	1.9327840521982065	38.30910277233088	0.39148530628297035	168.72890593421695	1.430782980593766	11.715
17.759171	0.071861	7.94149	0.06565	-1.001132	0.066829	-12.08082	0.068644	19.9598	0.2377	189.91248414837472	1.88282384859755	38.36324777320099	0.40188184905420243	168.28092698281057	1.455070079488815	11.715
17.749151	0.067365	7.919614	0.067032	-1.003065	0.070554	-12.070027	0.069328	19.9598	0.2377	189.6834108707446	1.8338938342895224	38.4489950871089	0.41936378210758685	168.4744252697984	1.5058021265987875	11.715
17.727787	0.068396	7.913385	0.073329	-1.037837	0.071092	-12.08999	0.067736	19.949	0.2374	189.9759225402938	1.9410200883350062	38.32639302387645	0.4373036549111696	168.7001753254855	1.4988435573976358	11.715
17.745465	0.075925	7.943894	0.073095	-0.993405	0.069714	-12.075865	0.078813	19.9544	0.2376	190.224629730948	2.0454100295493083	38.386098858049465	0.43383968067796785	168.23882856447133	1.5973252932046447	11.715
17.727927	0.069826	7.935505	0.073093	-1.010792	0.069996	-12.069806	0.069265	19.9544	0.2376	190.40234909117814	1.9654945210188037	38.34749236261346	0.4337964562913267	168.59550533757928	1.50123637397647	11.715
17.685554	0.073944	7.899135	0.074164	-1.024313	0.071181	-12.08968	0.071905	19.9706	0.2375	190.51914350443326	2.038824441386202	38.4456787195973	0.4428862915696681	168.49871544800692	1.5407061874166783	11.715
17.729875	0.070094	7.917395	0.07116	-1.016587	0.069325	-12.080776	0.06999	19.9382	0.2366	190.0131536134829	1.9342201992254733	38.40034777648113	0.42701584877350957	168.516666752119	1.5004113175606413	11.715
17.691607	0.072542	7.899044	0.073413	-1.041697	0.068425	-12.104289	0.069206	19.9706	0.2375	190.39961070936275	2.0066991898548183	38.37131788933544	0.4307047588925887	168.54099141560582	1.482716771548105	11.715
17.716932	0.070999	7.911196	0.068874	-1.022382	0.071093	-12.073139	0.070628	19.9544	0.2376	190.1438372260983	1.9180959565023659	38.40208574987498	0.42549477221963744	168.72147879259427	1.5300265779183517	11.715
17.685693	0.070661	7.881151	0.072816	-1.04363	0.069708	-12.110038	0.068554	19.9598	0.2377	190.16697649645647	1.9679890410369731	38.43993628744483	0.43417028951227193	168.48287003735462	1.4885121037771798	11.715
17.723891	0.072308	7.88744	0.070506	-1.026247	0.068014	-12.095695	0.070294	19.9544	0.2376	189.5500795332838	1.9461472466800949	38.4877821284154	0.4229935513894901	168.43659872877748	1.48834112509537	11.715
17.704547	0.079472	7.901232	0.071275	-1.035904	0.073214	-12.095341	0.080831	19.9598	0.2377	190.1907695346489	2.0710449856892517	38.3867984655656	0.4388742810225559	168.58906448169864	1.662487166100655	11.715
17.706356	0.075581	7.8971	0.074027	-1.04363	0.066371	-12.111748	0.070541	19.976	0.2372	190.07558621673198	2.0499894963991236	38.37136958119624	0.4267014840330144	168.45683157918202	1.4741548441368522	11.715
17.677206	0.073577	7.875076	0.073826	-1.049425	0.073614	-12.113635	0.072134	19.9652	0.2377	190.21376640241436	2.022612817037368	38.44114778484981	0.44906882985848007	168.51633426059118	1.5697514597915216	11.715
17.693485	0.076059	7.884918	0.078237	-1.057149	0.073612	-12.105999	0.070855	19.949	0.2374	190.088938997531	2.1146300236407467	38.365631591573226	0.4608966079805682	168.75060537927772	1.5604872253774773	11.715
17.676928	0.072335	7.876959	0.071003	-1.059081	0.068525	-12.106087	0.070272	19.9544	0.2376	190.25571997314188	1.9677853965712573	38.39150634293309	0.4239397500936602	168.77876695009482	1.499589819543051	11.715
17.681658	0.075147	7.881212	0.066671	-1.053289	0.066936	-12.108284	0.070765	19.949	0.2374	190.24645153969135	1.950120800964565	38.398120211679064	0.40602439606055274	168.6568016577518	1.4860519541232111	11.715
17.679432	0.07401	7.899196	0.076685	-1.047494	0.069707	-12.108196	0.068559	19.976	0.2372	190.6395879521939	2.077374309448399	38.345806134652165	0.4441697362843049	168.56978392764807	1.4900891499922004	11.715
17.686389	0.068272	7.88747	0.069634	-1.022384	0.067377	-12.097582	0.070798	19.9652	0.2377	190.27610951308756	1.8936337382712571	38.504339800901434	0.418736054610977	168.3491427749663	1.4856171196130672	11.715
17.683467	0.075443	7.863047	0.075456	-1.051356	0.070084	-12.111792	0.068904	19.949	0.2374	189.8595036268728	2.062880625523594	38.484690272068235	0.44458921399935697	168.57383637432923	1.4979514932138907	11.715
17.690633	0.07264	7.877475	0.069984	-1.061018	0.07109	-12.101312	0.065263	19.9544	0.2376	190.0000226143711	1.9529822193608253	38.380969362063254	0.42834865602715333	168.88138805899794	1.4762011062717497	11.715
17.666632	0.076863	7.864991	0.072568	-1.066807	0.072552	-12.115389	0.071843	19.9544	0.2376	190.22325464107487	2.0514924931117307	38.40973917068097	0.44127877059418746	168.75470660802728	1.559522847530875	11.715
17.679293	0.074515	7.895125	0.07388	-1.045561	0.071618	-12.095208	0.072063	19.9544	0.2376	190.56297567247248	2.0437237658614147	38.37155306473634	0.44160366054361083	168.73843534778652	1.5515009834256257	11.715
17.679988	0.072275	7.889414	0.072774	-1.035906	0.06493	-12.097494	0.068717	19.9652	0.2377	190.4319383322299	1.9949672486292984	38.43633574619478	0.42000590395497867	168.5506673177308	1.440559573656196	11.7146095
17.694668	0.075237	7.88744	0.068441	-1.033974	0.069226	-12.084638	0.06741	19.9652	0.2377	190.11488913847583	1.9716620517096137	38.4544465648755	0.4196003770327882	168.72290968313982	1.4752746850043348	11.715
17.647574	0.077146	7.858855	0.073203	-1.0726	0.072634	-12.104156	0.075279	19.9436	0.2371	190.47439526851653	2.069400169820894	38.411213445854486	0.44349629958765646	169.01514691176675	1.6026867648106113	11.715
17.668789	0.075233	7.875045	0.073086	-1.049424	0.068011	-12.10622	0.069261	19.9652	0.2377	190.37665786871563	2.038883598455046	38.44127977826106	0.4300308480184536	168.62933592325092	1.4804368385620423	11.715
17.673032	0.070964	7.857032	0.069334	-1.059082	0.065424	-12.111792	0.065096	19.9598	0.2377	189.94500980145165	1.9198196036024027	38.47730180734919	0.41138746887969696	168.69167179405994	1.4085997078689751	11.715
17.668233	0.080353	7.858765	0.071329	-1.059079	0.075378	-12.113236	0.070211	19.9544	0.2376	190.07147813997423	2.0818837705533064	38.46984100221402	0.44767182708865544	168.6695916539537	1.5717994700408853	11.715
17.647227	0.076791	7.846676	0.068802	-1.07646	0.071087	-12.12236	0.066601	19.9598	0.2377	190.24443734919248	2.001428669379402	38.44702156479013	0.42625845188551187	168.79568298921382	1.4885755961419336	11.715
17.670459	0.076784	7.874863	0.075531	-1.076462	0.072129	-12.098584	0.073224	19.9706	0.2375	190.34066182501007	2.0928721573202185	38.32594926107496	0.44716671604113967	169.15981391110893	1.5774416306870835	11.715
17.687989	0.076365	7.897282	0.068252	-1.045563	0.06883	-12.09543	0.065011	19.9598	0.2377	190.43570800055295	1.9921454296815229	38.36229093211407	0.41581217077439414	168.73507947690447	1.445768836748314	11.715
17.663084	0.070937	7.871278	0.07048	-1.05329	0.069224	-12.095518	0.069645	19.9652	0.2377	190.41433828614765	1.9445854184482574	38.44085550959706	0.42551763816647226	168.85180230463504	1.5015564249517328	11.715
17.651678	0.073016	7.846797	0.06841	-1.062943	0.06932	-12.118852	0.06526	19.9544	0.2376	190.16042212302716	1.9405377742011278	38.50483087842405	0.4208943062756805	168.6428538659969	1.452236601517187	11.715
17.645695	0.074156	7.850928	0.070537	-1.062944	0.071529	-12.111659	0.067252	19.9544	0.2376	190.35675697487105	1.9890320038265705	38.48698380816164	0.43374433580961036	168.75266339475942	1.4995534860804653	11.715
17.675189	0.076497	7.859067	0.06929	-1.053288	0.07109	-12.09341	0.070543	19.9598	0.2377	189.94265963146174	1.9971828824149642	38.49353117132965	0.42876664715114804	168.88401623360394	1.5320282276853072	11.715
17.630465	0.076667	7.826602	0.07727	-1.078391	0.070816	-12.116788	0.071838	19.976	0.2372	190.18015130831054	2.1115326936126	38.52535777330153	0.45344508726121996	168.9104080487386	1.5435913722616086	11.715
17.669484	0.077014	7.863319	0.075768	-1.06488	0.072802	-12.08455	0.075295	19.9544	0.2376	190.13552428791252	2.0947734351010223	38.42522209378713	0.45222672048390455	169.19745645972097	1.6081225862756505	11.715
17.63714	0.079081	7.844823	0.07363	-1.08805	0.074236	-12.118897	0.073608	19.9598	0.2377	190.40438653372163	2.1009779084998725	38.40511790900862	0.4495269945063093	169.0260213266314	1.6019172877955183	11.715
17.651469	0.0732	7.862744	0.07017	-1.076461	0.073926	-12.113192	0.070541	19.9598	0.2377	190.47424719907687	1.9731112229846408	38.37791551181305	0.4375897870644501	168.93590375023106	1.564060792406233	11.715
17.607237	0.073926	7.824477	0.069815	-1.101563	0.072212	-12.125823	0.075134	19.9436	0.2371	190.59038929101865	1.9810022078057798	38.434519313626225	0.4324951515415946	169.1270085987464	1.5987157088785509	11.715
17.638042	0.074748	7.847221	0.069677	-1.059084	0.0771	-12.097361	0.066129	19.976	0.2372	190.43348314213233	1.9875501195479572	38.519680700030825	0.449451118944973	168.91225397731955	1.5543395185657516	11.715
17.633175	0.067785	7.834891	0.068409	-1.082257	0.065421	-12.117187	0.066232	19.9598	0.2377	190.28843540796984	1.870299481814768	38.47284136580002	0.4083918309608053	168.9634832917158	1.4254385764683803	11.715
17.631574	0.06785	7.849135	0.073476	-1.080329	0.066483	-12.123025	0.065518	19.976	0.2372	190.5966546933048	1.9485742221220437	38.41978029149331	0.42633937638675984	168.8446537725022	1.427205946226399	11.715
17.644302	0.074722	7.839202	0.076712	-1.078399	0.072551	-12.123158	0.077752	19.9598	0.2377	190.1561603907409	2.076846634867711	38.470888539310714	0.45550190026057047	168.81311428745798	1.6254155686472254	11.715
