26.782644672662386	0.18926130711823294	15.768547339127545	0.18885434210987959	2.040425814120306	0.18838687840606183	-10.220450310803736	0.18797699962304928	19.1777	0.2326	192.6373367780774	4.676290269860363	28.221431154857047	0.5483683687283223	173.04851266163655	3.7561208839572475	13.3312
26.747717414044605	0.28518288692664306	15.768547339127545	0.18885434210987959	2.040425814120306	0.18838687840606183	-10.220450310803736	0.18797699962304928	19.1777	0.2326	193.25619940467098	6.020714324010847	28.222313074580637	0.548385505239845	173.0539204276572	3.7562382627348714	13.3316166
26.782644672662386	0.18926130711823294	15.768547339127545	0.18885434210987959	2.040425814120306	0.18838687840606183	-10.220450310803736	0.18797699962304928	19.1777	0.2326	192.6373367780774	4.676290269860363	28.221431154857047	0.5483683687283223	173.04851266163655	3.7561208839572475	13.3312
26.747717414044605	0.28518288692664306	15.768547339127545	0.18885434210987959	2.040425814120306	0.18838687840606183	-10.220450310803736	0.18797699962304928	19.1777	0.2326	193.2441212696499	6.020338041124437	28.220549235133454	0.5483512322167995	173.04310489561587	3.7560035051796232	13.3307834
26.747717414044605	0.28518288692664306	15.768547339127545	0.18885434210987959	2.040425814120306	0.18838687840606183	-10.220450310803736	0.18797699962304928	19.1777	0.2326	193.25016033716042	6.020526182567643	28.221431154857047	0.5483683687283223	173.04851266163655	3.7561208839572475	13.3312
26.71100535645587	0.3322681000283465	15.734120427278112	0.2836459737074365	2.008688028932481	0.27556981418801063	-10.24988056065559	0.26863933372923543	19.1777	0.2326	193.29039076531586	7.692816010091296	28.226960379783794	0.8132944156652969	173.0810870649925	5.433703125093582	13.3312
26.782644672662386	0.18926130711823294	15.768547339127545	0.18885434210987959	2.040425814120306	0.18838687840606183	-10.220450310803736	0.18797699962304928	19.1777	0.2326	192.63131686130308	4.676144135789429	28.220549235133454	0.5483512322167995	173.04310489561587	3.7560035051796232	13.3307834
26.709215922585912	0.3271096793600726	15.699702553176142	0.31793774760118054	1.976958347140436	0.30717921695652284	-10.249347396115656	0.32830423105025536	19.1777	0.2326	192.72356643767975	7.985226667760549	28.233372114757874	0.9095621519425183	173.54323749562104	6.381775414672564	13.3316166
26.712795021996214	0.3199863667478839	15.768547339127545	0.18885434210987959	2.040425814120306	0.18838687840606183	-10.220450310803736	0.18797699962304928	19.1777	0.2326	193.86680919766388	6.581837241530422	28.221431154857047	0.5483683687283223	173.04851266163655	3.7561208839572475	13.3312
26.782644672662386	0.18926130711823294	15.768547339127545	0.18885434210987959	2.040425814120306	0.18838687840606183	-10.19048296624599	0.2702611088959215	19.1777	0.2326	192.6373367780774	4.676290269860363	28.221431154857047	0.5483683687283223	173.4725044105131	4.672487940693659	13.3312
26.782644672662386	0.18926130711823294	15.768547339127545	0.18885434210987959	2.040425814120306	0.18838687840606183	-10.220450310803736	0.18797699962304928	19.1777	0.2326	192.6373367780774	4.676290269860363	28.221431154857047	0.5483683687283223	173.04851266163655	3.7561208839572475	13.3312
26.782644672662386	0.18926130711823294	15.768547339127545	0.18885434210987959	2.040425814120306	0.18838687840606183	-10.220450310803736	0.18797699962304928	19.1777	0.2326	192.6373367780774	4.676290269860363	28.221431154857047	0.5483683687283223	173.04851266163655	3.7561208839572475	13.3312
26.747717414044605	0.28518288692664306	15.768547339127545	0.18885434210987959	2.040425814120306	0.18838687840606183	-10.220450310803736	0.18797699962304928	19.1777	0.2326	193.25016033716042	6.020526182567643	28.221431154857047	0.5483683687283223	173.04851266163655	3.7561208839572475	13.3312
26.747717414044605	0.28518288692664306	15.768547339127545	0.18885434210987959	2.040425814120306	0.18838687840606183	-10.220450310803736	0.18797699962304928	19.1777	0.2326	193.25016033716042	6.020526182567643	28.221431154857047	0.5483683687283223	173.04851266163655	3.7561208839572475	13.3312
26.782644672662386	0.18926130711823294	15.768547339127545	0.18885434210987959	2.040425814120306	0.18838687840606183	-10.220450310803736	0.18797699962304928	19.1777	0.2326	192.6373367780774	4.676290269860363	28.221431154857047	0.5483683687283223	173.04851266163655	3.7561208839572475	13.3312
26.782644672662386	0.18926130711823294	15.768547339127545	0.18885434210987959	2.040425814120306	0.18838687840606183	-10.220450310803736	0.18797699962304928	19.1777	0.2326	192.6373367780774	4.676290269860363	28.221431154857047	0.5483683687283223	173.04851266163655	3.7561208839572475	13.3312
26.782644672662386	0.18926130711823294	15.768547339127545	0.18885434210987959	2.040425814120306	0.18838687840606183	-10.220450310803736	0.18797699962304928	19.1777	0.2326	192.6373367780774	4.676290269860363	28.221431154857047	0.5483683687283223	173.04851266163655	3.7561208839572475	13.3312
26.747717414044605	0.28518288692664306	15.768547339127545	0.18885434210987959	2.040425814120306	0.18838687840606183	-10.220450310803736	0.18797699962304928	19.1777	0.2326	193.25619940467098	6.020714324010847	28.222313074580637	0.548385505239845	173.0539204276572	3.7562382627348714	13.3316166
26.747717414044605	0.28518288692664306	15.768547339127545	0.18885434210987959	2.040425814120306	0.18838687840606183	-10.220450310803736	0.18797699962304928	19.1777	0.2326	193.2441212696499	6.020338041124437	28.220549235133454	0.5483512322167995	173.04310489561587	3.7560035051796232	13.3307834
26.74592536318769	0.29053169404590057	15.734120427278592	0.2836459737074366	2.0086880289329616	0.27556981418801074	-10.24988056065511	0.2686393337292355	19.1777	0.2326	192.6834604903759	7.104744324125181	28.227842472295663	0.813319831115787	173.08649584896327	5.43387292831624	13.3316166
26.782644672662386	0.18926130711823294	15.768547339127545	0.18885434210987959	2.040425814120306	0.18838687840606183	-10.19048296624599	0.2702611088959215	19.1777	0.2326	192.64335669485172	4.676436403931296	28.222313074580637	0.548385505239845	173.4779254262759	4.672633955941806	13.3316166
26.782644672662386	0.18926130711823294	15.768547339127545	0.18885434210987959	2.040425814120306	0.18838687840606183	-10.220450310803736	0.18797699962304928	19.1777	0.2326	192.63131686130308	4.676144135789429	28.220549235133454	0.5483512322167995	173.04310489561587	3.7560035051796232	13.3307834
26.71100535645587	0.3322681000283465	15.734120427278112	0.2836459737074365	2.008688028932481	0.27556981418801063	-10.24988056065559	0.26863933372923543	19.1777	0.2326	193.29039076531586	7.692816010091296	28.226960379783794	0.8132944156652969	173.0810870649925	5.433703125093582	13.3312
26.782644672662386	0.18926130711823294	15.768547339127545	0.18885434210987959	2.040425814120306	0.18838687840606183	-10.220450310803736	0.18797699962304928	19.1777	0.2326	192.64335669485172	4.676436403931296	28.222313074580637	0.548385505239845	173.0539204276572	3.7562382627348714	13.3316166
26.782644672662386	0.18926130711823294	15.768547339127545	0.18885434210987959	2.040425814120306	0.18838687840606183	-10.220450310803736	0.18797699962304928	19.1777	0.2326	192.63131686130308	4.676144135789429	28.220549235133454	0.5483512322167995	173.04310489561587	3.7560035051796232	13.3307834
26.782644672662386	0.18926130711823294	15.768547339127545	0.18885434210987959	2.040425814120306	0.18838687840606183	-10.220450310803736	0.18797699962304928	19.1777	0.2326	192.63131686130308	4.676144135789429	28.220549235133454	0.5483512322167995	173.04310489561587	3.7560035051796232	13.3307834
26.712795021996214	0.3199863667478839	15.768547339127545	0.18885434210987959	2.040425814120306	0.18838687840606183	-10.220450310803736	0.18797699962304928	19.1777	0.2326	193.86680919766388	6.581837241530422	28.221431154857047	0.5483683687283223	173.04851266163655	3.7561208839572475	13.3312
26.677877495494943	0.34026865893095354	15.768547339127545	0.18885434210987959	2.040425814120306	0.18838687840606183	-10.220450310803736	0.18797699962304928	19.1777	0.2326	194.48731928864555	6.937867678240029	28.221431154857047	0.5483683687283223	173.04851266163655	3.7561208839572475	13.3312
26.782644672662386	0.18926130711823294	15.768547339127545	0.18885434210987959	2.040425814120306	0.18838687840606183	-10.220450310803736	0.18797699962304928	19.1777	0.2326	192.6373367780774	4.676290269860363	28.221431154857047	0.5483683687283223	173.04851266163655	3.7561208839572475	13.3312
26.74592536318721	0.29053169404590046	15.734120427278112	0.2836459737074365	2.008688028932481	0.27556981418801063	-10.24988056065559	0.26863933372923543	19.1777	0.2326	192.6714181504184	7.104300291480938	28.226078287271918	0.8132690002148074	173.0756782810217	5.433533321870923	13.3307834
26.71100535645587	0.3322681000283465	15.734120427278112	0.2836459737074365	2.008688028932481	0.27556981418801063	-10.24988056065559	0.26863933372923543	19.1777	0.2326	193.29039076531586	7.692816010091296	28.226960379783794	0.8132944156652969	173.0810870649925	5.433703125093582	13.3312
26.677877495494943	0.3402686589309535	15.768547339127545	0.18885434210987959	2.040425814120306	0.18838687840606183	-10.220450310803736	0.18797699962304928	19.1777	0.2326	194.48124155991775	6.9376508698750845	28.220549235133454	0.5483512322167995	173.04310489561587	3.7560035051796232	13.3307834
26.677877495494943	0.34026865893095354	15.768547339127545	0.18885434210987959	2.040425814120306	0.18838687840606183	-10.220450310803736	0.18797699962304928	19.1777	0.2326	194.48731928864555	6.937867678240029	28.221431154857047	0.5483683687283223	173.04851266163655	3.7561208839572475	13.3312
26.74592536318721	0.29053169404590046	15.734120427278112	0.2836459737074365	2.008688028932481	0.27556981418801063	-10.24988056065559	0.26863933372923543	19.1777	0.2326	192.67743932039716	7.10452230780306	28.226960379783794	0.8132944156652969	173.0810870649925	5.433703125093582	13.3312
26.782644672662386	0.18926130711823294	15.768547339127545	0.18885434210987959	2.040425814120306	0.18838687840606183	-10.220450310803736	0.18797699962304928	19.1777	0.2326	192.6373367780774	4.676290269860363	28.221431154857047	0.5483683687283223	173.04851266163655	3.7561208839572475	13.3312
26.782644672662386	0.18926130711823294	15.768547339127545	0.18885434210987959	2.040425814120306	0.18838687840606183	-10.220450310803736	0.18797699962304928	19.1777	0.2326	192.6373367780774	4.676290269860363	28.221431154857047	0.5483683687283223	173.04851266163655	3.7561208839572475	13.3312
26.74592536318721	0.29053169404590046	15.734120427278112	0.2836459737074365	2.008688028932481	0.27556981418801063	-10.24988056065559	0.26863933372923543	19.1777	0.2326	192.67743932039716	7.10452230780306	28.226960379783794	0.8132944156652969	173.0810870649925	5.433703125093582	13.3312
26.674303165097626	0.36055830182240994	15.699702553176142	0.31793774760118054	1.976958347140436	0.30717921695652284	-10.279303482528913	0.29794695565181895	19.1777	0.2326	193.3245817704443	8.468097128253426	28.231607584142278	0.909505306084455	173.10825297982572	6.044233336313254	13.3307834
26.59914677418268	0.363608048790916	15.596503121721652	0.35215888437956167	1.8818178910729237	0.3387281555460056	-10.36752830767569	0.3272024966893012	19.1777	0.2326	192.83787100312892	8.871712638967763	28.249079726431095	1.0064508107185337	173.21139781023007	6.659515014434455	13.3312
26.67251634687226	0.348410616197643	15.665293713256904	0.33790865390671576	1.9452367656369887	0.32558957028601754	-10.308719079164659	0.3150180861752304	19.1777	0.2326	192.76367453640373	8.49981511637874	28.238902001923147	0.9658095673920045	173.1516506317485	6.401571177140189	13.3316166
26.782644672662386	0.18926130711823294	15.768547339127545	0.18885434210987959	2.040425814120306	0.18838687840606183	-10.19048296624599	0.2702611088959215	19.1777	0.2326	192.6373367780774	4.676290269860363	28.221431154857047	0.5483683687283223	173.4725044105131	4.672487940693659	13.3312
26.782644672662386	0.18926130711823294	15.768547339127545	0.18885434210987959	2.040425814120306	0.18838687840606183	-10.220450310803736	0.18797699962304928	19.1777	0.2326	192.6373367780774	4.676290269860363	28.221431154857047	0.5483683687283223	173.04851266163655	3.7561208839572475	13.3312
26.71100535645587	0.3322681000283465	15.734120427278112	0.2836459737074365	2.008688028932481	0.27556981418801063	-10.219918846108492	0.30625494637620176	19.1777	0.2326	193.29039076531586	7.692816010091296	28.226960379783794	0.8132944156652969	173.5051587664655	5.84542047397796	13.3312
26.747717414044605	0.28518288692664306	15.768547339127545	0.18885434210987959	2.040425814120306	0.18838687840606183	-10.220450310803736	0.18797699962304928	19.1777	0.2326	193.25016033716042	6.020526182567643	28.221431154857047	0.5483683687283223	173.04851266163655	3.7561208839572475	13.3312
26.74592536318721	0.29053169404590046	15.734120427278112	0.2836459737074365	2.008688028932481	0.27556981418801063	-10.24988056065559	0.26863933372923543	19.1777	0.2326	192.67743932039716	7.10452230780306	28.226960379783794	0.8132944156652969	173.0810870649925	5.433703125093582	13.3312
26.747717414044605	0.28518288692664306	15.768547339127545	0.18885434210987959	2.040425814120306	0.18838687840606183	-10.220450310803736	0.18797699962304928	19.1777	0.2326	193.25016033716042	6.020526182567643	28.221431154857047	0.5483683687283223	173.04851266163655	3.7561208839572475	13.3312
26.712795021996214	0.3199863667478839	15.768547339127545	0.18885434210987959	2.040425814120306	0.18838687840606183	-10.220450310803736	0.18797699962304928	19.1777	0.2326	193.86075085987645	6.581631559116624	28.220549235133454	0.5483512322167995	173.04310489561587	3.7560035051796232	13.3307834
26.74592536318721	0.29053169404590046	15.734120427278112	0.2836459737074365	2.008688028932481	0.27556981418801063	-10.24988056065559	0.26863933372923543	19.1777	0.2326	192.67743932039716	7.10452230780306	28.226960379783794	0.8132944156652969	173.0810870649925	5.433703125093582	13.3312
26.782644672662386	0.18926130711823294	15.768547339127545	0.18885434210987959	2.040425814120306	0.18838687840606183	-10.220450310803736	0.18797699962304928	19.1777	0.2326	192.6373367780774	4.676290269860363	28.221431154857047	0.5483683687283223	173.04851266163655	3.7561208839572475	13.3312
26.782644672662386	0.18926130711823294	15.768547339127545	0.18885434210987959	2.040425814120306	0.18838687840606183	-10.220450310803736	0.18797699962304928	19.1777	0.2326	192.6373367780774	4.676290269860363	28.221431154857047	0.5483683687283223	173.04851266163655	3.7561208839572475	13.3312
26.63939527084037	0.3827768552005039	15.699702553176142	0.31793774760118054	1.976958347140436	0.30717921695652284	-10.279303482528913	0.29794695565181895	19.1777	0.2326	193.9475296157763	8.82178907465369	28.232489849450083	0.9095337290134865	173.1136627817877	6.044422224507769	13.3312
26.782644672662386	0.18926130711823294	15.768547339127545	0.18885434210987959	2.040425814120306	0.18838687840606183	-10.19048296624599	0.2702611088959215	19.1777	0.2326	192.6373367780774	4.676290269860363	28.221431154857047	0.5483683687283223	173.4725044105131	4.672487940693659	13.3312
26.67251634687226	0.348410616197643	15.665293713256904	0.33790865390671576	1.9452367656369887	0.32558957028601754	-10.248814295558692	0.3605598371453451	19.1777	0.2326	192.7576508598144	8.499549505456693	28.238019563811783	0.9657793867861674	173.99684212398495	6.932028936830884	13.3312
26.709215922585912	0.3271096793600726	15.699702553176142	0.31793774760118054	1.976958347140436	0.30717921695652284	-10.279303482528913	0.29794695565181895	19.1777	0.2326	192.7175440144293	7.984977137225012	28.232489849450083	0.9095337290134865	173.1136627817877	6.044422224507769	13.3312
26.71100535645587	0.3322681000283465	15.734120427278112	0.2836459737074365	2.008688028932481	0.27556981418801063	-10.24988056065559	0.26863933372923543	19.1777	0.2326	193.29039076531586	7.692816010091296	28.226960379783794	0.8132944156652969	173.0810870649925	5.433703125093582	13.3312
26.71100535645587	0.3322681000283465	15.734120427278112	0.2836459737074365	2.008688028932481	0.27556981418801063	-10.24988056065559	0.26863933372923543	19.1777	0.2326	193.29039076531586	7.692816010091296	28.226960379783794	0.8132944156652969	173.0810870649925	5.433703125093582	13.3312
26.712795021996214	0.3199863667478839	15.768547339127545	0.18885434210987959	2.040425814120306	0.18838687840606183	-10.19048296624599	0.2702611088959215	19.1777	0.2326	193.86680919766388	6.581837241530422	28.221431154857047	0.5483683687283223	173.4725044105131	4.672487940693659	13.3312
26.712795021996214	0.3199863667478839	15.768547339127545	0.18885434210987959	2.040425814120306	0.18838687840606183	-10.220450310803736	0.18797699962304928	19.1777	0.2326	193.86680919766388	6.581837241530422	28.221431154857047	0.5483683687283223	173.04851266163655	3.7561208839572475	13.3312
26.67609021462378	0.3580729804602145	15.734120427278112	0.2836459737074365	2.008688028932481	0.27556981418801063	-10.219918846108492	0.30625494637620176	19.1777	0.2326	193.90716832360852	8.095239676690834	28.226960379783794	0.8132944156652969	173.5051587664655	5.84542047397796	13.3312
26.712795021996214	0.3199863667478839	15.768547339127545	0.18885434210987959	2.040425814120306	0.18838687840606183	-10.220450310803736	0.18797699962304928	19.1777	0.2326	193.86680919766388	6.581837241530422	28.221431154857047	0.5483683687283223	173.04851266163655	3.7561208839572475	13.3312
26.747717414044605	0.28518288692664306	15.768547339127545	0.18885434210987959	2.040425814120306	0.18838687840606183	-10.220450310803736	0.18797699962304928	19.1777	0.2326	193.2441212696499	6.020338041124437	28.220549235133454	0.5483512322167995	173.04310489561587	3.7560035051796232	13.3307834
26.747717414044605	0.28518288692664306	15.768547339127545	0.18885434210987959	2.040425814120306	0.18838687840606183	-10.220450310803736	0.18797699962304928	19.1777	0.2326	193.25016033716042	6.020526182567643	28.221431154857047	0.5483683687283223	173.04851266163655	3.7561208839572475	13.3312
26.782644672662386	0.18926130711823294	15.768547339127545	0.18885434210987959	2.040425814120306	0.18838687840606183	-10.220450310803736	0.18797699962304928	19.1777	0.2326	192.6373367780774	4.676290269860363	28.221431154857047	0.5483683687283223	173.04851266163655	3.7561208839572475	13.3312
26.782644672662386	0.18926130711823294	15.768547339127545	0.18885434210987959	2.040425814120306	0.18838687840606183	-10.19048296624599	0.2702611088959215	19.1777	0.2326	192.6373367780774	4.676290269860363	28.221431154857047	0.5483683687283223	173.4725044105131	4.672487940693659	13.3312
26.747717414044605	0.28518288692664306	15.768547339127545	0.18885434210987959	2.040425814120306	0.18838687840606183	-10.160511754763666	0.30015779978913054	19.1777	0.2326	193.25016033716042	6.020526182567643	28.221431154857047	0.5483683687283223	173.89863404905128	5.050922167186943	13.3312
26.677877495494943	0.34026865893095354	15.768547339127545	0.18885434210987959	2.040425814120306	0.18838687840606183	-10.220450310803736	0.18797699962304928	19.1777	0.2326	194.4933970173733	6.938084486604973	28.222313074580637	0.548385505239845	173.0539204276572	3.7562382627348714	13.3316166
26.74592536318721	0.29053169404590046	15.734120427278112	0.2836459737074365	2.008688028932481	0.27556981418801063	-10.24988056065559	0.26863933372923543	19.1777	0.2326	192.67743932039716	7.10452230780306	28.226960379783794	0.8132944156652969	173.0810870649925	5.433703125093582	13.3312
26.747717414044605	0.28518288692664306	15.768547339127545	0.18885434210987959	2.040425814120306	0.18838687840606183	-10.220450310803736	0.18797699962304928	19.1777	0.2326	193.25016033716042	6.020526182567643	28.221431154857047	0.5483683687283223	173.04851266163655	3.7561208839572475	13.3312
26.782644672662386	0.18926130711823294	15.768547339127545	0.18885434210987959	2.040425814120306	0.18838687840606183	-10.220450310803736	0.18797699962304928	19.1777	0.2326	192.6373367780774	4.676290269860363	28.221431154857047	0.5483683687283223	173.04851266163655	3.7561208839572475	13.3312
26.747717414044605	0.28518288692664306	15.768547339127545	0.18885434210987959	2.040425814120306	0.18838687840606183	-10.220450310803736	0.18797699962304928	19.1777	0.2326	193.25016033716042	6.020526182567643	28.221431154857047	0.5483683687283223	173.04851266163655	3.7561208839572475	13.3312
26.71100535645587	0.3322681000283465	15.734120427278112	0.2836459737074365	2.008688028932481	0.27556981418801063	-10.219918846108492	0.30625494637620176	19.1777	0.2326	193.29039076531586	7.692816010091296	28.226960379783794	0.8132944156652969	173.5051587664655	5.84542047397796	13.3312
26.747717414044605	0.28518288692664306	15.768547339127545	0.18885434210987959	2.040425814120306	0.18838687840606183	-10.19048296624599	0.2702611088959215	19.1777	0.2326	193.25619940467098	6.020714324010847	28.222313074580637	0.548385505239845	173.4779254262759	4.672633955941806	13.3316166
26.747717414044605	0.28518288692664306	15.768547339127545	0.18885434210987959	2.040425814120306	0.18838687840606183	-10.220450310803736	0.18797699962304928	19.1777	0.2326	193.25016033716042	6.020526182567643	28.221431154857047	0.5483683687283223	173.04851266163655	3.7561208839572475	13.3312
26.709215922585912	0.3271096793600726	15.699702553176142	0.31793774760118054	1.976958347140436	0.30717921695652284	-10.279303482528913	0.29794695565181895	19.1777	0.2326	192.7175440144293	7.984977137225012	28.232489849450083	0.9095337290134865	173.1136627817877	6.044422224507769	13.3312
26.782644672662386	0.18926130711823294	15.768547339127545	0.18885434210987959	2.040425814120306	0.18838687840606183	-10.130536675605562	0.3176035261872582	19.1777	0.2326	192.6373367780774	4.676290269860363	28.221431154857047	0.5483683687283223	174.3269177879509	5.289146507909716	13.3312
26.677877495494943	0.34026865893095354	15.768547339127545	0.18885434210987959	2.040425814120306	0.18838687840606183	-10.19048296624599	0.2702611088959215	19.1777	0.2326	194.48731928864555	6.937867678240029	28.221431154857047	0.5483683687283223	173.4725044105131	4.672487940693659	13.3312
26.74592536318769	0.29053169404590057	15.734120427278592	0.2836459737074366	2.0086880289329616	0.27556981418801074	-10.219918846108492	0.30625494637620193	19.1777	0.2326	192.67743932039716	7.1045223078030615	28.226960379783794	0.8132944156652973	173.50515876645864	5.8454204739775015	13.3312
26.747717414044605	0.28518288692664306	15.768547339127545	0.18885434210987959	2.040425814120306	0.18838687840606183	-10.19048296624599	0.2702611088959215	19.1777	0.2326	193.25016033716042	6.020526182567643	28.221431154857047	0.5483683687283223	173.4725044105131	4.672487940693659	13.3312
26.64296483351852	0.35127480977498876	15.768547339127545	0.18885434210987959	2.040425814120306	0.18838687840606183	-10.220450310803736	0.18797699962304928	19.1777	0.2326	195.1117269905319	7.155793468335803	28.221431154857047	0.5483683687283223	173.04851266163655	3.7561208839572475	13.3312
26.712795021996214	0.3199863667478839	15.768547339127545	0.18885434210987959	2.040425814120306	0.18838687840606183	-10.220450310803736	0.18797699962304928	19.1777	0.2326	193.86680919766388	6.581837241530422	28.221431154857047	0.5483683687283223	173.04851266163655	3.7561208839572475	13.3312
26.677877495494943	0.34026865893095354	15.768547339127545	0.18885434210987959	2.040425814120306	0.18838687840606183	-10.220450310803736	0.18797699962304928	19.1777	0.2326	194.48731928864555	6.937867678240029	28.221431154857047	0.5483683687283223	173.04851266163655	3.7561208839572475	13.3312
26.782644672662386	0.18926130711823294	15.768547339127545	0.18885434210987959	2.040425814120306	0.18838687840606183	-10.220450310803736	0.18797699962304928	19.1777	0.2326	192.6373367780774	4.676290269860363	28.221431154857047	0.5483683687283223	173.04851266163655	3.7561208839572475	13.3312
26.71100535645587	0.3322681000283465	15.734120427278112	0.2836459737074365	2.008688028932481	0.27556981418801063	-10.219918846108492	0.30625494637620176	19.1777	0.2326	193.29039076531586	7.692816010091296	28.226960379783794	0.8132944156652969	173.5051587664655	5.84542047397796	13.3312
26.747717414044605	0.28518288692664306	15.768547339127545	0.18885434210987959	2.040425814120306	0.18838687840606183	-10.220450310803736	0.18797699962304928	19.1777	0.2326	193.25016033716042	6.020526182567643	28.221431154857047	0.5483683687283223	173.04851266163655	3.7561208839572475	13.3312
26.747717414044605	0.28518288692664306	15.768547339127545	0.18885434210987959	2.040425814120306	0.18838687840606183	-10.220450310803736	0.18797699962304928	19.1777	0.2326	193.25016033716042	6.020526182567643	28.221431154857047	0.5483683687283223	173.04851266163655	3.7561208839572475	13.3312
26.709215922585912	0.3271096793600726	15.699702553176142	0.31793774760118054	1.976958347140436	0.30717921695652284	-10.279303482528913	0.29794695565181895	19.1777	0.2326	192.7175440144293	7.984977137225012	28.232489849450083	0.9095337290134865	173.1136627817877	6.044422224507769	13.3312
26.63939527084037	0.3827768552005039	15.699702553176142	0.31793774760118054	1.976958347140436	0.30717921695652284	-10.279303482528913	0.29794695565181895	19.1777	0.2326	193.9475296157763	8.82178907465369	28.232489849450083	0.9095337290134865	173.1136627817877	6.044422224507769	13.3312
26.747717414044605	0.28518288692664306	15.768547339127545	0.18885434210987959	2.040425814120306	0.18838687840606183	-10.19048296624599	0.2702611088959215	19.1777	0.2326	193.25619940467098	6.020714324010847	28.222313074580637	0.548385505239845	173.4779254262759	4.672633955941806	13.3316166
26.747717414044605	0.28518288692664306	15.768547339127545	0.18885434210987959	2.040425814120306	0.18838687840606183	-10.220450310803736	0.18797699962304928	19.1777	0.2326	193.2441212696499	6.020338041124437	28.220549235133454	0.5483512322167995	173.04310489561587	3.7560035051796232	13.3307834
26.712795021996214	0.3199863667478839	15.768547339127545	0.18885434210987959	2.040425814120306	0.18838687840606183	-10.220450310803736	0.18797699962304928	19.1777	0.2326	193.87286753545132	6.582042923944218	28.222313074580637	0.548385505239845	173.0539204276572	3.7562382627348714	13.3316166
26.71100535645587	0.3322681000283465	15.734120427278112	0.2836459737074365	2.008688028932481	0.27556981418801063	-10.24988056065559	0.26863933372923543	19.1777	0.2326	193.29039076531586	7.692816010091296	28.226960379783794	0.8132944156652969	173.0810870649925	5.433703125093582	13.3312
26.782644672662386	0.18926130711823294	15.768547339127545	0.18885434210987959	2.040425814120306	0.18838687840606183	-10.220450310803736	0.18797699962304928	19.1777	0.2326	192.6373367780774	4.676290269860363	28.221431154857047	0.5483683687283223	173.04851266163655	3.7561208839572475	13.3312
26.747717414044605	0.28518288692664306	15.768547339127545	0.18885434210987959	2.040425814120306	0.18838687840606183	-10.220450310803736	0.18797699962304928	19.1777	0.2326	193.25016033716042	6.020526182567643	28.221431154857047	0.5483683687283223	173.04851266163655	3.7561208839572475	13.3312
26.782644672662386	0.18926130711823294	15.768547339127545	0.18885434210987959	2.040425814120306	0.18838687840606183	-10.19048296624599	0.2702611088959215	19.1777	0.2326	192.6373367780774	4.676290269860363	28.221431154857047	0.5483683687283223	173.4725044105131	4.672487940693659	13.3312
26.567814397879772	0.4121574088735008	15.665293713256904	0.3379086539067157	1.9452367656369887	0.32558957028601754	-10.308719079164659	0.3150180861752304	19.1777	0.2326	194.60879173925355	9.513438421290045	28.238019563811783	0.9657793867861673	173.14623981175438	6.401371134292242	13.3312
26.782644672662386	0.18926130711823294	15.768547339127545	0.18885434210987959	2.040425814120306	0.18838687840606183	-10.220450310803736	0.18797699962304928	19.1777	0.2326	192.6373367780774	4.676290269860363	28.221431154857047	0.5483683687283223	173.04851266163655	3.7561208839572475	13.3312
26.67609021462378	0.3580729804602145	15.734120427278112	0.2836459737074365	2.008688028932481	0.27556981418801063	-10.24988056065559	0.26863933372923543	19.1777	0.2326	193.90716832360852	8.095239676690834	28.226960379783794	0.8132944156652969	173.0810870649925	5.433703125093582	13.3312
26.71100535645587	0.3322681000283465	15.734120427278112	0.2836459737074365	2.008688028932481	0.27556981418801063	-10.24988056065559	0.26863933372923543	19.1777	0.2326	193.29039076531586	7.692816010091296	28.226960379783794	0.8132944156652969	173.0810870649925	5.433703125093582	13.3312
26.709215922585912	0.3271096793600726	15.699702553176142	0.31793774760118054	1.976958347140436	0.30717921695652284	-10.279303482528913	0.29794695565181895	19.1777	0.2326	192.7175440144293	7.984977137225012	28.232489849450083	0.9095337290134865	173.1136627817877	6.044422224507769	13.3312
26.71100535645587	0.3322681000283465	15.734120427278112	0.2836459737074365	2.008688028932481	0.27556981418801063	-10.219918846108492	0.30625494637620176	19.1777	0.2326	193.29039076531586	7.692816010091296	28.226960379783794	0.8132944156652969	173.5051587664655	5.84542047397796	13.3312
