22.169475455179533	0.3172101422419168	10.786739039547697	0.18867972907909353	2.3505262338130684	0.18839772612908903	-9.905215530542716	0.18798800945586389	20.0407	0.2366	186.4433643785441	6.045390781687838	45.28126897296276	1.4311552690049845	173.16256445095905	3.7603894260489765	13.3344
22.135250779802497	0.33709001065138733	10.786739039547697	0.18867972907909353	2.3505262338130684	0.18839772612908903	-10.024989223585694	0.3268715745114983	20.0407	0.2366	187.00563754423368	6.365660069677487	45.28126897296276	1.4311552690049845	171.4866488163756	5.2279154948927316	13.3344
22.101030819855048	0.34787794971109587	10.786739039547697	0.18867972907909353	2.3505262338130684	0.18839772612908903	-9.965110093882972	0.3000396265608307	20.0407	0.2366	187.57123418527567	6.56086701216394	45.28126897296276	1.4311552690049845	172.3204239469118	4.957149369801877	13.3344
22.135250779802497	0.33709001065138733	10.786739039547697	0.18867972907909353	2.3505262338130684	0.18839772612908903	-9.935164741792237	0.2701961675014384	20.0407	0.2366	187.0114814704069	6.365858996554665	45.28268401261816	1.4311999926071408	172.74583881716035	4.631505886780089	13.3348167
22.169475455179533	0.3172101422419168	10.786739039547697	0.18867972907909353	2.3505262338130684	0.18839772612908903	-9.935164741792237	0.2701961675014384	20.0407	0.2366	186.4433643785441	6.045390781687838	45.28126897296276	1.4311552690049845	172.74044067838918	4.631361156743941	13.3344
22.135250779802497	0.33709001065138733	10.786739039547697	0.18867972907909353	2.3505262338130684	0.18839772612908903	-9.905215530542716	0.18798800945586389	20.0407	0.2366	187.00563754423368	6.365660069677487	45.28126897296276	1.4311552690049845	173.16256445095905	3.7603894260489765	13.3344
22.169475455179533	0.3172101422419168	10.786739039547697	0.18867972907909353	2.3505262338130684	0.18839772612908903	-9.965110093882972	0.3000396265608307	20.0407	0.2366	186.4433643785441	6.045390781687838	45.28126897296276	1.4311552690049845	172.3204239469118	4.957149369801877	13.3344
22.135250779802497	0.33709001065138733	10.786739039547697	0.18867972907909353	2.3505262338130684	0.18839772612908903	-10.024989223585694	0.3268715745114983	20.0407	0.2366	187.00563754423368	6.365660069677487	45.28126897296276	1.4311552690049845	171.4866488163756	5.2279154948927316	13.3344
22.169475455179533	0.3172101422419168	10.786739039547697	0.18867972907909353	2.3505262338130684	0.18839772612908903	-9.935164741792237	0.2701961675014384	20.0407	0.2366	186.4433643785441	6.045390781687838	45.28126897296276	1.4311552690049845	172.74044067838918	4.631361156743941	13.3344
22.066815574356728	0.35130605341131727	10.786739039547697	0.18867972907909353	2.3505262338130684	0.18839772612908903	-9.965110093882972	0.3000396265608307	20.0407	0.2366	188.14018385563185	6.6510453237550475	45.28126897296276	1.4311552690049845	172.3204239469118	4.957149369801877	13.3344
22.032605042328523	0.3478317045724738	10.786739039547697	0.18867972907909353	2.287432118509853	0.30645056571044965	-10.084852925643686	0.326833734200634	20.0407	0.2366	188.712516460697	6.640267315243645	44.945126081289516	1.903066997222382	171.53142411372272	6.211583685379689	13.3344
22.101030819855048	0.34787794971109587	10.786739039547697	0.18867972907909353	2.2243546784238815	0.33471496208207613	-10.084852925643686	0.326833734200634	20.0407	0.2366	187.57123418527567	6.56086701216394	44.61402397491586	2.002027714577979	172.41042164755422	6.552560724902517	13.3344
22.066815574356728	0.3513060534113174	10.786739039547697	0.18867972907909353	2.3189770913442933	0.27501291916474574	-10.05492300269576	0.3298720028924509	20.0407	0.2366	188.14018385563185	6.651045323755049	45.11256026164878	1.7768222857461622	171.5090357151626	5.952740574818139	13.3344
22.032605042328523	0.3478317045724738	10.786739039547697	0.18867972907909353	2.2243546784238815	0.33471496208207613	-10.144701206046381	0.29994686640373014	20.0407	0.2366	188.712516460697	6.640267315243645	44.61402397491586	2.002027714577979	171.5762054102369	6.234456331656169	13.3344
22.135250779802497	0.33709001065138733	10.786739039547697	0.18867972907909353	2.287432118509853	0.30645056571044965	-9.965110093882972	0.3000396265608307	20.0407	0.2366	187.00563754423368	6.365660069677487	44.945126081289516	1.903066997222382	173.20778303608174	6.062813959119737	13.3344
21.998399222790454	0.3370034771577435	10.786739039547697	0.18867972907909353	2.3189770913442933	0.27501291916474574	-10.114778993177785	0.3173616713693494	20.0407	0.2366	189.288262262579	6.520734494282567	45.11256026164878	1.7768222857461622	170.68339275260465	5.76470802415317	13.3344
21.998399222790454	0.3370034771577435	10.786739039547697	0.18867972907909353	2.3189770913442933	0.27501291916474574	-10.114778993177785	0.31736167136934934	20.0407	0.2366	189.288262262579	6.520734494282567	45.11256026164878	1.7768222857461622	170.68339275260465	5.76470802415317	13.3344
22.135250779802497	0.33709001065138733	10.786739039547697	0.18867972907909353	2.255891314480204	0.32477214556071765	-10.204534070780817	0.18797755548460165	20.0407	0.2366	187.00563754423368	6.365660069677487	44.77895204331528	1.9715592044892343	170.31807563126088	5.129186485470797	13.3344
21.998399222790454	0.3370034771577435	10.786739039547697	0.18867972907909353	2.3189770913442933	0.27501291916474574	-10.114778993177785	0.31736167136934945	20.0407	0.2366	189.29417752077467	6.520938267235513	45.11397002915696	1.7768778114425916	170.68872660862814	5.764888171278924	13.3348167
21.998399222790454	0.3370034771577435	10.786739039547697	0.18867972907909353	2.3189770913442933	0.27501291916474574	-10.144701206046381	0.29994686640373014	20.0407	0.2366	189.288262262579	6.520734494282567	45.11256026164878	1.7768222857461622	170.27362408807267	5.559447258213725	13.3344
22.203704846965167	0.2830976361498465	10.786739039547697	0.18867972907909353	2.3505262338130684	0.18839772612908903	-10.024989223585694	0.3268715745114983	20.0407	0.2366	185.89019436762445	5.539309222306821	45.28268401261816	1.4311999926071408	171.4920077741511	5.228078867251947	13.3348167
22.032605042328523	0.3478317045724738	10.786739039547697	0.18867972907909353	2.255891314480204	0.32477214556071765	-10.114778993177785	0.3173616713693494	20.0407	0.2366	188.712516460697	6.640267315243645	44.77895204331528	1.9715592044892343	171.5538140120679	6.297187245665698	13.3344
22.032605042328523	0.3478317045724738	10.786739039547697	0.18867972907909353	2.2243546784238815	0.33471496208207613	-10.174619564998272	0.27010324258691254	20.0407	0.2366	188.712516460697	6.640267315243645	44.61402397491586	2.002027714577979	171.16219708984787	5.937396681542026	13.3344
22.068288201378017	0.37910209356872615	10.820116788013735	0.28052177134066353	2.350718866087798	0.314540424507845	-10.115303336453174	0.3289049678869653	20.0407	0.2366	188.67383818876363	7.9105695742796245	45.10384618730435	2.2444861355497383	170.24160864497662	6.215022576568808	13.3344
21.895810029332704	0.18908904536889903	10.786739039547697	0.18867972907909353	2.3189770913442933	0.27501291916474574	-10.05492300269576	0.3298720028924509	20.0407	0.2366	191.03031704911746	4.5934169513194005	45.1111504941406	1.7767667600497326	171.5036760577965	5.952554551675176	13.3339833
21.998399222790454	0.3370034771577434	10.786739039547697	0.18867972907909353	2.287432118509853	0.3064505657104497	-10.174619564998272	0.27010324258691254	20.0407	0.2366	189.288262262579	6.520734494282567	44.945126081289516	1.9030669972223822	170.29584911552462	5.582139280736559	13.3344
22.101030819855048	0.34787794971109587	10.786739039547697	0.18867972907909353	2.3505262338130684	0.18839772612908903	-10.204534070780817	0.18797755548460165	20.0407	0.2366	187.57123418527567	6.56086701216394	45.28126897296276	1.4311552690049845	169.03428750462035	3.5831283945537917	13.3344
21.998399222790454	0.3370034771577435	10.786739039547697	0.18867972907909353	2.287432118509853	0.30645056571044965	-10.05492300269576	0.3298720028924509	20.0407	0.2366	189.288262262579	6.520734494282567	44.945126081289516	1.903066997222382	171.9473838115644	6.272690410223098	13.3344
22.032605042328523	0.3478317045724738	10.786739039547697	0.18867972907909353	2.255891314480204	0.32477214556071765	-10.174619564998272	0.27010324258691254	20.0407	0.2366	188.70661919455762	6.640059806890044	44.77755270106392	1.9714975932640937	170.7226174270336	5.801486901600822	13.3339833
22.032605042328523	0.3478317045724738	10.786739039547697	0.18867972907909353	2.3189770913442933	0.27501291916474574	-10.05492300269576	0.3298720028924509	20.0407	0.2366	188.712516460697	6.640267315243645	45.11256026164878	1.7768222857461622	171.5090357151626	5.952740574818139	13.3344
22.066815574356728	0.35130605341131727	10.786739039547697	0.18867972907909353	2.255891314480204	0.32477214556071765	-10.144701206046381	0.29994686640373014	20.0407	0.2366	188.14018385563185	6.6510453237550475	44.77895204331528	1.9715592044892343	171.13986042615727	6.101281960439485	13.3344
21.93000171727108	0.28298410340674846	10.786739039547697	0.18867972907909353	2.287432118509853	0.3064505657104497	-10.144701206046381	0.29994686640373014	20.0407	0.2366	190.45011632070327	5.812970174652827	44.945126081289516	1.9030669972223822	170.7056719680347	5.888024724381976	13.3344
21.93000171727108	0.28298410340674846	10.786739039547697	0.18867972907909353	2.1928222095113408	0.3378751392920519	-10.144701206046381	0.29994686640373014	20.0407	0.2366	190.45011632070327	5.812970174652827	44.45032791503132	2.0016181521901224	172.01472302686062	6.2992469756383755	13.3344
21.998399222790454	0.3370034771577435	10.786739039547697	0.18867972907909353	2.287432118509853	0.30645056571044965	-10.084852925643686	0.326833734200634	20.0407	0.2366	189.288262262579	6.520734494282567	44.945126081289516	1.903066997222382	171.53142411372272	6.211583685379689	13.3344
21.998399222790454	0.3370034771577435	10.786739039547697	0.18867972907909353	2.255891314480204	0.32477214556071765	-10.144701206046381	0.29994686640373014	20.0407	0.2366	189.29417752077467	6.520938267235513	44.780351385566625	1.9716208157143744	171.14520854679557	6.101472625500749	13.3348167
22.066815574356728	0.35130605341131727	10.786739039547697	0.18867972907909353	2.255891314480204	0.32477214556071765	-10.144701206046381	0.29994686640373014	20.0407	0.2366	188.14018385563185	6.6510453237550475	44.77895204331528	1.9715592044892343	171.13986042615727	6.101281960439485	13.3344
22.135250779802497	0.33709001065138733	10.786739039547697	0.18867972907909353	2.287432118509853	0.30645056571044965	-10.144701206046381	0.29994686640373014	20.0407	0.2366	187.00563754423368	6.365660069677487	44.945126081289516	1.903066997222382	170.7056719680347	5.888024724381975	13.3344
21.998399222790454	0.3370034771577435	10.786739039547697	0.18867972907909353	2.2243546784238815	0.33471496208207613	-10.174619564998272	0.27010324258691254	20.0407	0.2366	189.2823470043833	6.52053072132962	44.612629786666645	2.0019651512118983	171.15684827118878	5.937211137895728	13.3339833
22.101030819855048	0.34787794971109587	10.786739039547697	0.18867972907909353	2.1928222095113408	0.33787513929205193	-10.174619564998272	0.27010324258691254	20.0407	0.2366	187.56537258420735	6.56066198506981	44.44893884228397	2.0015556016228664	171.59323585203862	6.001710221414229	13.3339833
21.96419811476447	0.3170967884601015	10.786739039547697	0.18867972907909353	2.255891314480204	0.32477214556071765	-10.144701206046381	0.29994686640373014	20.0407	0.2366	189.86745188538399	6.267825771464257	44.77895204331528	1.9715592044892343	171.13986042615727	6.101281960439485	13.3344
22.032605042328523	0.3478317045724738	10.786739039547697	0.18867972907909353	2.3189770913442933	0.27501291916474574	-10.144701206046381	0.29994686640373014	20.0407	0.2366	188.712516460697	6.640267315243645	45.11256026164878	1.7768222857461622	170.27362408807267	5.559447258213725	13.3344
21.998399222790454	0.3370034771577435	10.786739039547697	0.18867972907909353	2.255891314480204	0.32477214556071765	-10.114778993177785	0.3173616713693494	20.0407	0.2366	189.29417752077467	6.520938267235513	44.780351385566625	1.9716208157143744	171.55917506875576	6.297384032767126	13.3348167
21.93000171727108	0.28298410340674846	10.786739039547697	0.18867972907909353	2.2243546784238815	0.3347149620820761	-10.144701206046381	0.29994686640373014	20.0407	0.2366	190.45011632070327	5.812970174652827	44.61402397491586	2.0020277145779786	171.5762054102369	6.234456331656169	13.3344
22.032605042328523	0.3478317045724738	10.786739039547697	0.18867972907909353	2.287432118509853	0.30645056571044965	-10.174619564998272	0.27010324258691254	20.0407	0.2366	188.712516460697	6.640267315243645	44.945126081289516	1.903066997222382	170.29584911552462	5.582139280736558	13.3344
21.93000171727108	0.28298410340674846	10.786739039547697	0.18867972907909353	2.3189770913442933	0.27501291916474574	-10.114778993177785	0.3173616713693494	20.0407	0.2366	190.44416475456825	5.81278851933487	45.1111504941406	1.7767667600497326	170.67805889658115	5.764527877027414	13.3339833
22.135250779802497	0.33709001065138733	10.786739039547697	0.18867972907909353	2.255891314480204	0.32477214556071765	-10.144701206046381	0.29994686640373014	20.0407	0.2366	187.00563754423368	6.365660069677487	44.77895204331528	1.9715592044892343	171.13986042615727	6.101281960439485	13.3344
21.96419811476447	0.3170967884601015	10.786739039547697	0.18867972907909353	2.255891314480204	0.32477214556071765	-10.204534070780817	0.18797755548460165	20.0407	0.2366	189.86745188538399	6.267825771464257	44.77895204331528	1.9715592044892343	170.31807563126088	5.129186485470797	13.3344
22.032605042328523	0.3478317045724738	10.786739039547697	0.18867972907909353	2.287432118509853	0.30645056571044965	-10.144701206046381	0.29994686640373014	20.0407	0.2366	188.712516460697	6.640267315243645	44.945126081289516	1.903066997222382	170.7056719680347	5.888024724381975	13.3344
21.93000171727108	0.28298410340674846	10.786739039547697	0.18867972907909353	2.161293906912559	0.3346740811539396	-10.114778993177785	0.31736167136934934	20.0407	0.2366	190.45011632070327	5.812970174652827	44.287850110399795	1.9726781578935926	172.8757796109985	6.495074451259363	13.3344
22.101030819855048	0.34787794971109587	10.786739039547697	0.18867972907909353	2.161293906912559	0.3346740811539396	-10.174619564998272	0.27010324258691254	20.0407	0.2366	187.57123418527567	6.56086701216394	44.287850110399795	1.9726781578935926	172.03717243939414	5.9978117074990305	13.3344
21.895810029332704	0.18908904536889903	10.786739039547697	0.18867972907909353	2.287432118509853	0.3064505657104497	-10.174619564998272	0.27010324258691254	20.0407	0.2366	191.0362869330841	4.593560500085029	44.945126081289516	1.9030669972223822	170.29584911552462	5.582139280736559	13.3344
21.998399222790454	0.3370034771577435	10.786739039547697	0.18867972907909353	2.2243546784238815	0.33471496208207613	-10.174619564998272	0.27010324258691254	20.0407	0.2366	189.288262262579	6.520734494282567	44.61402397491586	2.002027714577979	171.16219708984787	5.937396681542026	13.3344
21.998399222790454	0.3370034771577434	10.786739039547697	0.18867972907909353	2.287432118509853	0.30645056571044965	-10.174619564998272	0.27010324258691254	20.0407	0.2366	189.288262262579	6.520734494282567	44.945126081289516	1.903066997222382	170.29584911552462	5.582139280736558	13.3344
22.066815574356728	0.35130605341131727	10.786739039547697	0.18867972907909353	2.255891314480204	0.32477214556071765	-10.174619564998272	0.27010324258691254	20.0407	0.2366	188.14018385563185	6.6510453237550475	44.77895204331528	1.9715592044892343	170.72795267555475	5.801668203732189	13.3344
21.93000171727108	0.28298410340674846	10.786739039547697	0.18867972907909353	2.287432118509853	0.30645056571044965	-10.204534070780817	0.18797755548460165	20.0407	0.2366	190.45011632070327	5.812970174652827	44.945126081289516	1.903066997222382	169.88804172268385	4.8892596737344265	13.3344
21.93000171727108	0.28298410340674846	10.786739039547697	0.18867972907909353	2.2243546784238815	0.33471496208207613	-10.174619564998272	0.27010324258691254	20.0407	0.2366	190.45011632070327	5.812970174652827	44.61402397491586	2.002027714577979	171.16219708984787	5.937396681542026	13.3344
21.96419811476447	0.3170967884601016	10.786739039547697	0.18867972907909353	2.3189770913442933	0.27501291916474574	-10.174619564998272	0.27010324258691254	20.0407	0.2366	189.86745188538399	6.267825771464259	45.11256026164878	1.7768222857461622	169.86587061678384	5.240953699751057	13.3344
21.895810029332704	0.18908904536889903	10.786739039547697	0.18867972907909353	2.1928222095113408	0.3378751392920519	-10.144701206046381	0.29994686640373014	20.0407	0.2366	191.0362869330841	4.593560500085029	44.45032791503132	2.0016181521901224	172.01472302686062	6.2992469756383755	13.3344
21.96419811476447	0.3170967884601015	10.786739039547697	0.18867972907909353	2.2243546784238815	0.33471496208207613	-10.204534070780817	0.18797755548460165	20.0407	0.2366	189.86745188538399	6.267825771464257	44.61402397491586	2.002027714577979	170.75023487521096	5.273914204667492	13.3344
21.998399222790454	0.3370034771577435	10.786739039547697	0.18867972907909353	2.2243546784238815	0.33471496208207613	-10.204534070780817	0.18797755548460165	20.0407	0.2366	189.288262262579	6.520734494282567	44.61402397491586	2.002027714577979	170.75023487521096	5.273914204667492	13.3344
21.895810029332704	0.18908904536889903	10.786739039547697	0.18867972907909353	2.2243546784238815	0.33471496208207613	-10.174619564998272	0.27010324258691254	20.0407	0.2366	191.0362869330841	4.593560500085029	44.61402397491586	2.002027714577979	171.16219708984787	5.937396681542026	13.3344
21.895810029332704	0.18908904536889903	10.786739039547697	0.18867972907909353	2.129769769797512	0.3246956484408957	-10.174619564998272	0.27010324258691254	20.0407	0.2366	191.0362869330841	4.593560500085029	44.126577011708164	1.9141940679533418	172.47793575281827	5.920389017864721	13.3344
21.96419811476447	0.3170967884601015	10.786739039547697	0.18867972907909353	2.161293906912559	0.3346740811539396	-10.174619564998272	0.27010324258691254	20.0407	0.2366	189.86745188538399	6.267825771464257	44.287850110399795	1.9726781578935926	172.03717243939414	5.9978117074990305	13.3344
21.895810029332704	0.18908904536889903	10.786739039547697	0.18867972907909353	2.1928222095113408	0.3378751392920519	-10.204534070780817	0.18797755548460165	20.0407	0.2366	191.03031704911746	4.5934169513194005	44.44893884228397	2.0015556016228664	171.17918573279653	5.338699251987546	13.3339833
22.032605042328523	0.3478317045724738	10.786739039547697	0.18867972907909353	2.129769769797512	0.3246956484408957	-10.204534070780817	0.18797755548460165	20.0407	0.2366	188.712516460697	6.640267315243645	44.126577011708164	1.9141940679533418	172.05962335569174	5.233693833336655	13.3344
21.895810029332704	0.18908904536889903	10.786739039547697	0.18867972907909353	2.2243546784238815	0.33471496208207613	-10.204534070780817	0.18797755548460165	20.0407	0.2366	191.0362869330841	4.593560500085029	44.61402397491586	2.002027714577979	170.75023487521096	5.273914204667492	13.3344
21.895810029332704	0.18908904536889903	10.786739039547697	0.18867972907909353	2.255891314480204	0.32477214556071765	-10.144701206046381	0.29994686640373014	20.0407	0.2366	191.04225681705077	4.593704048850656	44.780351385566625	1.9716208157143744	171.14520854679557	6.101472625500749	13.3348167
21.93000171727108	0.28298410340674846	10.786739039547697	0.18867972907909353	2.2243546784238815	0.33471496208207613	-10.174619564998272	0.27010324258691254	20.0407	0.2366	190.45011632070327	5.812970174652827	44.61402397491586	2.002027714577979	171.16219708984787	5.937396681542026	13.3344
21.93000171727108	0.28298410340674846	10.786739039547697	0.18867972907909353	2.161293906912559	0.3346740811539396	-10.204534070780817	0.18797755548460165	20.0407	0.2366	190.45011632070327	5.812970174652827	44.287850110399795	1.9726781578935926	171.62099270609738	5.3273463697869525	13.3344
22.032605042328523	0.3478317045724738	10.786739039547697	0.18867972907909353	2.2243546784238815	0.3347149620820761	-10.174619564998272	0.27010324258691254	20.0407	0.2366	188.712516460697	6.640267315243645	44.61402397491586	2.0020277145779786	171.16219708984787	5.937396681542026	13.3344
21.895810029332704	0.18908904536889903	10.786739039547697	0.18867972907909353	2.066733988700449	0.2749125390620211	-10.204534070780817	0.18797755548460165	20.0407	0.2366	191.0362869330841	4.593560500085029	43.807591732129396	1.6750971864953137	172.9434694831596	4.693587340536442	13.3344
21.93000171727108	0.28298410340674846	10.786739039547697	0.18867972907909353	2.161293906912559	0.3346740811539396	-10.204534070780817	0.18797755548460165	20.0407	0.2366	190.45011632070327	5.812970174652827	44.287850110399795	1.9726781578935926	171.62099270609738	5.3273463697869525	13.3344
21.895810029332704	0.18908904536889903	10.786739039547697	0.18867972907909353	2.0982497973366567	0.30635035542492933	-10.204534070780817	0.18797755548460165	20.0407	0.2366	191.0362869330841	4.593560500085029	43.966495269827924	1.8206630614596675	172.50044346989787	5.039584341939844	13.3344
21.895810029332704	0.18908904536889903	10.786739039547697	0.18867972907909353	2.0352223430603082	0.18838669639084618	-10.204534070780817	0.18797755548460165	20.0407	0.2366	191.0362869330841	4.593560500085029	43.64985343888419	1.3298493991025424	173.3887179948021	3.770002911576894	13.3344
21.895810029332704	0.18908904536889903	10.786739039547697	0.18867972907909353	2.161293906912559	0.3346740811539396	-10.114778993177785	0.3173616713693494	20.0407	0.2366	191.0362869330841	4.593560500085029	44.287850110399795	1.9726781578935926	172.8757796109985	6.495074451259364	13.3344
21.96419811476447	0.3170967884601015	10.786739039547697	0.18867972907909353	2.3189770913442933	0.27501291916474574	-10.174619564998272	0.27010324258691254	20.0407	0.2366	189.86745188538399	6.267825771464257	45.11256026164878	1.7768222857461622	169.86587061678384	5.240953699751057	13.3344
22.169475455179533	0.3172101422419168	10.786739039547697	0.18867972907909353	2.287432118509853	0.3064505657104497	-10.144701206046381	0.29994686640373014	20.0407	0.2366	186.4433643785441	6.045390781687838	44.945126081289516	1.9030669972223822	170.7056719680347	5.888024724381976	13.3344
22.032605042328523	0.3478317045724738	10.786739039547697	0.18867972907909353	2.255891314480204	0.32477214556071765	-10.084852925643686	0.326833734200634	20.0407	0.2366	188.712516460697	6.640267315243645	44.77895204331528	1.9715592044892343	171.96982871296134	6.420710331323029	13.3344
21.998399222790454	0.3370034771577434	10.786739039547697	0.18867972907909353	2.287432118509853	0.30645056571044965	-10.204534070780817	0.18797755548460165	20.0407	0.2366	189.288262262579	6.520734494282567	44.945126081289516	1.903066997222382	169.88804172268385	4.8892596737344265	13.3344
21.998399222790454	0.3370034771577435	10.786739039547697	0.18867972907909353	2.255891314480204	0.32477214556071765	-10.114778993177785	0.31736167136934934	20.0407	0.2366	189.288262262579	6.520734494282567	44.77895204331528	1.9715592044892343	171.5538140120679	6.297187245665698	13.3344
22.032605042328523	0.3478317045724738	10.786739039547697	0.18867972907909353	2.287432118509853	0.3064505657104497	-10.114778993177785	0.3173616713693494	20.0407	0.2366	188.70661919455762	6.640059806890044	44.94372154609948	1.903007526378719	171.112177835764	6.086773120390119	13.3339833
22.032605042328523	0.3478317045724738	10.786739039547697	0.18867972907909353	2.287432118509853	0.30645056571044965	-10.114778993177785	0.31736167136934934	20.0407	0.2366	188.7184137268364	6.640474823597245	44.946530616479556	1.9031264680660451	171.12287268109262	6.087153555598742	13.3348167
21.895810029332704	0.18908904536889903	10.786739039547697	0.18867972907909353	2.255891314480204	0.32477214556071765	-10.174619564998272	0.27010324258691254	20.0407	0.2366	191.0362869330841	4.593560500085029	44.77895204331528	1.9715592044892343	170.72795267555475	5.801668203732189	13.3344
21.96419811476447	0.3170967884601015	10.786739039547697	0.18867972907909353	2.287432118509853	0.30645056571044965	-10.114778993177785	0.3173616713693494	20.0407	0.2366	189.86745188538399	6.267825771464257	44.945126081289516	1.903066997222382	171.1175252584283	6.08696333799443	13.3344
22.1054561436575	0.40681371028117774	10.886898272279307	0.33330142885804837	2.351104201678074	0.38531043535723086	-10.08642086440904	0.342148966058722	20.0407	0.2366	189.17779070730347	8.868479876782224	44.75440194381075	2.6711954752218414	170.6370022775792	7.069620147980579	13.3348167
22.066815574356728	0.35130605341131727	10.786739039547697	0.18867972907909353	2.2243546784238815	0.33471496208207613	-10.174619564998272	0.27010324258691254	20.0407	0.2366	188.14018385563185	6.6510453237550475	44.61402397491586	2.002027714577979	171.16219708984787	5.937396681542026	13.3344
22.032605042328523	0.3478317045724738	10.786739039547697	0.18867972907909353	2.161293906912559	0.3346740811539396	-10.144701206046381	0.29994686640373014	20.0407	0.2366	188.70661919455762	6.640059806890044	44.28646611508385	1.972616511701158	172.45004031124742	6.297892210382584	13.3339833
21.93000171727108	0.28298410340674846	10.786739039547697	0.18867972907909353	2.129769769797512	0.3246956484408958	-10.204534070780817	0.18797755548460165	20.0407	0.2366	190.4560678868383	5.813151829970786	44.12795596723978	1.9142538865179664	172.0650002189216	5.233857386268947	13.3348167
22.101030819855048	0.34787794971109587	10.786739039547697	0.18867972907909353	2.3505262338130684	0.18839772612908903	-10.114778993177785	0.31736167136934934	20.0407	0.2366	187.57123418527567	6.56086701216394	45.28126897296276	1.4311552690049845	170.2514005488882	5.040755980484692	13.3344
21.998399222790454	0.3370034771577434	10.786739039547697	0.18867972907909353	2.287432118509853	0.30645056571044965	-10.144701206046381	0.29994686640373014	20.0407	0.2366	189.2823470043833	6.520530721329619	44.94372154609948	1.9030075263787187	170.7003374157857	5.887840723609338	13.3339833
21.998399222790454	0.3370034771577435	10.786739039547697	0.18867972907909353	2.2243546784238815	0.33471496208207613	-10.084852925643686	0.326833734200634	20.0407	0.2366	189.288262262579	6.520734494282567	44.61402397491586	2.002027714577979	172.41042164755422	6.552560724902517	13.3344
21.96419811476447	0.3170967884601016	10.786739039547697	0.18867972907909353	2.287432118509853	0.3064505657104497	-10.174619564998272	0.27010324258691254	20.0407	0.2366	189.86745188538399	6.267825771464259	44.945126081289516	1.9030669972223822	170.29584911552462	5.582139280736559	13.3344
21.96419811476447	0.3170967884601015	10.786739039547697	0.18867972907909353	2.161293906912559	0.3346740811539396	-10.204534070780817	0.18797755548460165	20.0407	0.2366	189.86745188538399	6.267825771464257	44.287850110399795	1.9726781578935926	171.62099270609738	5.3273463697869525	13.3344
21.96419811476447	0.3170967884601015	10.786739039547697	0.18867972907909353	2.3505262338130684	0.18839772612908903	-10.204534070780817	0.18797755548460165	20.0407	0.2366	189.86151852751257	6.267629901908899	45.27985393330735	1.4311105454028281	169.02900518313587	3.5830164217914615	13.3339833
21.96419811476447	0.3170967884601015	10.786739039547697	0.18867972907909353	2.287432118509853	0.30645056571044965	-10.174619564998272	0.27010324258691254	20.0407	0.2366	189.86151852751257	6.267629901908899	44.94372154609948	1.9030075263787187	170.29052737023977	5.581964838884035	13.3339833
22.032605042328523	0.3478317045724738	10.786739039547697	0.18867972907909353	2.2243546784238815	0.33471496208207613	-10.174619564998272	0.27010324258691254	20.0407	0.2366	188.712516460697	6.640267315243645	44.61402397491586	2.002027714577979	171.16219708984787	5.937396681542026	13.3344
21.998399222790454	0.3370034771577434	10.786739039547697	0.18867972907909353	2.255891314480204	0.32477214556071765	-10.144701206046381	0.29994686640373014	20.0407	0.2366	189.2823470043833	6.520530721329619	44.77755270106392	1.9714975932640937	171.1345123055189	6.101091295378222	13.3339833
22.066815574356728	0.3513060534113174	10.786739039547697	0.18867972907909353	2.255891314480204	0.32477214556071765	-10.174619564998272	0.27010324258691254	20.0407	0.2366	188.14018385563185	6.651045323755049	44.77895204331528	1.9715592044892343	170.72795267555475	5.801668203732189	13.3344
22.032605042328523	0.3478317045724738	10.786739039547697	0.18867972907909353	2.287432118509853	0.30645056571044965	-10.204534070780817	0.18797755548460165	20.0407	0.2366	188.712516460697	6.640267315243645	44.945126081289516	1.903066997222382	169.88804172268385	4.8892596737344265	13.3344
21.998399222790454	0.3370034771577435	10.786739039547697	0.18867972907909353	2.255891314480204	0.32477214556071765	-10.114778993177785	0.3173616713693494	20.0407	0.2366	189.288262262579	6.520734494282567	44.77895204331528	1.9715592044892343	171.5538140120679	6.297187245665698	13.3344
