22.203704846965167	0.2830976361498465	10.786739039547697	0.18867972907909353	2.3505262338130684	0.18839772612908903	-9.905215530542716	0.18798800945586389	20.0407	0.2366	185.88438548057817	5.539136124302937	45.28126897296276	1.4311552690049845	173.16256445095905	3.7603894260489765	13.3344
22.135250779802497	0.33709001065138733	10.786739039547697	0.18867972907909353	2.3505262338130684	0.18839772612908903	-9.905215530542716	0.18798800945586389	20.0407	0.2366	186.9997936180604	6.365461142800308	45.27985393330735	1.4311105454028281	173.15715312081997	3.760271913879413	13.3339833
22.135250779802497	0.33709001065138733	10.786739039547697	0.18867972907909353	2.3505262338130684	0.18839772612908903	-9.905215530542716	0.18798800945586389	20.0407	0.2366	187.00563754423368	6.365660069677487	45.28126897296276	1.4311552690049845	173.16256445095905	3.7603894260489765	13.3344
22.135250779802497	0.33709001065138733	10.786739039547697	0.18867972907909353	2.3505262338130684	0.18839772612908903	-9.935164741792237	0.27019616750143843	20.0407	0.2366	187.00563754423368	6.365660069677487	45.28126897296276	1.4311552690049845	172.74044067838918	4.631361156743942	13.3344
22.203704846965167	0.2830976361498465	10.786739039547697	0.18867972907909353	2.3505262338130684	0.18839772612908903	-9.935164741792237	0.2701961675014384	20.0407	0.2366	185.88438548057817	5.539136124302937	45.28126897296276	1.4311552690049845	172.74044067838918	4.631361156743941	13.3344
22.203704846965167	0.2830976361498465	10.786739039547697	0.18867972907909353	2.3505262338130684	0.18839772612908903	-9.905215530542716	0.18798800945586389	20.0407	0.2366	185.88438548057817	5.539136124302937	45.28126897296276	1.4311552690049845	173.16256445095905	3.7603894260489765	13.3344
22.135250779802497	0.33709001065138733	10.786739039547697	0.18867972907909353	2.3505262338130684	0.18839772612908903	-9.965110093882972	0.3000396265608307	20.0407	0.2366	187.00563754423368	6.365660069677487	45.28126897296276	1.4311552690049845	172.3204239469118	4.957149369801877	13.3344
22.169475455179533	0.3172101422419168	10.786739039547697	0.18867972907909353	2.3505262338130684	0.18839772612908903	-9.905215530542716	0.18798800945586389	20.0407	0.2366	186.4433643785441	6.045390781687838	45.28126897296276	1.4311552690049845	173.16256445095905	3.7603894260489765	13.3344
22.135250779802497	0.33709001065138733	10.786739039547697	0.18867972907909353	2.3505262338130684	0.18839772612908903	-9.935164741792237	0.2701961675014384	20.0407	0.2366	187.00563754423368	6.365660069677487	45.28126897296276	1.4311552690049845	172.74044067838918	4.631361156743941	13.3344
22.169475455179533	0.3172101422419168	10.786739039547697	0.18867972907909353	2.3505262338130684	0.18839772612908903	-9.905215530542716	0.18798800945586389	20.0407	0.2366	186.4433643785441	6.045390781687838	45.28126897296276	1.4311552690049845	173.16256445095905	3.7603894260489765	13.3344
22.203704846965167	0.2830976361498465	10.786739039547697	0.18867972907909353	2.3505262338130684	0.18839772612908903	-9.965110093882972	0.3000396265608307	20.0407	0.2366	185.88438548057817	5.539136124302937	45.28126897296276	1.4311552690049845	172.3204239469118	4.957149369801877	13.3344
22.066815574356728	0.35130605341131727	10.786739039547697	0.18867972907909353	2.3505262338130684	0.18839772612908903	-9.935164741792237	0.2701961675014384	20.0407	0.2366	188.14018385563185	6.6510453237550475	45.28126897296276	1.4311552690049845	172.74044067838918	4.631361156743941	13.3344
22.169475455179533	0.3172101422419168	10.786739039547697	0.18867972907909353	2.3505262338130684	0.18839772612908903	-9.905215530542716	0.18798800945586389	20.0407	0.2366	186.4433643785441	6.045390781687838	45.28126897296276	1.4311552690049845	173.16256445095905	3.7603894260489765	13.3344
22.203704846965167	0.2830976361498465	10.786739039547697	0.18867972907909353	2.3505262338130684	0.18839772612908903	-9.905215530542716	0.18798800945586389	20.0407	0.2366	185.88438548057817	5.539136124302937	45.28126897296276	1.4311552690049845	173.16256445095905	3.7603894260489765	13.3344
22.169475455179533	0.3172101422419168	10.786739039547697	0.18867972907909353	2.3505262338130684	0.18839772612908903	-9.995051587564204	0.31743247954213194	20.0407	0.2366	186.4433643785441	6.045390781687838	45.28126897296276	1.4311552690049845	171.90249851973414	5.139848404904174	13.3344
22.135250779802497	0.33709001065138733	10.786739039547697	0.18867972907909353	2.3505262338130684	0.18839772612908903	-9.905215530542716	0.18798800945586389	20.0407	0.2366	187.00563754423368	6.365660069677487	45.28126897296276	1.4311552690049845	173.16256445095905	3.7603894260489765	13.3344
22.169475455179533	0.3172101422419168	10.786739039547697	0.18867972907909353	2.3505262338130684	0.18839772612908903	-9.905215530542716	0.18798800945586389	20.0407	0.2366	186.4433643785441	6.045390781687838	45.28126897296276	1.4311552690049845	173.16256445095905	3.7603894260489765	13.3344
22.203704846965167	0.2830976361498465	10.786739039547697	0.18867972907909353	2.3505262338130684	0.18839772612908903	-9.905215530542716	0.18798800945586389	20.0407	0.2366	185.88438548057817	5.539136124302937	45.28126897296276	1.4311552690049845	173.16256445095905	3.7603894260489765	13.3344
22.066815574356728	0.35130605341131727	10.786739039547697	0.18867972907909353	2.3505262338130684	0.18839772612908903	-9.905215530542716	0.18798800945586389	20.0407	0.2366	188.14018385563185	6.6510453237550475	45.28126897296276	1.4311552690049845	173.16256445095905	3.7603894260489765	13.3344
22.203704846965167	0.2830976361498465	10.786739039547697	0.18867972907909353	2.3505262338130684	0.18839772612908903	-9.905215530542716	0.18798800945586389	20.0407	0.2366	185.88438548057817	5.539136124302937	45.28126897296276	1.4311552690049845	173.16256445095905	3.7603894260489765	13.3344
22.169475455179533	0.3172101422419168	10.786739039547697	0.18867972907909353	2.3505262338130684	0.18839772612908903	-9.905215530542716	0.18798800945586389	20.0407	0.2366	186.4433643785441	6.045390781687838	45.28126897296276	1.4311552690049845	173.16256445095905	3.7603894260489765	13.3344
22.169475455179533	0.3172101422419168	10.786739039547697	0.18867972907909353	2.3505262338130684	0.18839772612908903	-9.935164741792237	0.2701961675014384	20.0407	0.2366	186.4433643785441	6.045390781687838	45.28126897296276	1.4311552690049845	172.74044067838918	4.631361156743941	13.3344
22.237938956140823	0.1891010966875327	10.786739039547697	0.18867972907909353	2.3505262338130684	0.18839772612908903	-9.905215530542716	0.18798800945586389	20.0407	0.2366	185.32867198391912	4.323314215301261	45.28126897296276	1.4311552690049845	173.16256445095905	3.7603894260489765	13.3344
22.135250779802497	0.3370900106513873	10.786739039547697	0.18867972907909353	2.3505262338130684	0.18839772612908903	-9.935164741792237	0.2701961675014384	20.0407	0.2366	187.00563754423368	6.365660069677487	45.28126897296276	1.4311552690049845	172.74044067838918	4.631361156743941	13.3344
22.135250779802497	0.33709001065138733	10.786739039547697	0.18867972907909353	2.3505262338130684	0.18839772612908903	-9.905215530542716	0.18798800945586389	20.0407	0.2366	187.00563754423368	6.365660069677487	45.28126897296276	1.4311552690049845	173.16256445095905	3.7603894260489765	13.3344
22.169475455179533	0.3172101422419168	10.786739039547697	0.18867972907909353	2.3505262338130684	0.18839772612908903	-9.905215530542716	0.18798800945586389	20.0407	0.2366	186.4433643785441	6.045390781687838	45.28126897296276	1.4311552690049845	173.16256445095905	3.7603894260489765	13.3344
22.237938956140823	0.1891010966875327	10.786739039547697	0.18867972907909353	2.3505262338130684	0.18839772612908903	-9.905215530542716	0.18798800945586389	20.0407	0.2366	185.32867198391912	4.323314215301261	45.28126897296276	1.4311552690049845	173.16256445095905	3.7603894260489765	13.3344
22.135250779802497	0.3370900106513873	10.786739039547697	0.18867972907909353	2.3505262338130684	0.18839772612908903	-9.905215530542716	0.18798800945586389	20.0407	0.2366	187.00563754423368	6.365660069677487	45.28126897296276	1.4311552690049845	173.16256445095905	3.7603894260489765	13.3344
22.203704846965167	0.2830976361498465	10.786739039547697	0.18867972907909353	2.3505262338130684	0.18839772612908903	-9.905215530542716	0.18798800945586389	20.0407	0.2366	185.88438548057817	5.539136124302937	45.28126897296276	1.4311552690049845	173.16256445095905	3.7603894260489765	13.3344
22.169475455179533	0.3172101422419168	10.786739039547697	0.18867972907909353	2.3505262338130684	0.18839772612908903	-9.905215530542716	0.18798800945586389	20.0407	0.2366	186.4433643785441	6.045390781687838	45.28126897296276	1.4311552690049845	173.16256445095905	3.7603894260489765	13.3344
22.203704846965167	0.2830976361498465	10.786739039547697	0.18867972907909353	2.3505262338130684	0.18839772612908903	-9.905215530542716	0.18798800945586389	20.0407	0.2366	185.88438548057817	5.539136124302937	45.28126897296276	1.4311552690049845	173.16256445095905	3.7603894260489765	13.3344
22.101030819855048	0.34787794971109587	10.786739039547697	0.18867972907909353	2.3505262338130684	0.18839772612908903	-9.905215530542716	0.18798800945586389	20.0407	0.2366	187.57123418527567	6.56086701216394	45.28126897296276	1.4311552690049845	173.16256445095905	3.7603894260489765	13.3344
22.203704846965167	0.2830976361498465	10.786739039547697	0.18867972907909353	2.3505262338130684	0.18839772612908903	-9.935164741792237	0.2701961675014384	20.0407	0.2366	185.88438548057817	5.539136124302937	45.28126897296276	1.4311552690049845	172.74044067838918	4.631361156743941	13.3344
22.066815574356728	0.35130605341131727	10.786739039547697	0.18867972907909353	2.3505262338130684	0.18839772612908903	-9.935164741792237	0.2701961675014384	20.0407	0.2366	188.13430447488633	6.650837478588679	45.27985393330735	1.4311105454028281	172.73504253961795	4.631216426707794	13.3339833
22.101030819855048	0.34787794971109587	10.786739039547697	0.18867972907909353	2.3505262338130684	0.18839772612908903	-9.935164741792237	0.2701961675014384	20.0407	0.2366	187.57123418527567	6.56086701216394	45.28126897296276	1.4311552690049845	172.74044067838918	4.631361156743941	13.3344
22.101030819855048	0.34787794971109587	10.786739039547697	0.18867972907909353	2.3505262338130684	0.18839772612908903	-9.905215530542716	0.18798800945586389	20.0407	0.2366	187.57123418527567	6.56086701216394	45.28126897296276	1.4311552690049845	173.16256445095905	3.7603894260489765	13.3344
22.135250779802497	0.33709001065138733	10.786739039547697	0.18867972907909353	2.3505262338130684	0.18839772612908903	-9.935164741792237	0.2701961675014384	20.0407	0.2366	186.9997936180604	6.365461142800308	45.27985393330735	1.4311105454028281	172.73504253961795	4.631216426707794	13.3339833
22.066815574356728	0.35130605341131727	10.786739039547697	0.18867972907909353	2.3505262338130684	0.18839772612908903	-9.905215530542716	0.18798800945586389	20.0407	0.2366	188.14018385563185	6.6510453237550475	45.28126897296276	1.4311552690049845	173.16256445095905	3.7603894260489765	13.3344
22.203704846965167	0.2830976361498465	10.786739039547697	0.18867972907909353	2.3505262338130684	0.18839772612908903	-9.905215530542716	0.18798800945586389	20.0407	0.2366	185.88438548057817	5.539136124302937	45.28126897296276	1.4311552690049845	173.16256445095905	3.7603894260489765	13.3344
22.169475455179533	0.3172101422419168	10.786739039547697	0.18867972907909353	2.3505262338130684	0.18839772612908903	-9.905215530542716	0.18798800945586389	20.0407	0.2366	186.4433643785441	6.045390781687838	45.28126897296276	1.4311552690049845	173.16256445095905	3.7603894260489765	13.3344
22.203704846965167	0.2830976361498465	10.786739039547697	0.18867972907909353	2.3505262338130684	0.18839772612908903	-9.905215530542716	0.18798800945586389	20.0407	0.2366	185.88438548057817	5.539136124302937	45.28126897296276	1.4311552690049845	173.16256445095905	3.7603894260489765	13.3344
22.237938956140823	0.1891010966875327	10.786739039547697	0.18867972907909353	2.3505262338130684	0.18839772612908903	-9.905215530542716	0.18798800945586389	20.0407	0.2366	185.32867198391912	4.323314215301261	45.28126897296276	1.4311552690049845	173.16256445095905	3.7603894260489765	13.3344
22.203704846965167	0.2830976361498465	10.786739039547697	0.18867972907909353	2.3505262338130684	0.18839772612908903	-9.905215530542716	0.18798800945586389	20.0407	0.2366	185.88438548057817	5.539136124302937	45.28126897296276	1.4311552690049845	173.16256445095905	3.7603894260489765	13.3344
22.203704846965167	0.2830976361498465	10.786739039547697	0.18867972907909353	2.3505262338130684	0.18839772612908903	-9.905215530542716	0.18798800945586389	20.0407	0.2366	185.88438548057817	5.539136124302937	45.28126897296276	1.4311552690049845	173.16256445095905	3.7603894260489765	13.3344
22.237938956140823	0.1891010966875327	10.786739039547697	0.18867972907909353	2.3505262338130684	0.18839772612908903	-9.905215530542716	0.18798800945586389	20.0407	0.2366	185.32867198391912	4.323314215301261	45.28126897296276	1.4311552690049845	173.16256445095905	3.7603894260489765	13.3344
22.169475455179533	0.3172101422419168	10.786739039547697	0.18867972907909353	2.3505262338130684	0.18839772612908903	-9.905215530542716	0.18798800945586389	20.0407	0.2366	186.4433643785441	6.045390781687838	45.28126897296276	1.4311552690049845	173.16256445095905	3.7603894260489765	13.3344
22.237938956140823	0.1891010966875327	10.786739039547697	0.18867972907909353	2.3505262338130684	0.18839772612908903	-9.905215530542716	0.18798800945586389	20.0407	0.2366	185.32867198391912	4.323314215301261	45.28126897296276	1.4311552690049845	173.16256445095905	3.7603894260489765	13.3344
22.237938956140823	0.1891010966875327	10.786739039547697	0.18867972907909353	2.3505262338130684	0.18839772612908903	-9.905215530542716	0.18798800945586389	20.0407	0.2366	185.32288046291964	4.323179111732034	45.27985393330735	1.4311105454028281	173.15715312081997	3.760271913879413	13.3339833
22.135250779802497	0.33709001065138733	10.786739039547697	0.18867972907909353	2.3505262338130684	0.18839772612908903	-9.905215530542716	0.18798800945586389	20.0407	0.2366	187.00563754423368	6.365660069677487	45.28126897296276	1.4311552690049845	173.16256445095905	3.7603894260489765	13.3344
22.135250779802497	0.33709001065138733	10.786739039547697	0.18867972907909353	2.3505262338130684	0.18839772612908903	-9.935164741792237	0.2701961675014384	20.0407	0.2366	187.00563754423368	6.365660069677487	45.28126897296276	1.4311552690049845	172.74044067838918	4.631361156743941	13.3344
22.237938956140823	0.1891010966875327	10.786739039547697	0.18867972907909353	2.3505262338130684	0.18839772612908903	-9.905215530542716	0.18798800945586389	20.0407	0.2366	185.32867198391912	4.323314215301261	45.28126897296276	1.4311552690049845	173.16256445095905	3.7603894260489765	13.3344
22.203704846965167	0.2830976361498465	10.786739039547697	0.18867972907909353	2.3505262338130684	0.18839772612908903	-9.905215530542716	0.18798800945586389	20.0407	0.2366	185.88438548057817	5.539136124302937	45.28126897296276	1.4311552690049845	173.16256445095905	3.7603894260489765	13.3344
22.169475455179533	0.3172101422419168	10.786739039547697	0.18867972907909353	2.3505262338130684	0.18839772612908903	-9.905215530542716	0.18798800945586389	20.0407	0.2366	186.4433643785441	6.045390781687838	45.28126897296276	1.4311552690049845	173.16256445095905	3.7603894260489765	13.3344
22.169475455179533	0.3172101422419168	10.786739039547697	0.18867972907909353	2.3505262338130684	0.18839772612908903	-9.905215530542716	0.18798800945586389	20.0407	0.2366	186.4433643785441	6.045390781687838	45.28126897296276	1.4311552690049845	173.16256445095905	3.7603894260489765	13.3344
22.169475455179533	0.3172101422419168	10.786739039547697	0.18867972907909353	2.3505262338130684	0.18839772612908903	-9.905215530542716	0.18798800945586389	20.0407	0.2366	186.4433643785441	6.045390781687838	45.28126897296276	1.4311552690049845	173.16256445095905	3.7603894260489765	13.3344
22.169475455179533	0.3172101422419168	10.786739039547697	0.18867972907909353	2.3505262338130684	0.18839772612908903	-9.905215530542716	0.18798800945586389	20.0407	0.2366	186.4433643785441	6.045390781687838	45.28126897296276	1.4311552690049845	173.16256445095905	3.7603894260489765	13.3344
22.237938956140823	0.1891010966875327	10.786739039547697	0.18867972907909353	2.3505262338130684	0.18839772612908903	-9.905215530542716	0.18798800945586389	20.0407	0.2366	185.32867198391912	4.323314215301261	45.28126897296276	1.4311552690049845	173.16256445095905	3.7603894260489765	13.3344
22.101030819855048	0.34787794971109587	10.786739039547697	0.18867972907909353	2.3505262338130684	0.18839772612908903	-9.905215530542716	0.18798800945586389	20.0407	0.2366	187.57123418527567	6.56086701216394	45.28126897296276	1.4311552690049845	173.16256445095905	3.7603894260489765	13.3344
22.101030819855048	0.34787794971109587	10.786739039547697	0.18867972907909353	2.3505262338130684	0.18839772612908903	-9.905215530542716	0.18798800945586389	20.0407	0.2366	187.57123418527567	6.56086701216394	45.28126897296276	1.4311552690049845	173.16256445095905	3.7603894260489765	13.3344
22.169475455179533	0.3172101422419168	10.786739039547697	0.18867972907909353	2.3505262338130684	0.18839772612908903	-9.905215530542716	0.18798800945586389	20.0407	0.2366	186.4433643785441	6.045390781687838	45.28126897296276	1.4311552690049845	173.16256445095905	3.7603894260489765	13.3344
22.101030819855048	0.34787794971109587	10.786739039547697	0.18867972907909353	2.3505262338130684	0.18839772612908903	-9.905215530542716	0.18798800945586389	20.0407	0.2366	187.57123418527567	6.56086701216394	45.28126897296276	1.4311552690049845	173.16256445095905	3.7603894260489765	13.3344
22.203704846965167	0.2830976361498465	10.786739039547697	0.18867972907909353	2.3505262338130684	0.18839772612908903	-9.905215530542716	0.18798800945586389	20.0407	0.2366	185.89019436762445	5.539309222306821	45.28268401261816	1.4311999926071408	173.16797578109814	3.76050693821854	13.3348167
22.237938956140823	0.1891010966875327	10.786739039547697	0.18867972907909353	2.3505262338130684	0.18839772612908903	-9.905215530542716	0.18798800945586389	20.0407	0.2366	185.32867198391912	4.323314215301261	45.28126897296276	1.4311552690049845	173.16256445095905	3.7603894260489765	13.3344
22.237938956140823	0.1891010966875327	10.786739039547697	0.18867972907909353	2.3505262338130684	0.18839772612908903	-9.905215530542716	0.18798800945586389	20.0407	0.2366	185.32867198391912	4.323314215301261	45.28126897296276	1.4311552690049845	173.16256445095905	3.7603894260489765	13.3344
22.237938956140823	0.1891010966875327	10.786739039547697	0.18867972907909353	2.3505262338130684	0.18839772612908903	-9.935164741792237	0.27019616750143843	20.0407	0.2366	185.32288046291964	4.323179111732034	45.27985393330735	1.4311105454028281	172.73504253961795	4.631216426707794	13.3339833
22.237938956140823	0.1891010966875327	10.786739039547697	0.18867972907909353	2.3505262338130684	0.18839772612908903	-9.935164741792237	0.2701961675014384	20.0407	0.2366	185.32867198391912	4.323314215301261	45.28126897296276	1.4311552690049845	172.74044067838918	4.631361156743941	13.3344
22.203704846965167	0.2830976361498465	10.786739039547697	0.18867972907909353	2.3505262338130684	0.18839772612908903	-9.905215530542716	0.18798800945586389	20.0407	0.2366	185.88438548057817	5.539136124302937	45.28126897296276	1.4311552690049845	173.16256445095905	3.7603894260489765	13.3344
22.203704846965167	0.2830976361498465	10.786739039547697	0.18867972907909353	2.3505262338130684	0.18839772612908903	-9.935164741792237	0.2701961675014384	20.0407	0.2366	185.88438548057817	5.539136124302937	45.28126897296276	1.4311552690049845	172.74044067838918	4.631361156743941	13.3344
22.203704846965167	0.2830976361498465	10.786739039547697	0.18867972907909353	2.3505262338130684	0.18839772612908903	-9.905215530542716	0.18798800945586389	20.0407	0.2366	185.88438548057817	5.539136124302937	45.28126897296276	1.4311552690049845	173.16256445095905	3.7603894260489765	13.3344
22.203704846965167	0.2830976361498465	10.786739039547697	0.18867972907909353	2.3505262338130684	0.18839772612908903	-9.905215530542716	0.18798800945586389	20.0407	0.2366	185.89019436762445	5.539309222306821	45.28268401261816	1.4311999926071408	173.16797578109814	3.76050693821854	13.3348167
22.169475455179533	0.3172101422419168	10.786739039547697	0.18867972907909353	2.3505262338130684	0.18839772612908903	-9.905215530542716	0.18798800945586389	20.0407	0.2366	186.4433643785441	6.045390781687838	45.28126897296276	1.4311552690049845	173.16256445095905	3.7603894260489765	13.3344
22.169475455179533	0.3172101422419168	10.786739039547697	0.18867972907909353	2.3505262338130684	0.18839772612908903	-9.905215530542716	0.18798800945586389	20.0407	0.2366	186.4433643785441	6.045390781687838	45.28126897296276	1.4311552690049845	173.16256445095905	3.7603894260489765	13.3344
22.135250779802497	0.3370900106513873	10.786739039547697	0.18867972907909353	2.3505262338130684	0.18839772612908903	-9.905215530542716	0.18798800945586389	20.0407	0.2366	187.0114814704069	6.365858996554663	45.28268401261816	1.4311999926071408	173.16797578109814	3.76050693821854	13.3348167
22.169475455179533	0.3172101422419168	10.786739039547697	0.18867972907909353	2.3505262338130684	0.18839772612908903	-9.905215530542716	0.18798800945586389	20.0407	0.2366	186.4433643785441	6.045390781687838	45.28126897296276	1.4311552690049845	173.16256445095905	3.7603894260489765	13.3344
22.135250779802497	0.33709001065138733	10.786739039547697	0.18867972907909353	2.3505262338130684	0.18839772612908903	-9.905215530542716	0.18798800945586389	20.0407	0.2366	186.9997936180604	6.365461142800308	45.27985393330735	1.4311105454028281	173.15715312081997	3.760271913879413	13.3339833
22.237938956140823	0.1891010966875327	10.786739039547697	0.18867972907909353	2.3505262338130684	0.18839772612908903	-9.905215530542716	0.18798800945586389	20.0407	0.2366	185.32867198391912	4.323314215301261	45.28126897296276	1.4311552690049845	173.16256445095905	3.7603894260489765	13.3344
22.135250779802497	0.3370900106513873	10.786739039547697	0.18867972907909353	2.3505262338130684	0.18839772612908903	-9.905215530542716	0.18798800945586389	20.0407	0.2366	187.00563754423368	6.365660069677487	45.28126897296276	1.4311552690049845	173.16256445095905	3.7603894260489765	13.3344
22.169475455179533	0.3172101422419168	10.786739039547697	0.18867972907909353	2.3505262338130684	0.18839772612908903	-9.905215530542716	0.18798800945586389	20.0407	0.2366	186.4433643785441	6.045390781687838	45.28126897296276	1.4311552690049845	173.16256445095905	3.7603894260489765	13.3344
22.169475455179533	0.3172101422419168	10.786739039547697	0.18867972907909353	2.3505262338130684	0.18839772612908903	-9.905215530542716	0.18798800945586389	20.0407	0.2366	186.4433643785441	6.045390781687838	45.28126897296276	1.4311552690049845	173.16256445095905	3.7603894260489765	13.3344
22.237938956140823	0.1891010966875327	10.786739039547697	0.18867972907909353	2.3505262338130684	0.18839772612908903	-9.905215530542716	0.18798800945586389	20.0407	0.2366	185.32867198391912	4.323314215301261	45.28126897296276	1.4311552690049845	173.16256445095905	3.7603894260489765	13.3344
22.237938956140823	0.1891010966875327	10.786739039547697	0.18867972907909353	2.3505262338130684	0.18839772612908903	-9.905215530542716	0.18798800945586389	20.0407	0.2366	185.32867198391912	4.323314215301261	45.28126897296276	1.4311552690049845	173.16256445095905	3.7603894260489765	13.3344
22.066815574356728	0.35130605341131727	10.786739039547697	0.18867972907909353	2.3505262338130684	0.18839772612908903	-9.995051587564204	0.31743247954213194	20.0407	0.2366	188.13430447488633	6.650837478588679	45.27985393330735	1.4311105454028281	171.8971265666554	5.139687784641521	13.3339833
22.135250779802497	0.33709001065138733	10.786739039547697	0.18867972907909353	2.3505262338130684	0.18839772612908903	-9.935164741792237	0.2701961675014384	20.0407	0.2366	187.00563754423368	6.365660069677487	45.28126897296276	1.4311552690049845	172.74044067838918	4.631361156743941	13.3344
22.169475455179533	0.3172101422419168	10.786739039547697	0.18867972907909353	2.3505262338130684	0.18839772612908903	-9.905215530542716	0.18798800945586389	20.0407	0.2366	186.43753802340726	6.045201863225912	45.27985393330735	1.4311105454028281	173.15715312081997	3.760271913879413	13.3339833
22.169475455179533	0.3172101422419168	10.786739039547697	0.18867972907909353	2.3505262338130684	0.18839772612908903	-9.905215530542716	0.18798800945586389	20.0407	0.2366	186.4433643785441	6.045390781687838	45.28126897296276	1.4311552690049845	173.16256445095905	3.7603894260489765	13.3344
22.066815574356728	0.35130605341131727	10.786739039547697	0.18867972907909353	2.3505262338130684	0.18839772612908903	-9.905215530542716	0.18798800945586389	20.0407	0.2366	188.14018385563185	6.6510453237550475	45.28126897296276	1.4311552690049845	173.16256445095905	3.7603894260489765	13.3344
22.169475455179533	0.3172101422419168	10.786739039547697	0.18867972907909353	2.3505262338130684	0.18839772612908903	-9.905215530542716	0.18798800945586389	20.0407	0.2366	186.4433643785441	6.045390781687838	45.28126897296276	1.4311552690049845	173.16256445095905	3.7603894260489765	13.3344
22.169475455179533	0.3172101422419168	10.786739039547697	0.18867972907909353	2.3505262338130684	0.18839772612908903	-9.905215530542716	0.18798800945586389	20.0407	0.2366	186.4433643785441	6.045390781687838	45.28126897296276	1.4311552690049845	173.16256445095905	3.7603894260489765	13.3344
22.135250779802497	0.33709001065138733	10.786739039547697	0.18867972907909353	2.3189770913442933	0.27501291916474574	-9.905215530542716	0.18798800945586389	20.0407	0.2366	186.9997936180604	6.365461142800308	45.1111504941406	1.7767667600497326	173.60405050392527	4.730919823971206	13.3339833
22.237938956140823	0.1891010966875327	10.786739039547697	0.18867972907909353	2.3505262338130684	0.18839772612908903	-9.905215530542716	0.18798800945586389	20.0407	0.2366	185.32867198391912	4.323314215301261	45.28126897296276	1.4311552690049845	173.16256445095905	3.7603894260489765	13.3344
22.237938956140823	0.1891010966875327	10.786739039547697	0.18867972907909353	2.3505262338130684	0.18839772612908903	-9.905215530542716	0.18798800945586389	20.0407	0.2366	185.32867198391912	4.323314215301261	45.28126897296276	1.4311552690049845	173.16256445095905	3.7603894260489765	13.3344
22.203704846965167	0.2830976361498465	10.786739039547697	0.18867972907909353	2.3505262338130684	0.18839772612908903	-9.905215530542716	0.18798800945586389	20.0407	0.2366	185.89019436762445	5.539309222306821	45.28268401261816	1.4311999926071408	173.16797578109814	3.76050693821854	13.3348167
22.169475455179533	0.3172101422419168	10.786739039547697	0.18867972907909353	2.3505262338130684	0.18839772612908903	-9.905215530542716	0.18798800945586389	20.0407	0.2366	186.4433643785441	6.045390781687838	45.28126897296276	1.4311552690049845	173.16256445095905	3.7603894260489765	13.3344
22.169475455179533	0.3172101422419168	10.786739039547697	0.18867972907909353	2.3505262338130684	0.18839772612908903	-9.905215530542716	0.18798800945586389	20.0407	0.2366	186.43753802340726	6.045201863225912	45.27985393330735	1.4311105454028281	173.15715312081997	3.760271913879413	13.3339833
22.237938956140823	0.1891010966875327	10.786739039547697	0.18867972907909353	2.3505262338130684	0.18839772612908903	-9.905215530542716	0.18798800945586389	20.0407	0.2366	185.32867198391912	4.323314215301261	45.28126897296276	1.4311552690049845	173.16256445095905	3.7603894260489765	13.3344
22.169475455179533	0.3172101422419168	10.786739039547697	0.18867972907909353	2.3505262338130684	0.18839772612908903	-9.935164741792237	0.2701961675014384	20.0407	0.2366	186.43753802340726	6.045201863225912	45.27985393330735	1.4311105454028281	172.73504253961795	4.631216426707794	13.3339833
22.203704846965167	0.2830976361498465	10.786739039547697	0.18867972907909353	2.3505262338130684	0.18839772612908903	-9.905215530542716	0.18798800945586389	20.0407	0.2366	185.88438548057817	5.539136124302937	45.28126897296276	1.4311552690049845	173.16256445095905	3.7603894260489765	13.3344
22.169475455179533	0.3172101422419168	10.786739039547697	0.18867972907909353	2.3505262338130684	0.18839772612908903	-9.905215530542716	0.18798800945586389	20.0407	0.2366	186.43753802340726	6.045201863225912	45.27985393330735	1.4311105454028281	173.15715312081997	3.760271913879413	13.3339833
22.237938956140823	0.1891010966875327	10.786739039547697	0.18867972907909353	2.3505262338130684	0.18839772612908903	-9.905215530542716	0.18798800945586389	20.0407	0.2366	185.3344635049186	4.32344931887049	45.28268401261816	1.4311999926071408	173.16797578109814	3.76050693821854	13.3348167
22.237938956140823	0.1891010966875327	10.786739039547697	0.18867972907909353	2.3505262338130684	0.18839772612908903	-9.905215530542716	0.18798800945586389	20.0407	0.2366	185.32867198391912	4.323314215301261	45.28126897296276	1.4311552690049845	173.16256445095905	3.7603894260489765	13.3344
