17.2256907236048	0.06841474919162821	7.348764919164901	0.06971141857348458	-1.1749525479293128	0.06636131074097346	-12.208211256680825	0.06594358592636634	19.8195	0.2361	188.77332838558124	1.8668049437537546	40.248639218225975	0.45447483052987636	168.98907272451106	1.4329066755468423	11.715
17.215612680921108	0.07225472088276276	7.342904498243869	0.07232273733220303	-1.1749563909384368	0.07044454173433873	-12.217643967991279	0.06739773476806768	19.8249	0.2356	188.85397236728076	1.955579425206649	40.27631274970254	0.4773868203586748	168.84478034097987	1.4906866383113386	11.715
17.200624967475605	0.07410519104933046	7.340734329251788	0.06917211282278181	-1.169159854035731	0.0707177965292428	-12.219217753004603	0.06980912971052858	19.8249	0.2356	189.09947652902463	1.9441863736007268	40.31401821716105	0.4686297203592506	168.73216189170725	1.5173541104087482	11.715
17.207077049812984	0.07520947886959217	7.3548234727078325	0.07046626917577332	-1.147923581457869	0.06969772471035708	-12.211984344349485	0.06747217195333248	19.8249	0.2356	189.23975045149993	1.9796076924383093	40.34655992290434	0.47030028978368993	168.51299430400107	1.4774738813174157	11.7146095
17.21009395192351	0.0714585901543577	7.3463400597078525	0.06881986348581612	-1.142119977855845	0.07108017022046341	-12.185438978951609	0.06880682254504797	19.8195	0.2361	189.0254135185786	1.9012129455551556	40.415814837202326	0.4710661825973411	168.83512630003267	1.512456413423858	11.715
17.20115379201772	0.07495187342289823	7.354087308320567	0.07539151430522284	-1.1652816570057407	0.07659355287026082	-12.207140026209013	0.07028065741527373	19.8141	0.2365	189.34574691949413	2.0441834857723964	40.269183143428485	0.5080013856409066	168.8574600378693	1.5896789342814175	11.715
17.201221362348964	0.07400343046900051	7.324110207096927	0.06777104182778364	-1.1749348719613604	0.06636070820754165	-12.209026403573091	0.06304163639233493	19.8249	0.2356	188.76978592370384	1.9178066025263079	40.36547940856181	0.45048525519384286	168.97631789440211	1.4017133773831052	11.715
17.203169113070135	0.07175837451744431	7.350058091444117	0.07565759141167135	-1.1421135364456694	0.06921403908711633	-12.179467640204908	0.07250637303248227	19.8249	0.2356	189.22958994669514	2.002613157659171	40.398150692629684	0.4877982324808754	168.92636956229566	1.5341472348750143	11.715
17.21405718692872	0.0692198799833964	7.362259408722433	0.06698491210470978	-1.1343948741620258	0.07229478048399418	-12.187147273535803	0.06667337273353442	19.8195	0.2361	189.25481422752293	1.8504071425385478	40.376837483224115	0.46835216414755226	168.69102744282884	1.5009867392243967	11.715
17.21419243611719	0.07504574568937494	7.356314352870784	0.07285901656930731	-1.1305343946622202	0.07160760884478493	-12.161447501753258	0.07297476015605059	19.8249	0.2356	189.13808251395366	2.0068280353537236	40.42348807393209	0.4865821202440093	169.02500638165586	1.5666040719818595	11.715
17.18637145987533	0.0677453422008818	7.366005397055811	0.0696299797946933	-1.1363200909065885	0.07081127199446773	-12.18122051863702	0.07121512248202162	19.8141	0.2365	189.86055574655828	1.8781992446146953	40.3499054013966	0.47130261638584064	168.81095221468485	1.5349514187539353	11.715
17.196717837933143	0.07577432384658207	7.35797499051838	0.06919627905094666	-1.1421116041183552	0.07423192093590243	-12.183017900229787	0.0706744438233985	19.8195	0.2361	189.50593457287803	1.9764907024030667	40.36053342652182	0.481859693248136	168.87202085740228	1.5676758851025525	11.715
17.218629171726686	0.07469770445666217	7.374433598036131	0.07241950907078332	-1.117020112662832	0.07415602370698725	-12.167151886772437	0.07152383585731646	19.8249	0.2356	189.40096672851445	2.0017162612726174	40.40156618870937	0.4931659846954334	168.73103384070652	1.5731962620156321	11.715
17.235023956200905	0.06885633570035277	7.39232705323611	0.06892115539440033	-1.111224903914644	0.07484856512294003	-12.152236487941547	0.06671996151478865	19.8249	0.2356	189.42980533718693	1.8749838169081987	40.344085725574395	0.4827260436673283	168.87041048113178	1.533596578869984	11.715
17.205454783335508	0.07061219702340626	7.376150355945123	0.07204598764740915	-1.1170146221187858	0.06892114134243894	-12.163022821438442	0.06864015360898547	19.8195	0.2361	189.68790437764133	1.9467961634431399	40.39342577440092	0.47418811059463994	168.7940226620864	1.4863937334647392	11.715
17.21210938098717	0.07206896303903908	7.370318653802769	0.07164002561506477	-1.1208798460206728	0.07117040747703679	-12.154078719981383	0.0718348638635614	19.8249	0.2356	189.4472469498406	1.9560729264101142	40.40278049539171	0.48049574591475885	168.98998917910683	1.5488211414870803	11.715
17.188859326093322	0.07258606006506607	7.3841816184597	0.06952985531614514	-1.1170151711538696	0.07081361333646974	-12.161225168116427	0.06820133361879796	19.8249	0.2356	190.16434949921006	1.9495029583548131	40.35526263199942	0.47110258279037703	168.82150546162558	1.5028522223726763	11.715
17.19598598226232	0.07185938768812239	7.3685449379436365	0.07164834141567156	-1.1286082601880807	0.0732049076310068	-12.163645464555403	0.06975339187810797	19.8303	0.2361	189.72387113931705	1.959035447033858	40.3744667339406	0.48671156622179546	168.96183708231118	1.5482309221022015	11.715
17.19974655283155	0.06790232298498088	7.386381440111138	0.06649516330290309	-1.1131569926734677	0.06492419457891523	-12.157852049375874	0.06669545123372703	19.8249	0.2356	189.99600411328083	1.8400365980464635	40.3631364037224	0.4413315074554238	168.81409117674943	1.4226563528667293	11.715
17.197393374547286	0.07610600591608624	7.378264663008365	0.07481193906879555	-1.1208787186468654	0.08023665565452168	-12.166884960155985	0.07117484004978361	19.8195	0.2361	189.88448090414502	2.063756094807095	40.365012534281135	0.5210128331924945	168.79405257938944	1.6389741976422918	11.715
17.21244747091071	0.07102931877658476	7.3904684779554195	0.07505932162295331	-1.1015720209887623	0.07117310942746517	-12.14324711843736	0.06990202784512561	19.8195	0.2361	189.8293775275682	1.9972436807439833	40.3987744964028	0.492082754516372	168.86026276505677	1.5256173104168471	11.715
17.203574590644212	0.07448484060690441	7.364231656025856	0.07498462931738031	-1.1324634344419853	0.07116897769496472	-12.144734191262508	0.06945324614239223	19.8195	0.2373	189.49437688177025	2.0354955346105936	40.37664356298279	0.4912727484746607	169.3111438589324	1.5289030603542069	11.715
17.184356227839732	0.07349336135284774	7.3640332018074295	0.07245551435066536	-1.1189433255399044	0.06821091746655629	-12.164687013144	0.07120147019859988	19.8195	0.2361	189.8613877953938	1.9952972942587466	40.441940163949134	0.4744132591287344	168.79806476171981	1.5068109472978803	11.715
17.198733108952467	0.07315041852284873	7.375951577892904	0.07028682090215362	-1.1247341948641305	0.07007780462279346	-12.157185262170819	0.06454596079557899	19.8195	0.2361	189.8138681417293	1.9603197042286837	40.3576885797413	0.4712110617188269	169.00144373599545	1.4594575935488459	11.715
17.21351621142719	0.07089294038731571	7.360032145928322	0.07009014315499239	-1.1170124260173802	0.06681851318173299	-12.15547647724341	0.0701262666179826	19.8249	0.2356	189.22242588790922	1.9144403336982063	40.470240096003515	0.46230776605503815	168.90938355816508	1.4821844848596708	11.715
17.18308345573605	0.06930028075184724	7.3543704310286255	0.07191168157052755	-1.1208809734108214	0.07117240909707695	-12.154167602688734	0.06825124483595925	19.8303	0.2361	189.69931807293312	1.9275242609350727	40.47880266436254	0.48323370118225095	168.9886450854924	1.510321437400606	11.715
17.212988442414474	0.06715311516144518	7.372688335900262	0.07069009361024735	-1.1131628716912791	0.06636656800428622	-12.154656481064707	0.07102424592334883	19.8249	0.2356	189.47594465002828	1.877409615503142	40.428239988965785	0.46194530151191837	168.8630383065864	1.4866163010218711	11.715
17.201559221968996	0.06781282953274333	7.376263948214913	0.070895727285295	-1.1131548549707546	0.06636555859816931	-12.13740934257724	0.06757048066440352	19.8249	0.2356	189.7653054053366	1.8948144967011147	40.41125041474325	0.46226796362208356	169.12709702208286	1.4529945724919477	11.715
17.227164881419856	0.07572612714258972	7.384522783784647	0.07658488512174333	-1.0996418365200358	0.07312471095340994	-12.134123946933391	0.07406561808788163	19.8249	0.2356	189.43086011118075	2.072823135174373	40.4362768150585	0.5046760348429465	168.97033677384877	1.593792087050328	11.715
17.21009395192399	0.07363686368179721	7.378349882967401	0.07636536669801919	-1.1035011647632622	0.07588540463268183	-12.144911821422248	0.07135647910743385	19.8303	0.2361	189.64083536395663	2.0462366009252464	40.44730651370664	0.5133878974209816	168.8643069531237	1.5930705450943208	11.715
17.203980087332386	0.072924510081779	7.366402422606294	0.07232396139169185	-1.1228125002655867	0.07178389868662884	-12.167107398181175	0.06880872606740895	19.8249	0.2356	189.52838004084688	1.9787291952854635	40.41222094717645	0.48508842418104353	168.82020767785227	1.519956633477891	11.715
17.209620703906978	0.07693774547709423	7.3901554885898735	0.07236947575526606	-1.0957733667119594	0.07195734837859223	-12.129862438599586	0.0699676935493172	19.8195	0.2361	189.87797374272208	2.042470314552661	40.4278700636082	0.4862003899115895	168.97635556267898	1.5370081120846848	11.715
17.220035813554716	0.0881199664253445	7.384153189439139	0.07617401625777777	-1.0841864246562976	0.07631897938030519	-12.133547159811718	0.07356531259767424	19.8195	0.2361	189.56104190895692	2.244850445256243	40.51184113590978	0.5158445051005718	168.74280811462057	1.6188347691731964	11.715
17.242018875529613	0.07081350991774535	7.412650379894052	0.07358754754914527	-1.0899875591790271	0.07187489550183852	-12.147198283345363	0.06452535077717178	19.8195	0.2361	189.68666798374994	1.97081877106306	40.34842264124041	0.4881337701544143	168.623010344422	1.4729938610154003	11.715
17.193092519873442	0.07588528922508352	7.366203904481316	0.07269177888799813	-1.1092917891376848	0.07007833447016068	-12.152058752992614	0.06786125463865329	19.8249	0.2356	189.73453666719456	2.028931761075225	40.477635943990116	0.4822198560657351	168.84356651049654	1.491545924514082	11.715
17.214665825013817	0.06304562640405781	7.392526289173622	0.06942535754894419	-1.093848245383616	0.0649273499684486	-12.13596637179878	0.06640906028019525	19.8249	0.2356	189.82627476611825	1.8124208245882243	40.42574691161269	0.4528042934590386	168.85348779789462	1.4202193561657865	11.715
17.216343142721342	0.07135789213901786	7.384352197181603	0.07074571619360229	-1.0957766466534533	0.07588784342827466	-12.148596401240027	0.06881041186832715	19.8249	0.2356	189.63607357341803	1.938088580162094	40.45552083569719	0.49494916922250776	168.68999944994533	1.563447915171814	11.715
17.201356504604696	0.07513300732439164	7.39218474842748	0.0736133114943243	-1.105429224032982	0.06681880700899288	-12.135433871362057	0.06664360753867418	19.8249	0.2356	190.07722615799912	2.0382227286483476	40.37227747024044	0.47232988688233907	169.0389277191324	1.4462900145282485	11.715
17.22897737085257	0.06952057107605428	7.398415147986426	0.06918587678288601	-1.0996399036188662	0.0727992010038788	-12.1284191852165	0.0649870071524023	19.8249	0.2356	189.6699564130535	1.892357145734176	40.37152767883387	0.4771159501017597	169.06334424862388	1.4959245691837986	11.715390500000002
17.22138886675474	0.07592647067563106	7.4187394720701745	0.0767105736942928	-1.0610175773346218	0.0760366536099777	-12.123379412306775	0.08274237045869057	19.8303	0.2361	190.20369731192972	2.094238625498726	40.457294605539	0.515318807359356	168.54449222834046	1.7121105392647837	11.715
17.20734745730159	0.07564126586615955	7.396955346320153	0.07317360705178985	-1.105442864195094	0.07007958865827815	-12.134789539406302	0.07029055221627324	19.8249	0.2356	190.05358167432396	2.0388286710444867	40.349560281342775	0.4808260164174943	169.04901198835964	1.5213287673119682	11.715
17.189467035256257	0.0751608290743748	7.372432869468704	0.06849150798061897	-1.1324676875540374	0.07446526891499268	-12.161625374577953	0.06661741217326607	19.8249	0.2356	189.92499433478113	1.9672840184307272	40.337688469253735	0.479855373808349	169.05190869790408	1.5314658199108373	11.715
17.212853196350967	0.07497690918009378	7.386637395333523	0.0727833542332244	-1.0841936440838544	0.07279923221673719	-12.136143882439887	0.07175235510301572	19.8357	0.2366	189.74752804925131	2.0178103183672444	40.49992586733994	0.4921785070565279	168.70327119740062	1.5602846616144568	11.715
17.232008367144903	0.07183642108246749	7.406818250807504	0.07267501118675092	-1.0880589059736323	0.0671532546103532	-12.129040105610486	0.06702973427988061	19.8249	0.2356	189.76733643263037	1.973672177011447	40.38528430717892	0.4704184822047904	168.87087520653319	1.4512082259244288	11.715
17.18342095818724	0.07251551504541245	7.372518022978729	0.07149225805838699	-1.1035041519028985	0.06670717384316302	-12.13596637179878	0.06996782230311228	19.8249	0.2356	190.04368615557271	1.97254248833454	40.47512170836871	0.46692541256468234	169.00127289437935	1.4808639278178157	11.715
17.219982161834803	0.07446644371535205	7.39301019259216	0.07054583095066638	-1.0899933659914895	0.07416250565653981	-12.136720828271546	0.06395274363804752	19.8249	0.2356	189.73292731038998	1.980484404575124	40.44181129501325	0.4879722215565754	168.78303232229095	1.4962533765437775	11.715
17.215747954553713	0.07132679245283376	7.386978696559381	0.06599978995453816	-1.1015808513643464	0.06970394980006986	-12.140361463911544	0.07258485411837891	19.8195	0.2361	189.69823274720213	1.875556970444562	40.41534104747832	0.4570364060176064	168.9045397099636	1.5398022482431284	11.715
17.2051290984327	0.07334633142983138	7.388894338040802	0.06560891197481007	-1.0784032121009892	0.06682306006912984	-12.134700789479222	0.06873091733001722	19.8249	0.2356	189.94046126980737	1.9041656809034966	40.516826897788775	0.4481121340583147	168.63693702821635	1.4621208307119555	11.715
17.229857333907372	0.07980952661372384	7.394783453634253	0.08067119837246677	-1.084195767621852	0.07515100253838622	-12.140050703316797	0.07507979032850841	19.8195	0.2361	189.57662962362795	2.187365264715627	40.46100599835444	0.5261139230502152	168.64368872115233	1.6203982724497006	11.715
17.2113786134666	0.07799257481371223	7.396898382803517	0.07613419010860706	-1.088060224060686	0.08005701549243177	-12.121802801813342	0.07680434986914833	19.8249	0.2356	189.97441683119933	2.109708476203378	40.43249295920301	0.5264526329016883	168.9816619504018	1.6990692159992808	11.715
17.237055490366906	0.06621963423577693	7.417195264016299	0.07271712254173489	-1.091927458859073	0.06780011390290733	-12.125931445430803	0.06630713337954984	19.8249	0.2356	189.870335762861	1.9016402555535594	40.31767319666035	0.47107602239779384	168.9776585716873	1.4523132945532595	11.715
17.192360377872735	0.07748330830246057	7.3807768844416515	0.07614923503414579	-1.1150955963757585	0.0736058512745184	-12.145577981294101	0.07052682239016014	19.8249	0.2356	190.03050420656857	2.1041118015225515	40.38055301627579	0.5033771374536069	169.03160652981327	1.5621399256760446	11.715
17.181675581334094	0.06624986663634935	7.388666743065708	0.06661671380861746	-1.0919192867001157	0.06979931297539654	-12.138030704307466	0.06553798214506552	19.8249	0.2356	190.3909400179034	1.826554129674573	40.453339890314055	0.4602534762682086	168.79244539843822	1.463057034353267	11.715
17.211040526045146	0.07947735216102501	7.38475024484858	0.07502529350418541	-1.107370504468086	0.07376604951921178	-12.151060694645727	0.07016027015937665	19.8303	0.2361	189.74608982287364	2.1104953364251053	40.39839272878586	0.5005254268350788	168.82945158855125	1.5563077034727204	11.715
17.215139239947813	0.07539118412667285	7.386722717683478	0.07346864393459655	-1.093851474421144	0.07288070700546309	-12.121536838511936	0.07113162486342256	19.8249	0.2356	189.70504089828685	2.031861260924874	40.45339635735523	0.4936385172283545	169.07447907363087	1.5613864466648806	11.715
17.204723547578137	0.06986295892915095	7.386722717683478	0.06964805019475594	-1.0977139867085484	0.0708165953613294	-12.132592061633684	0.07426716351261825	19.8249	0.2356	189.9062946342773	1.9081402526869609	40.43498007988844	0.47337059529176373	168.96427361153272	1.5712812969653103	11.715
17.179795171366866	0.07422101038851917	7.366742764287058	0.07240663253330579	-1.0899893458297008	0.07152650724226862	-12.128951398763423	0.07415081900917075	19.8249	0.2356	190.00205858234037	2.0076513258606687	40.567446699742895	0.48823512604952823	168.9017635336506	1.5763525942005083	11.715
17.21117575941991	0.0717027572542357	7.4028160764161886	0.06999297129280159	-1.0919215566327944	0.06428294821797417	-12.11982721034803	0.06662156680185757	19.8141	0.2365	190.0929634087978	1.9419723103494229	40.385947624379995	0.45180992397216957	169.07110170038635	1.419336144926047	11.715
17.221524183769667	0.06977799046406402	7.38277777316572	0.06834714516596399	-1.084195767621852	0.0682173249694635	-12.130838280511913	0.0659498984122835	19.8249	0.2356	189.50586594162485	1.8813253657913775	40.518377372802654	0.46211148762304805	168.7843302746435	1.4497571852194924	11.715
17.204453190963214	0.07334550592885278	7.374603953947327	0.07190380956458624	-1.0957808639778748	0.0650514993778282	-12.147153865398408	0.06588222541132198	19.8303	0.2361	189.67739111404447	1.9819340509487975	40.50205941118027	0.46363984176928824	168.71208293140526	1.4134329647771846	11.715
17.194240747963732	0.07339258555091337	7.374689134854869	0.07045401327656342	-1.1015759454517293	0.07152643297691434	-12.128862693227	0.06890314788807526	19.8249	0.2356	189.87630309234194	1.9672262549456114	40.473961807569694	0.47939899017979387	169.08059080786242	1.5228055562513718	11.715
17.22138886675474	0.07194080090947519	7.394726508394483	0.07044768557527288	-1.0822635597216792	0.07320991687618392	-12.127064515966229	0.07348493230051761	19.8249	0.2368	189.73890526881573	1.9441694239073743	40.47050030429088	0.48505477266240804	168.81247255681836	1.585430714809364	11.715
17.195918429373112	0.06903807704605064	7.388524503325761	0.06534597001294033	-1.0880545125683199	0.06922135606907898	-12.126754101054079	0.06578145902773358	19.8195	0.2361	190.1116823063106	1.8426877657456016	40.472462828210915	0.4545102323570741	168.90577946938387	1.4611518670241188	11.715
17.207009449268774	0.07572437746389282	7.390809951137522	0.07605420239809785	-1.093852858346826	0.071173748036376	-12.129040105610486	0.06874880759101963	19.8303	0.2361	189.9411435837776	2.076692454195721	40.433902540909074	0.4963920562884874	168.9595397471742	1.515098793027607	11.715
17.187654230485123	0.06588066654797796	7.370545664644352	0.06877695539184986	-1.107366916826118	0.07263303518476066	-12.13969556803919	0.0674738496122397	19.8249	0.2356	189.92355496700895	1.8425174620952376	40.46609655789371	0.4774510829681492	169.0033189970769	1.5186817109971478	11.715
17.20807852406668	0.06989135873539716	7.374376814481361	0.07371823884942373	-1.089983539413266	0.07187342181602627	-12.119162438457296	0.06749860286424463	19.8249	0.2356	189.60308268290757	1.958623557460953	40.53088653926617	0.49300159336144783	169.05158356649397	1.5112994470271135	11.715
17.192225298008175	0.0734667275276216	7.406732691806062	0.06964999537195493	-1.0822635597216792	0.0697044760169951	-12.108638411919141	0.06672454262783244	19.8303	0.2361	190.53717920545165	1.971182376798564	40.41326194123657	0.46910872181067714	169.0945739931901	1.479763294784767	11.715
17.22179482417874	0.07490585278784057	7.39889943544072	0.07159146894171455	-1.0687458065105173	0.07296751979929743	-12.088633252726638	0.06818730146465189	19.8249	0.2356	189.8116679995604	2.002208003667126	40.515163227611936	0.48910794427993654	169.1941199419205	1.5333373574922495	11.715
17.203045961985328	0.07516372725608694	7.394897346744684	0.0719588259310926	-1.0764717624740103	0.06737227024975295	-12.123645415410879	0.06712515093499705	19.8249	0.2356	190.09705413969286	2.016766526524953	40.49735346295243	0.47123904973983993	168.77621524722574	1.4529803986675245	11.715
17.220794057966657	0.07403868174449402	7.409361431110699	0.07165435405700227	-1.0610249891215349	0.07054938667316459	-12.105926958142389	0.06941352745422268	19.8249	0.2356	190.03342623156016	1.995627673276247	40.502051749577674	0.4808204541804398	168.81092865750847	1.5126936113656866	11.715
17.17347911252066	0.07143570602014329	7.3767183522795525	0.0680543001367456	-1.1035076370712813	0.06779720770156894	-12.134434547570471	0.07071621397656717	19.8249	0.2356	190.3180249014948	1.9166953140667553	40.455057396109325	0.45826389144973684	169.02479487439362	1.501107121565937	11.715
17.184568565697944	0.07193767155257205	7.401014495154429	0.07093279445705883	-1.0687472712094903	0.06941799244486554	-12.09802446276762	0.07072064243280365	19.8249	0.2356	190.5749326755623	1.9679195080139011	40.50503881863557	0.474638546717718	169.05007698497712	1.5189027478838284	11.715
17.20103041988174	0.07081032525313913	7.3969268644520145	0.07030220115294407	-1.0880606634292853	0.06578410622494239	-12.10894837850497	0.06995096509385036	19.8249	0.2356	190.17548598708478	1.935530547436085	40.432355145350456	0.4587926827807712	169.17876368262682	1.474045499743889	11.715
17.22206547309472	0.0673808314062988	7.4210264121826865	0.07087972891522797	-1.0552260370526378	0.0693228416680525	-12.09802446276762	0.06511916207652148	19.8249	0.2356	190.23494822681116	1.8981936686901086	40.474022120720974	0.47341306090172375	168.84308546099663	1.4542407404387985	11.715
17.203654247886053	0.07321889115746946	7.403158144421182	0.07205170830027283	-1.0726122433882521	0.07280227281395331	-12.10008854684588	0.06982690888396381	19.8303	0.2361	190.24548743633275	1.9940821776570543	40.47632409020839	0.48915122944222944	169.0776844142432	1.5466713014371771	11.715
17.192968263533256	0.07299966456753781	7.399041884994076	0.07163168090397642	-1.0764737397605508	0.07036226493914642	-12.101754365867805	0.06912377994580834	19.8249	0.2356	190.37310331504196	1.9879964678247672	40.47754075624137	0.4795348492790081	169.11135612335534	1.5129201260495566	11.715
17.208023513208374	0.07376967858130323	7.411248550895331	0.06883088746370467	-1.0706818011983124	0.07008472269028314	-12.10574986585831	0.06934667843539957	19.8195	0.2361	190.3177490035293	1.960030019577687	40.44692833942977	0.46842987586618984	168.96136456943557	1.5096075869688006	11.715
17.190547513210117	0.07274571526367267	7.39889943544072	0.0750730515748	-1.0687458065105173	0.07126615864412078	-12.097847492357193	0.06856121922950542	19.8357	0.2366	190.41739894172133	2.032915052053027	40.515163227611936	0.4952763029453888	169.0527670729714	1.5157954704901868	11.715
17.198812174207532	0.07057840322382569	7.408876418951836	0.06911922311784237	-1.0571560779330005	0.06922429095297535	-12.092274770641168	0.06664853510533288	19.8249	0.2356	190.45070416530595	1.9217657996572914	40.52288120290128	0.4682354766477183	168.9605893911759	1.4713095040966933	11.715
17.200827691288808	0.07436125248845987	7.406846770913454	0.07866760206514004	-1.082265229307265	0.07152788342369379	-12.097759009114334	0.07061101297713872	19.8249	0.2356	190.37204314362674	2.1041376065668853	40.41271090807214	0.5061598972687378	169.26160511655334	1.5444059349458343	11.715
17.194308295569048	0.07516222093992725	7.406732691806062	0.06964999537195493	-1.0610175773346218	0.07126722274865371	-12.092053666152916	0.07341642721706795	19.8303	0.2361	190.49662897160334	1.9944206777825981	40.514660709990544	0.47678416863993933	169.0231219723341	1.5677693937475632	11.715
17.18617895537958	0.07561031915387692	7.400815014089286	0.07401015095756733	-1.0648816794801415	0.07408632075439954	-12.101400321497264	0.07603464489813987	19.8249	0.2356	190.5396845235479	2.0601996641701814	40.52448859782109	0.5012848850777709	168.9391572468529	1.6250291148481155	11.715
17.20727985463306	0.07563558996673249	7.418939441416211	0.07308705346918247	-1.0571567224222724	0.0758938270496365	-12.099734545090602	0.07183146732419289	19.8249	0.2356	190.48174456662593	2.04677521454521	40.47476839571439	0.5031310225496636	168.8464585229444	1.5978113511708985	11.715
17.21837240566613	0.07521103454632497	7.417223826101175	0.07402279583063287	-1.0552282416422032	0.07153202720109733	-12.085433624589882	0.07391490514134652	19.8249	0.2368	190.2328225294911	2.0482102410606133	40.49217704486128	0.49196837591581927	169.03585142702852	1.5763152259445987	11.715
17.190615047592242	0.06918186384475553	7.416938215153103	0.06822518711916398	-1.0571567224222724	0.06922480128285198	-12.09789173446933	0.06700867132605541	19.8195	0.2361	190.76752692837354	1.8964920283933633	40.484326840610684	0.4643386041670067	168.87464070889405	1.473644523874155	11.715
17.21164909296735	0.0714402793941864	7.417023896127684	0.07015465740174	-1.0532943691822465	0.06822010882515712	-12.10355291041102	0.06780833680007121	19.8357	0.2366	190.35952074237142	1.9459756767967447	40.50237764219512	0.4679130205108601	168.72909818037834	1.4687039858336608	11.715
17.19908244830501	0.08249580258191902	7.398984904514578	0.08205015018836256	-1.0745414615044395	0.07948821204148385	-12.101665852812815	0.07935640161854388	19.8249	0.2356	190.25322452049923	2.258787769274253	40.487043329086156	0.5458422728053676	169.08308024448883	1.7222473360585504	11.715
17.246202762751377	0.0709267864339016	7.445559001018498	0.06613341606686723	-1.0223889697261914	0.07393726354350558	-12.054585699916817	0.06872215066285395	19.8303	0.2361	190.24262116347822	1.8824134515721151	40.51371481218439	0.4746015004509223	169.00533990834091	1.5463715922992147	11.715
17.177982215487653	0.07057637556347436	7.404874180107508	0.06781789665836853	-1.0629508299979162	0.07321258963723973	-12.112545219293626	0.07531447944763348	19.8357	0.2366	190.77862964082445	1.9106731296177872	40.51430310873828	0.47747650281122667	168.73923988809833	1.6039980965129639	11.715
17.20089526695537	0.07300011379171203	7.398870946188397	0.06969331294864178	-1.0706769456316663	0.0741638626189431	-12.099646047922855	0.06811956801226908	19.8249	0.2356	190.2158265789391	1.958557961802491	40.50606165914746	0.4867275495488958	169.05479932246956	1.5435596844657826	11.715
17.230940488763704	0.07196915948189526	7.415251092653198	0.07372519113874132	-1.0475015563212986	0.06811742726264204	-12.094692608117336	0.07070595455669587	19.8249	0.2356	189.95101445043352	1.9937930012790905	40.53858636323708	0.48082588124903947	168.77594943181742	1.4999673357303178	11.715
17.201233153252957	0.07723429260835377	7.417023896128165	0.07379934679676996	-1.0532943691822465	0.07515822974497267	-12.109081226237304	0.07038872908969655	19.8195	0.2361	190.56217107824406	2.0805681104099456	40.502377642192826	0.5036704369848868	168.64472718481866	1.570740000373875	11.715
17.171261382694517	0.0801691788515774	7.3906676668103435	0.0816175470741065	-1.070674331294348	0.07653638619766669	-12.10670717530407	0.07575873106550662	19.8303	0.2361	190.63261520550768	2.2298583612482603	40.545344841044354	0.536155510098854	168.94659382366657	1.6485916639949496	11.715
17.228857039256027	0.07717971850611044	7.449275375818991	0.07094927019019936	-1.0378424516113862	0.07230692854732217	-12.083634823044937	0.06934888207070085	19.8195	0.2361	190.65234306415874	2.043764026440788	40.42220646712003	0.4824782188020391	168.79732079189668	1.5310266025199244	11.715
17.215747954553713	0.0771687514756227	7.416995335582702	0.07694152262703319	-1.0668153547130632	0.07507991550686167	-12.097980219674545	0.07427272612068181	19.8303	0.2361	190.2793376691399	2.116108368325011	40.43796374706774	0.5124136717766355	169.0211488220799	1.6181691873208146	11.715
17.213529447924707	0.07305142851858568	7.420940684260572	0.07193074888910762	-1.0474984141531953	0.07765154338215885	-12.09789173446933	0.07206402126094565	19.8249	0.2356	190.3991072554655	1.993333589058922	40.5113652166934	0.5063561438941171	168.7270402306561	1.617562797626012	11.715
17.2306019882422	0.06873432875782584	7.423113448460492	0.07195966275911198	-1.0494318651119343	0.069225380754424	-12.098157194010163	0.06954270621245809	19.8249	0.2356	190.10984828161253	1.928952114360647	40.49173140232073	0.47720784088302204	168.75251242284983	1.4986969005384603	11.715
17.21379996343321	0.06870205903336249	7.401042993327467	0.06911883913010457	-1.0668160724323574	0.06682360841397168	-12.10728274553816	0.06820799903458544	19.8249	0.2356	190.00777905757732	1.8870456331166459	40.514140170137836	0.4599758007375255	168.87874521313597	1.4605984163247823	11.715
17.226638239451248	0.06942414852111124	7.423199203819535	0.07045155389522721	-1.0610229676024596	0.07361517861644903	-12.085389425661575	0.0712889007394523	19.8249	0.2356	190.18837690985956	1.9188654235477405	40.43600252321848	0.48563455119821963	169.12537926009827	1.5720874991376803	11.715
17.228924732483673	0.0693347361824765	7.421283607833707	0.07036188398710624	-1.0455700452220882	0.07179427611323382	-12.10579413843814	0.06987097723655206	19.8249	0.2356	190.1068905993538	1.9147669942786123	40.518951099071884	0.4810706626978242	168.57706883761713	1.526943392477831	11.715
