20.355146752912173	0.1890347926391876	13.187082486817644	0.18876382682189144	5.573837218310971	0.1885105449635742	-1.051674211392212	0.18829767363663102	20.0407	0.2366	260.3119173519941	9.701472145961482	45.09661486109853	1.580216261070485	281.6284557965019	11.32563508691641	11.724
20.355146752912173	0.1890347926391876	13.187082486817644	0.18876382682189144	5.573837218310971	0.1885105449635742	-1.051674211392212	0.18829767363663102	20.0407	0.2366	260.3119173519941	9.701472145961482	45.09661486109853	1.580216261070485	281.6284557965019	11.32563508691641	11.724
20.355146752912173	0.1890347926391876	13.187082486817644	0.18876382682189144	5.573837218310971	0.1885105449635742	-1.051674211392212	0.18829767363663102	19.9544	0.3504	260.3119173519941	9.701472145961482	45.09661486109853	1.580216261070485	281.6284557965019	11.32563508691641	11.724
20.355146752912173	0.1890347926391876	13.220327056644809	0.28012488222640886	5.573837218310971	0.1885105449635742	-1.1456536412725562	0.32376692457334444	20.0407	0.2366	261.5248362597808	12.387132663588389	44.90054874534924	1.9826849996240181	277.68957377896203	15.482704156367353	11.724
20.355146752912173	0.1890347926391876	13.187082486817644	0.18876382682189144	5.573837218310971	0.1885105449635742	-1.051674211392212	0.18829767363663102	20.0407	0.2366	260.3119173519941	9.701472145961482	45.09661486109853	1.580216261070485	281.6284557965019	11.32563508691641	11.724
20.355146752912173	0.1890347926391876	13.187082486817644	0.18876382682189144	5.573837218310971	0.1885105449635742	-1.051674211392212	0.18829767363663102	20.0407	0.2366	260.3119173519941	9.701472145961482	45.09661486109853	1.580216261070485	281.6284557965019	11.32563508691641	11.724
20.355146752912173	0.1890347926391876	13.220327056644809	0.28012488222640886	5.573837218310971	0.1885105449635742	-1.051674211392212	0.18829767363663102	20.0407	0.2366	261.5248362597808	12.387132663588389	44.90054874534924	1.9826849996240181	281.6284557965019	11.32563508691641	11.724
20.355146752912173	0.1890347926391876	13.187082486817644	0.18876382682189144	5.573837218310971	0.1885105449635742	-1.051674211392212	0.18829767363663102	20.0407	0.2366	260.3119173519941	9.701472145961482	45.09661486109853	1.580216261070485	281.6284557965019	11.32563508691641	11.724
20.355146752912173	0.1890347926391876	13.187082486817644	0.18876382682189144	5.573837218310971	0.1885105449635742	-1.051674211392212	0.18829767363663102	19.9544	0.3504	260.3119173519941	9.701472145961482	45.09661486109853	1.580216261070485	281.6284557965019	11.32563508691641	11.724
20.355146752912173	0.1890347926391876	13.187082486817644	0.18876382682189144	5.573837218310971	0.1885105449635742	-1.051674211392212	0.18829767363663102	20.0407	0.2366	260.3119173519941	9.701472145961482	45.09661486109853	1.580216261070485	281.6284557965019	11.32563508691641	11.724
20.355146752912173	0.1890347926391876	13.253576152509048	0.31329400484037756	5.573837218310971	0.1885105449635742	-1.051674211392212	0.18829767363663102	20.0407	0.2366	262.7492786882187	13.538071176270561	44.70615377145982	2.1284785177229817	281.6284557965019	11.32563508691641	11.724
20.355146752912173	0.1890347926391876	13.187082486817644	0.18876382682189144	5.573837218310971	0.1885105449635742	-1.051674211392212	0.18829767363663102	20.0407	0.2366	260.3119173519941	9.701472145961482	45.09661486109853	1.580216261070485	281.6284557965019	11.32563508691641	11.724
20.355146752912173	0.1890347926391876	13.187082486817644	0.18876382682189144	5.573837218310971	0.1885105449635742	-1.051674211392212	0.18829767363663102	20.0407	0.2366	260.3119173519941	9.701472145961482	45.09661486109853	1.580216261070485	281.6284557965019	11.32563508691641	11.724
20.355146752912173	0.1890347926391876	13.220327056644809	0.28012488222640886	5.573837218310971	0.1885105449635742	-1.051674211392212	0.18829767363663102	20.0407	0.2366	261.5248362597808	12.387132663588389	44.90054874534924	1.9826849996240181	281.6284557965019	11.32563508691641	11.724
20.320920876319963	0.28306717938507	13.286829775340351	0.3326495982649669	5.573837218310971	0.1885105449635742	-1.051674211392212	0.18829767363663102	19.9544	0.3504	265.26988718549853	16.47212214839033	44.51340866445209	2.206631000105962	281.6284557965019	11.32563508691641	11.724
20.355146752912173	0.1890347926391876	13.253576152509048	0.31329400484037756	5.573837218310971	0.1885105449635742	-1.051674211392212	0.18829767363663102	20.0407	0.2366	262.7492786882187	13.538071176270561	44.70615377145982	2.1284785177229817	281.6284557965019	11.32563508691641	11.724
20.355146752912173	0.1890347926391876	13.286829775340351	0.3326495982649669	5.573837218310971	0.1885105449635742	-1.051674211392212	0.18829767363663102	20.0407	0.2366	263.9854096427895	14.289580393479142	44.51340866445209	2.206631000105962	281.6284557965019	11.32563508691641	11.724
20.355146752912173	0.1890347926391876	13.32008792606823	0.34317785178719307	5.573837218310971	0.1885105449635742	-1.051674211392212	0.18829767363663102	19.9544	0.3504	265.233397294344	14.771411866764439	44.32229250895619	2.2403301964922946	281.6284557965019	11.32563508691641	11.724
20.355146752912173	0.1890347926391876	13.32008792606823	0.34317785178719307	5.573837218310971	0.1885105449635742	-1.051674211392212	0.18829767363663102	20.0407	0.2366	265.233397294344	14.771411866764439	44.32229250895619	2.2403301964922946	281.6284557965019	11.32563508691641	11.724
20.355146752912173	0.1890347926391876	13.220327056644809	0.28012488222640886	5.573837218310971	0.1885105449635742	-1.051674211392212	0.18829767363663102	20.0407	0.2366	261.5248362597808	12.387132663588389	44.90054874534924	1.9826849996240181	281.6284557965019	11.32563508691641	11.724
20.355146752912173	0.1890347926391876	13.220327056644809	0.28012488222640886	5.573837218310971	0.1885105449635742	-1.051674211392212	0.18829767363663102	20.0407	0.2366	261.5248362597808	12.387132663588389	44.90054874534924	1.9826849996240181	281.6284557965019	11.32563508691641	11.724
20.355146752912173	0.1890347926391876	13.419889554928842	0.33273276087278947	5.573837218310971	0.1885105449635742	-1.051674211392212	0.18829767363663102	20.0407	0.2366	269.05023123756195	14.84596500013768	43.758513834349856	2.132825452057993	281.6284557965019	11.32563508691641	11.724
20.355146752912173	0.1890347926391876	13.253576152509048	0.31329400484037756	5.573837218310971	0.1885105449635742	-1.051674211392212	0.18829767363663102	20.0407	0.2366	262.7492786882187	13.538071176270561	44.70615377145982	2.1284785177229817	281.6284557965019	11.32563508691641	11.724
20.355146752912173	0.1890347926391876	13.353350605622197	0.34655575578220643	5.573837218310971	0.1885105449635742	-1.051674211392212	0.18829767363663102	20.0407	0.2366	266.4934130553893	15.024830508192137	44.132784741641686	2.238027861092651	281.6284557965019	11.32563508691641	11.724
20.355146752912173	0.1890347926391876	13.286829775340351	0.3326495982649669	5.573837218310971	0.1885105449635742	-1.051674211392212	0.18829767363663102	20.0407	0.2366	263.9854096427895	14.289580393479142	44.51340866445209	2.206631000105962	281.6284557965019	11.32563508691641	11.724
20.355146752912173	0.1890347926391876	13.253576152509048	0.31329400484037756	5.573837218310971	0.1885105449635742	-1.051674211392212	0.18829767363663102	20.0407	0.2366	262.7492786882187	13.538071176270561	44.70615377145982	2.1284785177229817	281.6284557965019	11.32563508691641	11.724
20.355146752912173	0.1890347926391876	13.253576152509048	0.31329400484037756	5.573837218310971	0.1885105449635742	-1.051674211392212	0.18829767363663102	20.0407	0.2366	262.7492786882187	13.538071176270561	44.70615377145982	2.1284785177229817	281.6284557965019	11.32563508691641	11.724
20.355146752912173	0.1890347926391876	13.453165826541504	0.3134029437232697	5.573837218310971	0.1885105449635742	-1.051674211392212	0.18829767363663102	20.0407	0.2366	270.34739340993247	14.336026683798488	43.57371126244072	2.0225283681344703	281.6284557965019	11.32563508691641	11.724
20.355146752912173	0.1890347926391876	13.353350605622197	0.34655575578220643	5.573837218310971	0.1885105449635742	-1.051674211392212	0.18829767363663102	20.0407	0.2366	266.4934130553893	15.024830508192137	44.132784741641686	2.238027861092651	281.6284557965019	11.32563508691641	11.724
20.355146752912173	0.1890347926391876	13.32008792606823	0.34317785178719307	5.573837218310971	0.1885105449635742	-1.051674211392212	0.18829767363663102	20.0407	0.2366	265.233397294344	14.771411866764439	44.32229250895619	2.2403301964922946	281.6284557965019	11.32563508691641	11.724
20.355146752912173	0.1890347926391876	13.32008792606823	0.34317785178719307	5.573837218310971	0.1885105449635742	-1.051674211392212	0.18829767363663102	20.0407	0.2366	265.233397294344	14.771411866764439	44.32229250895619	2.2403301964922946	281.6284557965019	11.32563508691641	11.724
20.355146752912173	0.1890347926391876	13.353350605622197	0.34655575578220643	5.573837218310971	0.1885105449635742	-1.051674211392212	0.18829767363663102	20.0407	0.2366	266.4934130553893	15.024830508192137	44.132784741641686	2.238027861092651	281.6284557965019	11.32563508691641	11.724
20.355146752912173	0.1890347926391876	13.386617814932244	0.343222295335871	5.573837218310971	0.1885105449635742	-1.051674211392212	0.18829767363663102	20.0407	0.2366	267.7656316585931	15.056305142154251	43.94486514383929	2.202556605798145	281.6284557965019	11.32563508691641	11.724
20.355146752912173	0.1890347926391876	13.353350605622197	0.34655575578220643	5.573837218310971	0.1885105449635742	-1.051674211392212	0.18829767363663102	20.0407	0.2366	266.4934130553893	15.024830508192137	44.132784741641686	2.238027861092651	281.6284557965019	11.32563508691641	11.724
20.355146752912173	0.1890347926391876	13.353350605622197	0.34655575578220643	5.573837218310971	0.1885105449635742	-1.051674211392212	0.18829767363663102	20.0407	0.2366	266.4934130553893	15.024830508192137	44.132784741641686	2.238027861092651	281.6284557965019	11.32563508691641	11.724
20.355146752912173	0.1890347926391876	13.286829775340351	0.3326495982649669	5.573837218310971	0.1885105449635742	-1.051674211392212	0.18829767363663102	20.0407	0.2366	263.9854096427895	14.289580393479142	44.51340866445209	2.206631000105962	281.6284557965019	11.32563508691641	11.724
20.355146752912173	0.1890347926391876	13.486446630702144	0.280233995586085	5.573837218310971	0.1885105449635742	-1.051674211392212	0.18829767363663102	20.0407	0.2366	271.65730336310133	13.369153415383128	43.39043820098939	1.852059447865675	281.6284557965019	11.32563508691641	11.724
20.355146752912173	0.1890347926391876	13.419889554928842	0.33273276087278947	5.573837218310971	0.1885105449635742	-1.051674211392212	0.18829767363663102	20.0407	0.2366	269.05023123756195	14.84596500013768	43.758513834349856	2.132825452057993	281.6284557965019	11.32563508691641	11.724
20.355146752912173	0.1890347926391876	13.386617814932244	0.343222295335871	5.573837218310971	0.1885105449635742	-1.051674211392212	0.18829767363663102	20.0407	0.2366	267.7656316585931	15.056305142154251	43.94486514383929	2.202556605798145	281.6284557965019	11.32563508691641	11.724
20.355146752912173	0.1890347926391876	13.286829775340351	0.3326495982649669	5.573837218310971	0.1885105449635742	-1.051674211392212	0.18829767363663102	20.0407	0.2366	263.9854096427895	14.289580393479142	44.51340866445209	2.206631000105962	281.6284557965019	11.32563508691641	11.724
20.355146752912173	0.1890347926391876	13.286829775340351	0.3326495982649669	5.573837218310971	0.1885105449635742	-1.051674211392212	0.18829767363663102	20.0407	0.2366	263.9854096427895	14.289580393479142	44.51340866445209	2.206631000105962	281.6284557965019	11.32563508691641	11.724
20.355146752912173	0.1890347926391876	13.32008792606823	0.34317785178719307	5.54162462477226	0.2770052518894699	-1.051674211392212	0.18829767363663102	20.0407	0.2366	265.233397294344	14.771411866764439	44.138742630530075	2.502587343502748	283.0043957016898	14.37684119824191	11.724
20.355146752912173	0.1890347926391876	13.453165826541504	0.3134029437232697	5.573837218310971	0.1885105449635742	-1.051674211392212	0.18829767363663102	20.0407	0.2366	270.34739340993247	14.336026683798488	43.57371126244072	2.0225283681344703	281.6284557965019	11.32563508691641	11.724
20.355146752912173	0.1890347926391876	13.386617814932244	0.343222295335871	5.573837218310971	0.1885105449635742	-1.051674211392212	0.18829767363663102	20.0407	0.2366	267.7656316585931	15.056305142154251	43.94486514383929	2.202556605798145	281.6284557965019	11.32563508691641	11.724
20.355146752912173	0.1890347926391876	13.353350605622197	0.34655575578220643	5.573837218310971	0.1885105449635742	-1.051674211392212	0.18829767363663102	20.0407	0.2366	266.4934130553893	15.024830508192137	44.132784741641686	2.238027861092651	281.6284557965019	11.32563508691641	11.724
20.355146752912173	0.1890347926391876	13.486446630702144	0.280233995586085	5.573837218310971	0.1885105449635742	-1.051674211392212	0.18829767363663102	20.0407	0.2366	271.65730336310133	13.369153415383128	43.39043820098939	1.852059447865675	281.6284557965019	11.32563508691641	11.724
20.355146752912173	0.1890347926391876	13.453165826541504	0.3134029437232697	5.573837218310971	0.1885105449635742	-1.051674211392212	0.18829767363663102	20.0407	0.2366	270.34739340993247	14.336026683798488	43.57371126244072	2.0225283681344703	281.6284557965019	11.32563508691641	11.724
20.355146752912173	0.1890347926391876	13.486446630702144	0.280233995586085	5.573837218310971	0.1885105449635742	-1.051674211392212	0.18829767363663102	20.0407	0.2366	271.66635860654674	13.369599053830306	43.39188454892942	1.852121183180604	281.63784341169514	11.326012608085975	11.7243908
20.355146752912173	0.1890347926391876	13.519731968341235	0.18877548650775172	5.573837218310971	0.1885105449635742	-1.051674211392212	0.18829767363663102	20.0407	0.2366	272.9801499422111	10.669033251649196	43.20867573983641	1.4507212869035568	281.6284557965019	11.32563508691641	11.724
20.355146752912173	0.1890347926391876	13.486446630702144	0.280233995586085	5.573837218310971	0.1885105449635742	-1.051674211392212	0.18829767363663102	20.0407	0.2366	271.65730336310133	13.369153415383128	43.39043820098939	1.852059447865675	281.6284557965019	11.32563508691641	11.724
20.355146752912173	0.1890347926391876	13.486446630702144	0.280233995586085	5.573837218310971	0.1885105449635742	-1.051674211392212	0.18829767363663102	20.0407	0.2366	271.65730336310133	13.369153415383128	43.39043820098939	1.852059447865675	281.6284557965019	11.32563508691641	11.724
20.355146752912173	0.1890347926391876	13.386617814932244	0.343222295335871	5.573837218310971	0.1885105449635742	-1.051674211392212	0.18829767363663102	20.0407	0.2366	267.7656316585931	15.056305142154251	43.94486514383929	2.202556605798145	281.6284557965019	11.32563508691641	11.724
20.355146752912173	0.1890347926391876	13.519731968341235	0.18877548650775172	5.573837218310971	0.1885105449635742	-1.051674211392212	0.18829767363663102	20.0407	0.2366	272.9801499422111	10.669033251649196	43.20867573983641	1.4507212869035568	281.6284557965019	11.32563508691641	11.724
20.355146752912173	0.1890347926391876	13.486446630702144	0.280233995586085	5.573837218310971	0.1885105449635742	-1.051674211392212	0.18829767363663102	20.0407	0.2366	271.65730336310133	13.369153415383128	43.39043820098939	1.852059447865675	281.6284557965019	11.32563508691641	11.724
20.355146752912173	0.1890347926391876	13.486446630702144	0.280233995586085	5.573837218310971	0.1885105449635742	-1.051674211392212	0.18829767363663102	20.0407	0.2366	271.65730336310133	13.369153415383128	43.39043820098939	1.852059447865675	281.6284557965019	11.32563508691641	11.724
20.355146752912173	0.1890347926391876	13.519731968341235	0.18877548650775172	5.573837218310971	0.1885105449635742	-1.051674211392212	0.18829767363663102	20.0407	0.2366	272.9801499422111	10.669033251649196	43.20867573983641	1.4507212869035568	281.6284557965019	11.32563508691641	11.724
20.355146752912173	0.1890347926391876	13.486446630702144	0.280233995586085	5.573837218310971	0.1885105449635742	-1.051674211392212	0.18829767363663102	20.0407	0.2366	271.65730336310133	13.369153415383128	43.39043820098939	1.852059447865675	281.6284557965019	11.32563508691641	11.724
20.355146752912173	0.1890347926391876	13.519731968341235	0.18877548650775172	5.573837218310971	0.1885105449635742	-1.051674211392212	0.18829767363663102	20.0407	0.2366	272.9801499422111	10.669033251649196	43.20867573983641	1.4507212869035568	281.6284557965019	11.32563508691641	11.724
20.355146752912173	0.1890347926391876	13.519731968341235	0.18877548650775172	5.573837218310971	0.1885105449635742	-1.051674211392212	0.18829767363663102	20.0407	0.2366	272.9801499422111	10.669033251649196	43.20867573983641	1.4507212869035568	281.6284557965019	11.32563508691641	11.724
20.355146752912173	0.1890347926391876	13.519731968341235	0.18877548650775172	5.573837218310971	0.1885105449635742	-1.051674211392212	0.18829767363663102	20.0407	0.2366	272.9801499422111	10.669033251649196	43.20867573983641	1.4507212869035568	281.6284557965019	11.32563508691641	11.724
20.355146752912173	0.1890347926391876	13.519731968341235	0.18877548650775172	5.573837218310971	0.1885105449635742	-1.051674211392212	0.18829767363663102	20.0407	0.2366	272.9801499422111	10.669033251649196	43.20867573983641	1.4507212869035568	281.6284557965019	11.32563508691641	11.724
20.355146752912173	0.1890347926391876	13.486446630702144	0.280233995586085	5.573837218310971	0.1885105449635742	-1.051674211392212	0.18829767363663102	20.0407	0.2366	271.65730336310133	13.369153415383128	43.39043820098939	1.852059447865675	281.6284557965019	11.32563508691641	11.724
20.355146752912173	0.1890347926391876	13.486446630702144	0.280233995586085	5.573837218310971	0.1885105449635742	-1.051674211392212	0.18829767363663102	20.0407	0.2366	271.65730336310133	13.369153415383128	43.39043820098939	1.852059447865675	281.6284557965019	11.32563508691641	11.724
20.355146752912173	0.1890347926391876	13.519731968341235	0.18877548650775172	5.573837218310971	0.1885105449635742	-1.051674211392212	0.18829767363663102	20.0407	0.2366	272.9801499422111	10.669033251649196	43.20867573983641	1.4507212869035568	281.6284557965019	11.32563508691641	11.724
20.355146752912173	0.1890347926391876	13.519731968341235	0.18877548650775172	5.573837218310971	0.1885105449635742	-1.051674211392212	0.18829767363663102	20.0407	0.2366	272.9801499422111	10.669033251649196	43.20867573983641	1.4507212869035568	281.6284557965019	11.32563508691641	11.724
20.355146752912173	0.1890347926391876	13.519731968341235	0.18877548650775172	5.573837218310971	0.1885105449635742	-1.051674211392212	0.18829767363663102	20.0407	0.2366	272.9801499422111	10.669033251649196	43.20867573983641	1.4507212869035568	281.6284557965019	11.32563508691641	11.724
20.355146752912173	0.1890347926391876	13.519731968341235	0.18877548650775172	5.573837218310971	0.1885105449635742	-1.051674211392212	0.18829767363663102	20.0407	0.2366	272.9801499422111	10.669033251649196	43.20867573983641	1.4507212869035568	281.6284557965019	11.32563508691641	11.724
20.355146752912173	0.1890347926391876	13.486446630702144	0.280233995586085	5.573837218310971	0.1885105449635742	-1.051674211392212	0.18829767363663102	20.0407	0.2366	271.65730336310133	13.369153415383128	43.39043820098939	1.852059447865675	281.6284557965019	11.32563508691641	11.724
20.355146752912173	0.1890347926391876	13.519731968341235	0.18877548650775172	5.573837218310971	0.1885105449635742	-1.051674211392212	0.18829767363663102	20.0407	0.2366	272.9801499422111	10.669033251649196	43.20867573983641	1.4507212869035568	281.6284557965019	11.32563508691641	11.724
20.355146752912173	0.1890347926391876	13.519731968341235	0.18877548650775172	5.573837218310971	0.1885105449635742	-1.051674211392212	0.18829767363663102	20.0407	0.2366	272.9801499422111	10.669033251649196	43.20867573983641	1.4507212869035568	281.6284557965019	11.32563508691641	11.724
20.355146752912173	0.1890347926391876	13.519731968341235	0.18877548650775172	5.573837218310971	0.1885105449635742	-1.051674211392212	0.18829767363663102	20.0407	0.2366	272.9801499422111	10.669033251649196	43.20867573983641	1.4507212869035568	281.6284557965019	11.32563508691641	11.724
20.389377363254088	0.28309568380868233	13.519731968341235	0.18877548650775172	5.573837218310971	0.1885105449635742	-1.051674211392212	0.18829767363663102	20.0407	0.2366	271.619922942624	13.45373460716127	43.20867573983641	1.4507212869035568	281.6284557965019	11.32563508691641	11.724
20.355146752912173	0.1890347926391876	13.519731968341235	0.18877548650775172	5.573837218310971	0.1885105449635742	-1.051674211392212	0.18829767363663102	20.0407	0.2366	272.9801499422111	10.669033251649196	43.20867573983641	1.4507212869035568	281.6284557965019	11.32563508691641	11.724
20.355146752912173	0.1890347926391876	13.519731968341235	0.18877548650775172	5.573837218310971	0.1885105449635742	-1.051674211392212	0.18829767363663102	20.0407	0.2366	272.9801499422111	10.669033251649196	43.20867573983641	1.4507212869035568	281.6284557965019	11.32563508691641	11.724
20.355146752912173	0.1890347926391876	13.519731968341235	0.18877548650775172	5.573837218310971	0.1885105449635742	-1.051674211392212	0.18829767363663102	20.0407	0.2366	272.9801499422111	10.669033251649196	43.20867573983641	1.4507212869035568	281.6284557965019	11.32563508691641	11.724
20.355146752912173	0.1890347926391876	13.519731968341235	0.18877548650775172	5.573837218310971	0.1885105449635742	-1.051674211392212	0.18829767363663102	20.0407	0.2366	272.9801499422111	10.669033251649196	43.20867573983641	1.4507212869035568	281.6284557965019	11.32563508691641	11.724
20.389377363254088	0.28309568380868233	13.519731968341235	0.18877548650775172	5.573837218310971	0.1885105449635742	-1.051674211392212	0.18829767363663102	20.0407	0.2366	271.619922942624	13.45373460716127	43.20867573983641	1.4507212869035568	281.6284557965019	11.32563508691641	11.724
20.355146752912173	0.1890347926391876	13.519731968341235	0.18877548650775172	5.573837218310971	0.1885105449635742	-1.051674211392212	0.18829767363663102	20.0407	0.2366	272.9801499422111	10.669033251649196	43.20867573983641	1.4507212869035568	281.6284557965019	11.32563508691641	11.724
20.355146752912173	0.1890347926391876	13.519731968341235	0.18877548650775172	5.573837218310971	0.1885105449635742	-1.051674211392212	0.18829767363663102	20.0407	0.2366	272.9801499422111	10.669033251649196	43.20867573983641	1.4507212869035568	281.6284557965019	11.32563508691641	11.724
20.355146752912173	0.1890347926391876	13.519731968341235	0.18877548650775172	5.573837218310971	0.1885105449635742	-1.051674211392212	0.18829767363663102	20.0407	0.2366	272.9801499422111	10.669033251649196	43.20867573983641	1.4507212869035568	281.6284557965019	11.32563508691641	11.724
20.355146752912173	0.1890347926391876	13.519731968341235	0.18877548650775172	5.573837218310971	0.1885105449635742	-1.051674211392212	0.18829767363663102	20.0407	0.2366	272.9801499422111	10.669033251649196	43.20867573983641	1.4507212869035568	281.6284557965019	11.32563508691641	11.724
20.355146752912173	0.1890347926391876	13.519731968341235	0.18877548650775172	5.573837218310971	0.1885105449635742	-1.051674211392212	0.18829767363663102	20.0407	0.2366	272.9801499422111	10.669033251649196	43.20867573983641	1.4507212869035568	281.6284557965019	11.32563508691641	11.724
20.355146752912173	0.1890347926391876	13.519731968341235	0.18877548650775172	5.573837218310971	0.1885105449635742	-1.051674211392212	0.18829767363663102	20.0407	0.2366	272.9801499422111	10.669033251649196	43.20867573983641	1.4507212869035568	281.6284557965019	11.32563508691641	11.724
20.355146752912173	0.1890347926391876	13.519731968341235	0.18877548650775172	5.573837218310971	0.1885105449635742	-1.051674211392212	0.18829767363663102	19.9544	0.3504	272.9801499422111	10.669033251649196	43.20867573983641	1.4507212869035568	281.6284557965019	11.32563508691641	11.724
20.355146752912173	0.1890347926391876	13.519731968341235	0.18877548650775172	5.573837218310971	0.1885105449635742	-1.051674211392212	0.18829767363663102	20.0407	0.2366	272.9801499422111	10.669033251649196	43.20867573983641	1.4507212869035568	281.6284557965019	11.32563508691641	11.724
20.355146752912173	0.1890347926391876	13.519731968341235	0.18877548650775172	5.573837218310971	0.1885105449635742	-1.051674211392212	0.18829767363663102	20.0407	0.2366	272.9801499422111	10.669033251649196	43.20867573983641	1.4507212869035568	281.6284557965019	11.32563508691641	11.724
20.389377363254088	0.28309568380868233	13.519731968341235	0.18877548650775172	5.573837218310971	0.1885105449635742	-1.051674211392212	0.18829767363663102	20.0407	0.2366	271.619922942624	13.45373460716127	43.20867573983641	1.4507212869035568	281.6284557965019	11.32563508691641	11.724
20.355146752912173	0.1890347926391876	13.519731968341235	0.18877548650775172	5.573837218310971	0.1885105449635742	-1.051674211392212	0.18829767363663102	20.0407	0.2366	272.9801499422111	10.669033251649196	43.20867573983641	1.4507212869035568	281.6284557965019	11.32563508691641	11.724
20.355146752912173	0.1890347926391876	13.519731968341235	0.18877548650775172	5.573837218310971	0.1885105449635742	-1.051674211392212	0.18829767363663102	20.0407	0.2366	272.9801499422111	10.669033251649196	43.20867573983641	1.4507212869035568	281.6284557965019	11.32563508691641	11.724
20.389377363254088	0.28309568380868233	13.519731968341235	0.18877548650775172	5.573837218310971	0.1885105449635742	-1.051674211392212	0.18829767363663102	20.0407	0.2366	271.619922942624	13.45373460716127	43.20867573983641	1.4507212869035568	281.6284557965019	11.32563508691641	11.724
20.389377363254088	0.28309568380868233	13.519731968341235	0.18877548650775172	5.573837218310971	0.1885105449635742	-1.051674211392212	0.18829767363663102	20.0407	0.2366	271.619922942624	13.45373460716127	43.20867573983641	1.4507212869035568	281.6284557965019	11.32563508691641	11.724
20.389377363254088	0.28309568380868233	13.519731968341235	0.18877548650775172	5.573837218310971	0.1885105449635742	-1.051674211392212	0.18829767363663102	20.0407	0.2366	271.619922942624	13.45373460716127	43.20867573983641	1.4507212869035568	281.6284557965019	11.32563508691641	11.724
20.355146752912173	0.1890347926391876	13.519731968341235	0.18877548650775172	5.573837218310971	0.1885105449635742	-1.051674211392212	0.18829767363663102	20.0407	0.2366	272.9801499422111	10.669033251649196	43.20867573983641	1.4507212869035568	281.6284557965019	11.32563508691641	11.724
20.355146752912173	0.1890347926391876	13.519731968341235	0.18877548650775172	5.573837218310971	0.1885105449635742	-1.051674211392212	0.18829767363663102	20.0407	0.2366	272.9801499422111	10.669033251649196	43.20867573983641	1.4507212869035568	281.6284557965019	11.32563508691641	11.724
20.355146752912173	0.1890347926391876	13.519731968341235	0.18877548650775172	5.573837218310971	0.1885105449635742	-1.051674211392212	0.18829767363663102	20.0407	0.2366	272.9801499422111	10.669033251649196	43.20867573983641	1.4507212869035568	281.6284557965019	11.32563508691641	11.724
20.389377363254088	0.28309568380868233	13.519731968341235	0.18877548650775172	5.573837218310971	0.1885105449635742	-1.051674211392212	0.18829767363663102	20.0407	0.2366	271.619922942624	13.45373460716127	43.20867573983641	1.4507212869035568	281.6284557965019	11.32563508691641	11.724
20.355146752912173	0.1890347926391876	13.519731968341235	0.18877548650775172	5.573837218310971	0.1885105449635742	-1.051674211392212	0.18829767363663102	20.0407	0.2366	272.9801499422111	10.669033251649196	43.20867573983641	1.4507212869035568	281.6284557965019	11.32563508691641	11.724
20.389377363254088	0.28309568380868233	13.419889554928842	0.33273276087278947	5.573837218310971	0.1885105449635742	-1.051674211392212	0.18829767363663102	20.0407	0.2366	267.7287921474621	16.78205503151135	43.758513834349856	2.132825452057993	281.6284557965019	11.32563508691641	11.724
20.355146752912173	0.1890347926391876	13.519731968341235	0.18877548650775172	5.573837218310971	0.1885105449635742	-1.051674211392212	0.18829767363663102	20.0407	0.2366	272.9801499422111	10.669033251649196	43.20867573983641	1.4507212869035568	281.6284557965019	11.32563508691641	11.724
20.355146752912173	0.1890347926391876	13.519731968341235	0.18877548650775172	5.573837218310971	0.1885105449635742	-1.051674211392212	0.18829767363663102	20.0407	0.2366	272.9801499422111	10.669033251649196	43.20867573983641	1.4507212869035568	281.6284557965019	11.32563508691641	11.724
