18.056307884162432	0.07540805509147855	8.2848949622119	0.0770807133407886	-0.8523180704684321	0.07249560083070146	-12.046110866761223	0.07007178357727067	19.6092	0.2346	190.665134992763	2.1040831758904153	37.51739915872867	0.43448096383580553	166.4375781951892	1.4991395566961043	11.706
18.089897750298217	0.07055921103537728	8.297009588841329	0.07052245713916051	-0.8503838757342815	0.07155314524930734	-12.060944227589461	0.0699069645798709	19.6146	0.2351	190.24701733717728	1.9380396817694523	37.47564482417396	0.4115927251457763	166.18863869060903	1.4829359948955048	11.706
18.107193461721163	0.07101118486417574	8.29927422394367	0.0723242823953174	-0.8465134449729197	0.06771548268736302	-12.048394695050286	0.06663343370423944	19.62	0.2356	189.95545524658135	1.963051897022258	37.482224708811145	0.40604642253205797	166.31739992966445	1.4105223690919693	11.706
18.115699554916528	0.07758885281780178	8.309381450426075	0.07173157205668494	-0.8329783155357586	0.06885152547167175	-12.05769897549355	0.07083078287741336	19.6146	0.2351	189.98647035329208	2.0471741255131186	37.496278567127746	0.4077923610066343	165.9789869408414	1.4606547246720303	11.706
18.074979259585117	0.0708093873716143	8.26273998522904	0.06926594336294546	-0.8561854450376498	0.07038503732523772	-12.055238515443321	0.06956738136730131	19.62	0.2356	189.87182351971228	1.916749737769536	37.59263864661082	0.4071009180907734	166.35940129233083	1.470072889269316	11.706
18.06048857046655	0.07274210771866284	8.266820167203914	0.07164499302668481	-0.8832482646463184	0.07146275920416403	-12.059012918769522	0.06884206593693856	19.62	0.2356	190.23186074107528	1.9831875870779196	37.464689045619224	0.41432992837194477	166.70606634028962	1.4801560762788073	11.706
18.096169707525483	0.07970427144619334	8.286967290433385	0.07550984958171114	-0.8445839236678011	0.07442490711743142	-12.049885378067907	0.0737390033203464	19.6146	0.2351	189.93060644639306	2.1258665971309205	37.5406610013902	0.4358690653879817	166.26663471888443	1.5545820518087294	11.706
18.09393661090012	0.07707823188150027	8.294937098458556	0.07170787115017924	-0.8465182097098652	0.07323788951071217	-12.051640405524603	0.07442746289670599	19.6146	0.2351	190.12836580594097	2.0426561627468693	37.499988457974524	0.4204656364603266	166.2692946382689	1.5494342704579516	11.706
18.077638900817714	0.07339731827185139	8.273036423793235	0.07277982529607138	-0.8503820285259884	0.06972802637310978	-12.05190486170402	0.0702990693529215	19.6092	0.2346	190.01971453707876	2.00325861630253	37.574125349721626	0.4151018237821015	166.3227216138386	1.4701959065696217	11.706
18.098759025209272	0.0719502129662796	8.28116572382579	0.07127182595526182	-0.8523139802405162	0.07198591743818274	-12.050193869511936	0.06757959585474299	19.6146	0.2351	189.76827687200952	1.9575745169277687	37.53273447279749	0.41627702458704136	166.376830458658	1.4670215708584757	11.706
18.0756906356711	0.07081010668993416	8.279125371525016	0.07200468339584741	-0.8542477487787917	0.07712745959526662	-12.053836219761632	0.06803039685600307	19.6146	0.2351	190.17560885877694	1.960443631264777	37.53317246870594	0.433607124923722	166.35144841801764	1.5275704748521497	11.706
18.04238606268373	0.07395713265914315	8.247056750775263	0.07164349700827612	-0.8600467460332851	0.07411172978478543	-12.066826495453217	0.07023428309960603	19.62	0.2356	190.199604781918	1.9993721909349744	37.64143766078167	0.42604682277573336	166.24470235797756	1.5146538890357	11.706
18.040011803035295	0.07288511012803074	8.24893763005443	0.06840626281600029	-0.8813131789235862	0.06638556680611062	-12.072179147190166	0.06487826444739649	19.6146	0.2351	190.28226432754326	1.9426148685411626	37.54600784989576	0.3919931021476638	166.4811078174595	1.3808928218334073	11.706
18.079017927907447	0.07422266094321994	8.256651804913691	0.07054322818604679	-0.8832496131534829	0.07146199231619262	-12.077266507137136	0.06661081779714159	19.6254	0.2359	189.6760658791125	1.9773697685871852	37.50636389444767	0.4120613240727555	166.43424621192534	1.4525055349245666	11.706
18.068352396871898	0.07202858376985968	8.256556262798828	0.07013701396437647	-0.8735856289975169	0.0708392931797637	-12.064233307262823	0.07168534966177927	19.62	0.2356	189.88039889698877	1.9455821623797287	37.54645575151728	0.4099472159464112	166.48435527571954	1.499342395027145	11.706
18.067044144467463	0.08317116955173043	8.262931220852336	0.07710847510197294	-0.8639157244239556	0.07868071244280807	-12.073933863489316	0.07590564246072368	19.6092	0.2346	190.02920288139106	2.1982945541435552	37.560010658755296	0.45336644045295743	166.1966770010116	1.6208474651959661	11.706
18.0536491802671	0.0706610605919885	8.264556905970364	0.07012171440373563	-0.8716529637056438	0.06884565908648524	-12.07156107887358	0.06773748219429018	19.62	0.2356	190.32078885655127	1.935448044161773	37.52151859856109	0.40358080265406815	166.3467007653921	1.4344853767424925	11.706
18.063218725677643	0.07184689666523401	8.263090590634258	0.07282495921859705	-0.8639136720488507	0.07363664191430744	-12.057566680327385	0.07141636082300373	19.6146	0.2351	190.10646985030252	1.984468102902169	37.559363256463506	0.4261921209681224	166.4396566925784	1.5252729468740378	11.706
18.067044144467463	0.07528126597459445	8.276989265304298	0.0713166075226205	-0.8484496358823013	0.06760851339596907	-12.049973516851336	0.06845625711104728	19.62	0.2356	190.30207560930225	2.0157182855192097	37.565806122577854	0.40453805594172604	166.32270605600442	1.428609579750796	11.706
18.069347941682988	0.07558763527150342	8.265035107677072	0.0721674189733273	-0.8445815046369765	0.07663885139536375	-12.06116477612993	0.0721604366097511	19.6146	0.2351	190.02532817718154	2.025526831560888	37.63105332907371	0.43485902522189357	166.09940110449946	1.5587983827075529	11.706
18.050179055816205	0.06391572592467654	8.252826593194404	0.07045521791405286	-0.8581169244051484	0.07084046578888666	-12.057258003016642	0.06929536539429082	19.6254	0.2359	190.16032861342669	1.846355254247688	37.62557279421308	0.4126057515284108	166.35809396060543	1.4720406817356517	11.706
18.068039656076156	0.0706641213760965	8.267394193138443	0.07503610692290236	-0.8523098897328818	0.07282780832701369	-12.046903912012144	0.06735343009496023	19.6092	0.2346	190.0964350643165	1.999217110398116	37.58942893654443	0.43100331768717876	166.42566582815647	1.4747478168328667	11.706
18.06198129470466	0.08060817708621737	8.261464743859106	0.07938590942086851	-0.8677753598332111	0.07198729604803515	-12.067311960756095	0.07236097224384487	19.6146	0.2351	190.09893551712725	2.19448352359282	37.55016459768197	0.44078758654122985	166.35221886593084	1.5160955747673597	11.706
18.027612599428203	0.0750346793106929	8.226912642156961	0.07815932323167296	-0.8909777200611415	0.07110893507041605	-12.059365742028826	0.06840824546907377	19.6254	0.2359	190.0953780807765	2.1015104256190447	37.59690618411998	0.43570657834022775	166.81617438158148	1.473810709886618	11.706
18.057444902589413	0.07130544481800845	8.257288808857272	0.07048171556173233	-0.8658440767089266	0.06638726613327686	-12.063404967288047	0.06544018392388629	19.6092	0.2346	190.10592749897975	1.9448759290982773	37.57530147212479	0.3987886160137129	166.38157024010357	1.3851086681129956	11.706
18.046566671637024	0.07891599024773768	8.26513075465899	0.0738612460364165	-0.8755124297448498	0.0711103183019762	-12.059453951104272	0.06884260999558832	19.6361	0.2362	190.46976125457456	2.1047700167443293	37.50332024012418	0.4206675042028066	166.58418324841784	1.4742219479225853	11.706
18.068252994265503	0.07589038058848145	8.267489871878507	0.07468727251041221	-0.8503751009967312	0.07323937646461233	-12.048879430133528	0.07078666159651571	19.6146	0.2351	190.09415293163138	2.0652291872692015	37.59701087537661	0.4313327014858794	166.36755311924193	1.5132043769427	11.706
18.049012162959695	0.07715122702203651	8.265290171215424	0.07212138833662961	-0.8697109741388928	0.07449871643234872	-12.057831273593875	0.06891186051687649	19.6092	0.2346	190.42525588991862	2.055568704351806	37.52648336773793	0.42595612782160797	166.52196383019626	1.5104622861810497	11.706
18.029915614973667	0.06669984261772753	8.249096726542216	0.06835398830069413	-0.890976796577149	0.06455819944720728	-12.065027506282021	0.06766969091913946	19.6146	0.2351	190.4817771482636	1.859956126338497	37.50565766000664	0.38581040560192736	166.7316367390044	1.3955186745156003	11.706
18.051244639426972	0.07152683596126388	8.239246761475925	0.07552410902431032	-0.8735766576548487	0.06972627956551877	-12.050546450711863	0.07168852357466751	19.6092	0.2346	189.87649477791925	2.0129221336154917	37.617810943834144	0.42431518480407976	166.68809152468498	1.4914276059852392	11.706
18.044831433317466	0.06997586228832076	8.26729851661354	0.07064658166323126	-0.8677777348924753	0.07232548126580683	-12.061517670752064	0.06671039685865446	19.6146	0.2351	190.5457930651263	1.9378254780870106	37.52617483503663	0.4153251665962626	166.43836416686042	1.4629988841117858	11.706
18.00816421911219	0.07598504996639383	8.22261130402713	0.07104019690451471	-0.8929134231317973	0.06771096063675629	-12.075556055398737	0.06968067802293358	19.6254	0.2359	190.38962642179249	2.023859316349894	37.60666322631423	0.40488317126462153	166.6035323759646	1.447537060141999	11.706
18.059535373335898	0.07247999588714749	8.25327228567348	0.07612959596820679	-0.8793765820243886	0.07111042895710734	-12.070777553738957	0.07183564598960382	19.6146	0.2351	189.98753624892177	2.0364996426327897	37.53614898716881	0.4281697883425105	166.47314921004903	1.5035662379491257	11.706
18.053548222978876	0.06927046709626367	8.26544959392134	0.07013637465005094	-0.8716422917440129	0.0724934110262865	-12.070954142942053	0.06621781958433647	19.6307	0.2361	190.340109396008	1.9169440881976088	37.51789659499994	0.4141760815700607	166.35555725099542	1.458433447924122	11.706
18.033883116430907	0.0746502238581205	8.24900126791324	0.07058081130497945	-0.8967766689459572	0.07154928785728076	-12.068581319462265	0.0680289325861591	19.6146	0.2351	190.40268371926913	1.999089958327061	37.48226459379027	0.41189480365870207	166.7651576549564	1.4737463137578721	11.706
18.032005812886446	0.07573556529017908	8.245080415496572	0.0778842276363295	-0.8561797276077533	0.07266166750582698	-12.061341220831974	0.06897917012056365	19.6092	0.2346	190.36292688310448	2.113054751664614	37.66560488935541	0.44081717609632637	166.26871151837722	1.486663327555779	11.706
18.04316715235142	0.06945256466243933	8.257448075201493	0.07416758146882739	-0.8484416600554721	0.07364004260167081	-12.037819208420533	0.07061444210988074	19.6146	0.2351	190.38639359513905	1.9768669627753186	37.64645504305921	0.4321020279623648	166.50325326684055	1.5181917458334782	11.706
18.059961843337586	0.07999385922391841	8.265513364725756	0.07395941847078388	-0.8658416576290792	0.072579744040339	-12.056296713546779	0.07323289840019861	19.6146	0.2351	190.2167097925028	2.115806679048589	37.54146758133622	0.4260239091026808	166.48722098646968	1.5339729324122728	11.706
18.049012162959695	0.07165564090453165	8.251232220191374	0.07286929073743517	-0.877443773450304	0.07010431003324893	-12.063360847354271	0.06995654868837528	19.6254	0.2359	190.15203185991592	1.983427710536549	37.55248502457273	0.41596131639680767	166.55476270069494	1.47464502232637	11.706
18.034592842896092	0.07477322787107146	8.253335959957699	0.07178509459956026	-0.8813090449846038	0.06972677014487014	-12.054277079032797	0.07139973872899238	19.62	0.2356	190.47324757245732	2.018482824957853	37.527946445639785	0.4111373361145022	166.74779325925445	1.4894147559567101	11.706
18.021342241767975	0.07148811910149447	8.230928605931572	0.07119304722573064	-0.8967766689459572	0.06972329656198353	-12.074110490123271	0.06783370802257857	19.62	0.2356	190.29510224309982	1.9610070346274735	37.55647867913935	0.4100088646608828	166.6826627566438	1.4506441528745682	11.706
18.04057977544033	0.08183961426244177	8.237143312451057	0.07796409872569876	-0.8909758730720094	0.07441946604601336	-12.07068926109592	0.07237802252631254	19.62	0.2356	190.04231535210442	2.1911470233640866	37.554775696737586	0.4434293806143052	166.64718487591182	1.5474368334450084	11.706
18.000229702458572	0.06735202008990569	8.2207936959078	0.06840727645188645	-0.9045091496055776	0.067709493965665	-12.081349962475793	0.07003463920223997	19.62	0.2356	190.50871262777807	1.8701168089448266	37.56636621807592	0.39623628784313614	166.69001509696645	1.452815611949606	11.706
18.006853746022838	0.07058093939446493	8.239024293537193	0.07043137072375613	-0.8967760972810677	0.07355357022383355	-12.055767591025127	0.06703682614101372	19.62	0.2356	190.73508325430754	1.9470396199160607	37.523200363477066	0.4182706823063949	166.95664342769663	1.4889683692743385	11.706
18.008943740663874	0.07851225252913711	8.216936411136267	0.07856778495108256	-0.8813118009858992	0.07449783771235673	-12.066826495453217	0.07321675111109642	19.6092	0.2346	190.2641308504419	2.15819765933851	37.67807390533332	0.4483808412001074	166.56075421860155	1.5553976213898413	11.706
18.04022478849573	0.07086056590697658	8.25304943341687	0.07055937656105743	-0.8813121454741659	0.06972529653637037	-12.07599768182296	0.0678702032873257	19.6254	0.2359	190.35806514562185	1.9449594696026629	37.52911088363377	0.4075613379879565	166.42430533527755	1.4465503475302686	11.706
18.02034943469429	0.06970252295848811	8.228476274110553	0.06883687504849004	-0.8948478057921017	0.07000670460025638	-12.073492319753639	0.07037522313913956	19.6254	0.2359	190.26673786312213	1.9035481607310867	37.574514019572504	0.40435841810952766	166.6631192634182	1.4799534678107884	11.706
18.012840244665966	0.06784099606341293	8.234881108798659	0.07434687176560757	-0.8851792889314767	0.070473673972953	-12.074022176153376	0.0649919638043186	19.62	0.2356	190.5374872144495	1.9612542432147693	37.58796034187726	0.4222031741219415	166.51120965881327	1.4266838010223624	11.706
18.01326555559626	0.07464811354900915	8.221015659016588	0.07172189296792754	-0.900641471361045	0.07290498196356625	-12.087188193301463	0.07387035488136907	19.62	0.2356	190.25941775489989	2.011349496890717	37.58138062477402	0.42135438861628255	166.54538796853646	1.5451976933036125	11.706
18.000654703160354	0.07364216839596095	8.214960207696318	0.07185194826874688	-0.91223915747699	0.07189487409969962	-12.090829863654902	0.07126201863746898	19.6146	0.2351	190.38687184617453	2.0017445404464445	37.55856038966851	0.4182680341517105	166.6639214909346	1.5092321574808607	11.706
18.017516607061406	0.0668069991509732	8.219039422735186	0.06893367758795263	-0.889043129759814	0.06728042257834589	-12.063272608466214	0.06672389244359155	19.62	0.2356	190.13850099216597	1.8627723676801289	37.63739146737316	0.39804448561744094	166.7289693113952	1.4138424275278598	11.706
18.02888968684334	0.06722027905624917	8.239532809336648	0.06998235268624835	-0.8851726921280462	0.07047497251532152	-12.065689419534946	0.0685429841641184	19.6254	0.2359	190.31564454602278	1.886495434559686	37.56882548049127	0.40892233143566886	166.6352109886632	1.4652196634249566	11.706
18.00051303402986	0.06738690584019603	8.220920530502093	0.06927702506300347	-0.8948434085860777	0.06904311473655386	-12.08521263321365	0.06932710146026824	19.6307	0.2361	190.50566403065025	1.882641275384541	37.60567636854533	0.40348869989260094	166.4884979606856	1.4556881788626281	11.706
17.998281468870168	0.08075431370028231	8.212825616636371	0.07746373945335956	-0.9083743829352288	0.07627497809842708	-12.063007899628872	0.07284838990134529	19.6254	0.2359	190.39151491429303	2.177215771657075	37.583264105765295	0.44794403335202815	167.02187131881325	1.579295391579626	11.706
18.01967762903797	0.07388867766762507	8.235135224966882	0.07202361644571616	-0.8967749539262965	0.07010281345464753	-12.07068926109592	0.07088016956109223	19.6146	0.2351	190.40928915168826	2.007982737023224	37.53918532157035	0.4131642340447128	166.7336720703424	1.4875661175911623	11.706
18.021980532656613	0.08289635992707817	8.227198244777398	0.08323958698769597	-0.906439025823044	0.08008677287971791	-12.080037137165569	0.07854745140852186	19.62	0.2356	190.2102271470826	2.281332655339045	37.53208698672899	0.4746583669021144	166.73839037959425	1.6739593016188934	11.706
17.98740756261182	0.07171404993669854	8.202596799267015	0.07327895030488521	-0.9161069615506436	0.0715469213555803	-12.079330296387742	0.07220136745714305	19.6146	0.2351	190.4040669660189	1.995175585401041	37.59355249793388	0.4222235659380712	166.89335221124233	1.519643129907187	11.706
18.02818017149691	0.06959335288453025	8.22315048703129	0.06593913877167112	-0.9083722062776252	0.06770971500469544	-12.074463759060702	0.07515639622603629	19.6146	0.2351	190.01143533358567	1.857877379824099	37.54077825340063	0.3885513457146064	166.85048255487118	1.5115748826999902	11.706
17.99346448213187	0.06996993160313433	8.198486551780253	0.06995122158186984	-0.9064437601317082	0.06716875925057297	-12.081040690326295	0.06866601580869386	19.62	0.2356	190.20642793493738	1.9212775570554748	37.65042200234255	0.4010221537188741	166.72348680421572	1.4331355492966622	11.706
17.998352293518384	0.07616087648973735	8.204826032946821	0.06611112010810621	-0.9219038080546599	0.07532294825726175	-12.088854300663206	0.06820970127109681	19.6361	0.2362	190.23462175563674	1.9590056807855147	37.56049258797712	0.41245287754092697	166.837648744561	1.5181959934818046	11.706
17.97911944973952	0.07065442942772747	8.200620726024507	0.07165994833628346	-0.9199722329258596	0.0693349626243228	-12.088589044120166	0.070326781134095	19.6254	0.2359	190.52697315543713	1.9607801649070522	37.58576554049584	0.4109110342643632	166.8127571505877	1.475038252521475	11.706
18.00642859523044	0.06883818533061564	8.216746253758688	0.07480704714183922	-0.9122407477556443	0.07154705956038566	-12.081305779760106	0.07340787581695972	19.62	0.2356	190.30931738625128	1.9762518115578271	37.55120568016372	0.42579340020644196	166.80606286159036	1.5309069778509294	11.706
18.01312378305498	0.0753706937190076	8.218944317116758	0.07237319889307739	-0.8987090633770555	0.0707477594229772	-12.081570880952185	0.0698937395050836	19.6307	0.2361	190.2219343961405	2.0294410444525814	37.59788338508207	0.4173462955691033	166.6002669286055	1.4815940650853476	11.706
17.981421408782335	0.07419645182594754	8.194692513238522	0.07433712344457037	-0.9103077014784846	0.07163542516399445	-12.0868787657813	0.07529614249064329	19.6092	0.2346	190.36674906587396	2.042976481957044	37.65013294467676	0.4268911179541862	166.69403819067858	1.5500522788599538	11.706
18.000229702458572	0.06986119277823478	8.222801595837337	0.0694341684532343	-0.8851796187450942	0.07480115394376675	-12.068448908731495	0.0710338843143175	19.62	0.2356	190.54783563911505	1.9195661624067186	37.637810231377614	0.4217540903586269	166.59419669898625	1.536677827477282	11.706
18.002532124785443	0.07432353719644953	8.214865150802265	0.07545033671402922	-0.9103069979445724	0.07282159565900868	-12.09069721106325	0.07139478262054913	19.6146	0.2351	190.34850376356187	2.059698434163586	37.56690426848366	0.43169451983083706	166.6370965878873	1.519971936601724	11.706
17.979190194894326	0.06938323522246026	8.208683324963161	0.07575516652432959	-0.9161065365241073	0.06770877554230538	-12.081261597371237	0.0748276065867932	19.6146	0.2351	190.68281601309113	2.004840990721835	37.56847815118137	0.41832180270584063	166.86447735660659	1.5081718988838309	11.706
17.98783224309404	0.06938429128100271	8.212825616636852	0.07240791890028528	-0.906441517649414	0.07128398933197465	-12.086967172010247	0.0682809138735872	19.6307	0.2361	190.59503845154626	1.9553775527167412	37.59123002949906	0.4188487251680648	166.63507794081747	1.4711804431747864	11.706
17.99842311872315	0.07272259145022437	8.2169047176289	0.07126551244338591	-0.9006422848796097	0.07154826946406076	-12.09074142826698	0.06718481123848898	19.62	0.2356	190.46815508983832	1.9826677809537578	37.598322054286086	0.4164342355179724	166.4925162825461	1.4602947360272729	11.706
17.99870642511737	0.07734345430315881	8.19494536728166	0.07470828545610123	-0.8987082278582921	0.07774102605898994	-12.096447043206126	0.07320966614248171	19.6146	0.2351	190.03602319995954	2.084418038409966	37.6971109531394	0.4469573151148065	166.3789265454353	1.5866593125827906	11.706
18.017587511777847	0.0912968799581783	8.217063187611107	0.0749625647499687	-0.9006409290050821	0.07627638487954312	-12.068846149734455	0.07312953457827075	19.62	0.2356	190.09878473947143	2.291328037324696	37.597674168947385	0.4410019667222137	166.81890482954913	1.5783779218617222	11.706
17.977807904672165	0.06934116790339309	8.211007804287432	0.07017018522637719	-0.9064400225764694	0.06603521017634442	-12.094604143568999	0.06419171673103706	19.6361	0.2362	190.75518539181905	1.926754021465028	37.59873103253272	0.3973555211280556	166.5213116008929	1.3706933291324421	11.706
17.999485563691614	0.07565066967735287	8.209348247560662	0.07453294121071363	-0.9238336231392094	0.07539874702449231	-12.100619588735034	0.07183280630758045	19.6254	0.2359	190.30047318784784	2.0642897511446	37.53395841652464	0.4357003782787505	166.69083308641567	1.553130761618907	11.706
17.954750928074816	0.07305046442469937	8.192906037907699	0.06844342667730689	-0.9238358217484693	0.06683621862517378	-12.107459855199874	0.07193442060993627	19.6254	0.2359	190.85201463407316	1.9571207669733726	37.60164254100471	0.39456200758857024	166.588912347294	1.4626452736674938	11.706
17.977666420829728	0.06751024060860733	8.218976018745094	0.07282052131206562	-0.9006417425356622	0.0663844133791043	-12.083458054530247	0.06941515308270738	19.6307	0.2361	190.91370737980805	1.9426482856494467	37.58978473866019	0.4061594162666938	166.60094486533035	1.430928008953508	11.706
18.00448036708982	0.08729940254767277	8.218817513049272	0.08132978096476065	-0.910307466969103	0.08045797258980186	-12.068493045315254	0.07675301108383947	19.6254	0.2359	190.38748745205922	2.321335196824339	37.55063812750165	0.4705709586974329	166.9687021023599	1.66391044248746	11.706
17.983015816892447	0.06825540658587557	8.20450958628718	0.07233482260699603	-0.914174862811828	0.06843745708685983	-12.092097886396543	0.0679216987185983	19.62	0.2356	190.5268268892239	1.9377891006568364	37.59363211425495	0.4105354113487634	166.6738767034601	1.4377349657158485	11.706
18.022051456657774	0.0754673479806794	8.233254186603812	0.07521479318201442	-0.9045058149406621	0.07257410572872006	-12.069022709775693	0.07139801603591585	19.6146	0.2351	190.32652453976672	2.071654740203163	37.51515343885859	0.42910454216810184	166.87401536340784	1.5216917217137635	11.706
17.975223025934465	0.0744588214435314	8.198739518161622	0.0754682071876404	-0.9180386781156092	0.07867207407827526	-12.09613738113573	0.07326814435304636	19.6254	0.2359	190.56624627377371	2.0665127344058303	37.60149267264036	0.44963347871770476	166.67125719066692	1.6029686431960262	11.706
17.976888299502374	0.07273263273870911	8.212603882611772	0.07281779134142921	-0.9045104320809061	0.07154797197308185	-12.084814869320159	0.07023169278474285	19.6146	0.2351	190.80433181677162	2.011158786559786	37.6001064276401	0.4210151141555727	166.63837503639334	1.4943043317098081	11.706
18.002532124785443	0.07594163288678839	8.204826032946821	0.07244996735476802	-0.9083741410916465	0.07119551859174494	-12.079639528940245	0.07682224388094741	19.6307	0.2361	190.15346514483028	2.037015578023748	37.616255760735	0.4192742588061646	166.77320779257965	1.563638347930957	11.706
17.98783224309404	0.07151966785971306	8.208809968582274	0.07167591581083704	-0.9122400662176052	0.07154720678387812	-12.08143832888618	0.06818820315269399	19.6361	0.2362	190.51677269308027	1.9726619395712772	37.5838820352362	0.417306465865316	166.8040731321567	1.4760516920834919	11.706
17.981775191087856	0.07493276149069386	8.192842839171412	0.06895648404199697	-0.9450955209044691	0.06962327620047326	-12.100000044444705	0.07153315795317952	19.6254	0.2359	190.32389813879774	1.9799107074720428	37.51442120064367	0.4022905779497492	167.0178135457895	1.4945910130346372	11.706
17.958718090971225	0.07387817811260002	8.198834384579373	0.07322407182606701	-0.9277018317819781	0.07223403280509501	-12.083369672233095	0.0706911677499097	19.6361	0.2362	190.8903650781806	2.0344544776179885	37.56128945512234	0.423318742383451	167.00638549653942	1.513061627131501	11.706
18.007208053686853	0.07371005969809498	8.213079041611941	0.07453527239251623	-0.9064395242036016	0.07232169805511919	-12.061517670752064	0.07191069848529301	19.6361	0.2362	190.22291431293198	2.0359624718407554	37.59019361289598	0.4280865144505196	167.01521400010867	1.526978782087173	11.706
17.97752493921446	0.06864279010002548	8.180765401223171	0.07313510312789853	-0.9257691094563621	0.07231877776991198	-12.099955793734827	0.07027445274189097	19.6307	0.2361	190.17183759679446	1.9470413570968073	37.64378953853275	0.4251648512573541	166.7296078429558	1.5046148534463033	11.706
17.97306262734188	0.07243942054378316	8.180639196628055	0.07414686575126728	-0.9083748666166257	0.0693364674415852	-12.0868787657813	0.06934794670661998	19.6307	0.2361	190.25604611727024	2.013984329533978	37.716353628682604	0.4212532991992652	166.66521572470415	1.4620894589674591	11.706
17.981421408782335	0.07218364940171491	8.198707896510196	0.07494009128479157	-0.9083748666166257	0.07598549316044935	-12.092407437257197	0.07054494135295417	19.6254	0.2359	190.44488643120957	2.0256012254675295	37.64152335733329	0.4411092796595919	166.5828270855097	1.5443431004653834	11.706
17.95146058272798	0.07950672300695866	8.186346215981544	0.0774948481591704	-0.9547592127055503	0.07793415136628387	-12.10302177601145	0.07167841755019422	19.6361	0.2362	190.7817555029469	2.1691229121006748	37.50017373763315	0.45087208787093663	167.11174956597702	1.5872019577883594	11.7056098
17.973699138701612	0.06867535862874304	8.201000287658674	0.06703760721725394	-0.910305590829167	0.06923867013133488	-12.085433624589882	0.06750281921953463	19.6254	0.2359	190.6400465450648	1.8721368170825663	37.62407640761802	0.39796705793942655	166.71556318686376	1.4425933778419318	11.706
17.949936185082347	0.0684573913664188	8.18659879855737	0.07062518957972426	-0.9141737636083677	0.06943283611583795	-12.07941864691281	0.0667274463875493	19.6415	0.2362	190.82283957584718	1.9223946397768912	37.66762285330945	0.409919607307341	166.86313496084622	1.4391739888455974	11.706
18.000654703160354	0.07376918442925122	8.210944463307063	0.0783296642804422	-0.9141720047964164	0.07265595165099276	-12.088986933346302	0.07467107120739075	19.6254	0.2359	190.30877504926508	2.0916790046489715	37.567133498368655	0.43984193693301804	166.72023436145534	1.5543757379969434	11.706
17.98783224309404	0.06938429128100271	8.20479438718241	0.07013277706818127	-0.9045086366013161	0.07083705502245413	-12.08881009042216	0.06662486290292871	19.6254	0.2359	190.4385724836917	1.920435728400014	37.63234878128088	0.4118061046586096	166.5788222470752	1.4483786792770839	11.706
17.986096324144807	0.07455613883892656	8.229047579268618	0.07350576966769001	-0.8832442188811526	0.07110947791583568	-12.066914758935358	0.07123401836915384	19.6415	0.2362	190.94582927159172	2.0489481826519444	37.62000560770138	0.4222308278360413	166.58821959759703	1.4992799021345014	11.706
17.973133348600452	0.07875647448085671	8.17464812372765	0.0776380943719969	-0.9219041891182869	0.0747217298935322	-12.086922968732365	0.0728306243554362	19.6361	0.2362	190.13834496626617	2.145994183618083	37.685098348888225	0.4464037586763873	166.8665141195691	1.5594682863934	11.706
17.952732016527495	0.07120990915598563	8.202976452473916	0.07023284109954606	-0.9025741567450712	0.0712848025006822	-12.07617434153387	0.07005620259251877	19.6254	0.2359	191.08866387406474	1.9602761332629477	37.64785714312879	0.4137534598213527	166.73835943852885	1.4914612728950338	11.706
17.95878875480243	0.07746151236038093	8.180796952980048	0.07423964110692406	-0.9199706500458084	0.07449235997079601	-12.098157194010163	0.07261540529848577	19.6361	0.2362	190.53685067382605	2.0907452764943137	37.66764337894189	0.4352917898178174	166.66994744685914	1.5511074831313623	11.706
17.99070077957598	0.07649266785252057	8.211166161014393	0.06919519262814479	-0.9006398442681642	0.06972353852614002	-12.072708970948865	0.06613235509627377	19.6307	0.2361	190.50679163174271	2.0092999789306973	37.62201130562539	0.4055893062170311	166.76120982678322	1.4344208392385738	11.706
17.987087242922335	0.06959028702724336	8.203387783109173	0.06593804139839964	-0.9180345740070219	0.072821101821404	-12.07306221290211	0.06890559573571507	19.6361	0.2362	190.42569444066976	1.8659292174110635	37.582347919451664	0.4047637489018999	167.0159702103853	1.501031120114407	11.706
17.954538986039463	0.07157213639030331	8.162697767408417	0.0728702880322036	-0.9489607371799412	0.07019017969421101	-12.094427218396074	0.07567617328287773	19.6307	0.2361	190.26735853200387	1.9847108170091303	37.622620335560164	0.4177653789152167	167.15924514901408	1.5480294335313847	11.706
