16.977771	0.074553	8.670712	0.07357	0.333784	0.07313	-5.086443	0.07734	19.4474	0.2338	0.0	0.0	0.0	0.0	0.0	0.0	0.0
16.669637	0.077027	8.820533	0.073193	1.116342	0.076162	-3.453759	0.083725	19.4528	0.2344	0.0	0.0	0.0	0.0	0.0	0.0	0.0
16.346546	0.07253	8.970968	0.074641	1.901159	0.082193	-1.99002	0.086928	19.4743	0.2355	0.0	0.0	0.0	0.0	0.0	0.0	0.0
16.020277	0.072488	9.17013	0.077434	2.686617	0.075236	-0.637382	0.081406	19.5013	0.2341	0.0	0.0	0.0	0.0	0.0	0.0	0.0
15.813736	0.070504	9.396396	0.074571	3.484797	0.066747	0.647086	0.085219	19.5013	0.2341	0.0	0.0	0.0	0.0	0.0	0.0	0.0
15.602723	0.081057	9.652891	0.078748	4.263827	0.077528	1.831001	0.089084	19.5067	0.2346	0.0	0.0	0.0	0.0	0.0	0.0	0.0
15.430334	0.073227	9.921257	0.072618	5.009425	0.072892	2.949948	0.075764	19.5175	0.2354	0.0	0.0	0.0	0.0	0.0	0.0	0.0
15.292107	0.07663	10.186481	0.074689	5.710001	0.072568	3.977626	0.082089	19.5498	0.2348	0.0	0.0	0.0	0.0	0.0	0.0	0.0
15.161859	0.070849	10.43555	0.075715	6.394545	0.081863	4.942292	0.079405	19.566	0.2354	0.0	0.0	0.0	0.0	0.0	0.0	0.0
15.081361	0.068428	10.701184	0.068057	7.04313	0.075695	5.843278	0.074185	19.5876	0.2359	0.0	0.0	0.0	0.0	0.0	0.0	0.0
14.983786	0.076335	10.972777	0.073227	7.659077	0.079923	6.661594	0.074106	19.5984	0.2355	0.0	0.0	0.0	0.0	0.0	0.0	0.0
14.946981	0.076744	11.253443	0.076017	8.23693	0.076913	7.453055	0.07425	19.62	0.2356	0.0	0.0	0.0	0.0	0.0	0.0	0.0
14.928113	0.075661	11.52174	0.077125	8.805713	0.079782	8.17452	0.071697	19.6254	0.2359	0.0	0.0	0.0	0.0	0.0	0.0	0.0
14.930644	0.069554	11.801106	0.071684	9.329936	0.070256	8.862329	0.070912	19.6307	0.2361	0.0	0.0	0.0	0.0	0.0	0.0	0.0
14.920033	0.072246	12.019007	0.075752	9.812332	0.075196	9.487054	0.077005	19.6631	0.2348	0.0	0.0	0.0	0.0	0.0	0.0	0.0
14.926866	0.06801	12.262354	0.063541	10.296373	0.070229	10.075556	0.070633	19.6685	0.2354	0.0	0.0	0.0	0.0	0.0	0.0	0.0
14.955471	0.076746	12.501099	0.073491	10.719817	0.07401	10.638502	0.078596	19.7063	0.236	0.0	0.0	0.0	0.0	0.0	0.0	0.0
14.950934	0.071715	12.729741	0.075968	11.139827	0.07389	11.135575	0.074471	19.7063	0.236	0.0	0.0	0.0	0.0	0.0	0.0	0.0
15.004313	0.068675	12.968924	0.068482	11.542318	0.071478	11.629658	0.074216	19.717	0.2351	0.0	0.0	0.0	0.0	-0.0	0.0	0.0
15.041595	0.072501	13.165658	0.074787	11.917267	0.076159	12.069977	0.074671	19.7386	0.2366	0.0	0.0	0.0	0.0	-0.0	0.0	0.0
15.076876	0.07753	13.372859	0.072959	12.268351	0.074713	12.486625	0.072597	19.7602	0.2362	0.0	0.0	0.0	0.0	-0.0	0.0	0.0
15.134412	0.071747	13.575713	0.068539	12.603168	0.07159	12.848329	0.073745	19.7656	0.2358	0.0	0.0	0.0	0.0	-0.0	0.0	0.0
15.192494	0.076251	13.77921	0.078535	12.916401	0.073973	13.252018	0.076569	19.771	0.2353	0.0	0.0	0.0	0.0	-0.0	0.0	0.0
15.234237	0.070627	13.964544	0.07497	13.228164	0.069801	13.590852	0.072824	19.7926	0.2369	0.0	0.0	0.0	0.0	-0.0	0.0	0.0
15.331443	0.074358	14.180559	0.07278	13.529739	0.073284	13.929845	0.071228	19.8195	0.2361	0.0	0.0	0.0	0.0	-0.0	0.0	0.0
15.367817	0.076383	14.307387	0.076571	13.779456	0.073674	14.22113	0.08072	19.8249	0.2356	0.0	0.0	0.0	0.0	-0.0	0.0	0.0
15.445054	0.06959	14.499594	0.06669	14.037097	0.067114	14.522461	0.06708	19.8303	0.2361	0.0	0.0	0.0	0.0	-0.0	0.0	0.0
15.472679	0.071759	14.617867	0.074608	14.237425	0.071241	14.727326	0.07312	19.8465	0.2371	0.0	0.0	0.0	0.0	-0.0	0.0	0.0
15.586282	0.07714	14.817708	0.077965	14.507015	0.07257	15.028403	0.073361	19.8735	0.2363	0.0	0.0	0.0	0.0	-0.0	0.0	0.0
15.636134	0.079568	14.96026	0.076504	14.721579	0.073893	15.261998	0.076882	19.8735	0.2363	0.0	0.0	0.0	0.0	-0.0	0.0	0.0
15.727405	0.070062	15.102898	0.07	14.930143	0.07133	15.479272	0.073219	19.8789	0.2358	0.0	0.0	0.0	0.0	-0.0	0.0	0.0
15.770457	0.070625	15.224362	0.074016	15.099013	0.074031	15.685773	0.084298	19.9058	0.2375	0.0	0.0	0.0	0.0	-0.0	0.0	0.0
15.846966	0.076115	15.362719	0.073283	15.282777	0.07117	15.886535	0.071138	19.9166	0.2373	0.0	0.0	0.0	0.0	-0.0	0.0	0.0
15.893103	0.072232	15.485271	0.071698	15.457042	0.072967	16.086084	0.073308	19.9274	0.2366	0.0	0.0	0.0	0.0	-0.0	0.0	0.0
15.954581	0.079808	15.606671	0.081705	15.607373	0.081872	16.238872	0.079069	19.9328	0.2361	0.0	0.0	-0.0	0.0	-0.0	0.0	0.0
16.069029	0.070492	15.749935	0.076324	15.777606	0.073422	16.411594	0.078392	19.9382	0.2366	0.0	0.0	-0.0	0.0	-0.0	0.0	0.0
16.110247	0.074791	15.855314	0.076839	15.945162	0.074901	16.567105	0.074516	19.9382	0.2366	0.0	0.0	-0.0	0.0	-0.0	0.0	0.0
16.251491	0.072661	16.122879	0.071874	16.194197	0.073885	16.852099	0.074128	19.949	0.2374	0.0	0.0	-0.0	0.0	-0.0	0.0	0.0
16.440638	0.069568	16.42195	0.071357	16.507949	0.071364	17.054214	0.073368	19.9328	0.2361	0.0	0.0	-0.0	0.0	-0.0	0.0	0.0
16.531569	0.070512	16.514952	0.071335	16.663316	0.07404	17.222417	0.07101	19.922	0.237	0.0	0.0	-0.0	0.0	-0.0	0.0	0.0
16.670916	0.072337	16.648054	0.067201	16.815242	0.072934	17.370501	0.066627	19.9328	0.2361	0.0	0.0	-0.0	0.0	-0.0	0.0	0.0
16.70157	0.073155	16.699491	0.073062	16.89373	0.075453	17.467934	0.073636	19.9328	0.2361	0.0	0.0	-0.0	0.0	-0.0	0.0	0.0
16.799747	0.070309	16.824703	0.071949	17.039906	0.071584	17.616513	0.0757	19.9328	0.2361	-0.0	0.0	-0.0	0.0	-0.0	0.0	0.0
16.878915	0.074674	16.928845	0.072477	17.152493	0.076123	17.746049	0.077468	19.9436	0.2371	-0.0	0.0	-0.0	0.0	-0.0	0.0	0.0
16.972875	0.076049	17.024907	0.075637	17.257013	0.080829	17.854981	0.075422	19.9328	0.2361	-0.0	0.0	-0.0	0.0	-0.0	0.0	0.0
17.087964	0.07692	17.167096	0.073855	17.409823	0.069573	17.968429	0.069981	19.949	0.2374	-0.0	0.0	-0.0	0.0	-0.0	0.0	0.0
17.13122	0.068809	17.233279	0.074702	17.498989	0.072729	18.057796	0.073074	19.976	0.2372	-0.0	0.0	-0.0	0.0	-0.0	0.0	0.0
17.188859	0.074548	17.299273	0.073009	17.575444	0.077966	18.144884	0.072835	19.9706	0.2375	-0.0	0.0	-0.0	0.0	-0.0	0.0	0.0
17.268833	0.071971	17.39388	0.07388	17.668142	0.070802	18.235678	0.072777	19.9867	0.2363	-0.0	0.0	-0.0	0.0	-0.0	0.0	0.0
17.326363	0.066709	17.47854	0.067607	17.763287	0.0656	18.295477	0.071383	19.9813	0.2368	-0.0	0.0	-0.0	0.0	-0.0	0.0	0.0
17.384721	0.078091	17.549449	0.078346	17.857262	0.075356	18.387552	0.076656	19.9921	0.2369	-0.0	0.0	-0.0	0.0	-0.0	0.0	0.0
17.465823	0.079135	17.651469	0.068926	17.95105	0.07369	18.468972	0.074014	19.9921	0.2369	-0.0	0.0	-0.0	0.0	-0.0	0.0	0.0
17.523869	0.076236	17.676164	0.075326	18.007099	0.073704	18.535611	0.07638	19.9813	0.2368	-0.0	0.0	-0.0	0.0	-0.0	0.0	0.0
17.586237	0.075636	17.767793	0.079678	18.06958	0.076766	18.604507	0.076714	19.9975	0.2373	-0.0	0.0	-0.0	0.0	-0.0	0.0	0.0
17.635823	0.071234	17.834115	0.067293	18.146411	0.072583	18.658458	0.069738	11.4861	1.1303	-0.0	0.0	-0.0	0.0	-0.0	0.0	0.0
17.745249	0.090065	17.857999	0.078968	18.295909	0.07337	18.73067	0.072935	0.925	0.1934	-0.0	0.0	-0.0	0.0	-0.0	0.0	0.0
17.77921	0.071917	17.829323	0.067496	18.440941	0.068612	18.802537	0.066953	0.4665	0.186	-0.0	0.0	-0.0	0.0	-0.0	0.0	0.0
17.848259	0.075472	17.95897	0.076902	18.646366	0.075451	18.886562	0.075623	0.2723	0.184	-0.0	0.0	-0.0	0.0	-0.0	0.0	0.0
17.869285	0.075034	18.051062	0.077785	18.830994	0.075716	18.966422	0.073371	0.2831	0.1837	-0.0	0.0	-0.0	0.0	-0.0	0.0	0.0
17.910356	0.073101	18.085885	0.073865	18.922496	0.071854	19.02022	0.071257	0.2885	0.1833	-0.0	0.0	-0.0	0.0	-0.0	0.0	0.0
18.016099	0.07903	18.168711	0.081717	19.051917	0.081967	19.137023	0.080773	0.2831	0.1837	-0.0	0.0	-0.0	0.0	-0.0	0.0	0.0
18.028071	0.073115	18.184868	0.0736	19.124757	0.071876	19.220405	0.07179	0.3047	0.1828	-0.0	0.0	-0.0	0.0	-0.0	0.0	0.0
18.093865	0.072344	18.244437	0.069872	19.209871	0.074816	19.290792	0.071576	0.2993	0.1821	-0.0	0.0	-0.0	0.0	-0.0	0.0	0.0
18.107788	0.063843	18.25627	0.067357	19.261586	0.075999	19.346752	0.065856	0.2885	0.1833	-0.0	0.0	-0.0	0.0	-0.0	0.0	0.0
18.185298	0.072096	18.312903	0.071609	19.335284	0.07924	19.403646	0.070482	0.2939	0.1828	-0.0	0.0	-0.0	0.0	-0.0	0.0	0.0
18.236644	0.07537	18.372655	0.071149	19.414338	0.074834	19.499481	0.071381	0.2993	0.1821	-0.0	0.0	-0.0	0.0	-0.0	0.0	0.0
18.275962	0.07733	18.395246	0.074018	19.460106	0.074534	19.522146	0.074071	1.6586	0.1947	-0.0	0.0	-0.0	0.0	-0.0	0.0	0.0
18.276111	0.079784	18.347249	0.076693	19.462129	0.072363	19.530564	0.071354	0.8225	0.1839	-0.0	0.0	-0.0	0.0	-0.0	0.0	0.0
18.368397	0.077744	18.433289	0.071628	19.685589	0.073462	19.625595	0.075868	1.8042	0.1851	-0.0	0.0	-0.0	0.0	0.0	0.0	0.0
18.373663	0.071007	18.821961	0.089606	19.903398	0.071264	19.660267	0.069054	7.2034	0.1908	-0.0	0.0	-0.0	0.0	0.0	0.0	0.0
18.468373	0.07022	18.996577	0.067967	19.663974	0.072609	19.72815	0.072025	19.4042	0.2346	-0.0	0.0	-0.0	0.0	-0.0	0.0	0.0
18.574449	0.068052	19.000025	0.069381	19.518012	0.074397	19.754725	0.070023	19.8897	0.2368	-0.0	0.0	-0.0	0.0	-0.0	0.0	0.0
18.673284	0.069311	19.052862	0.068767	19.488977	0.069476	19.774061	0.06942	20.4668	0.2391	-0.0	0.0	-0.0	0.0	-0.0	0.0	0.0
18.712364	0.073837	19.064703	0.075655	19.448221	0.071283	19.741705	0.076764	20.4722	0.2386	-0.0	0.0	-0.0	0.0	-0.0	0.0	0.0
18.765355	0.076808	19.105185	0.077183	19.448867	0.07858	19.75917	0.078177	20.3104	0.2378	-0.0	0.0	-0.0	0.0	-0.0	0.0	0.0
18.826377	0.07267	19.136901	0.071916	19.463826	0.077712	19.793085	0.076066	20.3158	0.2384	-0.0	0.0	-0.0	0.0	-0.0	0.0	0.0
18.843153	0.084935	19.132702	0.083966	19.453314	0.088158	19.763616	0.084365	20.3158	0.2384	-0.0	0.0	-0.0	0.0	-0.0	0.0	0.0
18.916259	0.07448	19.18699	0.07274	19.495042	0.07617	19.78435	0.072826	20.3158	0.2384	-0.0	0.0	-0.0	0.0	-0.0	0.0	0.0
18.933786	0.077847	19.107962	0.077631	19.424366	0.075119	19.730411	0.075043	20.3158	0.2384	-0.0	0.0	-0.0	0.0	-0.0	0.0	0.0
18.904419	0.069822	19.053388	0.070811	19.355001	0.072479	19.65045	0.068639	20.3104	0.2378	-0.0	0.0	-0.0	0.0	-0.0	0.0	0.0
18.910712	0.069933	19.055487	0.073496	19.336087	0.067713	19.637827	0.070451	20.3266	0.2392	-0.0	0.0	-0.0	0.0	-0.0	0.0	0.0
18.946971	0.075416	19.066583	0.074816	19.338831	0.079166	19.644764	0.074085	20.3158	0.2384	-0.0	0.0	-0.0	0.0	-0.0	0.0	0.0
18.938056	0.073291	19.076551	0.075474	19.327762	0.076233	19.62949	0.072907	20.3104	0.2378	-0.0	0.0	-0.0	0.0	-0.0	0.0	0.0
18.96076	0.069874	19.124455	0.067533	19.36729	0.069439	19.637515	0.067585	20.3266	0.2392	-0.0	0.0	-0.0	0.0	-0.0	0.0	0.0
19.014938	0.077818	19.142973	0.07491	19.392109	0.081386	19.544579	0.078223	20.3212	0.2389	-14550.759064485414	12275.477002657652	-1375.9248251871975	610.8885845521047	-12218.873228947847	9046.394976290308	11.7056098
19.277832	0.069297	19.19802	0.068353	19.405204	0.068456	17.743069	0.101136	20.3212	0.2389	23343.034721668533	28468.21697295096	-1654.5827741793062	772.5578488608656	1120.8877745347597	82.35743449132269	11.706
19.646033	0.074391	19.198323	0.077164	19.157605	0.077293	15.391316	0.106037	20.305	0.2383	4161.322339748395	996.2377282709866	8419.127537498382	22582.95084916421	494.66931962360644	17.234263799748327	11.706
20.045688	0.071421	19.164346	0.072829	18.597161	0.072194	13.149444	0.096085	20.2888	0.2392	2113.900647884635	244.66071213851114	604.3959608952213	109.27550713212746	341.99053699240534	7.544785997438602	11.706
20.47617	0.081231	19.070104	0.073239	17.823386	0.08293	11.109159	0.090141	20.2618	0.2381	1325.0211189761137	103.06832954223482	274.9656520145662	24.402015753821527	277.4805819933893	5.062006141993414	11.706
20.809501	0.068399	18.851541	0.072533	16.901589	0.074304	9.254831	0.085227	20.2456	0.2385	951.5349016631021	48.45099627976285	175.80150063559358	9.36159324237421	243.6415364477336	3.602637247565962	11.706
21.130904	0.0794	18.612522	0.076845	15.952443	0.081475	7.576915	0.091487	20.2241	0.2389	739.7875276683828	32.4589593439888	128.8700677519672	5.4257862975979565	222.44180783046403	3.2536017041947662	11.706
21.41992	0.069164	18.347468	0.075997	15.051143	0.075393	6.076013	0.087745	20.2133	0.2383	606.3780705551685	20.280235747654054	103.99597868124923	3.377316757002312	207.5811299338215	2.675636339180714	11.706
21.652772	0.079729	18.043908	0.080682	14.137718	0.082183	4.645304	0.073476	20.2025	0.2373	516.2476912080136	16.22607604922845	87.7592774364971	2.5874381687459693	196.26912109850284	2.2793520653040846	11.706
21.844075	0.071422	17.701626	0.071409	13.238413	0.078272	3.366822	0.080746	20.1917	0.2382	449.7503154898138	10.96538551889049	76.80666541763208	1.8233063803638323	188.73023903485606	2.1499919526242954	11.706
21.960845	0.074077	17.34286	0.078156	12.383029	0.079692	2.175324	0.073739	20.1539	0.2376	403.43737926126516	9.407471230628252	69.11617228674619	1.555449322276992	182.51582243531044	1.9413194627891879	11.706
22.082006	0.072449	17.02423	0.073357	11.59991	0.073333	1.08913	0.076772	20.1486	0.2371	368.35709780661426	7.508922129579421	63.197688541756676	1.2084797492083976	177.2530422130218	1.7904074258306253	11.706
22.167357	0.070677	16.664629	0.073707	10.851913	0.070134	0.110717	0.069739	20.1324	0.2383	338.5716717090101	6.283050685880121	58.9749236129067	1.0322587944012886	173.45067660808076	1.5971366663623308	11.706
22.215981	0.075707	16.361142	0.072787	10.164587	0.079927	-0.772818	0.074717	20.1162	0.2384	318.2099064448528	5.707922897271255	55.321777560764794	0.9651306031930252	170.33910696162917	1.7039842225303812	11.706
22.276394	0.074052	16.040193	0.076768	9.52012	0.078707	-1.585682	0.071982	20.0946	0.2368	298.75041903190953	5.109782951885972	52.576786599617854	0.8865838346466867	167.75624646998492	1.6111179973664416	11.706
22.235026	0.072635	15.691428	0.076098	8.882556	0.073103	-2.359153	0.071031	20.0946	0.2368	284.71613468136184	4.577274873273724	50.346731360631196	0.7802654221354076	165.7281659862982	1.5026628348698143	11.706
22.267447	0.07355	15.402105	0.071256	8.315619	0.072974	-3.042132	0.072982	20.0676	0.2382	271.37291602813656	4.047903207236887	48.374388846038926	0.6962370327446807	164.0349269535339	1.4905677347658903	11.706
22.221918	0.079818	15.074988	0.080706	7.751448	0.075666	-3.700036	0.074686	20.0407	0.2366	260.68086556595534	4.14019984320904	46.80857584577204	0.707089508899393	162.6922461245945	1.5104571977245962	11.706
22.196586	0.070388	14.81503	0.076563	7.267006	0.072783	-4.27814	0.071445	20.0353	0.2371	252.4596946725887	3.557006304339122	45.42808791328746	0.6357812061895319	161.41374726969332	1.4259116727712908	11.709
22.20402	0.071954	14.588889	0.068149	6.829743	0.074181	-4.803685	0.06642	20.0137	0.238	244.65342382589208	3.18394216794016	44.18069284762272	0.573574210321798	160.1477948824814	1.3707170737305725	11.706
22.112824	0.076399	14.280737	0.074084	6.356402	0.074147	-5.317958	0.074785	19.9921	0.2369	237.8762853105388	3.2321959187803655	43.25971038914486	0.5721980227970446	159.58628678922804	1.439596984426187	11.706
22.092366	0.074093	14.054908	0.07448	5.986328	0.075968	-5.738914	0.072164	19.9598	0.2377	231.79814453769032	3.0298316575317843	42.486340218836055	0.560204947134116	158.89376611245117	1.419917856116904	11.706
22.035443	0.074648	13.835221	0.06936	5.602791	0.072653	-6.177957	0.07033	19.9598	0.2377	227.2554531104047	2.8239191452311285	41.6514127076523	0.5081955766936774	158.1856356018721	1.3577525200684821	11.709
21.946536	0.073312	13.59792	0.065776	5.250964	0.068213	-6.553303	0.066334	19.9328	0.2361	223.21605425902706	2.6334256723511382	41.07992433775681	0.4663658887830915	157.870471421313	1.2725161309536748	11.709
21.891857	0.067142	13.368445	0.068282	4.922101	0.077543	-6.917372	0.067442	19.9274	0.2366	218.5823827548951	2.4558107602665094	40.58613835517658	0.4964759055367696	157.3607009228324	1.3659163881280247	11.706
21.817307	0.071251	13.151007	0.073781	4.593482	0.069082	-7.239261	0.073047	19.9058	0.2375	215.0335426641663	2.5450068219672075	40.06909880755523	0.473261306109941	157.490551204777	1.3381515702777402	11.709
21.786081	0.071867	12.997742	0.067973	4.348494	0.06984	-7.527154	0.066521	19.8897	0.2368	212.04748603753075	2.386763119013206	39.644181625284624	0.4466996853874364	156.921554889621	1.2744682454364646	11.709
21.750958	0.071246	12.848857	0.074098	4.105796	0.074853	-7.779157	0.070123	19.8789	0.2358	209.28405695300793	2.4166269572465566	39.20874728695934	0.4723406367978041	156.75853571456966	1.3528373514405725	11.706
21.639876	0.071117	12.656116	0.074637	3.83929	0.075383	-8.054697	0.076357	19.8735	0.2363	207.43489923877397	2.380435051280646	38.89067655382557	0.4679218427590015	156.6796003513174	1.4134467280264025	11.709
21.597207	0.074474	12.502656	0.072215	3.618507	0.082159	-8.277633	0.07204	19.8573	0.2372	204.90789138869243	2.3372832608939893	38.59596749576351	0.4752095228556344	156.65125836593103	1.4388966401381256	11.709
21.529789	0.077048	12.34968	0.0717	3.398066	0.073731	-8.515572	0.070287	19.8303	0.2361	202.9461276048443	2.3267493852565195	38.295269983893576	0.4399775137420402	156.381103878868	1.3371094575164162	11.706
21.412376	0.075614	12.169551	0.077373	3.177581	0.071249	-8.713535	0.068896	19.8249	0.2356	201.5691022255725	2.359322839705758	38.12339876836366	0.4459375232854358	156.67728375696055	1.305891083554973	11.706
21.379155	0.075781	12.057714	0.07326	3.000809	0.07052	-8.911904	0.070575	19.8195	0.2373	199.86906957770782	2.260043161834719	37.85006881897892	0.42496237318691665	156.39324077143004	1.3098026733866237	11.706
21.292056	0.075799	11.927061	0.074455	2.843631	0.074685	-9.072414	0.073004	19.7926	0.2369	198.939537864717	2.2570524700965917	37.73954263982348	0.4381520440058699	156.34950263435275	1.3703346500960227	11.706
21.247502	0.071879	11.78231	0.07447	2.645386	0.071478	-9.251533	0.072215	19.7872	0.2367	196.83359192353655	2.152346712026888	37.51858781114998	0.42385950455678145	156.60086094547418	1.3374751358002204	11.706
21.180005	0.069579	11.65819	0.069591	2.508135	0.067237	-9.395232	0.071036	19.771	0.2353	195.66308794963038	2.0221721175992955	37.4647422030926	0.3962069221070441	156.5160337943045	1.2861029536278994	11.706
21.139118	0.071009	11.574349	0.071306	2.370819	0.068524	-9.525419	0.07439	19.7602	0.2362	194.784392319011	2.049350208644938	37.24706139556133	0.40022915149880994	156.60982906487865	1.331483139190218	11.706
21.052526	0.078267	11.450291	0.070454	2.243505	0.069643	-9.65588	0.074907	19.7548	0.2365	194.02439394958884	2.1278317078984825	37.233889740094654	0.4006373264879494	156.56841656998162	1.3457729156205145	11.706
20.991011	0.073028	11.336287	0.073411	2.094678	0.066631	-9.79357	0.068162	19.7494	0.2367	192.96954920343552	2.069621486625339	37.09359334534916	0.3979248225706016	156.71507779153808	1.256530859907992	11.706
20.931627	0.072787	11.248765	0.073566	1.977246	0.075142	-9.884673	0.07117	19.7386	0.2366	192.40878944014528	2.056427771584643	36.97392807700763	0.4193619774524307	157.06292773270374	1.3703908333837884	11.706
20.840136	0.082005	11.156995	0.072123	1.861775	0.073156	-9.999729	0.070403	19.717	0.2351	192.45256199584722	2.170532067512572	36.88910227410219	0.4076967826904877	157.10867422443135	1.3447937941300854	11.709
20.84788	0.074663	11.094738	0.072102	1.785708	0.072188	-10.098884	0.069883	19.717	0.2351	191.02231855192667	2.0328872039353927	36.824940148062005	0.4036094271550523	156.7632812822006	1.3252861457394431	11.706
20.744396	0.069639	10.98509	0.068606	1.662596	0.069878	-10.178832	0.070505	19.7117	0.2356	190.90166164995955	1.9122143989859461	36.771754454396806	0.38626654819232314	157.33471841569693	1.3189404337073531	11.706
20.686611	0.067737	10.887248	0.067399	1.551167	0.067923	-10.288094	0.071274	19.7063	0.236	190.12131908175942	1.8539200054467315	36.718239824130144	0.37633295459429505	157.3635235855805	1.3086334366039154	11.706
20.657363	0.068193	10.840731	0.077252	1.482864	0.070792	-10.356949	0.06725	19.6793	0.2362	189.78686294796168	1.9921743186912875	36.63275751047424	0.4101870684492816	157.3561698806827	1.2977115199472327	11.706
20.596845	0.072615	10.768052	0.072692	1.410721	0.069954	-10.422266	0.064439	19.6793	0.2362	189.55203468570357	1.9815237665562941	36.63485746869092	0.39497324643392007	157.4469550087103	1.2655154069065233	11.706
20.5244	0.077832	10.66426	0.074481	1.295524	0.077632	-10.518458	0.07057	19.6631	0.2348	188.94941622477003	2.0643852175076627	36.59025898949143	0.4201754566747185	157.7002397298484	1.4004540085600707	11.706
20.46221	0.073129	10.59482	0.072138	1.227156	0.072452	-10.571791	0.063156	19.6631	0.2348	188.81057896843652	1.9655547937533948	36.59444542193073	0.39939988724102354	157.9011869014522	1.2862584600226206	11.706
20.444105	0.069013	10.560805	0.068609	1.180447	0.068311	-10.62044	0.064156	19.6631	0.2348	188.5066556591447	1.8560995855297955	36.54492353556658	0.37718989547236315	157.87523180794898	1.2537288769339765	11.706
20.38347	0.077754	10.477985	0.073258	1.104471	0.070579	-10.668926	0.070469	19.6631	0.2348	188.08445134388217	2.0284618477053264	36.571606109825474	0.39689195205994193	158.24386313309498	1.3405340736774984	11.706
20.311014	0.078806	10.410752	0.073843	1.020599	0.071777	-10.746434	0.07193	19.6631	0.2348	188.18366987132325	2.052795118540545	36.50680255557853	0.40036150524180164	158.32944592499004	1.3672811123625097	11.706
20.281645	0.074569	10.364238	0.06879	0.968009	0.068412	-10.800258	0.072429	19.6415	0.2362	187.8583619845531	1.921740697415169	36.48319662015867	0.3766920537721822	158.3128310180329	1.3402767363863253	11.706
20.246031	0.073816	10.317773	0.071951	0.907647	0.071748	-10.863374	0.069251	19.6469	0.236	187.65302328179715	1.9483319195349023	36.42931942072669	0.3933639709018144	158.2757967113439	1.3408118122015715	11.706
20.195503	0.072609	10.275285	0.076725	0.874547	0.073837	-10.881939	0.069096	19.6092	0.2346	187.80513335221627	1.999844655304975	36.46569546528175	0.4130504154062491	158.47148257701625	1.3631097881574632	11.706
20.142239	0.072709	10.214268	0.071542	0.802458	0.072778	-10.937226	0.06987	19.6254	0.2359	187.65845731932072	1.9280858824220384	36.422799048764325	0.3949372632182231	158.69829070181916	1.3638148537382198	11.706
20.104696	0.07585	10.135527	0.075472	0.738257	0.071831	-10.987425	0.072822	19.6092	0.2346	186.8829487996984	2.005854369335614	36.47915738015462	0.40445673691909906	158.88779327767273	1.3860424438206216	11.706
20.066681	0.068854	10.10311	0.066211	0.711005	0.064934	-11.009603	0.065521	19.6092	0.2346	186.9879442923027	1.7927041036747438	36.49921787303071	0.3603939786605086	158.95658127375816	1.2510655922970135	11.706
20.026565	0.07578	10.064628	0.073204	0.664299	0.074149	-11.05029	0.073395	19.6092	0.2346	187.01860987343915	1.9780323650702283	36.46728681176718	0.4042173210936866	159.03824726567728	1.4164060648593457	11.706
19.999413	0.075283	10.022262	0.077601	0.627354	0.071014	-11.083729	0.070281	19.6092	0.2346	186.73343894185095	2.023545523869277	36.48832668889663	0.4085408085080091	159.08586726165535	1.3572229932953344	11.706
19.9473	0.080097	9.980057	0.07277	0.572932	0.073078	-11.111775	0.068647	19.6092	0.2346	186.91905911798136	2.0294434393080967	36.44093944579734	0.3995034050285527	159.44497630469579	1.368161305275023	11.706
19.909073	0.067033	9.935411	0.069538	0.547626	0.068362	-11.144921	0.067266	19.6092	0.2346	186.79877700871967	1.8089917138449982	36.516009030359825	0.37930296563644766	159.33806031372822	1.306952030668617	11.706
19.875614	0.070476	9.903175	0.071005	0.502918	0.071697	-11.167248	0.069965	19.6038	0.2351	186.82167403523005	1.8741775164178778	36.46756658168601	0.39146028914529823	159.64363895336524	1.3703996845224242	11.706
19.844342	0.079775	9.860872	0.074438	0.462112	0.075502	-11.198863	0.075642	19.6038	0.2351	186.61524020606478	2.0395350485362767	36.4733736964066	0.41145321871454094	159.76946258780913	1.4643192026155414	11.706
19.778844	0.076967	9.798098	0.072749	0.411556	0.07071	-11.241286	0.074924	19.5984	0.2355	186.66618146689058	1.9807398090172232	36.520848502374605	0.3947220418196546	159.88097643231194	1.4134897959221653	11.706
19.779469	0.075462	9.794359	0.072304	0.411598	0.072122	-11.234216	0.068362	19.593	0.2358	186.5846048106826	1.9529082985490351	36.535564902513414	0.3976630485275448	159.97745525090068	1.3650692805743143	11.706
19.717496	0.074307	9.731263	0.071557	0.345462	0.071069	-11.296603	0.074348	19.5876	0.2359	186.5636319537899	1.9272316921323565	36.52373015010547	0.39245383315504606	160.0289753979216	1.4137694654072914	11.706
19.695437	0.0733	9.709566	0.073381	0.339703	0.073043	-11.278688	0.07357	19.5768	0.2359	186.57038082336777	1.9378274329429472	36.58585804625036	0.4042769837148903	160.35505119983014	1.4308590102656515	11.706
19.64518	0.079027	9.664225	0.069926	0.292958	0.067813	-11.320227	0.064561	19.5768	0.2359	186.66227690890486	1.9734662314267009	36.580374250426196	0.38022750511272846	160.4269552069649	1.2934331238915757	11.706
19.620866	0.072191	9.632358	0.072286	0.244454	0.071756	-11.359549	0.070465	19.5714	0.2357	186.52112440416266	1.907710963710842	36.51555128800775	0.39617553697312935	160.5538757916379	1.3914892278422744	11.706
19.585029	0.076803	9.618184	0.07545	0.242507	0.07756	-11.352113	0.072652	19.5714	0.2357	186.92651574996404	2.0192100832049213	36.56317272391065	0.42197515137781255	160.68380830345336	1.4727793594411551	11.706
19.554659	0.072225	9.569277	0.074351	0.203613	0.071317	-11.383039	0.068546	19.566	0.2354	186.57952128589213	1.9368353097627606	36.602259537637984	0.4026361778583532	160.79431395561716	1.3727362139710433	11.706
19.53799	0.073595	9.559256	0.067081	0.182262	0.071216	-11.407151	0.067798	19.5552	0.2343	186.7038252212719	1.8631390878411185	36.55803615584789	0.3814253514223102	160.75600245380022	1.3638914907359903	11.706
19.487604	0.071824	9.520936	0.07188	0.157027	0.073027	-11.431218	0.068537	19.5606	0.2349	186.92986203183023	1.9058263566514793	36.60911685738887	0.4006088434971826	160.7722092585066	1.389472098759004	11.706
19.479425	0.074245	9.490769	0.070497	0.124037	0.067689	-11.447976	0.064925	19.5606	0.2349	186.51836979874545	1.9117885188589179	36.598084082389455	0.3818640907132299	160.99772942295948	1.3049096521778132	11.706
19.456454	0.066202	9.482769	0.070065	0.120163	0.06725	-11.455451	0.069349	19.566	0.2354	186.79834963472706	1.8053700107620927	36.614212297352424	0.37979389223101967	160.94764017564503	1.3431507830823748	11.706
19.437918	0.078529	9.46277	0.07652	0.093008	0.077615	-11.459357	0.074998	19.5552	0.2343	186.7709332600169	2.0529642991793478	36.586251218147204	0.4255852767915958	161.2715511065748	1.5067014037829634	11.706
19.393779	0.069912	9.424427	0.065632	0.054191	0.067466	-11.488921	0.064707	19.5552	0.2343	186.8795334187554	1.797531904415139	36.58439982541283	0.3674878506749105	161.4008205416478	1.3070934565780168	11.706
19.361338	0.071569	9.373551	0.069064	0.034739	0.067027	-11.514281	0.065122	19.5552	0.2343	186.5345731483223	1.8574990391922648	36.707504472328985	0.3782906701164999	161.31825334823714	1.3053658502182177	11.706
19.323518	0.074031	9.357412	0.069971	0.009515	0.070567	-11.536449	0.067921	19.5552	0.2343	186.9404033563212	1.910762501293559	36.67182542293052	0.3898539137334238	161.36096525650444	1.368813191195878	11.706
19.313318	0.070375	9.339402	0.066652	-0.004052	0.068311	-11.536617	0.068767	19.5552	0.2343	186.79402167191108	1.8153026503844465	36.689265335426974	0.3747696010863289	161.54842220526896	1.357793488235047	11.706
19.302889	0.069981	9.329353	0.068468	0.003712	0.069328	-11.532965	0.071574	19.5606	0.2349	186.8011215035024	1.833713087136347	36.75934868123442	0.38407738263339264	161.49083928300968	1.3948374154122916	11.706
19.271378	0.075334	9.295066	0.070649	-0.044788	0.071639	-11.555131	0.066963	19.5552	0.2343	186.74913938105294	1.9332934067294207	36.70340810386986	0.3953914575152086	161.86031534115608	1.3789583865845987	11.706
19.260875	0.069977	9.293049	0.07015	-0.037029	0.073327	-11.564366	0.069315	19.5552	0.2343	186.9081268225513	1.857950965074998	36.74186638540777	0.39962166586461056	161.62168631750896	1.41473586604145	11.706
19.242579	0.068784	9.271153	0.070576	-0.068037	0.06778	-11.575787	0.072032	19.5444	0.2353	186.84065173794147	1.8465952335915596	36.706016863705166	0.38459210721320597	161.89679305541787	1.3914920503471422	11.706
19.187368	0.077248	9.228522	0.077441	-0.091339	0.073973	-11.579142	0.07182	19.5552	0.2343	187.07666553359752	2.0547350295247724	36.78214173139258	0.42266322936805306	162.17790511392295	1.4555393353364858	11.706
19.170494	0.071919	9.232519	0.074409	-0.102979	0.073648	-11.603108	0.069315	19.566	0.2354	187.4695476356745	1.9521370203778643	36.72053373233179	0.4118060004065424	162.0040784840756	1.424731387156414	11.706
19.185193	0.073755	9.220422	0.072681	-0.118493	0.070186	-11.612341	0.070597	19.5498	0.2348	186.96543575201846	1.9428561740720973	36.70709728169043	0.39713598476791995	162.09260785834485	1.4039026995799213	11.706
19.13675	0.072429	9.180032	0.073082	-0.151464	0.072071	-11.625182	0.075098	19.5552	0.2343	187.11665336382225	1.933675627962683	36.73628275886648	0.40407925632372693	162.37698667290758	1.4730363369462744	11.706
19.137127	0.074916	9.176178	0.067048	-0.155326	0.071182	-11.625395	0.06995	19.5498	0.2348	187.03716312505895	1.8877996304452067	36.73625077689762	0.3849671191421377	162.42865303086904	1.4132615192672064	11.706
19.127385	0.075607	9.164437	0.075572	-0.143661	0.078516	-11.60366	0.073863	19.5498	0.2348	186.99966521077067	2.0064620740746206	36.828625479162746	0.4311807850990017	162.57137315651076	1.5292298967197961	11.706
19.074001	0.073878	9.131764	0.079879	-0.17666	0.071972	-11.634542	0.070341	19.5606	0.2349	187.38920107222418	2.050747829318618	36.82733808643653	0.4253897053060979	162.6014043730514	1.4281692300287152	11.706
19.074226	0.072192	9.121793	0.071421	-0.180528	0.071973	-11.638363	0.068567	19.5606	0.2349	187.19721349924424	1.9100910274950926	36.85149773975372	0.4016832405181933	162.602083120966	1.4107053761653177	11.706
19.044768	0.078251	9.093545	0.0744	-0.20961	0.072911	-11.6734	0.074073	19.5552	0.2343	187.21998509775028	2.0314160952000475	36.84819382384469	0.412598754207761	162.5176211972537	1.4734636024317054	11.706
18.965558	0.073701	9.032367	0.069879	-0.260063	0.068299	-11.707574	0.067756	19.5552	0.2343	187.55984558679387	1.9177081137231686	36.8907253015506	0.38791564704390963	162.74871012314728	1.3677495501862327	11.706
19.035622	0.068697	9.095209	0.066956	-0.219331	0.067764	-11.66005	0.071423	19.5498	0.2348	187.42356233752858	1.808710137012942	36.803156802124015	0.37640001037609544	162.84534796525062	1.4013820531996948	11.706
18.957316	0.078669	9.014308	0.071877	-0.265871	0.070537	-11.700277	0.069281	19.5552	0.2343	187.3746503505465	2.0081134194691357	36.939426091347435	0.4008580837298892	162.93524800313116	1.4088547250680228	11.706
19.006544	0.072288	9.057066	0.068521	-0.244517	0.069301	-11.68422	0.072816	19.5552	0.2355	187.25280912980247	1.874565919529602	36.85442100718916	0.38613883303931457	162.8598087432002	1.4310730301847525	11.706
18.942931	0.069132	9.004376	0.071757	-0.285239	0.077196	-11.718906	0.071643	19.5606	0.2349	187.4586109915553	1.8794046959824642	36.901905974996886	0.4186735144906361	162.94577804285493	1.5009337571534318	11.706
18.907347	0.070378	8.970171	0.070908	-0.283298	0.07117	-11.717103	0.068487	19.5552	0.2343	187.48462577703992	1.8849025787518399	37.046049689419995	0.40220655472024935	162.9438175810866	1.4075868906754103	11.706
18.936862	0.078045	8.996423	0.076329	-0.283293	0.077691	-11.706114	0.073467	19.5606	0.2349	187.42309248523637	2.05827387997459	36.941267190336454	0.4335669865513883	163.1004962093733	1.5267544720935424	11.706
18.911094	0.070744	8.969963	0.067499	-0.308503	0.071254	-11.722383	0.071343	19.5552	0.2343	187.4100276749109	1.8433322566371801	36.946243783532346	0.39082341581855135	163.22826999313364	1.4419774811098136	11.706
18.886523	0.071485	8.962184	0.067909	-0.329796	0.065842	-11.735645	0.068199	19.5606	0.2349	187.72715163755728	1.865079675987071	36.89251054835893	0.37554777588947497	163.34318695164563	1.3575788781006162	11.706
18.871321	0.076078	8.929722	0.082426	-0.337562	0.072725	-11.735344	0.072475	19.5606	0.2349	187.40121732976377	2.114406011938851	36.990821187906164	0.43876190223581724	163.4587957371678	1.4724535319168992	11.706
18.845564	0.0674	8.917366	0.065142	-0.355016	0.065473	-11.758991	0.062634	19.5498	0.2348	187.65417082000414	1.7716990894865785	36.97048675603614	0.3682509391075297	163.37003458117147	1.298016462154202	11.706
18.837548	0.069824	8.927605	0.069394	-0.343381	0.070528	-11.766587	0.072552	19.5552	0.2343	187.9998557690284	1.867525530645008	36.97605036700068	0.39461939242897925	163.09499931659641	1.4446419209552894	11.706
18.829903	0.071377	8.913855	0.066491	-0.354981	0.065478	-11.761482	0.067036	19.5606	0.2349	187.8841035464842	1.8482931130904423	36.984628850256264	0.37236098880099777	163.33385890469336	1.3418376905799643	11.706
18.829384	0.074066	8.901534	0.07498	-0.362746	0.068593	-11.781478	0.068915	19.5606	0.2349	187.6607535619389	1.9921918663844815	37.00281892175244	0.4058910907629956	163.15889905611758	1.3893380168179619	11.706
18.811033	0.072281	8.889694	0.067903	-0.358855	0.063934	-11.757791	0.067036	19.5552	0.2343	187.78391350126842	1.877086188590325	37.06575355114175	0.3737816771950441	163.44225922260992	1.328247922086378	11.706
18.75961	0.07373	8.852945	0.078368	-0.401502	0.070527	-11.786669	0.070971	19.5552	0.2343	188.06204369373	2.0425940586861757	37.04213407755774	0.42199756528957005	163.6399244467018	1.4380954701131785	11.706
18.781016	0.075343	8.87328	0.072204	-0.372436	0.067435	-11.764785	0.06904	19.5552	0.2343	188.04172855354207	1.980591757958892	37.077114501827126	0.39619609601488437	163.53675062796606	1.3853810381242393	11.706
18.758032	0.071044	8.869288	0.073432	-0.395677	0.068889	-11.770364	0.065837	19.5552	0.2343	188.40288002394433	1.946645446867825	37.00008310265779	0.4021003331187196	163.7906812609368	1.3721382525251948	11.706
18.730341	0.072747	8.820775	0.073078	-0.409247	0.067753	-11.803317	0.066258	19.5606	0.2349	188.00699538005088	1.9562981291761867	37.14015809383745	0.40098837438370694	163.51205396801856	1.3599497301799783	11.706
18.730932	0.073904	8.819035	0.072104	-0.432469	0.071943	-11.794437	0.067744	19.5606	0.2349	187.9627881878711	1.957989382428925	37.0539171525049	0.4079538254789945	163.97404327258988	1.4261299867858817	11.706
18.716113	0.076928	8.816954	0.075579	-0.436346	0.076337	-11.788815	0.07267	19.5606	0.2349	188.2046447709186	2.0503255127574356	37.04672378127553	0.4300781143247571	164.111240538534	1.5236046312657814	11.706
18.692325	0.068311	8.788439	0.067403	-0.451858	0.065468	-11.810523	0.064118	19.5606	0.2349	188.1148360838159	1.8227961586392079	37.09885776709616	0.37725628727649546	164.021708055267	1.3232444012282503	11.706
18.703687	0.071482	8.804947	0.074118	-0.455707	0.069379	-11.816577	0.069914	19.5552	0.2343	188.21261551253423	1.957880702134476	37.017309606442076	0.40581405090960854	163.98988623257483	1.4217443624869828	11.706
18.661115	0.07811	8.792566	0.082446	-0.449915	0.074322	-11.818032	0.075985	19.5552	0.2343	188.7884109918491	2.172665509844628	37.090090188980696	0.44544433759847946	163.88534376330284	1.532294678910656	11.706
18.691039	0.07477	8.770702	0.068974	-0.477008	0.070237	-11.820223	0.072904	19.5552	0.2343	187.80285754096369	1.9257656448514786	37.069122787682595	0.3945983307222215	164.24511595782613	1.4658197954401662	11.706
18.646743	0.077579	8.744409	0.07506	-0.478951	0.077728	-11.82374	0.070907	19.566	0.2354	188.14429835362355	2.050988008094647	37.1669840220861	0.43541795046317416	164.22234243297729	1.522994419895877	11.706
18.608667	0.071834	8.74424	0.068322	-0.484769	0.066757	-11.840126	0.066333	19.566	0.2354	188.86730321254296	1.8980917622825777	37.14423539911579	0.38444697381119797	164.06950029554878	1.3597436462909513	11.706
18.628034	0.073248	8.730392	0.069778	-0.496372	0.068271	-11.855186	0.065804	19.566	0.2354	188.23349681210942	1.9239353814498237	37.15326959954585	0.3930876193280919	164.0195698052769	1.369206696790859	11.706
18.620241	0.072646	8.732674	0.072979	-0.490549	0.071941	-11.827862	0.072548	19.566	0.2354	188.42529093681497	1.9623317760033454	37.1675337802003	0.41295938670134114	164.33063303389915	1.4809247954441616	11.706
18.607965	0.068703	8.720737	0.071472	-0.494414	0.069763	-11.82619	0.072529	19.566	0.2354	188.43175908291903	1.8893793132535195	37.20009078167122	0.4031830886754481	164.41092524701233	1.4600970344781319	11.706
18.600874	0.069561	8.722379	0.07522	-0.513794	0.071589	-11.855229	0.070271	19.5768	0.2359	188.598326071153	1.956026054280338	37.11542603509459	0.41728512183010785	164.27089356168597	1.4529692794857336	11.706
18.607745	0.075965	8.70253	0.076594	-0.519587	0.074468	-11.855576	0.071713	19.5768	0.2359	188.08957443357187	2.0484553509988155	37.171992418187905	0.4305933620653853	164.3498245402842	1.4988607562496008	11.706
18.593081	0.071457	8.698506	0.074145	-0.519587	0.0672	-11.857421	0.066208	19.5768	0.2359	188.29184015544317	1.9595720164528383	37.18821703509063	0.40369688804612075	164.32308561171425	1.3672518487489211	11.706
18.522942	0.065006	8.663841	0.067853	-0.544775	0.065461	-11.873414	0.065928	19.5714	0.2357	188.9693330767559	1.8010617387658616	37.226489906820355	0.3811435491908304	164.45645910484646	1.3487115698027483	11.706
18.574156	0.080944	8.698473	0.075614	-0.527332	0.072026	-11.848154	0.071468	19.566	0.2354	188.65203405903833	2.115954072241342	37.157132893669264	0.4205846567424545	164.57001108889244	1.4750057801624292	11.706
18.500346	0.073614	8.64594	0.072497	-0.558314	0.071143	-11.888429	0.06776	19.5822	0.236	189.05937308675456	1.9822060785523292	37.24413112588259	0.41100578438593544	164.43503069469637	1.4258814732720568	11.706
18.538039	0.069395	8.639907	0.070057	-0.567992	0.067739	-11.901339	0.069921	19.566	0.2354	188.22416706330515	1.8751485201830533	37.22939294727293	0.394008856688356	164.3881312920912	1.4120786090089021	11.706
18.519265	0.070759	8.647985	0.069831	-0.571861	0.069752	-11.890317	0.065969	19.5714	0.2357	188.73618895635627	1.9007719893727064	37.181149506641134	0.39803017770982546	164.60441044980024	1.3962186631068336	11.706
18.500127	0.069909	8.631762	0.07461	-0.569932	0.074912	-11.901208	0.069365	19.5768	0.2359	188.79193600231778	1.9560400722218136	37.25449587484217	0.42805747332150657	164.4181701716785	1.4813990510390969	11.706
18.466773	0.069268	8.603675	0.064069	-0.606698	0.06686	-11.908672	0.068383	19.5606	0.2349	188.8927621569675	1.8070365442297347	37.21938801187739	0.37420474284339217	164.8444619490786	1.3949076996399603	11.706
18.49421	0.069148	8.621874	0.068422	-0.595083	0.067734	-11.899582	0.06674	19.5822	0.236	188.7159898361794	1.8595413187396483	37.192804665405745	0.3885069118640069	164.80764355284296	1.386313154097095	11.706
18.468648	0.071486	8.58749	0.070868	-0.620248	0.067195	-11.917762	0.072535	19.5768	0.2359	188.5474964305009	1.9207596564829221	37.23004502804353	0.3948708394278	164.90953278471804	1.4432918003576651	11.706
18.459416	0.069492	8.596096	0.073612	-0.598938	0.07158	-11.909282	0.071356	19.5822	0.236	188.88850604525362	1.9386531363774486	37.28147736144428	0.41630434323426957	164.7224696474448	1.4719871018567579	11.706
18.465479	0.075088	8.585943	0.07589	-0.622164	0.072606	-11.912839	0.071094	19.5768	0.2359	188.5784577129027	2.0377914411002878	37.228550652727954	0.42462937714643945	165.00941559322672	1.485092161718368	11.706
18.465276	0.071591	8.592838	0.070871	-0.618259	0.06641	-11.915817	0.068562	19.5822	0.236	188.71403286138417	1.9256109055113182	37.2164670150097	0.39241850551435814	164.9088929397344	1.3932945388583666	11.706
18.452495	0.067921	8.586705	0.067088	-0.620198	0.066973	-11.911997	0.066698	19.566	0.2354	188.84120859718433	1.8273507304354513	37.23341705908361	0.3833615156083073	164.9929947099798	1.381101997069463	11.706
18.419142	0.077209	8.550576	0.0759	-0.647288	0.074909	-11.943437	0.075058	19.5822	0.236	188.7880903719847	2.071205437582567	37.27000953915307	0.43211110147087434	164.9294609608493	1.5482818825683748	11.706
18.416686	0.072756	8.570519	0.070615	-0.631813	0.068467	-11.928465	0.069142	19.5984	0.2355	189.21755382381346	1.9484460657377307	37.25191373152687	0.3981611017161043	164.9221202671383	1.4205802966126662	11.706
18.433217	0.076097	8.570419	0.072815	-0.631817	0.070592	-11.932022	0.068647	19.5768	0.2359	188.89851621085936	2.0172009880784487	37.252299797894835	0.41055180973079825	164.8702576420931	1.4366277074768004	11.706
18.425278	0.082601	8.546489	0.076537	-0.629874	0.075437	-11.926752	0.072071	19.593	0.2358	188.5927285615466	2.149775887356772	37.35733490697769	0.4374920573289289	164.91882523140737	1.523093218714344	11.706
18.384707	0.066297	8.51798	0.06556	-0.666652	0.064313	-11.950245	0.065796	19.5768	0.2359	188.82327229166003	1.7843311102202504	37.32370202728632	0.3732035789205932	165.11299660752186	1.346334017692247	11.706
18.388966	0.072551	8.536106	0.071888	-0.664716	0.071576	-11.9466	0.069613	19.6038	0.2351	189.08903988643536	1.960096021329132	37.25802404134567	0.4107915320428498	165.13799808976714	1.4614770903612786	11.706
18.393732	0.069328	8.542402	0.073118	-0.653097	0.073898	-11.952482	0.066695	19.593	0.2358	189.11839632157762	1.9343099383972275	37.279593633540536	0.4214539880962393	164.88223287690187	1.4525617834456883	11.706
18.336859	0.071879	8.500019	0.072357	-0.695668	0.072259	-11.97439	0.073994	19.6038	0.2351	189.39696847008537	1.9637143543608895	37.2788329152133	0.4145519329255571	165.18429339398597	1.5147095734433536	11.706
18.34025	0.06747	8.497648	0.072014	-0.676334	0.067297	-11.962846	0.06791	19.593	0.2358	189.2860922741246	1.8977838901579214	37.3670323701602	0.4014662910779188	165.07028580027435	1.3982899359992436	11.706
18.331736	0.07764	8.481502	0.074957	-0.701485	0.075794	-11.977508	0.073265	19.5984	0.2355	189.1394559101659	2.0721986360060765	37.33038787360292	0.4333408884177923	165.22383047602	1.5446209679699643	11.706
18.369839	0.069821	8.517881	0.066075	-0.676329	0.065453	-11.948269	0.065898	19.593	0.2358	189.10634970148286	1.8451874586370818	37.284818561829084	0.3771605127794771	165.28367879110678	1.3619249645379465	11.706
18.359953	0.077319	8.502062	0.068504	-0.67632	0.0673	-11.941243	0.068184	19.593	0.2358	188.99253232789496	1.9804389323272276	37.349117094413515	0.39077704340523256	165.3866433357382	1.406550390261095	11.706
18.320334	0.073721	8.486046	0.077062	-0.670514	0.073661	-11.948707	0.076888	19.5822	0.236	189.44611963028206	2.0544009198683786	37.43812928242248	0.4358683075445936	165.1920462055318	1.5595889377810692	11.706
18.345303	0.076321	8.510103	0.074625	-0.674385	0.07235	-11.963371	0.072081	19.5984	0.2355	189.42856435514	2.0558748658848236	37.32428557590005	0.42239200625825063	165.03412085609827	1.4930134157976644	11.706
18.282454	0.078801	8.459818	0.080192	-0.716947	0.07594	-11.968859	0.076178	19.593	0.2358	189.67085313957045	2.1709628808840105	37.35569737391674	0.44957759856727103	165.57789056983466	1.5828617488508043	11.706
18.325602	0.074715	8.479558	0.071104	-0.678268	0.075203	-11.942563	0.067048	19.5876	0.2359	189.21992289766175	1.9821536684136158	37.43295257482426	0.4230423992668859	165.3958673821849	1.4793583112239743	11.706
18.299844	0.070317	8.43706	0.071332	-0.730506	0.070489	-11.986419	0.068826	19.5768	0.2359	188.89875370004017	1.9184031654944491	37.39318504077476	0.4090443241038943	165.51901751955484	1.4487074007970473	11.706
18.287291	0.075426	8.443088	0.072045	-0.722769	0.07012	-11.993794	0.07014	19.6038	0.2351	189.25531881903126	2.0052730003640935	37.40015314288671	0.41022043392053986	165.2971096731425	1.4545248588917248	11.706
18.282963	0.07083	8.449052	0.071745	-0.730508	0.072591	-11.990019	0.073009	19.5984	0.2355	189.45338703574055	1.942289421400217	37.34432677970168	0.41521073971038736	165.46613196959956	1.5129913798281591	11.706
18.308502	0.075138	8.457286	0.06795	-0.713094	0.071123	-11.984751	0.066753	19.5984	0.2355	189.12059340859275	1.944837502657417	37.381707348825564	0.40096965266303214	165.28783040444148	1.4303542106584632	11.706
18.326396	0.074628	8.481928	0.073325	-0.70534	0.079225	-11.967015	0.072011	19.5984	0.2355	189.25021987439155	2.0112758152849604	37.31299229731468	0.4384251113442137	165.43435008629112	1.5727389112893053	11.706
18.290031	0.075495	8.465489	0.070619	-0.711155	0.070858	-11.962846	0.071225	19.6038	0.2351	189.63404176555605	1.9953637312253052	37.356194176733915	0.4072387452595271	165.58113600720617	1.4785024971888883	11.706
18.292412	0.077921	8.451551	0.072161	-0.726625	0.069354	-11.977771	0.068568	19.6038	0.2351	189.3195869478808	2.0431335407922204	37.34995586047845	0.4072912373233276	165.589162539221	1.4353516422115367	11.706
18.256198	0.07325	8.425133	0.070662	-0.738239	0.072592	-11.988438	0.074724	19.6092	0.2346	189.5082229629147	1.9619157324939382	37.41029938471823	0.41358682672222197	165.6030841964361	1.5335199825622774	11.706
18.25223	0.074843	8.421211	0.073217	-0.74017	0.074281	-11.995944	0.071824	19.5984	0.2355	189.50912588099834	2.018285413100217	37.41842529205642	0.42599878785919776	165.52107037994006	1.5194621299314122	11.706
18.254322	0.071865	8.411164	0.067654	-0.749841	0.068554	-11.997788	0.067966	19.5984	0.2355	189.2754159952633	1.8979066809855243	37.41996382023707	0.3934211340992257	165.63624746414789	1.4215674420602593	11.706
18.256342	0.076445	8.433236	0.0729	-0.745973	0.07876	-11.988526	0.073	19.6092	0.2346	189.66177451085875	2.0395264037124856	37.34575238656188	0.4366335755140147	165.71572307340486	1.5829067328021074	11.706
18.252589	0.077219	8.425393	0.067132	-0.747902	0.069642	-11.992476	0.067418	19.6038	0.2351	189.5828335408797	1.973925507004395	37.369829216297106	0.39405508306261755	165.68593341280334	1.4282217799943306	11.706
18.220638	0.070677	8.413076	0.073469	-0.747909	0.073807	-11.988438	0.066657	19.6092	0.2346	189.96237695181802	1.9745877989751814	37.420043466724735	0.4253837708374471	165.7455540680755	1.4664486600239468	11.706
18.240622	0.080452	8.416673	0.075678	-0.765325	0.077416	-12.013676	0.074282	19.5984	0.2367	189.64550655916597	2.13221222714634	37.334410232521925	0.4401947507818543	165.63030118875253	1.5798281832288201	11.706
18.241699	0.075276	8.399076	0.070446	-0.749841	0.069737	-11.997744	0.06569	19.6038	0.2351	189.28570005522684	1.9826966038055753	37.46940268533491	0.4059683384995094	165.63690604871704	1.410808215455552	11.706
18.222586	0.069316	8.396937	0.072435	-0.763382	0.069252	-12.016003	0.068823	19.6092	0.2346	189.61268967798122	1.9347379862251235	37.422763403068096	0.4094009603278876	165.56746239275213	1.4365626427287808	11.706
18.217973	0.069284	8.388706	0.076083	-0.771122	0.071472	-12.012052	0.066533	19.6092	0.2346	189.54290797982648	1.9843215628641682	37.42476898309982	0.4265058792042951	165.73964845598124	1.4397342275877316	11.706
18.203476	0.071094	8.392789	0.06846	-0.776922	0.073242	-12.026886	0.069909	19.6038	0.2351	189.9018743481244	1.9104435741952535	37.384433981992316	0.40873745014984403	165.60654993786773	1.4904750852071367	11.706
18.26182	0.068798	8.415735	0.070037	-0.742089	0.067725	-11.998534	0.071555	19.6092	0.2346	189.21914295365377	1.8866926836810343	37.432958974176906	0.3982313799204264	165.5112144853516	1.4486430296787487	11.706
18.187159	0.075825	8.37182	0.070314	-0.780764	0.070852	-12.00446	0.069553	19.6038	0.2351	189.81185878185633	1.9997709817793836	37.45439092153181	0.40848637898044227	165.994146551646	1.4683970925558802	11.706
18.19438	0.07459	8.35724	0.068433	-0.796246	0.073564	-12.020349	0.065959	19.6092	0.2346	189.39120779663585	1.9488804187356836	37.45070102452619	0.41107347831941476	165.9881291012133	1.4611635852354534	11.706
18.203104	0.071461	8.373474	0.076094	-0.776904	0.071909	-12.016881	0.068825	19.6092	0.2346	189.5358975469377	2.0128307547299653	37.46342044985048	0.4286429229981229	165.7536974855817	1.467855219656536	11.706
18.212331	0.072346	8.385917	0.070596	-0.759489	0.070397	-12.004504	0.070257	19.6092	0.2346	189.59794059369213	1.9503586672343147	37.483788037617494	0.40862236431051413	165.6794392428777	1.4653647359302686	11.706
18.193506	0.074546	8.365825	0.06846	-0.774961	0.069252	-12.013722	0.068124	19.6092	0.2346	189.57348987358617	1.9523491846577732	37.50273362019382	0.3995231884068924	165.7716433469361	1.432851547105937	11.706
18.199924	0.071433	8.377945	0.068033	-0.782696	0.072503	-12.010122	0.066535	19.6092	0.2358	189.68354094661632	1.905078187707944	37.42145065153109	0.4061492538283961	165.93898681439998	1.4544062591835665	11.706
18.155502	0.070983	8.317448	0.067958	-0.813642	0.070203	-12.035624	0.065124	19.6092	0.2346	189.3736181716773	1.8915950539423345	37.5425562502281	0.4017245630216799	166.01949634858218	1.416655296184556	11.706
18.202446	0.07031	8.370101	0.070557	-0.792362	0.071561	-12.028822	0.071837	19.6092	0.2358	189.48358136453294	1.919593019765024	37.41400812541137	0.41036167438473836	165.80557474976982	1.4962310458159578	11.706
18.148585	0.069603	8.325194	0.068413	-0.80978	0.067611	-12.027854	0.068175	19.6092	0.2346	189.6562843949697	1.884241738387924	37.526592926155544	0.3951282802296171	166.07732762772116	1.4214560951419624	11.706
18.152839	0.071806	8.329244	0.072846	-0.807846	0.073242	-12.016838	0.070303	19.6038	0.2351	189.65234401220263	1.974725028422309	37.51790485829709	0.4241621440162012	166.21189482027174	1.5054346612968763	11.706
18.151033	0.071593	8.35348	0.07057	-0.798175	0.074274	-12.029917	0.070942	19.6146	0.2351	190.15642262957374	1.9510798608507072	37.45819671370631	0.41934834793771597	165.87521530032882	1.5168715449461154	11.706
18.161204	0.07042	8.339288	0.069446	-0.81558	0.068139	-12.00762	0.068177	19.6092	0.2346	189.68476967123763	1.9100369073906471	37.44504534483074	0.39793876615525947	166.46364812213156	1.4336495738669657	11.706
18.158022	0.081103	8.351793	0.076986	-0.803969	0.077688	-12.02667	0.075898	19.6038	0.2351	189.9881978151173	2.1664911682698764	37.441389698965295	0.44726521486263665	166.00885625292182	1.606579980208469	11.706
18.16855	0.075851	8.34178	0.075871	-0.802035	0.077067	-12.017497	0.072626	19.6092	0.2346	189.591054470894	2.0698522696194286	37.490311341793145	0.4434091779460941	166.11600966671725	1.568453235545611	11.706
18.144617	0.075937	8.319265	0.074009	-0.817513	0.074582	-12.033516	0.070154	19.6092	0.2346	189.61841409072974	2.0463814085567864	37.51918854813318	0.43145972158777834	166.10798711481863	1.5164142241765879	11.706
18.136039	0.071595	8.343274	0.072035	-0.821382	0.071818	-12.038914	0.068737	19.6092	0.2346	190.2494164788158	1.97310981472279	37.40505794855577	0.41516466320700696	166.0853456458773	1.4718728022439647	11.706
18.129837	0.069721	8.327235	0.070589	-0.817514	0.068241	-12.044488	0.064052	19.6146	0.2351	190.058501628756	1.9236527864890685	37.48648113002056	0.4024698346860836	165.94567279797127	1.3833830035327253	11.706
18.134233	0.068741	8.337376	0.070065	-0.823313	0.065442	-12.03909	0.067446	19.6092	0.2346	190.1699433400384	1.9053161180347309	37.421254778966606	0.39164332910814204	166.111336340023	1.391845673631682	11.706
18.133948	0.074229	8.311134	0.068806	-0.815581	0.074809	-12.031541	0.070217	19.6092	0.2346	189.66741902767518	1.9543348640496723	37.56055581305597	0.41829586111250583	166.10863200807827	1.5195156914419297	11.706
18.125869	0.073573	8.317288	0.070192	-0.821379	0.068852	-12.024343	0.071158	19.6092	0.2346	189.94263831748546	1.969139172252534	37.51142921738388	0.4035900805468972	166.3013264592054	1.4698321232355833	11.706
18.144831	0.076547	8.331414	0.073894	-0.827179	0.073242	-12.035492	0.07099	19.6092	0.2346	189.84902273406948	2.0582851471547867	37.429820090509644	0.42520259165712543	166.22196454652376	1.5126770205359288	11.706
18.115842	0.073402	8.309446	0.070939	-0.831044	0.066391	-12.044884	0.074823	19.6092	0.2346	189.9849495744651	1.9776401934579921	37.50395165735948	0.3986537910578936	166.14002495354922	1.4820287436264987	11.706
18.109427	0.081701	8.313399	0.078854	-0.831045	0.073241	-12.04664	0.072864	19.6092	0.2346	190.18603868450387	2.2044713689600077	37.48773374660315	0.4411927698364625	166.11404074699828	1.5301646663884272	11.706
18.130693	0.075272	8.315568	0.075847	-0.836843	0.072994	-12.056076	0.070311	19.6146	0.2364	189.8159936063157	2.0665415353412344	37.455101125316546	0.4307883057440746	166.06016472989648	1.5001194385854815	11.706
18.117648	0.073598	8.32137	0.070601	-0.823312	0.075997	-12.028118	0.068389	19.6146	0.2351	190.18118092216537	1.9799262560108517	37.486759382759416	0.4252221509975922	166.27398195647086	1.5171587873594612	11.706
18.126012	0.077594	8.303291	0.075837	-0.85038	0.072912	-12.042865	0.072551	19.6092	0.2346	189.66922709727788	2.095041951418705	37.449941782750116	0.43040775949544274	166.45703038910685	1.5297329311062395	11.706
18.107122	0.070575	8.299242	0.064558	-0.83878	0.060136	-12.035448	0.06915	19.6092	0.2346	189.95621547789673	1.852489363209068	37.514075794924445	0.36219888183533233	166.39484958366697	1.3618866870185347	11.706
18.113965	0.073605	8.303516	0.07292	-0.832976	0.069827	-12.04686	0.06893	19.6092	0.2346	189.90646335518372	2.005641110998316	37.52036270926938	0.4146119979987804	166.13937996631938	1.4536660369657788	11.706
18.065309	0.072729	8.281166	0.069283	-0.856181	0.069047	-12.075998	0.065955	19.6092	0.2346	190.41705288797775	1.9548829760909243	37.51685184346989	0.401611099816882	166.05152752942453	1.413170368314936	11.706
18.056308	0.075408	8.284895	0.077081	-0.852318	0.072496	-12.046111	0.070072	19.6092	0.2346	190.665134992763	2.1040831758904153	37.51739915872867	0.43448096383580553	166.4375781951892	1.4991395566961043	11.706
18.089898	0.070559	8.29701	0.070522	-0.850384	0.071553	-12.060944	0.069907	19.6146	0.2351	190.24701733717728	1.9380396817694523	37.47564482417396	0.4115927251457763	166.18863869060903	1.4829359948955048	11.706
18.107193	0.071011	8.299274	0.072324	-0.846513	0.067715	-12.048395	0.066633	19.62	0.2356	189.95545524658135	1.963051897022258	37.482224708811145	0.40604642253205797	166.31739992966445	1.4105223690919693	11.706
18.1157	0.077589	8.309381	0.071732	-0.832978	0.068852	-12.057699	0.070831	19.6146	0.2351	189.98647035329208	2.0471741255131186	37.496278567127746	0.4077923610066343	165.9789869408414	1.4606547246720303	11.706
18.074979	0.070809	8.26274	0.069266	-0.856185	0.070385	-12.055239	0.069567	19.62	0.2356	189.87182351971228	1.916749737769536	37.59263864661082	0.4071009180907734	166.35940129233083	1.470072889269316	11.706
18.060489	0.072742	8.26682	0.071645	-0.883248	0.071463	-12.059013	0.068842	19.62	0.2356	190.23186074107528	1.9831875870779196	37.464689045619224	0.41432992837194477	166.70606634028962	1.4801560762788073	11.706
18.09617	0.079704	8.286967	0.07551	-0.844584	0.074425	-12.049885	0.073739	19.6146	0.2351	189.93060644639306	2.1258665971309205	37.5406610013902	0.4358690653879817	166.26663471888443	1.5545820518087294	11.706
18.093937	0.077078	8.294937	0.071708	-0.846518	0.073238	-12.05164	0.074427	19.6146	0.2351	190.12836580594097	2.0426561627468693	37.499988457974524	0.4204656364603266	166.2692946382689	1.5494342704579516	11.706
18.077639	0.073397	8.273036	0.07278	-0.850382	0.069728	-12.051905	0.070299	19.6092	0.2346	190.01971453707876	2.00325861630253	37.574125349721626	0.4151018237821015	166.3227216138386	1.4701959065696217	11.706
18.098759	0.07195	8.281166	0.071272	-0.852314	0.071986	-12.050194	0.06758	19.6146	0.2351	189.76827687200952	1.9575745169277687	37.53273447279749	0.41627702458704136	166.376830458658	1.4670215708584757	11.706
18.075691	0.07081	8.279125	0.072005	-0.854248	0.077127	-12.053836	0.06803	19.6146	0.2351	190.17560885877694	1.960443631264777	37.53317246870594	0.433607124923722	166.35144841801764	1.5275704748521497	11.706
18.042386	0.073957	8.247057	0.071643	-0.860047	0.074112	-12.066826	0.070234	19.62	0.2356	190.199604781918	1.9993721909349744	37.64143766078167	0.42604682277573336	166.24470235797756	1.5146538890357	11.706
18.040012	0.072885	8.248938	0.068406	-0.881313	0.066386	-12.072179	0.064878	19.6146	0.2351	190.28226432754326	1.9426148685411626	37.54600784989576	0.3919931021476638	166.4811078174595	1.3808928218334073	11.706
18.079018	0.074223	8.256652	0.070543	-0.88325	0.071462	-12.077267	0.066611	19.6254	0.2359	189.6760658791125	1.9773697685871852	37.50636389444767	0.4120613240727555	166.43424621192534	1.4525055349245666	11.706
18.068352	0.072029	8.256556	0.070137	-0.873586	0.070839	-12.064233	0.071685	19.62	0.2356	189.88039889698877	1.9455821623797287	37.54645575151728	0.4099472159464112	166.48435527571954	1.499342395027145	11.706
18.067044	0.083171	8.262931	0.077108	-0.863916	0.078681	-12.073934	0.075906	19.6092	0.2346	190.02920288139106	2.1982945541435552	37.560010658755296	0.45336644045295743	166.1966770010116	1.6208474651959661	11.706
18.053649	0.070661	8.264557	0.070122	-0.871653	0.068846	-12.071561	0.067737	19.62	0.2356	190.32078885655127	1.935448044161773	37.52151859856109	0.40358080265406815	166.3467007653921	1.4344853767424925	11.706
18.063219	0.071847	8.263091	0.072825	-0.863914	0.073637	-12.057567	0.071416	19.6146	0.2351	190.10646985030252	1.984468102902169	37.559363256463506	0.4261921209681224	166.4396566925784	1.5252729468740378	11.706
18.067044	0.075281	8.276989	0.071317	-0.84845	0.067609	-12.049974	0.068456	19.62	0.2356	190.30207560930225	2.0157182855192097	37.565806122577854	0.40453805594172604	166.32270605600442	1.428609579750796	11.706
18.069348	0.075588	8.265035	0.072167	-0.844582	0.076639	-12.061165	0.07216	19.6146	0.2351	190.02532817718154	2.025526831560888	37.63105332907371	0.43485902522189357	166.09940110449946	1.5587983827075529	11.706
18.050179	0.063916	8.252827	0.070455	-0.858117	0.07084	-12.057258	0.069295	19.6254	0.2359	190.16032861342669	1.846355254247688	37.62557279421308	0.4126057515284108	166.35809396060543	1.4720406817356517	11.706
18.06804	0.070664	8.267394	0.075036	-0.85231	0.072828	-12.046904	0.067353	19.6092	0.2346	190.0964350643165	1.999217110398116	37.58942893654443	0.43100331768717876	166.42566582815647	1.4747478168328667	11.706
18.061981	0.080608	8.261465	0.079386	-0.867775	0.071987	-12.067312	0.072361	19.6146	0.2351	190.09893551712725	2.19448352359282	37.55016459768197	0.44078758654122985	166.35221886593084	1.5160955747673597	11.706
18.027613	0.075035	8.226913	0.078159	-0.890978	0.071109	-12.059366	0.068408	19.6254	0.2359	190.0953780807765	2.1015104256190447	37.59690618411998	0.43570657834022775	166.81617438158148	1.473810709886618	11.706
18.057445	0.071305	8.257289	0.070482	-0.865844	0.066387	-12.063405	0.06544	19.6092	0.2346	190.10592749897975	1.9448759290982773	37.57530147212479	0.3987886160137129	166.38157024010357	1.3851086681129956	11.706
18.046567	0.078916	8.265131	0.073861	-0.875512	0.07111	-12.059454	0.068843	19.6361	0.2362	190.46976125457456	2.1047700167443293	37.50332024012418	0.4206675042028066	166.58418324841784	1.4742219479225853	11.706
18.068253	0.07589	8.26749	0.074687	-0.850375	0.073239	-12.048879	0.070787	19.6146	0.2351	190.09415293163138	2.0652291872692015	37.59701087537661	0.4313327014858794	166.36755311924193	1.5132043769427	11.706
18.049012	0.077151	8.26529	0.072121	-0.869711	0.074499	-12.057831	0.068912	19.6092	0.2346	190.42525588991862	2.055568704351806	37.52648336773793	0.42595612782160797	166.52196383019626	1.5104622861810497	11.706
18.029916	0.0667	8.249097	0.068354	-0.890977	0.064558	-12.065028	0.06767	19.6146	0.2351	190.4817771482636	1.859956126338497	37.50565766000664	0.38581040560192736	166.7316367390044	1.3955186745156003	11.706
18.051245	0.071527	8.239247	0.075524	-0.873577	0.069726	-12.050546	0.071689	19.6092	0.2346	189.87649477791925	2.0129221336154917	37.617810943834144	0.42431518480407976	166.68809152468498	1.4914276059852392	11.706
18.044831	0.069976	8.267299	0.070647	-0.867778	0.072325	-12.061518	0.06671	19.6146	0.2351	190.5457930651263	1.9378254780870106	37.52617483503663	0.4153251665962626	166.43836416686042	1.4629988841117858	11.706
18.008164	0.075985	8.222611	0.07104	-0.892913	0.067711	-12.075556	0.069681	19.6254	0.2359	190.38962642179249	2.023859316349894	37.60666322631423	0.40488317126462153	166.6035323759646	1.447537060141999	11.706
18.059535	0.07248	8.253272	0.07613	-0.879377	0.07111	-12.070778	0.071836	19.6146	0.2351	189.98753624892177	2.0364996426327897	37.53614898716881	0.4281697883425105	166.47314921004903	1.5035662379491257	11.706
18.053548	0.06927	8.26545	0.070136	-0.871642	0.072493	-12.070954	0.066218	19.6307	0.2361	190.340109396008	1.9169440881976088	37.51789659499994	0.4141760815700607	166.35555725099542	1.458433447924122	11.706
18.033883	0.07465	8.249001	0.070581	-0.896777	0.071549	-12.068581	0.068029	19.6146	0.2351	190.40268371926913	1.999089958327061	37.48226459379027	0.41189480365870207	166.7651576549564	1.4737463137578721	11.706
18.032006	0.075736	8.24508	0.077884	-0.85618	0.072662	-12.061341	0.068979	19.6092	0.2346	190.36292688310448	2.113054751664614	37.66560488935541	0.44081717609632637	166.26871151837722	1.486663327555779	11.706
18.043167	0.069453	8.257448	0.074168	-0.848442	0.07364	-12.037819	0.070614	19.6146	0.2351	190.38639359513905	1.9768669627753186	37.64645504305921	0.4321020279623648	166.50325326684055	1.5181917458334782	11.706
18.059962	0.079994	8.265513	0.073959	-0.865842	0.07258	-12.056297	0.073233	19.6146	0.2351	190.2167097925028	2.115806679048589	37.54146758133622	0.4260239091026808	166.48722098646968	1.5339729324122728	11.706
18.049012	0.071656	8.251232	0.072869	-0.877444	0.070104	-12.063361	0.069957	19.6254	0.2359	190.15203185991592	1.983427710536549	37.55248502457273	0.41596131639680767	166.55476270069494	1.47464502232637	11.706
18.034593	0.074773	8.253336	0.071785	-0.881309	0.069727	-12.054277	0.0714	19.62	0.2356	190.47324757245732	2.018482824957853	37.527946445639785	0.4111373361145022	166.74779325925445	1.4894147559567101	11.706
18.021342	0.071488	8.230929	0.071193	-0.896777	0.069723	-12.07411	0.067834	19.62	0.2356	190.29510224309982	1.9610070346274735	37.55647867913935	0.4100088646608828	166.6826627566438	1.4506441528745682	11.706
18.04058	0.08184	8.237143	0.077964	-0.890976	0.074419	-12.070689	0.072378	19.62	0.2356	190.04231535210442	2.1911470233640866	37.554775696737586	0.4434293806143052	166.64718487591182	1.5474368334450084	11.706
18.00023	0.067352	8.220794	0.068407	-0.904509	0.067709	-12.08135	0.070035	19.62	0.2356	190.50871262777807	1.8701168089448266	37.56636621807592	0.39623628784313614	166.69001509696645	1.452815611949606	11.706
18.006854	0.070581	8.239024	0.070431	-0.896776	0.073554	-12.055768	0.067037	19.62	0.2356	190.73508325430754	1.9470396199160607	37.523200363477066	0.4182706823063949	166.95664342769663	1.4889683692743385	11.706
18.008944	0.078512	8.216936	0.078568	-0.881312	0.074498	-12.066826	0.073217	19.6092	0.2346	190.2641308504419	2.15819765933851	37.67807390533332	0.4483808412001074	166.56075421860155	1.5553976213898413	11.706
18.040225	0.070861	8.253049	0.070559	-0.881312	0.069725	-12.075998	0.06787	19.6254	0.2359	190.35806514562185	1.9449594696026629	37.52911088363377	0.4075613379879565	166.42430533527755	1.4465503475302686	11.706
18.020349	0.069703	8.228476	0.068837	-0.894848	0.070007	-12.073492	0.070375	19.6254	0.2359	190.26673786312213	1.9035481607310867	37.574514019572504	0.40435841810952766	166.6631192634182	1.4799534678107884	11.706
18.01284	0.067841	8.234881	0.074347	-0.885179	0.070474	-12.074022	0.064992	19.62	0.2356	190.5374872144495	1.9612542432147693	37.58796034187726	0.4222031741219415	166.51120965881327	1.4266838010223624	11.706
18.013266	0.074648	8.221016	0.071722	-0.900641	0.072905	-12.087188	0.07387	19.62	0.2356	190.25941775489989	2.011349496890717	37.58138062477402	0.42135438861628255	166.54538796853646	1.5451976933036125	11.706
18.000655	0.073642	8.21496	0.071852	-0.912239	0.071895	-12.09083	0.071262	19.6146	0.2351	190.38687184617453	2.0017445404464445	37.55856038966851	0.4182680341517105	166.6639214909346	1.5092321574808607	11.706
18.017517	0.066807	8.219039	0.068934	-0.889043	0.06728	-12.063273	0.066724	19.62	0.2356	190.13850099216597	1.8627723676801289	37.63739146737316	0.39804448561744094	166.7289693113952	1.4138424275278598	11.706
18.02889	0.06722	8.239533	0.069982	-0.885173	0.070475	-12.065689	0.068543	19.6254	0.2359	190.31564454602278	1.886495434559686	37.56882548049127	0.40892233143566886	166.6352109886632	1.4652196634249566	11.706
18.000513	0.067387	8.220921	0.069277	-0.894843	0.069043	-12.085213	0.069327	19.6307	0.2361	190.50566403065025	1.882641275384541	37.60567636854533	0.40348869989260094	166.4884979606856	1.4556881788626281	11.706
17.998281	0.080754	8.212826	0.077464	-0.908374	0.076275	-12.063008	0.072848	19.6254	0.2359	190.39151491429303	2.177215771657075	37.583264105765295	0.44794403335202815	167.02187131881325	1.579295391579626	11.706
18.019678	0.073889	8.235135	0.072024	-0.896775	0.070103	-12.070689	0.07088	19.6146	0.2351	190.40928915168826	2.007982737023224	37.53918532157035	0.4131642340447128	166.7336720703424	1.4875661175911623	11.706
18.021981	0.082896	8.227198	0.08324	-0.906439	0.080087	-12.080037	0.078547	19.62	0.2356	190.2102271470826	2.281332655339045	37.53208698672899	0.4746583669021144	166.73839037959425	1.6739593016188934	11.706
17.987408	0.071714	8.202597	0.073279	-0.916107	0.071547	-12.07933	0.072201	19.6146	0.2351	190.4040669660189	1.995175585401041	37.59355249793388	0.4222235659380712	166.89335221124233	1.519643129907187	11.706
18.02818	0.069593	8.22315	0.065939	-0.908372	0.06771	-12.074464	0.075156	19.6146	0.2351	190.01143533358567	1.857877379824099	37.54077825340063	0.3885513457146064	166.85048255487118	1.5115748826999902	11.706
17.993464	0.06997	8.198487	0.069951	-0.906444	0.067169	-12.081041	0.068666	19.62	0.2356	190.20642793493738	1.9212775570554748	37.65042200234255	0.4010221537188741	166.72348680421572	1.4331355492966622	11.706
17.998352	0.076161	8.204826	0.066111	-0.921904	0.075323	-12.088854	0.06821	19.6361	0.2362	190.23462175563674	1.9590056807855147	37.56049258797712	0.41245287754092697	166.837648744561	1.5181959934818046	11.706
17.979119	0.070654	8.200621	0.07166	-0.919972	0.069335	-12.088589	0.070327	19.6254	0.2359	190.52697315543713	1.9607801649070522	37.58576554049584	0.4109110342643632	166.8127571505877	1.475038252521475	11.706
18.006429	0.068838	8.216746	0.074807	-0.912241	0.071547	-12.081306	0.073408	19.62	0.2356	190.30931738625128	1.9762518115578271	37.55120568016372	0.42579340020644196	166.80606286159036	1.5309069778509294	11.706
18.013124	0.075371	8.218944	0.072373	-0.898709	0.070748	-12.081571	0.069894	19.6307	0.2361	190.2219343961405	2.0294410444525814	37.59788338508207	0.4173462955691033	166.6002669286055	1.4815940650853476	11.706
17.981421	0.074196	8.194693	0.074337	-0.910308	0.071635	-12.086879	0.075296	19.6092	0.2346	190.36674906587396	2.042976481957044	37.65013294467676	0.4268911179541862	166.69403819067858	1.5500522788599538	11.706
18.00023	0.069861	8.222802	0.069434	-0.88518	0.074801	-12.068449	0.071034	19.62	0.2356	190.54783563911505	1.9195661624067186	37.637810231377614	0.4217540903586269	166.59419669898625	1.536677827477282	11.706
18.002532	0.074324	8.214865	0.07545	-0.910307	0.072822	-12.090697	0.071395	19.6146	0.2351	190.34850376356187	2.059698434163586	37.56690426848366	0.43169451983083706	166.6370965878873	1.519971936601724	11.706
17.97919	0.069383	8.208683	0.075755	-0.916107	0.067709	-12.081262	0.074828	19.6146	0.2351	190.68281601309113	2.004840990721835	37.56847815118137	0.41832180270584063	166.86447735660659	1.5081718988838309	11.706
17.987832	0.069384	8.212826	0.072408	-0.906442	0.071284	-12.086967	0.068281	19.6307	0.2361	190.59503845154626	1.9553775527167412	37.59123002949906	0.4188487251680648	166.63507794081747	1.4711804431747864	11.706
17.998423	0.072723	8.216905	0.071266	-0.900642	0.071548	-12.090741	0.067185	19.62	0.2356	190.46815508983832	1.9826677809537578	37.598322054286086	0.4164342355179724	166.4925162825461	1.4602947360272729	11.706
17.998706	0.077343	8.194945	0.074708	-0.898708	0.077741	-12.096447	0.07321	19.6146	0.2351	190.03602319995954	2.084418038409966	37.6971109531394	0.4469573151148065	166.3789265454353	1.5866593125827906	11.706
18.017588	0.091297	8.217063	0.074963	-0.900641	0.076276	-12.068846	0.07313	19.62	0.2356	190.09878473947143	2.291328037324696	37.597674168947385	0.4410019667222137	166.81890482954913	1.5783779218617222	11.706
17.977808	0.069341	8.211008	0.07017	-0.90644	0.066035	-12.094604	0.064192	19.6361	0.2362	190.75518539181905	1.926754021465028	37.59873103253272	0.3973555211280556	166.5213116008929	1.3706933291324421	11.706
17.999486	0.075651	8.209348	0.074533	-0.923834	0.075399	-12.10062	0.071833	19.6254	0.2359	190.30047318784784	2.0642897511446	37.53395841652464	0.4357003782787505	166.69083308641567	1.553130761618907	11.706
17.954751	0.07305	8.192906	0.068443	-0.923836	0.066836	-12.10746	0.071934	19.6254	0.2359	190.85201463407316	1.9571207669733726	37.60164254100471	0.39456200758857024	166.588912347294	1.4626452736674938	11.706
17.977666	0.06751	8.218976	0.072821	-0.900642	0.066384	-12.083458	0.069415	19.6307	0.2361	190.91370737980805	1.9426482856494467	37.58978473866019	0.4061594162666938	166.60094486533035	1.430928008953508	11.706
18.00448	0.087299	8.218818	0.08133	-0.910307	0.080458	-12.068493	0.076753	19.6254	0.2359	190.38748745205922	2.321335196824339	37.55063812750165	0.4705709586974329	166.9687021023599	1.66391044248746	11.706
17.983016	0.068255	8.20451	0.072335	-0.914175	0.068437	-12.092098	0.067922	19.62	0.2356	190.5268268892239	1.9377891006568364	37.59363211425495	0.4105354113487634	166.6738767034601	1.4377349657158485	11.706
18.022051	0.075467	8.233254	0.075215	-0.904506	0.072574	-12.069023	0.071398	19.6146	0.2351	190.32652453976672	2.071654740203163	37.51515343885859	0.42910454216810184	166.87401536340784	1.5216917217137635	11.706
17.975223	0.074459	8.19874	0.075468	-0.918039	0.078672	-12.096137	0.073268	19.6254	0.2359	190.56624627377371	2.0665127344058303	37.60149267264036	0.44963347871770476	166.67125719066692	1.6029686431960262	11.706
17.976888	0.072733	8.212604	0.072818	-0.90451	0.071548	-12.084815	0.070232	19.6146	0.2351	190.80433181677162	2.011158786559786	37.6001064276401	0.4210151141555727	166.63837503639334	1.4943043317098081	11.706
18.002532	0.075942	8.204826	0.07245	-0.908374	0.071196	-12.07964	0.076822	19.6307	0.2361	190.15346514483028	2.037015578023748	37.616255760735	0.4192742588061646	166.77320779257965	1.563638347930957	11.706
17.987832	0.07152	8.20881	0.071676	-0.91224	0.071547	-12.081438	0.068188	19.6361	0.2362	190.51677269308027	1.9726619395712772	37.5838820352362	0.417306465865316	166.8040731321567	1.4760516920834919	11.706
17.981775	0.074933	8.192843	0.068956	-0.945096	0.069623	-12.1	0.071533	19.6254	0.2359	190.32389813879774	1.9799107074720428	37.51442120064367	0.4022905779497492	167.0178135457895	1.4945910130346372	11.706
17.958718	0.073878	8.198834	0.073224	-0.927702	0.072234	-12.08337	0.070691	19.6361	0.2362	190.8903650781806	2.0344544776179885	37.56128945512234	0.423318742383451	167.00638549653942	1.513061627131501	11.706
18.007208	0.07371	8.213079	0.074535	-0.90644	0.072322	-12.061518	0.071911	19.6361	0.2362	190.22291431293198	2.0359624718407554	37.59019361289598	0.4280865144505196	167.01521400010867	1.526978782087173	11.706
17.977525	0.068643	8.180765	0.073135	-0.925769	0.072319	-12.099956	0.070274	19.6307	0.2361	190.17183759679446	1.9470413570968073	37.64378953853275	0.4251648512573541	166.7296078429558	1.5046148534463033	11.706
17.973063	0.072439	8.180639	0.074147	-0.908375	0.069336	-12.086879	0.069348	19.6307	0.2361	190.25604611727024	2.013984329533978	37.716353628682604	0.4212532991992652	166.66521572470415	1.4620894589674591	11.706
17.981421	0.072184	8.198708	0.07494	-0.908375	0.075985	-12.092407	0.070545	19.6254	0.2359	190.44488643120957	2.0256012254675295	37.64152335733329	0.4411092796595919	166.5828270855097	1.5443431004653834	11.706
17.951461	0.079507	8.186346	0.077495	-0.954759	0.077934	-12.103022	0.071678	19.6361	0.2362	190.7817555029469	2.1691229121006748	37.50017373763315	0.45087208787093663	167.11174956597702	1.5872019577883594	11.7056098
17.973699	0.068675	8.201	0.067038	-0.910306	0.069239	-12.085434	0.067503	19.6254	0.2359	190.6400465450648	1.8721368170825663	37.62407640761802	0.39796705793942655	166.71556318686376	1.4425933778419318	11.706
17.949936	0.068457	8.186599	0.070625	-0.914174	0.069433	-12.079419	0.066727	19.6415	0.2362	190.82283957584718	1.9223946397768912	37.66762285330945	0.409919607307341	166.86313496084622	1.4391739888455974	11.706
18.000655	0.073769	8.210944	0.07833	-0.914172	0.072656	-12.088987	0.074671	19.6254	0.2359	190.30877504926508	2.0916790046489715	37.567133498368655	0.43984193693301804	166.72023436145534	1.5543757379969434	11.706
17.987832	0.069384	8.204794	0.070133	-0.904509	0.070837	-12.08881	0.066625	19.6254	0.2359	190.4385724836917	1.920435728400014	37.63234878128088	0.4118061046586096	166.5788222470752	1.4483786792770839	11.706
17.986096	0.074556	8.229048	0.073506	-0.883244	0.071109	-12.066915	0.071234	19.6415	0.2362	190.94582927159172	2.0489481826519444	37.62000560770138	0.4222308278360413	166.58821959759703	1.4992799021345014	11.706
17.973133	0.078756	8.174648	0.077638	-0.921904	0.074722	-12.086923	0.072831	19.6361	0.2362	190.13834496626617	2.145994183618083	37.685098348888225	0.4464037586763873	166.8665141195691	1.5594682863934	11.706
17.952732	0.07121	8.202976	0.070233	-0.902574	0.071285	-12.076174	0.070056	19.6254	0.2359	191.08866387406474	1.9602761332629477	37.64785714312879	0.4137534598213527	166.73835943852885	1.4914612728950338	11.706
17.958789	0.077462	8.180797	0.07424	-0.919971	0.074492	-12.098157	0.072615	19.6361	0.2362	190.53685067382605	2.0907452764943137	37.66764337894189	0.4352917898178174	166.66994744685914	1.5511074831313623	11.706
17.990701	0.076493	8.211166	0.069195	-0.90064	0.069724	-12.072709	0.066132	19.6307	0.2361	190.50679163174271	2.0092999789306973	37.62201130562539	0.4055893062170311	166.76120982678322	1.4344208392385738	11.706
17.987087	0.06959	8.203388	0.065938	-0.918035	0.072821	-12.073062	0.068906	19.6361	0.2362	190.42569444066976	1.8659292174110635	37.582347919451664	0.4047637489018999	167.0159702103853	1.501031120114407	11.706
17.954539	0.071572	8.162698	0.07287	-0.948961	0.07019	-12.094427	0.075676	19.6307	0.2361	190.26735853200387	1.9847108170091303	37.622620335560164	0.4177653789152167	167.15924514901408	1.5480294335313847	11.706
17.96527	0.069938	8.170854	0.068128	-0.929634	0.071978	-12.092761	0.071288	19.6361	0.2362	190.21734190287233	1.8961851924692197	37.6688023140372	0.41022780396140496	166.89478743620455	1.514578577533871	11.706
17.952873	0.076156	8.182962	0.074939	-0.918037	0.071635	-12.094693	0.07509	19.6307	0.2361	0.0	0.0	0.0	0.0	0.0	0.0	0.0
17.710393	0.072023	8.196921	0.068374	-0.912239	0.065436	-12.07613	0.06537	19.6254	0.2359	0.0	0.0	0.0	0.0	0.0	0.0	0.0
17.328542	0.071037	8.108534	0.070906	-0.943163	0.067707	-12.029961	0.070317	19.6146	0.2351	0.0	0.0	0.0	0.0	0.0	0.0	0.0
16.956743	0.073467	8.032745	0.074463	-0.93543	0.070099	-10.649426	0.078886	19.6146	0.2351	0.0	0.0	0.0	0.0	0.0	0.0	0.0
16.536955	0.074039	7.916519	0.077932	-0.800095	0.073569	-8.755854	0.081537	19.6307	0.2361	0.0	0.0	0.0	0.0	0.0	0.0	0.0
16.137663	0.078244	7.841992	0.079313	-0.405274	0.080101	-6.923633	0.085378	19.6361	0.2362	0.0	0.0	0.0	0.0	0.0	0.0	0.0
15.787489	0.073329	7.844058	0.075444	0.153259	0.070215	-5.223565	0.08507	19.6631	0.2348	0.0	0.0	0.0	0.0	0.0	0.0	0.0
15.424673	0.074729	7.923961	0.075502	0.851256	0.082649	-3.627531	0.08886	19.6685	0.2354	0.0	0.0	0.0	0.0	0.0	0.0	0.0
15.140202	0.081372	8.100912	0.071666	1.621796	0.071098	-2.117095	0.079805	19.6631	0.2348	0.0	0.0	0.0	0.0	0.0	0.0	0.0
14.86135	0.075799	8.281549	0.076502	2.384921	0.075841	-0.790256	0.081678	19.717	0.2351	0.0	0.0	0.0	0.0	0.0	0.0	0.0
14.667629	0.078781	8.518769	0.073217	3.17219	0.076438	0.516806	0.081277	19.717	0.2351	0.0	0.0	0.0	0.0	0.0	0.0	0.0
14.440134	0.072701	8.733517	0.070081	3.871025	0.072404	1.655078	0.080444	19.7224	0.2356	0.0	0.0	0.0	0.0	0.0	0.0	0.0
14.273228	0.070718	8.987116	0.076432	4.591867	0.070969	2.749743	0.084903	19.744	0.2367	0.0	0.0	0.0	0.0	0.0	0.0	0.0
14.178779	0.070597	9.257323	0.071297	5.283275	0.067379	3.770656	0.074219	19.7602	0.2362	0.0	0.0	0.0	0.0	0.0	0.0	0.0
14.103206	0.075968	9.588635	0.073294	5.994768	0.077197	4.724821	0.078052	19.771	0.2353	0.0	0.0	0.0	0.0	0.0	0.0	0.0
14.016547	0.070601	9.843021	0.07224	6.606232	0.070116	5.622928	0.075197	19.7764	0.2359	0.0	0.0	0.0	0.0	0.0	0.0	0.0
13.938037	0.071604	10.105681	0.072221	7.205168	0.07695	6.426635	0.077034	19.8195	0.2361	0.0	0.0	0.0	0.0	0.0	0.0	0.0
13.942148	0.075304	10.417516	0.076063	7.79578	0.072591	7.225188	0.072327	19.8303	0.2361	0.0	0.0	0.0	0.0	0.0	0.0	0.0
13.948642	0.076139	10.709714	0.072305	8.347871	0.074589	7.958372	0.076032	19.8519	0.2372	0.0	0.0	0.0	0.0	0.0	0.0	0.0
13.904497	0.065932	10.930178	0.074358	8.835907	0.065638	8.590424	0.069692	19.8681	0.2367	0.0	0.0	0.0	0.0	0.0	0.0	0.0
13.921049	0.076835	11.202489	0.073161	9.329696	0.069912	9.226784	0.077764	19.8789	0.2358	0.0	0.0	0.0	0.0	0.0	0.0	0.0
