17.709486	0.075499	7.778381	0.077907	-2.045869	0.075245	-12.679708	0.075929	19.1669	0.2335	187.55117016305	2.0488157096990633	34.88475977151027	0.3846010829246808	175.15689695792796	1.7607757176141265	11.703
17.849206	0.076135	7.893665	0.070434	-1.961108	0.071088	-12.582644	0.079786	19.1723	0.2331	0.0	0.0	0.0	0.0	0.0	0.0	0.0
17.794642	0.074878	7.905571	0.0741	-1.930311	0.064853	-12.059744	0.070305	19.1777	0.2326	188.34835985807993	2.0064035482932168	34.84350382044153	0.34883464278911447	183.8790341572688	1.7363142110407466	11.703
17.742249	0.072701	7.915504	0.075681	-1.874499	0.075493	-11.803348	0.073307	19.1777	0.2326	0.0	0.0	0.0	0.0	0.0	0.0	0.0
17.518822	0.078641	7.917417	0.079583	-1.768623	0.077271	-10.443448	0.078757	19.1777	0.2326	193.99141815195043	2.260542519497605	35.38253305040616	0.40520151510511604	214.71213500282738	2.7308853623342744	11.703
17.348577	0.076079	7.941781	0.062666	-1.5375	0.062119	-10.009234	0.071565	19.1885	0.2336	198.0047582623745	2.0746996235832187	36.15428372694721	0.33653754440366385	219.85937288562602	2.4593413794449908	11.703
17.257583	0.083542	7.994227	0.074162	-1.244391	0.070796	-10.121118	0.069749	19.1777	0.2326	201.07077838407577	2.424797388420645	37.096091188621024	0.41168694669638956	209.8285153264097	2.3492279568867174	11.703
17.246169	0.086437	8.062923	0.07412	-0.985674	0.064933	-10.326031	0.073022	19.2046	0.2343	202.82483944747025	2.514847940637373	37.875111342962924	0.4124603890626271	199.41317931068892	2.086210133484953	11.703
17.243747	0.076068	8.072799	0.071921	-0.894858	0.073788	-10.550383	0.070053	19.1885	0.2336	203.09681720027544	2.3183283167268725	38.21696144873106	0.43912189231819093	192.90410816116477	2.0327366926479367	11.703
17.307856	0.080132	8.10669	0.083936	-0.862005	0.080766	-10.737368	0.071902	19.21	0.2342	202.4298113685972	2.553037372856823	38.21254211892594	0.49629709133963473	188.60979431116255	2.065253261182298	11.703
17.350077	0.067496	8.139048	0.073127	-0.831073	0.078215	-10.85997	0.073528	19.1831	0.2332	202.21304838725675	2.1846870207450637	38.20646644191611	0.45606554573572855	185.72234411306803	1.9879820389040637	11.703
17.397809	0.075457	8.144974	0.070033	-0.871667	0.073472	-11.020948	0.070652	19.1938	0.234	201.2994203725588	2.239682189546018	38.00934604717782	0.4278805721689569	183.5194223696187	1.8431169324428627	11.703
17.448114	0.075096	8.16517	0.07503	-0.925778	0.078927	-11.165449	0.067801	19.1885	0.2336	200.64650255804645	2.2944911468946243	37.698668921116806	0.45158617855134897	181.89942526235993	1.8483742929146767	11.703
17.478908	0.074372	8.154914	0.07374	-0.997264	0.06971	-11.29277	0.070121	19.1992	0.2342	199.76314602303606	2.243837455154306	37.44645300844172	0.41518585905750743	180.91295218029757	1.737460372998805	11.703
17.54133	0.075587	8.166893	0.070547	-1.035895	0.073851	-11.399896	0.071005	19.2046	0.2343	198.68823850764468	2.1913945189989303	37.24051873324514	0.4132895978067776	179.71731233756387	1.7765084987011297	11.703
17.592357	0.078573	8.191421	0.080397	-1.08225	0.07596	-11.489171	0.069935	19.1885	0.2336	198.12817694737288	2.3692210783407575	36.95587247106067	0.44076719646903695	178.9761183639506	1.7756887826423324	11.703
17.627477	0.074293	8.157141	0.070358	-1.134382	0.071434	-11.594236	0.071651	19.1938	0.234	196.6762692482516	2.1249668626729474	36.884868142609626	0.39802501848731237	178.07038954974334	1.722448228585521	11.703
17.629633	0.076924	8.155166	0.077284	-1.198086	0.080225	-11.666282	0.073725	19.2046	0.2343	196.59051017449863	2.262563662547225	36.64143830531552	0.4363905916426644	177.92850103293085	1.8519298722114765	11.703
17.658567	0.076558	8.130958	0.074127	-1.267557	0.064909	-11.765769	0.063981	19.1992	0.2342	195.4939896983408	2.1865551954368962	36.464975264881815	0.38227969819031726	177.41976531204875	1.5402888453502281	11.703
17.71526	0.079174	8.157204	0.079268	-1.288788	0.074365	-11.837935	0.072956	19.1992	0.2342	194.87125615697383	2.2841896223948925	36.28169646002276	0.4174745378863997	176.56311765083638	1.7436222086824216	11.703
17.704059	0.075029	8.10669	0.072302	-1.348577	0.075345	-11.909384	0.070447	19.1938	0.234	194.07301288669626	2.1070091258496286	36.24610847551793	0.40030393289461547	176.36818128473874	1.7226052580734366	11.703
17.720616	0.079797	8.094588	0.069196	-1.398718	0.076497	-11.968295	0.064619	19.1831	0.2332	193.4952276045125	2.1231101531871657	36.1008672230707	0.39225514745975637	176.2218511678624	1.6695355454381162	11.703
17.765636	0.078208	8.121206	0.068421	-1.439242	0.077254	-12.022496	0.074411	19.1777	0.2326	193.1260089317561	2.080818973074977	35.84733883663735	0.3869420361819473	175.9941010403743	1.78371589544147	11.703
17.780179	0.066997	8.091075	0.074465	-1.47973	0.069278	-12.083268	0.064412	19.1938	0.234	192.23554359609335	1.9873726890823606	35.80854825627389	0.3805318867369702	175.65742739732138	1.5670626453062493	11.703
17.77127	0.071356	8.090825	0.072335	-1.522123	0.083254	-12.127133	0.068638	19.1938	0.234	192.40752001065704	2.0195287259672017	35.651561760626784	0.40902670376119565	175.63305016822844	1.7869633847266728	11.703
17.786233	0.076576	8.064898	0.073739	-1.535626	0.072746	-12.154988	0.07146	19.1992	0.2342	191.59821059334718	2.0952116887345835	35.69769922226697	0.3851529296663964	175.39568821296368	1.6842468221573619	11.703
17.794024	0.076396	8.060637	0.067832	-1.56259	0.073076	-12.173052	0.066181	19.1992	0.2342	191.36096418380933	2.008575420967496	35.613480526525514	0.36898801019535926	175.54281714567315	1.631101987979941	11.703
17.833764	0.08028	8.066687	0.072756	-1.58379	0.069267	-12.222821	0.072193	19.1992	0.2342	190.70088095917168	2.115403960011271	35.51292045062399	0.3696688239017865	175.07141557556096	1.646353633410588	11.703
17.776763	0.076394	8.028293	0.072605	-1.643496	0.069934	-12.272132	0.068883	19.1885	0.2336	191.0648748794787	2.065625463378447	35.43466759218288	0.3693310382524034	175.24263537010253	1.6184584405376257	11.703
17.814622	0.074312	8.032428	0.073296	-1.658917	0.069555	-12.298085	0.065766	19.1992	0.2342	190.4061989160634	2.031650025262429	35.36316149893605	0.3687086095865107	175.0691660404018	1.575153990300807	11.703
17.833905	0.080268	8.022616	0.083708	-1.657009	0.074081	-12.314967	0.072584	19.1938	0.234	189.8415468662795	2.244016790753073	35.40598275140133	0.4088711509541804	174.76051308504213	1.7006039444587755	11.703
17.822693	0.073744	8.008235	0.082925	-1.689725	0.078552	-12.360485	0.076886	19.1992	0.2342	189.78024888080662	2.1458369401223742	35.33903972078851	0.41622707018799177	174.55086342227096	1.7980176963139098	11.703
17.824992	0.073616	8.010334	0.07246	-1.726326	0.076447	-12.377183	0.072391	19.1992	0.2342	189.77638319442346	1.997312612749134	35.19858269204053	0.38077656887908806	174.87703474204775	1.728649930804464	11.703
17.849435	0.074317	8.029036	0.07364	-1.712904	0.069551	-12.383654	0.071256	19.2046	0.2343	189.66544375897476	2.0206175424904473	35.17950481896587	0.3657821629140141	174.55102002796696	1.6288059496896787	11.703
17.826254	0.072936	7.998855	0.067475	-1.726377	0.072485	-12.39272	0.071646	19.1831	0.2332	189.53034271415837	1.916261207041034	35.2399429193874	0.35884095169234964	174.6231521239528	1.6685443018700306	11.703
17.807868	0.071358	7.953996	0.078351	-1.772522	0.072479	-12.443148	0.076174	19.1992	0.2342	189.02115383582893	2.0328726004108835	35.23528404322758	0.38665302219614567	174.55303710955195	1.7200091658581045	11.703
17.868441	0.075238	8.007063	0.078686	-1.753356	0.074084	-12.415073	0.072791	19.1992	0.2342	188.8772811495024	2.0851766936860723	35.11289979208644	0.38879330916821475	174.69890259409212	1.7018106669007174	11.703
17.857086	0.076049	7.976577	0.072231	-1.762946	0.07722	-12.434723	0.076115	19.1992	0.2342	188.51158037835455	2.0010984491586346	35.188235588079024	0.3820180771859393	174.53422413052854	1.7732971515608986	11.703
17.841977	0.070674	7.958313	0.075088	-1.811057	0.068853	-12.473037	0.063924	19.1938	0.234	188.4514104221115	1.966118846216921	35.080726557854454	0.36582996541171287	174.69460614943682	1.5393891657027916	11.703
17.848452	0.073121	7.976454	0.078378	-1.79374	0.075796	-12.475013	0.072017	19.1885	0.2336	188.67410231257495	2.0486391530923846	35.0777697667745	0.3914587574771924	174.37905611908556	1.7069086222859473	11.703
17.855068	0.073737	7.978613	0.079212	-1.803382	0.067629	-12.488117	0.069286	19.1992	0.2342	188.58896600526572	2.066448344269214	35.03545138653905	0.3730429890480844	174.32254920034416	1.5796461082198376	11.703
17.884728	0.074416	7.974787	0.078638	-1.811102	0.072477	-12.49207	0.068606	19.1831	0.2332	187.95170221235364	2.053386625096273	35.0215129059073	0.38272550922930787	174.38403178878056	1.629366915834117	11.703
17.856945	0.074889	7.972504	0.075366	-1.824549	0.075503	-12.508213	0.07142	19.1938	0.234	188.4365910416807	2.025494252640152	34.98160163039318	0.3809153983601934	174.34002967494948	1.6959727910415137	11.703
17.841696	0.077697	7.95418	0.076404	-1.830295	0.073753	-12.513319	0.070145	19.1992	0.2342	188.37798273147575	2.0761010462695184	35.026573184971525	0.3801537211714867	174.35046954084916	1.6611403935306006	11.703
17.882147	0.0798	7.996633	0.070343	-1.828405	0.071367	-12.526696	0.068516	19.1885	0.2336	188.41613633012958	2.027539794292771	34.88196212059604	0.3557644783698225	174.1016723959879	1.610008721549844	11.703
17.875389	0.070677	7.958313	0.075088	-1.849556	0.08087	-12.531893	0.072776	19.1885	0.2336	187.81648255690934	1.9529359104339146	34.9430234171977	0.3931665076557549	174.3616976758107	1.7757965066234478	11.703
17.898715	0.074894	7.980527	0.071223	-1.843798	0.073991	-12.537639	0.065557	19.1938	0.234	187.79541728316244	1.9569394111746838	34.88449528330087	0.3646711188044419	174.17412608828153	1.6100830106977428	11.703
17.865439	0.073217	7.964544	0.07329	-1.836105	0.066649	-12.530374	0.065749	19.1831	0.2332	188.123428872078	1.9683867611237076	34.968766008653525	0.3534566903984253	174.16714642081297	1.5247229404398317	11.703
17.868913	0.074683	7.960226	0.075737	-1.870718	0.076069	-12.551983	0.07429	19.1831	0.2332	187.97549978192504	2.0178359325418045	34.861006231346444	0.3806454739146901	174.37917957167582	1.735870400113134	11.703
17.898996	0.065726	7.960595	0.07191	-1.86306	0.078544	-12.563567	0.067304	19.1885	0.2336	187.41346482710085	1.837124598956409	34.88687575855008	0.378180349495538	174.06560984349977	1.6826010218980505	11.703
17.8607	0.077551	7.932215	0.075042	-1.905365	0.074292	-12.581495	0.069071	19.1992	0.2342	187.60064904541633	2.0390478967528542	34.83749136821981	0.3739444575872957	174.46306755849045	1.657678896579951	11.703
17.846153	0.077127	7.93024	0.073532	-1.888049	0.07245	-12.579702	0.071075	19.1777	0.2326	187.83851718507927	2.0186287549432933	34.90593909314023	0.3669952619782591	174.2097595625006	1.653707683200529	11.703
17.931105	0.073453	7.982994	0.072381	-1.865022	0.073121	-12.573266	0.071863	19.1885	0.2336	187.23054948561608	1.9408442143180265	34.80057673857006	0.36357829971501	173.9398356115857	1.6653414912490985	11.703
17.87553	0.077472	7.942332	0.079868	-1.899603	0.081571	-12.579794	0.074616	19.1992	0.2342	187.5116595547616	2.100461472152229	34.82207610482648	0.40391718557120787	174.3967168337518	1.8051725460764847	11.703
17.913406	0.087978	7.962508	0.075741	-1.853426	0.073757	-12.565268	0.070881	19.1885	0.2336	187.17810724451076	2.1836766419896767	34.9143156442973	0.3760373746695285	173.88141759013604	1.660515016218544	11.703
17.896274	0.077975	7.954303	0.076988	-1.8842	0.073112	-12.579702	0.069489	19.1831	0.2332	187.34617117002523	2.064880221105327	34.834224756680435	0.37591355492943973	174.14706660277045	1.6423310211756321	11.703
17.90261	0.076849	7.944307	0.072652	-1.87843	0.073359	-12.577909	0.068031	19.1885	0.2336	187.03891828044584	1.986299549542741	34.89013471286697	0.36672723470278934	174.08232794036687	1.627805633374704	11.703
17.869385	0.077862	7.929446	0.072372	-1.899505	0.068843	-12.600568	0.07025	19.1885	0.2336	187.3844797006315	2.0039775276195186	34.868078866609615	0.3543422747765773	174.0565661399883	1.5998417255362416	11.703
17.895429	0.067546	7.949924	0.074457	-1.876461	0.065828	-12.586505	0.073616	19.1831	0.2332	187.27960908142614	1.8930375762793052	34.877180760554495	0.3527465312168612	173.91061500412178	1.6035957198142903	11.703
17.884495	0.075058	7.963746	0.077556	-1.886059	0.072696	-12.591698	0.074821	19.1831	0.2332	187.74694814175788	2.0425235676617235	34.794253907468416	0.37550195486618415	173.98216786932792	1.6953672029679139	11.703
17.906083	0.081258	7.952021	0.079799	-1.89764	0.076349	-12.606865	0.078618	19.1777	0.2326	187.11861650728014	2.1409147475874915	34.79476139987573	0.39013954564355074	173.92390141477813	1.7798105298274332	11.703
17.914297	0.080754	7.963992	0.083628	-1.882238	0.075775	-12.595743	0.074228	19.1831	0.2332	187.1892576796852	2.187007542433904	34.80688945422924	0.3989348738623717	173.85442524809494	1.7213258268042966	11.703
17.89069	0.081398	7.949679	0.075085	-1.903374	0.073114	-12.600844	0.073062	19.1885	0.2336	187.36428699718232	2.087188586673749	34.78278305942087	0.3699669226069931	174.1150316977345	1.6823524808158878	11.703
17.90078	0.072944	7.943511	0.074992	-1.88219	0.073989	-12.606128	0.07241	19.1777	0.2326	187.05835498164896	1.9653278428952177	34.87961129765054	0.3739667630306513	173.68527620337213	1.6767106185205456	11.703
17.901765	0.070108	7.931909	0.074991	-1.893784	0.073989	-12.592066	0.071488	19.1777	0.2326	186.82218272230287	1.9236918392421656	34.87963679912415	0.3739664622510281	174.10181441795507	1.6742964756583885	11.703
17.900639	0.078116	7.93142	0.080247	-1.901425	0.069137	-12.617066	0.072976	19.1777	0.2326	186.83412904972715	2.098808304004653	34.854266871699735	0.3754602894345057	173.8197848873134	1.6306335905614793	11.703
17.91242	0.077476	7.954057	0.073884	-1.884173	0.077256	-12.597719	0.074612	19.1831	0.2332	187.03780960135052	2.0107696176649767	34.835190858957	0.37850870364265604	173.8537482623679	1.7428901426548702	11.703
17.901484	0.08141	7.943817	0.07354	-1.89377	0.078519	-12.599236	0.076813	19.1831	0.2332	187.05087932707391	2.060800697863599	34.8374660988465	0.38096553084904283	173.98498941296543	1.7851663254675945	11.703
17.912279	0.07332	7.945975	0.077192	-1.899561	0.071446	-12.604981	0.065844	19.1885	0.2336	186.88877902609573	1.996408768548459	34.80934054738337	0.37187224397482516	173.9857226685144	1.5790451645660575	11.703
17.912138	0.082798	7.937894	0.074782	-1.907251	0.072121	-12.619595	0.073324	19.1777	0.2326	186.73999306525678	2.08883528474242	34.81072493948842	0.36734897732974137	173.87326296353314	1.6693481261954697	11.703
17.916174	0.075169	7.941843	0.075689	-1.899547	0.073439	-12.604797	0.073397	19.1777	0.2326	186.73835617196903	1.9971313396876986	34.82400760855686	0.3731784712002922	173.98848857679369	1.6874893651323266	11.703
17.937344	0.077872	7.953996	0.07377	-1.899561	0.073115	-12.604981	0.074208	19.1938	0.234	186.56970642498055	2.0046009464206476	34.781006104638635	0.36661972702992285	173.9857226685144	1.6930781836409072	11.703
17.887827	0.072942	7.923279	0.073667	-1.9245	0.072705	-12.638938	0.063319	19.1831	0.2332	186.92169212228288	1.9447004726622732	34.801414383084946	0.365772572641914	173.8392934080937	1.5642659600338438	11.703
17.92007	0.076497	7.93771	0.063304	-1.903381	0.072794	-12.608289	0.068937	19.1831	0.2332	186.58817998848986	1.855969135315178	34.825062227923006	0.34137839270274317	173.9940482804267	1.62952267633763	11.703
17.954762	0.073454	7.970345	0.076644	-1.8842	0.071442	-12.587057	0.067761	19.1777	0.2326	186.54974184707442	1.9834888718738852	34.77751600756435	0.36976678910801614	174.02740216852578	1.6010334426743236	11.703
17.914297	0.080754	7.94795	0.074819	-1.909178	0.073657	-12.595743	0.074228	19.1831	0.2332	186.8879599169416	2.064347350521078	34.76840344824005	0.3703299986261509	174.29271108573178	1.7055057723104103	11.703
17.942086	0.082803	7.958252	0.074785	-1.903437	0.078073	-12.594319	0.070878	19.1831	0.2332	186.5606137536352	2.084940695152047	34.752323371218026	0.38098369565176465	174.22233512846526	1.7183996267158823	11.703
17.927111	0.075054	7.956093	0.067822	-1.913041	0.069909	-12.621664	0.070568	19.1885	0.2336	186.8004111014302	1.8951370001759973	34.726106820229155	0.3427239071590875	173.9336903132268	1.6134042432694642	11.703
17.895429	0.080208	7.937894	0.073049	-1.911099	0.074679	-12.641653	0.062446	19.1831	0.2332	187.05333877086014	2.0379505372375317	34.797122818613026	0.3690858615494613	173.5782069901237	1.574699302282836	11.703
17.916033	0.07332	7.941781	0.062666	-1.911085	0.071444	-12.608381	0.065844	19.1777	0.2326	186.73984884833655	1.8057799626381592	34.78344282978814	0.335493052466464	174.11785521416175	1.5814200766171806	11.703
17.923216	0.075269	7.964237	0.071608	-1.897661	0.074292	-12.596111	0.071708	19.1777	0.2326	187.02623517607074	1.951012465137108	34.75158797949222	0.36360298845991107	174.09907414725785	1.6802810464442457	11.703
17.914297	0.077557	7.935919	0.076294	-1.913027	0.066627	-12.639861	0.072633	19.1885	0.2336	186.66263540943453	2.035151312161555	34.797287837002926	0.3578725527057424	173.638397106098	1.5954758657015409	11.703
17.951755	0.077898	7.95992	0.075688	-1.893777	0.075491	-12.614034	0.071706	19.1831	0.2332	186.41123558783272	2.0263127407653254	34.780511299020205	0.37732377131106665	173.74492611651823	1.6874641629159857	11.703
17.939362	0.074423	7.968002	0.074672	-1.882238	0.071003	-12.595743	0.069851	19.1938	0.234	186.79400550075655	1.9749442025897384	34.792717575705964	0.36395462692644814	173.85442524809494	1.616293975434713	11.703
17.919647	0.072223	7.961587	0.075691	-1.90336	0.067619	-12.596983	0.069274	19.1831	0.2332	187.04350132781764	1.9650830026676558	34.74084589814289	0.3574319599017306	174.17766408556204	1.5767621232423414	11.703
17.935185	0.076158	7.972013	0.079556	-1.889935	0.077996	-12.61045	0.074226	19.1831	0.2332	186.94752490121493	2.0665055630429867	34.751410847016125	0.3925895025697552	173.7407553872956	1.7449485931785202	11.703
17.947012	0.078292	7.975716	0.073092	-1.901446	0.074285	-12.609989	0.074295	19.1831	0.2332	186.79521059970477	2.006482620446449	34.697881776193164	0.36610072750865896	173.93498883771693	1.7064833921223963	11.703
17.913311	0.074306	7.955541	0.081102	-1.905281	0.077997	-12.598775	0.072861	19.1992	0.2342	187.04895086362248	2.0661698390068644	34.75538027386909	0.39659213268939986	174.17975471194006	1.7385357279964242	11.703
17.947294	0.075056	7.967818	0.072598	-1.886066	0.077475	-12.60282	0.070569	19.1831	0.2332	186.64208602586208	1.9529507576365048	34.779851577268445	0.3747456268481293	173.80171451885892	1.6995635003242457	11.703
17.939221	0.07057	7.967941	0.075325	-1.882231	0.075498	-12.606681	0.063796	19.1885	0.2336	186.79549878594236	1.9336169167861441	34.792958843319155	0.3767039496992662	173.67699407185052	1.6007117470307821	11.703
17.943117	0.074704	7.987871	0.077424	-1.874519	0.077747	-12.606497	0.068852	19.1885	0.2336	187.09637660125154	2.021984917661063	34.7498515916775	0.3866037428649872	173.55517912800713	1.6794651785825023	11.703
17.943399	0.071261	7.971951	0.073289	-1.909171	0.069532	-12.606681	0.069917	19.1777	0.2326	186.7923681120061	1.9149069091092814	34.68397493948436	0.35460798569622803	174.11438132369642	1.6049137304270815	11.703
17.954197	0.075729	7.97411	0.076999	-1.895719	0.074972	-12.583012	0.074406	19.1992	0.2342	186.63067964898528	2.0196154364126073	34.72366159539122	0.3780960520045903	174.28083747144336	1.7224981262522554	11.703
17.949878	0.075363	7.970038	0.07669	-1.899561	0.074672	-12.612334	0.073281	19.1831	0.2332	186.6352997738789	2.0107905783711897	34.72447256951538	0.37659610776131186	173.86629733942755	1.6980198841915755	11.703
17.956639	0.063146	7.968248	0.062503	-1.889963	0.076082	-12.58508	0.065744	19.1777	0.2326	186.47550723245723	1.658728724181145	34.76458493530965	0.34722919487122966	174.15333828350666	1.637344060707826	11.703
17.95232	0.068458	7.972197	0.073727	-1.897654	0.070271	-12.60705	0.073803	19.1777	0.2326	186.63000558979846	1.8814075790573133	34.72358540136849	0.35832790048320984	173.92113655684213	1.6549694960275556	11.703
17.945417	0.07411	7.957884	0.073051	-1.884152	0.067621	-12.60112	0.069274	19.1777	0.2326	186.49152067146375	1.9430784635615908	34.82172066709728	0.3521943909858156	173.79824703542408	1.5699274979576519	11.703
17.934338	0.074679	7.963623	0.067351	-1.912984	0.072381	-12.606221	0.071548	19.1885	0.2336	186.8060959149856	1.8841094764292132	34.69983149996699	0.34736013908900115	174.18396367781972	1.6578209742413532	11.703
17.952178	0.079736	7.984168	0.076924	-1.889949	0.075783	-12.599604	0.080507	19.1831	0.2332	186.85678414517827	2.076890629829121	34.70858141913269	0.37957107211238916	173.91693344404067	1.795482038293066	11.703
17.93908	0.072948	7.97189	0.073674	-1.878375	0.068346	-12.602912	0.06985	19.1777	0.2326	186.87215549409467	1.943844236860143	34.792628851270905	0.35495826735044367	173.67558559261474	1.5825746195277777	11.703
17.941663	0.07113	7.982132	0.075418	-1.876475	0.071786	-12.594043	0.068118	19.1777	0.2326	187.01586751129108	1.9466609493575973	34.76318986291441	0.36714907162879046	173.78852134970847	1.6046843435690759	11.703
17.952461	0.076058	7.984291	0.079398	-1.889963	0.076082	-12.607142	0.077111	19.1831	0.2332	186.85379635304906	2.0610105205447384	34.70809990648761	0.38653200135182414	173.79483560455236	1.7566786842752369	11.703
17.981568	0.078298	7.98423	0.07812	-1.870711	0.074291	-12.596019	0.070687	19.1777	0.2326	186.30862676637403	2.0612109640943186	34.7761203708809	0.38042136637338864	173.66310627272463	1.6604232083166914	11.703
17.964289	0.075154	7.983984	0.069597	-1.874533	0.075499	-12.610358	0.07414	19.1831	0.2332	186.6265897413855	1.9153814969931653	34.76350721039297	0.3620861854816069	173.49298508078653	1.7099964765929523	11.703
17.949736	0.074111	7.994042	0.068398	-1.88031	0.067622	-12.601212	0.066637	19.1723	0.2331	187.08793364606066	1.8951702823095284	34.70775858761445	0.3380732623845319	173.73447126901385	1.5384811503535885	11.703
17.970344	0.080395	7.981886	0.083846	-1.872598	0.082486	-12.601028	0.080463	19.1777	0.2326	186.4742585628758	2.1686160527440514	34.77773238980207	0.4150912384655942	173.6125734370985	1.8647241034295	11.703
17.970485	0.076853	7.99398	0.071239	-1.888001	0.070372	-12.593766	0.071904	19.1777	0.2326	186.6976741070222	1.9610493442523675	34.68096327064065	0.3514296445589527	173.9801073411603	1.6350313881965157	11.703
17.989642	0.075073	7.988118	0.07606	-1.870698	0.081278	-12.581127	0.075891	19.1885	0.2336	186.23064421240522	1.9899314968861939	34.762454224443914	0.39250240107149525	173.90435237127232	1.8055459922772772	11.703
17.930866	0.077787	7.95992	0.07402	-1.905323	0.073034	-12.599328	0.070171	19.1831	0.2332	186.80176021125476	2.0116656557523247	34.73980600849325	0.36617654005511696	174.17144755841454	1.6495551466605411	11.703
17.966449	0.074112	7.990031	0.078934	-1.868763	0.070374	-12.582828	0.071906	19.1777	0.2326	186.69931067302508	2.0262469003804315	34.76253047882065	0.37288102659615063	173.8453452274267	1.632536850467735	11.703
17.961705	0.063322	7.973742	0.062668	-1.872585	0.072798	-12.608197	0.070332	19.1831	0.2332	186.48349111295065	1.6633695718436214	34.80654682825445	0.33955581196546075	173.49641791734044	1.6358508763211914	11.703
17.993254	0.076531	7.995893	0.075338	-1.847575	0.083591	-12.577082	0.085862	19.1777	0.2326	186.30819610988	2.0013044366921533	34.81665166538901	0.3980254358817132	173.59514292866214	1.9387941817406293	11.703
17.995131	0.075368	7.989785	0.076691	-1.861038	0.078861	-12.575106	0.071783	19.1831	0.2332	186.15949498873323	2.0006336374943374	34.790661418524046	0.38850287110878523	173.8452895405104	1.7303170096044957	11.703
17.953491	0.083141	7.981824	0.072083	-1.864893	0.075857	-12.593582	0.074404	19.1831	0.2332	186.78827474761965	2.0612235469158415	34.80516252749716	0.3698834431741796	173.6083776602604	1.719396235672424	11.703
17.976965	0.077455	7.992067	0.073334	-1.870691	0.068347	-12.581035	0.072414	19.1777	0.2326	186.54074788699813	1.9927256441620522	34.74855799573735	0.3531853234546557	173.90573479339025	1.6168057494550487	11.703
17.982737	0.076617	7.977814	0.066124	-1.868742	0.074679	-12.586229	0.070567	19.1831	0.2332	186.16736730107974	1.883191223249005	34.805733998951006	0.35258484981057553	173.78984682961297	1.6660814671820015	11.703
17.998141	0.081731	8.016258	0.076928	-1.863006	0.070996	-12.59225	0.075692	19.1831	0.2332	186.59709049345597	2.0981715539139065	34.690500534202855	0.3675860919638741	173.59939473390102	1.679118936287656	11.703
17.984473	0.078625	8.011753	0.079526	-1.862952	0.072368	-12.591514	0.070995	19.1831	0.2332	186.76852918396057	2.0943773981161535	34.70651833252151	0.37791651477784916	173.61043334920026	1.640505475676026	11.703
17.978559	0.077375	7.981824	0.072083	-1.861044	0.080373	-12.589906	0.073558	19.1777	0.2326	186.3198706587432	1.9709624072974155	34.81877328576286	0.38191328483802317	173.6055898866778	1.7629829375020114	11.703
18.006215	0.073944	8.012123	0.073283	-1.866842	0.069151	-12.592066	0.069935	19.1831	0.2332	186.36913215003642	1.9413660980625929	34.69155151384011	0.3538273598206563	173.66445853382368	1.5924981517026484	11.703
18.002745	0.07443	8.012432	0.073337	-1.851478	0.075209	-12.581495	0.073877	19.2046	0.2343	186.43963746404486	1.9499979990698064	34.74450019079634	0.37001348988283594	173.5868920846611	1.7055145300502899	11.703
17.959969	0.074779	7.979911	0.069169	-1.886073	0.075204	-12.602912	0.06985	19.1831	0.2332	186.6312098018082	1.9048988834432277	34.73719513246168	0.35975255596539957	173.8003331264418	1.6645340586189692	11.703
17.9895	0.074904	7.992067	0.075048	-1.87454	0.073986	-12.588389	0.073805	19.1777	0.2326	186.30685002755177	1.9759577462807594	34.73500225921279	0.37100511955544346	173.84884180477775	1.6957372570484097	11.703
17.991944	0.081134	8.014283	0.074113	-1.857235	0.077543	-12.583103	0.07186	19.1831	0.2332	186.67605766063642	2.055945990734288	34.717719682158474	0.3772449750254295	173.65403586195796	1.711638722631457	11.703
17.981143	0.065732	7.992067	0.073334	-1.866842	0.071004	-12.588389	0.072413	19.1831	0.2332	186.46271802747216	1.8383162827338655	34.76212453780675	0.35991514704448696	173.72401667768293	1.6432744684237273	11.703
17.991944	0.069084	8.010272	0.074164	-1.868783	0.070728	-12.594135	0.06606	19.1831	0.2332	186.60103616792412	1.8947708883343692	34.69123465024013	0.359878942175133	173.66240205887834	1.5670383493072964	11.703
17.972504	0.074426	7.987933	0.06917	-1.878375	0.068346	-12.610266	0.071168	19.1831	0.2332	186.54685743129278	1.8983452852925433	34.73605444771347	0.34234969293731576	173.55658669182532	1.5957215586812072	11.703
17.983162	0.078957	7.990031	0.074664	-1.857215	0.080361	-12.601212	0.074462	19.1777	0.2326	186.38705924196898	2.0268460253326386	34.80329553409035	0.38769080684223467	173.36102256343577	1.7677453797250082	11.703
17.997716	0.078215	8.000028	0.075693	-1.874533	0.070637	-12.599328	0.071707	19.1777	0.2326	186.30209416433962	2.0282479779210507	34.70702414873329	0.36389524207973806	173.67141643402215	1.6299590421638996	11.703
17.958375	0.075613	7.990154	0.072747	-1.868776	0.078865	-12.597719	0.064368	19.1938	0.234	186.85283330144424	1.9668204345007132	34.762048281703045	0.3783098156281878	173.6042663178915	1.6471937817151512	11.703
17.990067	0.073358	8.008359	0.073689	-1.855321	0.06875	-12.588757	0.077052	19.1831	0.2332	186.60036200093373	1.9437898650900414	34.74531174410356	0.35500293197014776	173.53158992709558	1.669515853252942	11.703
17.998141	0.075644	8.008235	0.080301	-1.866855	0.067504	-12.595927	0.066357	19.1938	0.234	186.44723518264334	2.0589427784799783	34.70516213698582	0.36867870467915187	173.60218251047996	1.5316084903510998	11.703
17.996122	0.076152	8.00626	0.075043	-1.861085	0.074075	-12.586781	0.068597	19.1831	0.2332	186.4480523923672	1.995421328565022	34.73240380118325	0.371158281434283	173.656824573762	1.6345902044038885	11.703
17.996122	0.072833	8.00626	0.071708	-1.861085	0.070729	-12.594135	0.06606	19.1777	0.2326	186.4480523923672	1.9076090758439308	34.73240380118325	0.3545299676312602	173.53783903484916	1.5648011146536251	11.703
17.976965	0.072314	7.992067	0.075048	-1.866842	0.072707	-12.584712	0.074088	19.1885	0.2336	186.54074788699813	1.9470437228376316	34.76212453780675	0.3684333625196513	173.78361663290116	1.683122488295279	11.703
18.010253	0.075278	8.028107	0.075381	-1.851438	0.080067	-12.58462	0.079159	19.1885	0.2336	186.59218341631276	1.9913656653298772	34.68951368566685	0.386127290793728	173.5356996766127	1.8204050722777723	11.703
17.969778	0.078641	7.989661	0.077305	-1.884117	0.07614	-12.608013	0.074937	19.1885	0.2336	186.63010409586917	2.0621620975457726	34.70977299928247	0.3814343001106277	173.6859804494429	1.7302516535539234	11.703
17.989359	0.073228	8.016073	0.072233	-1.866835	0.077479	-12.588297	0.07155	19.1831	0.2332	186.75793240280936	1.9261153021531403	34.67771116807124	0.37168308063845584	173.72539754096871	1.7088654097209086	11.703
18.019461	0.075822	8.024467	0.07368	-1.847628	0.071007	-12.577818	0.069853	19.1885	0.2336	186.35230940626724	1.9712030566149017	34.71569237677638	0.3598372410806465	173.58410439401996	1.6113470847300102	11.703
18.010536	0.074712	8.024219	0.078858	-1.855301	0.072718	-12.584804	0.071535	19.1885	0.2336	186.51424413695472	2.028891357219411	34.68960195582498	0.3766474492342049	173.59519906088474	1.65037334656743	11.703
18.00664	0.078302	8.004286	0.076654	-1.870711	0.079813	-12.592342	0.067498	19.1831	0.2332	186.21518043436714	2.0400040097830887	34.705491246700724	0.38891703966391583	173.72266382714503	1.6936596569017672	11.703
18.006782	0.080316	8.01237	0.076758	-1.85917	0.07269	-12.607142	0.078035	19.1831	0.2332	186.36317127623067	2.0715884466675276	34.717643456770375	0.37179405930807324	173.2969104292655	1.7195199091512086	11.703
18.012838	0.0783	8.014283	0.075776	-1.857235	0.073115	-12.586781	0.071783	19.1831	0.2332	186.28595120500168	2.030112689080655	34.717719682158474	0.3703291252286293	173.59452319839102	1.657751702155492	11.703
18.006215	0.07582	8.012123	0.075001	-1.878389	0.068346	-12.606773	0.067299	19.1831	0.2332	186.36913215003642	1.9887612016410707	34.65104915030774	0.3554980702972765	173.61330561791652	1.5522148527109692	11.703
18.000018	0.077988	7.994104	0.068066	-1.86492	0.073113	-12.608658	0.07178	19.1938	0.234	186.14893284706318	1.9257527054881458	34.7617185977548	0.35220905595245955	173.36521260854994	1.653329786238059	11.703
17.994104	0.083655	7.996263	0.075417	-1.87456	0.075782	-12.596019	0.070687	19.1831	0.2332	186.29925844643782	2.0987784264369482	34.72016468148569	0.376065260776059	173.72545357736112	1.679202153849202	11.703
17.991661	0.073457	7.998115	0.069704	-1.86877	0.075573	-12.593951	0.076092	19.1777	0.2326	186.37932093739008	1.8885908578765425	34.73402630115599	0.3619188082583486	173.66516274251916	1.7365276223253094	11.703
17.98302	0.076092	7.99398	0.080639	-1.872605	0.073747	-12.59009	0.079878	19.1831	0.2332	186.46339160524514	2.06962571659277	34.735078483918684	0.3847035477735977	173.7898747705905	1.7628876507283646	11.703
18.02148	0.075526	8.026442	0.074083	-1.861098	0.067624	-12.57961	0.069277	19.1777	0.2326	186.35149259496998	1.9724851505512195	34.66146481108952	0.3516304917560488	173.77321442589533	1.569536879200985	11.703
18.018469	0.07746	8.016011	0.071914	-1.862979	0.073992	-12.595559	0.072412	19.1885	0.2336	186.2132613612322	1.9677156159564027	34.69146322596104	0.3623364647282223	173.5454393053814	1.674067382827952	11.703
17.956397	0.077028	7.97325	0.074157	-1.880227	0.082044	-12.596431	0.083524	19.1723	0.2331	186.5734611243954	1.9982692902832098	34.78128623578506	0.39037323488854786	173.81065163423088	1.898958385553651	11.703
18.023674	0.078405	8.049645	0.078209	-1.837909	0.072454	-12.574646	0.074627	19.1938	0.234	186.74401794476668	2.073450919512328	34.66141693172721	0.37373678133670984	173.4782396451808	1.6805872862860987	11.703
17.995875	0.073752	8.031314	0.07534	-1.866747	0.074297	-12.583425	0.074406	19.1777	0.2326	186.9214519636254	1.9777163491913832	34.62462207796102	0.37014251042236473	173.80295613532934	1.7053069189267427	11.703
18.009686	0.078407	8.019837	0.077001	-1.851411	0.073663	-12.576898	0.07423	19.1831	0.2332	186.44829536571316	2.051049935315336	34.71867089380482	0.3747949987488377	173.66020538480737	1.6932454048825365	11.703
18.013581	0.083566	8.011691	0.079747	-1.862945	0.073986	-12.591422	0.065551	19.1885	0.2336	186.22382768291024	2.150694762525335	34.70675908817889	0.38234011053794775	173.6118131833095	1.5995797414723454	11.703
17.990528	0.076708	8.009654	0.074162	-1.857168	0.073113	-12.600568	0.07178	19.1777	0.2326	186.6159566994788	1.9949458894918815	34.73424276774821	0.36661223753309136	173.37066686844264	1.6534275741218436	11.703
18.038198	0.081266	8.018418	0.06919	-1.864947	0.068459	-12.57961	0.067529	19.1831	0.2332	185.8913496830005	1.9801156488482212	34.67610322963879	0.3414990756530259	173.83564407850892	1.5601111892961845	11.703
18.020913	0.068297	8.038229	0.075046	-1.853373	0.072801	-12.579242	0.071311	19.1777	0.2326	186.58212615930518	1.8965570932713902	34.64723077684104	0.3662263163959331	173.6540078437212	1.6499020404852272	11.703
17.985463	0.063839	8.028231	0.070749	-1.855301	0.072718	-12.595835	0.073052	19.1777	0.2326	187.05903736771313	1.7902020396136904	34.67552179427963	0.3559476820726279	173.41691033759588	1.6642493709916386	11.703
18.020771	0.070041	8.042179	0.076415	-1.845667	0.079375	-12.571796	0.070138	19.1831	0.2332	186.65863264243652	1.9390087557505697	34.660390689049514	0.38621978246711464	173.64981085360614	1.7148400129398698	11.703
18.020487	0.07346	8.038043	0.075096	-1.853353	0.077543	-12.567935	0.076095	19.1831	0.2332	186.5866023053477	1.9635593052631366	34.64795203282502	0.37811643373639603	173.83694250597918	1.7626643982698547	11.703
18.018894	0.079059	8.036254	0.078755	-1.839903	0.076352	-12.566418	0.072764	19.1885	0.2336	186.58294395823924	2.085724487910123	34.70141396298178	0.3854133905309527	173.64355740974193	1.7073970638901264	11.703
18.017017	0.074428	8.022306	0.073725	-1.857235	0.069632	-12.572072	0.071312	19.1831	0.2332	186.35759687418403	1.953344476474368	34.68952575564995	0.3560754751262317	173.83282461689174	1.6169875065998593	11.703
18.057504	0.065739	8.052737	0.073684	-1.832249	0.072718	-12.544995	0.069857	19.1777	0.2326	186.17028062473534	1.837496696327183	34.6704213824419	0.3630976995143285	173.8667500937228	1.6365486115117889	11.703
18.006215	0.077568	8.028169	0.077793	-1.843746	0.07271	-12.555294	0.07294	19.1885	0.2336	186.66883765947756	2.055204303086624	34.71632653898081	0.3744633363949196	173.8861867462359	1.671891047399939	11.703
18.048718	0.074325	8.048538	0.073102	-1.855327	0.080801	-12.585172	0.079114	19.1885	0.2336	186.25568586748764	1.9416847613056698	34.60432793896904	0.3807162425776293	173.58967979581112	1.8294908371645733	11.703
18.025092	0.063326	8.030206	0.080808	-1.834125	0.0621	-12.568211	0.065847	19.1938	0.234	186.35432963755494	1.9141957006832597	34.743017414790344	0.3589482482939786	173.52109059694686	1.4631486500331696	11.703
18.021338	0.084208	8.030392	0.077313	-1.853393	0.07375	-12.586873	0.070137	19.1885	0.2336	186.42781049421984	2.1330989960795796	34.67463562453741	0.37484567580528694	173.53088619939962	1.64543620995577	11.703
18.010253	0.071268	8.036131	0.070345	-1.847588	0.069537	-12.58462	0.071234	19.1777	0.2326	186.74228084048667	1.874843329743516	34.67486419909426	0.34701625605102493	173.47348427916177	1.6083477377357671	11.703
18.031432	0.071028	8.032243	0.070021	-1.836053	0.075794	-12.562741	0.064259	19.1831	0.2332	186.27413408711882	1.858033401965216	34.72905824642014	0.36314373590793364	173.64076880867617	1.6085384384999553	11.703
18.00579	0.076419	8.003915	0.073645	-1.862972	0.072716	-12.580759	0.073053	19.2046	0.2343	186.22411443054654	1.9760175777362126	34.734014065744475	0.36433029375511417	173.78497010036435	1.6713167342761281	11.703
18.048718	0.080677	8.040514	0.07696	-1.839929	0.076642	-12.555753	0.072868	19.1938	0.234	186.10635488824792	2.0733327548151688	34.6863608063543	0.38129643051233314	173.81680788432047	1.7153728752128994	11.703
18.014573	0.072957	8.028169	0.069174	-1.832197	0.06835	-12.570004	0.067303	19.1831	0.2332	186.51260915305062	1.877693183938178	34.75698769827968	0.34278354206902306	173.4609626363639	1.5495780713284504	11.703
18.021055	0.075737	8.038291	0.075788	-1.84568	0.07586	-12.564625	0.075758	19.1777	0.2326	186.5806341106501	2.002567554961211	34.673978034572634	0.37617973663672777	173.76619608027224	1.7379992154360109	11.703
18.013122	0.080512	8.046501	0.068403	-1.84185	0.073125	-12.568578	0.072215	19.1885	0.2336	186.88283878726202	1.9809626863028869	34.65861901188449	0.3509598788551324	173.64012056094256	1.6636491487340945	11.703
18.01645	0.075643	8.034094	0.073113	-1.853359	0.073755	-12.575382	0.068471	19.1777	0.2326	186.58823791121793	1.9664064661329317	34.661769503322425	0.3640694610243264	173.71632405986216	1.6305282691525362	11.703
18.023073	0.068676	8.036254	0.072247	-1.855301	0.072718	-12.588481	0.070571	19.2046	0.2343	186.50486494769697	1.861519399298057	34.64739503405226	0.3590492875862884	173.53572782387937	1.6383419589015218	11.703
18.053324	0.077466	8.044712	0.075006	-1.828399	0.073684	-12.55235	0.072418	19.1938	0.234	186.0987698815012	2.00493569461219	34.712119538094186	0.3696668706978908	173.6850737257552	1.6732715957297113	11.703
18.031716	0.070121	8.056438	0.079713	-1.832216	0.071008	-12.570279	0.072416	19.1831	0.2332	186.72065683891395	1.9872397317732868	34.65755692034348	0.37414793754015535	173.4568263117757	1.6382955932151269	11.703
18.020913	0.077882	8.030206	0.069707	-1.841824	0.071445	-12.579242	0.078093	19.1938	0.234	186.43228297381165	1.950435178754681	34.71592108499578	0.3510178369015099	173.46723749505614	1.709946970901298	11.703
18.016592	0.071574	8.022121	0.073112	-1.853366	0.080132	-12.582828	0.073328	19.1885	0.2336	186.36206752480683	1.9078080078127506	34.70376953712524	0.3811900114807462	173.59587493013416	1.7573845954559453	11.703
18.051305	0.074248	8.054774	0.074797	-1.845727	0.069624	-12.565268	0.070881	19.1992	0.2342	186.3236655509755	1.96437272090961	34.6160898654405	0.3572862148872185	173.75652651475457	1.6105036291666275	11.703
18.031432	0.078134	8.04829	0.080265	-1.816804	0.074305	-12.559063	0.068032	19.1938	0.234	186.57356111540338	2.093434892687069	34.740329659437755	0.3851821917083712	173.38906305250381	1.6261165416474874	11.703
18.026969	0.071269	8.028107	0.062507	-1.851438	0.07748	-12.573589	0.072773	19.1831	0.2332	186.28023581512886	1.7660714239450634	34.68951368566685	0.3495460272248132	173.7142388059992	1.7221724720076925	11.703
18.02279	0.070578	8.024096	0.069601	-1.855287	0.073992	-12.573589	0.06767	19.1831	0.2332	186.28335835918074	1.8467570030906044	34.69008330330258	0.35669518805848005	173.77662602953887	1.6256869445724078	11.703
18.016025	0.077037	8.017862	0.071709	-1.84949	0.07699	-12.564074	0.074421	19.1831	0.2332	186.29325584846436	1.961025441189421	34.732379379697	0.3703398683171236	173.83691472695006	1.7372956420085606	11.703
18.040075	0.067649	8.052426	0.069935	-1.851464	0.071012	-12.566602	0.069938	19.1831	0.2332	186.48937685409615	1.8167919980315823	34.60424002182641	0.34824005980185674	173.82794628582639	1.6169052132071673	11.703
18.033309	0.075983	8.030144	0.080339	-1.845667	0.072128	-12.564442	0.074738	19.1885	0.2336	186.200103412963	2.0583360795567094	34.70262985341704	0.3793846651191046	173.7689588277108	1.6838472598386784	11.703
18.035469	0.074788	8.036193	0.076259	-1.820647	0.084039	-12.570004	0.073877	19.1885	0.2336	186.2725012000681	1.989749267190789	34.76942111992628	0.400299140129884	173.27459112676436	1.8036906305695162	11.703
18.037346	0.077295	8.054153	0.074795	-1.841811	0.065831	-12.579059	0.070879	19.1831	0.2332	186.5725998963456	2.010125833371689	34.631958804111335	0.3486995472486316	173.46999505776748	1.5628280286518117	11.703
18.047298	0.070121	8.039894	0.073681	-1.839863	0.073681	-12.56219	0.072415	19.1938	0.234	186.1212387303182	1.8917194644458966	34.688767559720375	0.3658571696155199	173.7113934022341	1.6737062489988632	11.703
18.052329	0.078244	8.024219	0.076017	-1.839903	0.073357	-12.566418	0.069735	19.1777	0.2326	185.73692236024044	2.0205259345746858	34.74375267781677	0.3720883473894177	173.64355740973414	1.6384742227788291	11.703
18.054064	0.069293	8.042117	0.074084	-1.841811	0.071794	-12.568027	0.066639	19.1938	0.234	186.0367736694504	1.884897319815564	34.67413042758331	0.36191379115726124	173.64840255640573	1.5858089040148626	11.703
18.047866	0.076955	8.052178	0.076622	-1.820641	0.075792	-12.55888	0.073218	19.1992	0.2342	186.33938439367	2.0244369254222105	34.7131470939237	0.3789389693553711	173.45398448088073	1.7022260472483477	11.703
18.039365	0.075824	8.052116	0.073682	-1.816785	0.072718	-12.562465	0.071491	19.1885	0.2336	186.49683402654907	1.9743016095304324	34.726929690399835	0.36427861371923176	173.33385956990674	1.6449054859743053	11.703
18.049742	0.068299	8.050079	0.072329	-1.834105	0.07755	-12.582644	0.079786	19.1831	0.2332	186.26529668625759	1.853029966387195	34.67323228052921	0.3720003639061614	173.28777384766104	1.7938084370220075	11.703
18.041951	0.073731	8.046315	0.07085	-1.811032	0.073129	-12.564625	0.066249	19.1831	0.2332	186.34034439296624	1.9062412388165324	34.76763196976367	0.3591328469441851	173.2063166003374	1.589342663556622	11.703
18.03763	0.075255	8.042241	0.072385	-1.837975	0.075576	-12.564533	0.07155	19.1938	0.234	186.34495832526278	1.946654139771712	34.687159050133715	0.36739843414562995	173.6428532728771	1.6847485189774898	11.703
18.041951	0.083155	8.062364	0.077011	-1.818732	0.074982	-12.560948	0.073273	19.1885	0.2336	186.64000309286251	2.119662195260409	34.68407044350741	0.3772867430144473	173.38976624148938	1.692208205603731	11.703
18.037204	0.079613	8.054091	0.075828	-1.845654	0.081102	-12.571612	0.081394	19.1831	0.2332	186.57409194249152	2.0547787421335615	34.61873262932314	0.388260602542864	173.65257153101345	1.8602543142853214	11.703
18.049458	0.084933	8.033908	0.076997	-1.845641	0.073115	-12.575106	0.071783	19.1777	0.2326	185.96983753794905	2.1286302259160728	34.68950162665623	0.3728251527682693	173.5958188214014	1.6577833816408554	11.703
18.052045	0.080322	8.068227	0.073906	-1.820641	0.07981	-12.573589	0.073866	19.1885	0.2336	186.5609076477242	2.0396106169811588	34.65681157075787	0.3812118568660027	173.2167126919282	1.751774681721771	11.703
18.054206	0.072238	8.062239	0.071246	-1.834118	0.074688	-12.568119	0.062451	19.1831	0.2332	186.40877379976757	1.8928331192352639	34.63058110186845	0.36119848175345776	173.52246989261636	1.5738495398888983	11.703
18.039933	0.087158	8.048352	0.085362	-1.82836	0.074584	-12.581219	0.079152	19.1831	0.2332	186.41598403783817	2.276131674224367	34.69946373345292	0.3982464245078999	173.21814612820214	1.7519450113777804	11.703
18.069049	0.063845	8.04829	0.072607	-1.828353	0.074309	-12.559063	0.073056	19.1885	0.2336	185.8731822520032	1.7933844550756268	34.69970449562708	0.3650050125497333	173.57568547621364	1.685602790359985	11.703
18.037062	0.082092	8.041993	0.081278	-1.845647	0.075844	-12.564166	0.078085	19.1885	0.2336	186.35091918017463	2.1538181478758878	34.66111220106749	0.38970244325028197	173.77310296090639	1.7648239818127012	11.703
18.02626	0.08682	8.039832	0.078789	-1.859103	0.083351	-12.580483	0.080577	19.1831	0.2332	186.51217865792742	2.1896485366856235	34.621563151643876	0.4011464206119313	173.72672245975824	1.8785163719457738	11.703
18.050595	0.074122	8.046439	0.07271	-1.822595	0.063275	-12.568486	0.071908	19.1777	0.2326	186.1816627403913	1.932329173590845	34.72645995122878	0.3391579984314027	173.3304575309334	1.5449735162044291	11.703
18.040075	0.070121	8.048414	0.076261	-1.816817	0.07101	-12.570279	0.072416	19.1831	0.2332	186.41449321417699	1.9328496220141351	34.739847621055645	0.36694276674711485	173.2084241293588	1.6336242652193433	11.703
18.012129	0.066459	8.005952	0.075092	-1.845654	0.072795	-12.57529	0.077112	19.1885	0.2336	186.14403762778406	1.865460683019565	34.78789398506338	0.36930891613431255	173.59305917464638	1.715673028906881	11.703
18.046415	0.077833	8.050451	0.08016	-1.837994	0.077535	-12.564809	0.075148	19.1885	0.2336	186.33424027534414	2.0827436246446474	34.65829037401156	0.3908774183482885	173.6387122815209	1.7478463112289475	11.703
18.037914	0.072838	8.046377	0.078167	-1.837988	0.07468	-12.557362	0.066063	19.1885	0.2336	186.4168011218678	1.9934205920925099	34.67259869372163	0.3792200839052583	173.75923359934603	1.6162301320360455	11.703
18.058954	0.07553	8.046439	0.07271	-1.857242	0.067624	-12.59055	0.070633	19.1938	0.234	186.0262162392631	1.947869768775719	34.60497231438028	0.3469552723232947	173.53367295683157	1.5809715518557412	11.703
18.027536	0.072959	8.020331	0.074678	-1.836066	0.072716	-12.577634	0.072415	19.1938	0.234	186.12493133043876	1.941780560051653	34.770981406028774	0.3677083839808917	173.4002299231212	1.6566423043812841	11.703
18.061684	0.072325	8.068786	0.083089	-1.820699	0.075208	-12.563383	0.07294	19.1885	0.2336	186.39141450944948	2.0546900452863275	34.654646993360714	0.392719559576966	173.3821999475995	1.6909300946921642	11.703
18.04886	0.066883	8.052613	0.070024	-1.839935	0.073363	-12.570555	0.077538	19.1831	0.2332	186.32895290909045	1.8049592940451336	34.64391722566934	0.3551644723453026	173.57714926719123	1.726679111289757	11.703
18.066006	0.076532	8.064836	0.075168	-1.828405	0.077467	-12.559798	0.075843	19.2046	0.2343	186.237238080562	1.9975791290981473	34.64148922414248	0.37796102904133133	173.56464704561267	1.7534197718045386	11.703
18.083439	0.073384	8.085211	0.080915	-1.813036	0.076074	-12.549223	0.072483	19.1831	0.2332	186.29204276506823	2.0353282286432157	34.62396850322134	0.38848871572678123	173.48714410180577	1.6979451864700181	11.703
18.037772	0.07574	8.046315	0.074509	-1.841831	0.074979	-12.568303	0.072079	19.1831	0.2332	186.4182919458484	1.9823038821799281	34.65934053056027	0.37050992100961133	173.64426155146157	1.6836833693243014	11.703
18.082443	0.081649	8.068724	0.078909	-1.805291	0.075799	-12.544903	0.068034	19.1777	0.2326	186.00385744615562	2.1091422031133904	34.70894019842421	0.38462058430016693	173.4318120836579	1.6448134350955266	11.703
18.044112	0.075532	8.048352	0.072662	-1.859157	0.071702	-12.577542	0.073274	19.1831	0.2332	186.33803743696507	1.9538107404473462	34.59160333774445	0.3564199607035777	173.7752725359578	1.662138131705747	11.703
18.042945	0.075185	8.042737	0.074086	-1.838027	0.074689	-12.572623	0.062452	19.1885	0.2336	186.2551558832077	1.9659434913300056	34.68523363271803	0.36929413756783785	173.51284293757325	1.5736900108263796	11.703
18.05304	0.073145	8.0486	0.074425	-1.832236	0.081289	-12.574232	0.072006	19.1885	0.2336	186.17637970212076	1.9419260875207216	34.68498093313297	0.3868849288336339	173.3933104493584	1.7528810160413169	11.703
18.019036	0.078955	8.048352	0.081646	-1.82836	0.076074	-12.5518	0.073424	19.1831	0.2332	186.8066773677362	2.127961254638657	34.69946373345292	0.39206050129550774	173.6933587732596	1.7125269712557538	11.703
18.044112	0.075532	8.056376	0.075346	-1.82451	0.069146	-12.559155	0.071774	19.1831	0.2332	186.48774204750634	1.9920132043067178	34.684804470818015	0.3589789669404266	173.51205510359162	1.61091505855414	11.703
18.052329	0.076539	8.060326	0.075346	-1.820654	0.073364	-12.566418	0.068032	19.1831	0.2332	186.40810001881172	2.0036640874032723	34.68447556984937	0.36914687603540564	173.33251002708076	1.6138867509896215	11.703
18.039933	0.073759	8.056376	0.075346	-1.82066	0.071707	-12.56651	0.070492	19.1938	0.234	186.56581397004567	1.9703700331624407	34.69832411275093	0.36540219458122686	173.33113229050318	1.6219247580979885	11.703
18.052614	0.079219	8.060451	0.077843	-1.832216	0.074295	-12.551892	0.076438	19.1777	0.2326	186.40511837530397	2.071914545173489	34.64350067023223	0.3768343624316327	173.75435713824123	1.7277958698551341	11.703
18.040217	0.072855	8.032428	0.073296	-1.839922	0.072721	-12.563016	0.070258	19.1777	0.2326	186.11408306348233	1.921890326427715	34.71479309249848	0.3630652209437678	173.69896571590485	1.6379429109680677	11.703
18.057078	0.076608	8.080637	0.075379	-1.816829	0.073993	-12.541042	0.077009	19.1885	0.2336	186.69889007141327	2.0112785527309476	34.62670023531624	0.36953885900889255	173.68084779923447	1.7295826561855272	11.703
18.057078	0.074791	8.064587	0.073685	-1.816829	0.064223	-12.541042	0.069857	19.1831	0.2332	186.39901183838404	1.95850003164367	34.68294328109567	0.3430763467974944	173.68084779923447	1.5367996863974254	11.703
18.033309	0.077722	8.062239	0.074847	-1.830269	0.073753	-12.564442	0.070139	19.2046	0.2343	186.79945210079944	2.021442753509108	34.64405769449449	0.36799128866499503	173.51968325282022	1.645271196497012	11.703
18.046557	0.069293	8.058538	0.077809	-1.838001	0.073447	-12.564901	0.071908	19.1938	0.234	186.4824503528998	1.945314683293856	34.62994810054284	0.37440951113343934	173.63733195426545	1.663825750726956	11.703
18.052472	0.075068	8.04434	0.075295	-1.839909	0.07171	-12.562832	0.073056	19.1777	0.2326	186.10770018251995	1.977137335292889	34.67300367501482	0.3647489098559759	173.70172741275815	1.6582935619623826	11.703
18.05304	0.071031	8.076687	0.075664	-1.824536	0.073365	-12.544811	0.064261	19.1885	0.2336	186.7005267764889	1.9421867659631045	34.6135639984609	0.3684381504420411	173.7446320934663	1.5806526614399383	11.703
18.042377	0.075647	8.066562	0.075753	-1.811051	0.072133	-12.546513	0.068475	19.1885	0.2336	186.7105917245988	2.00369462652484	34.69629770347607	0.36742890701399156	173.49885393831346	1.6073698599726618	11.703
18.099592	0.070834	8.084962	0.078287	-1.80531	0.069157	-12.545178	0.070934	19.1777	0.2326	185.98692075175418	1.9606999832792875	34.6518895237931	0.36598386026259494	173.42767582032957	1.5997491290372183	11.703
18.034018	0.077831	8.046501	0.080159	-1.853399	0.078858	-12.583287	0.077214	19.1777	0.2326	186.49182910998778	2.0862431271523336	34.61818782051347	0.39320232725116	173.58897584408712	1.785496098410665	11.703
18.072205	0.080914	8.082862	0.085136	-1.799525	0.080129	-12.554235	0.077405	19.1831	0.2332	186.45772781655225	2.1923409980483166	34.67953786827395	0.41027579382331525	173.18833473964077	1.7940925295574681	11.703
18.058812	0.074433	8.062426	0.073729	-1.822588	0.066761	-12.56104	0.065848	19.1938	0.234	186.3263595657572	1.9528032957453754	34.67032125284604	0.34885483902562636	173.45055158566447	1.5146107059755185	11.703
18.072205	0.074125	8.098914	0.071251	-1.795675	0.076729	-12.550557	0.07191	19.1723	0.2331	186.75782584277047	1.9253158847903977	34.63677394130605	0.3665414788474416	173.185553115146	1.6933702337478311	11.703
18.048292	0.078243	8.032305	0.080304	-1.843759	0.075788	-12.570187	0.073493	19.1831	0.2332	185.96172961700762	2.0816681510221366	34.70174303486031	0.38798717429996193	173.64496569805948	1.709029359348176	11.703
18.054632	0.078305	8.07045	0.075783	-1.826438	0.067186	-12.557362	0.078277	19.1831	0.2332	186.5541217745601	2.036126940092257	34.62872274262415	0.3543619965923206	173.57222197460476	1.6685476434809887	11.703
18.077978	0.081149	8.076625	0.076313	-1.824529	0.072712	-12.563108	0.073809	19.1831	0.2332	186.23382970850616	2.074267186518941	34.61380425281811	0.3684978702064257	173.4484974763641	1.6734845774984197	11.703
18.088358	0.069297	8.086625	0.068406	-1.787949	0.070383	-12.553868	0.066641	19.1885	0.2336	186.22676904139468	1.8130302652468266	34.706977307408934	0.34497183685412397	173.0080112527599	1.5576091812188635	11.703
18.065438	0.077892	8.076625	0.076313	-1.820679	0.07028	-12.548397	0.077993	19.1938	0.234	186.4676369371643	2.0356096167984874	34.627268896177746	0.36296538505755904	173.6240933178172	1.6991610231201104	11.703
18.052472	0.078551	8.068413	0.076023	-1.81681	0.074908	-12.56651	0.072006	19.1938	0.234	186.55643151608737	2.0425992772035153	34.669587529885305	0.3743137125290989	173.26905397714427	1.6747728865804599	11.703
18.090092	0.076544	8.088476	0.072667	-1.797559	0.071709	-12.533411	0.072085	19.1938	0.234	186.22893195724342	1.9652026993224543	34.66674087966847	0.35799707975978745	173.49254943672716	1.6431307822874064	11.703
18.043402	0.073759	8.06409	0.076887	-1.820628	0.073364	-12.573405	0.074409	19.1831	0.2332	186.64515566188942	1.992738728333659	34.67135983550536	0.37275715844940205	173.21946611066429	1.6833208119933611	11.703
18.082016	0.079937	8.092613	0.075171	-1.78602	0.079569	-12.559339	0.074498	19.1938	0.234	186.45662418229293	2.048156520118589	34.6927145328811	0.3844181325156942	172.88919296395562	1.7492285084522212	11.703
18.084889	0.075534	8.086937	0.074091	-1.803382	0.067629	-12.535937	0.066643	19.1885	0.2336	186.29718697122345	1.9715380098843118	34.651725229697675	0.3514650352933178	173.54583836194615	1.5353043346757087	11.703
18.073513	0.072325	8.060451	0.07631	-1.812966	0.074303	-12.555569	0.072644	19.1831	0.2332	186.01604538355082	1.9532024412212377	34.71104364228733	0.37444399628960867	173.38352193635492	1.6771428849227452	11.703
18.084035	0.078553	8.070513	0.075754	-1.830295	0.07213	-12.575841	0.073329	19.1831	0.2332	186.00750544636477	2.027143915796555	34.61501729876286	0.3657047527062228	173.3360249512729	1.6592154516380702	11.703
18.093108	0.072243	8.094901	0.073067	-1.803376	0.063276	-12.543202	0.069281	19.1938	0.234	186.29243034216947	1.9145214537118302	34.62386876530923	0.3381052828703224	173.42835119307696	1.515154374077264	11.703
18.048008	0.077574	8.032181	0.075053	-1.843746	0.07271	-12.592066	0.072936	19.1777	0.2326	185.96470395316155	2.004092830733045	34.70222455564619	0.3671833955548252	173.29128782040027	1.6604222069557995	11.703
18.079712	0.07789	8.066438	0.080854	-1.837988	0.073122	-12.568394	0.071862	19.1885	0.2336	186.0121116186278	2.0855684900071885	34.60237127344466	0.3808580357804569	173.58058477984144	1.6584657734702863	11.703
18.114297	0.070702	8.107065	0.072393	-1.807239	0.073127	-12.547063	0.073071	19.1938	0.234	186.1244259340684	1.8820445641594818	34.56789622281887	0.35877731883596925	173.42837920542087	1.669352437911964	11.703
18.054774	0.075185	8.054463	0.071246	-1.834144	0.072136	-12.568486	0.071908	19.1992	0.2342	186.2532367005553	1.9291473795520788	34.65772123454793	0.35534521089299903	173.516952719527	1.6464377676593818	11.703
18.055343	0.07491	8.074774	0.074121	-1.81492	0.071449	-12.557821	0.073069	19.1777	0.2326	186.62166093352852	1.9704815810389342	34.65391357242787	0.36074322037422774	173.37871213531542	1.6493336446262303	11.703
18.071921	0.076956	8.058662	0.074129	-1.826464	0.074381	-12.568762	0.072155	19.1831	0.2332	186.01239741004684	1.9849484841171292	34.669928232208726	0.3683096820366892	173.38844429624626	1.6726410877381803	11.703
18.057078	0.076608	8.040514	0.075374	-1.820679	0.07028	-12.563108	0.073809	19.1938	0.234	185.9510334764965	1.9951341063155263	34.75406998707506	0.3632015417060907	173.3863346842848	1.6449658059678676	11.703
18.056793	0.076162	8.068475	0.074684	-1.820667	0.068352	-12.573956	0.072715	19.1831	0.2332	186.47687204714984	1.9914626296331146	34.65584953999904	0.35478949835500745	173.21120587358354	1.6075032210501874	11.703
18.073798	0.078311	8.0686	0.077845	-1.809129	0.074299	-12.570463	0.075123	19.2046	0.2343	186.16226347820503	2.054525152525333	34.6958924245007	0.37798662434937	173.08173226799897	1.6993791737599573	11.703
18.077836	0.074709	8.080575	0.075753	-1.828373	0.074601	-12.566694	0.075378	19.1938	0.234	186.31006830619995	1.9827920791486575	34.586579103871266	0.371099671920682	173.45266188171018	1.7130316628170648	11.703
18.069902	0.076542	8.060699	0.066003	-1.832242	0.074304	-12.559614	0.073277	19.1885	0.2336	186.08777910221443	1.8790514567387546	34.64253897809735	0.3480227895863154	173.6296982765235	1.6891088502067264	11.703
18.093108	0.074253	8.070824	0.077273	-1.818777	0.074686	-12.557913	0.073332	19.1831	0.2332	185.8448957229017	1.9871938269927434	34.6542421780802	0.3765752652553254	173.43949339336024	1.6904308286318792	11.703
18.076528	0.07599	8.086937	0.075757	-1.818783	0.080386	-12.56536	0.068473	19.2046	0.2343	186.45311034410798	2.0027491668696276	34.59784899905227	0.3857973059132236	173.31940748382425	1.7030334050138753	11.703
18.089212	0.07661	8.086999	0.080066	-1.814939	0.079892	-12.554419	0.071864	19.1885	0.2336	186.22403872551084	2.0631606657247246	34.61221546091916	0.3953668869346766	173.4397314319659	1.7354189044581336	11.7033901
18.06703	0.076515	8.062364	0.07374	-1.830282	0.062701	-12.57198	0.07065	19.1885	0.2336	186.17215644083885	1.977420873339213	34.643576851303166	0.3389651449127637	173.39812024081138	1.5248354528105363	11.703
18.060973	0.075827	8.060451	0.074683	-1.812966	0.072719	-12.566602	0.071491	19.1938	0.234	186.24929798837724	1.9821355752733074	34.71104364228733	0.3664593108569155	173.20564240559295	1.642489269615413	11.703
18.039081	0.084202	8.043968	0.072606	-1.851418	0.071362	-12.580667	0.070239	19.1885	0.2336	186.3501024227853	2.0728938985506287	34.63398137366054	0.35631501495440876	173.59931045522836	1.6201023662806229	11.703
18.073798	0.07661	8.080637	0.075379	-1.809129	0.072714	-12.548397	0.065556	19.1831	0.2332	186.38651252231494	2.0045815125147266	34.65366118464812	0.366988934394372	173.4373551347363	1.5811078943352335	11.703
18.076101	0.07833	8.082737	0.077014	-1.811064	0.067616	-12.554052	0.073564	19.1885	0.2336	186.38271390951186	2.0487602816818495	34.639530275813705	0.3588126817036612	173.37730577967756	1.6125384606520805	11.703
18.084177	0.061029	8.086625	0.074038	-1.811051	0.068463	-12.568578	0.070716	19.1992	0.2342	186.30463800421342	1.7880057711912323	34.6259674235184	0.3527792257170214	173.14297754305238	1.5841912806882452	11.703
18.088215	0.072242	8.074525	0.073064	-1.818745	0.067627	-12.553776	0.070636	19.1831	0.2332	186.0043870709138	1.908551770797041	34.6413893185786	0.34860410385905927	173.50580630434277	1.5805436025290998	11.703
18.056509	0.075533	8.060326	0.075346	-1.832203	0.073041	-12.559063	0.068032	19.1938	0.234	186.3301566862064	1.9886688844831129	34.64398151411795	0.36749644640035295	173.6379802281291	1.6157543545562125	11.703
18.082301	0.077415	8.092738	0.07982	-1.812986	0.076076	-12.533777	0.07483	19.1885	0.2336	186.45364132619852	2.075444724231872	34.59783729538555	0.3851323010314517	173.73626081215514	1.7293065332374775	11.703
18.075248	0.084356	8.070326	0.07525	-1.822575	0.082511	-12.557179	0.074563	19.1938	0.234	186.16740344174076	2.1034434840866347	34.64267947842884	0.3910502555956039	173.51273074295216	1.7975914876529522	11.703
18.088215	0.072242	8.094588	0.071249	-1.811045	0.072138	-12.572164	0.072214	19.1992	0.2342	186.3778121835349	1.8923058872095138	34.59815362395696	0.35414036555557754	173.0851856516403	1.6417647166063147	11.703
18.079143	0.0773	8.078226	0.074798	-1.811013	0.072132	-12.553318	0.073619	19.1992	0.2342	186.2419509864032	2.0031139156966202	34.65550904605528	0.36414694839371503	173.38833176891842	1.6635749351899136	11.703
18.079855	0.081741	8.086563	0.066641	-1.807194	0.074687	-12.553776	0.064813	19.1992	0.2342	186.38406161148362	1.9669840323236316	34.63968267542954	0.350450272833909	173.31932293580846	1.5948525890301095	11.703
18.090519	0.07747	8.092676	0.073346	-1.809129	0.071011	-12.548397	0.071176	19.21	0.2342	186.2992077611723	1.9879173397351202	34.61153053172226	0.3568486441388195	173.4373551347363	1.6237223979439852	11.703
18.062708	0.0683	8.058289	0.073387	-1.834125	0.071101	-12.579242	0.071311	19.1831	0.2332	186.17676646422169	1.8656447679880233	34.644386177894745	0.35785005215568355	173.34294191330642	1.6245214082233024	11.703
18.086339	0.07444	8.08465	0.071922	-1.812979	0.068353	-12.552075	0.067305	19.1992	0.2342	186.22758532346478	1.9272879710187327	34.62613157944533	0.34711765686931256	173.44014068941988	1.5492568405141163	11.703
18.067314	0.074124	8.094588	0.071249	-1.822595	0.071797	-12.553776	0.076394	19.1992	0.2342	186.7684263880378	1.925502452780042	34.55785836411467	0.3524706518584084	173.56805460880327	1.6956540675778602	11.703
18.088073	0.081426	8.082488	0.06561	-1.818738	0.071448	-12.56104	0.067763	19.1777	0.2326	186.1550626771029	1.94554561450086	34.61355223384845	0.33911035242261284	173.38838798940142	1.5893959356736627	11.703
