20.300555576421363	0.1890328707628812	10.186897469615753	0.1886587232370332	1.7326905168967488	0.18837611447117694	-9.825969310292068	0.32771674495252123	20.0407	0.2366	184.35467549243216	4.868200119090305	39.87383210628879	1.2574238853994253	161.30764173332537	5.275200779144253	11.715
20.300555576421363	0.1890328707628812	10.186897469615753	0.1886587232370332	1.66945077138194	0.30673965663603464	-9.946371736432857	0.18798657197972315	20.0407	0.2366	184.35467549243216	4.868200119090305	39.57777965249125	1.6733266626770589	160.51382991322146	4.971379215783891	11.715
20.266421214117365	0.2827935643147548	10.186897469615753	0.1886587232370332	1.7326905168967488	0.18837611447117694	-9.856075764764359	0.31818734054481596	20.0407	0.2366	184.97899360955824	6.238702447469416	39.87383210628879	1.2574238853994253	160.888580631061	5.133551562813433	11.715
20.300555576421363	0.1890328707628812	10.186897469615753	0.1886587232370332	1.7326905168967488	0.18837611447117694	-9.946371736432857	0.18798657197972315	20.0407	0.2366	184.35467549243216	4.868200119090305	39.87383210628879	1.2574238853994253	159.64468018740115	3.637795425032079	11.715
20.266421214117365	0.2827935643147548	10.186897469615753	0.1886587232370332	1.7326905168967488	0.18837611447117694	-9.946371736432857	0.18798657197972315	20.0407	0.2366	184.97899360955824	6.238702447469416	39.87383210628879	1.2574238853994253	159.64468018740115	3.637795425032079	11.715
20.300555576421363	0.1890328707628812	10.186897469615753	0.1886587232370332	1.7326905168967488	0.18837611447117694	-9.946371736432857	0.18798657197972315	20.0407	0.2366	184.35467549243216	4.868200119090305	39.87383210628879	1.2574238853994253	159.64468018740115	3.637795425032079	11.715
20.198166612524776	0.3366298427639235	10.186897469615753	0.1886587232370332	1.7326905168967488	0.18837611447117694	-9.946371736432857	0.18798657197972315	20.0407	0.2366	186.24013915779884	7.178747132534241	39.87383210628879	1.2574238853994253	159.64468018740115	3.637795425032079	11.715
20.266421214117365	0.2827935643147548	10.186897469615753	0.1886587232370332	1.701068547012399	0.2752286084434134	-9.946371736432857	0.18798657197972315	20.0407	0.2366	184.97899360955824	6.238702447469416	39.72524448691314	1.5620810810722385	160.078104111133	4.58076920570363	11.715
20.198166612524776	0.3366298427639235	10.186897469615753	0.1886587232370332	1.7326905168967488	0.18837611447117694	-9.946371736432857	0.18798657197972315	20.0407	0.2366	186.24013915779884	7.178747132534241	39.87383210628879	1.2574238853994253	159.64468018740115	3.637795425032079	11.715
20.198166612524776	0.3366298427639235	10.186897469615753	0.1886587232370332	1.701068547012399	0.2752286084434134	-9.946371736432857	0.18798657197972315	20.0407	0.2366	186.24013915779884	7.178747132534241	39.72524448691314	1.5620810810722385	160.078104111133	4.58076920570363	11.715
20.164046371278637	0.3473864798073608	10.154145075718228	0.2786312562239802	1.606227799526072	0.335069627819653	-9.946371736432857	0.18798657197972315	20.0407	0.2366	186.26558876744338	8.286633771388091	39.43669758754448	2.0105309050000697	161.39226089488005	5.367372900941245	11.715
20.129930835094235	0.350804617349318	10.088653544422494	0.3302891439167617	1.5430215946245514	0.3350285060875805	-9.946371736432857	0.18798657197972315	20.0407	0.2366	185.68356438614222	8.90991038466954	39.44724399609879	2.17168858026005	162.28012259633883	5.426083491993978	11.715
20.061713873996023	0.33654348197842754	10.121397100953391	0.311268794099258	1.637837189165255	0.3251037919438005	-9.946371736432857	0.18798657197972315	20.0407	0.2366	187.56949108281276	8.65020585471277	39.73586939088213	2.108160454430213	160.9518759801966	5.217802195704178	11.715
20.02761244712659	0.31669444447967543	10.023179682468939	0.3438911603500293	1.4482437106505999	0.2751276388908529	-9.946371736432857	0.18798657197972315	20.0407	0.2366	186.36740354817675	8.708820710229599	39.31243681963652	2.0190686141601346	163.6299326625181	4.785104227820133	11.715
19.993515721407157	0.2826802588276385	10.088653544422494	0.3302891439167617	1.574622601624755	0.33823706456493136	-9.946371736432857	0.18798657197972315	20.0407	0.2366	188.24089876323384	8.262193433399757	39.593657914727316	2.198490189519688	161.8350034391129	5.435708321131606	11.715
19.959423695859673	0.18902086201319776	9.859572283801628	0.18864726233229281	1.4166594588781931	0.18836506145948367	-9.946371736432857	0.18798657197972315	20.0407	0.2366	184.60669194554268	4.881215723377212	39.92717153603846	1.2607149736005128	164.08475223503208	3.8428466463073963	11.715
19.993515721407157	0.2826802588276385	9.990449375248778	0.3405675519340925	1.5430215946245514	0.3350285060875805	-9.946371736432857	0.18798657197972315	20.0407	0.2366	186.39286132872695	8.247211290173636	39.90583138191999	2.2568286199984104	162.28012259633883	5.426083491993978	11.715
20.02761244712659	0.31669444447967543	9.925002003834184	0.3111625983642692	1.479832149974707	0.30663885662334195	-9.946371736432857	0.18798657197972315	20.0407	0.2366	184.55627570589763	8.1106906856148	39.91650072857683	2.0648554032304087	163.17756770816374	5.136521747029466	11.715
19.993515721407157	0.2826802588276385	10.05591440522726	0.3406108758603754	1.479832149974707	0.30663885662334195	-9.946371736432857	0.18798657197972315	20.0407	0.2366	187.62074458409492	8.356857400166142	39.307182299711954	2.100570412195979	163.17756770816374	5.136521747029466	11.715
19.959423695859673	0.18902086201319776	9.95772348266995	0.3302080760712331	1.4166594588781931	0.18836506145948367	-9.946371736432857	0.18798657197972315	20.0407	0.2366	186.418320743382	7.09166864977826	39.468341144091156	1.7567057553911904	164.08475223503208	3.8428466463073963	11.715
19.959423695859673	0.18902086201319776	9.859572283801628	0.18864726233229281	1.4482437106505999	0.2751276388908529	-9.946371736432857	0.18798657197972315	20.0407	0.2366	184.60669194554268	4.881215723377212	40.07709670272135	1.5894471096513434	163.6299326625181	4.785104227820133	11.715
19.959423695859673	0.18902086201319776	9.892284937843685	0.2785248875169712	1.4166594588781931	0.18836506145948367	-9.946371736432857	0.18798657197972315	20.0407	0.2366	185.20656197739805	6.192625993586472	39.773068012637395	1.5778548237433185	164.08475223503208	3.8428466463073963	11.715
19.959423695859673	0.18902086201319776	9.859572283801628	0.18864726233229281	1.4482437106505999	0.2751276388908529	-9.946371736432857	0.18798657197972315	20.0407	0.2366	184.60669194554268	4.881215723377212	40.07709670272135	1.5894471096513434	163.6299326625181	4.785104227820133	11.715
19.959423695859673	0.18902086201319776	9.925002003834184	0.3111625983642692	1.4482437106505999	0.2751276388908529	-9.946371736432857	0.18798657197972315	20.0407	0.2366	185.81042491001762	6.741698290157499	39.767752832543366	1.9485774771477222	163.6299326625181	4.785104227820133	11.715
19.959423695859673	0.18902086201319776	9.859572283801628	0.18864726233229281	1.4166594588781931	0.18836506145948367	-9.946371736432857	0.18798657197972315	20.0407	0.2366	184.60669194554268	4.881215723377212	39.92717153603846	1.2607149736005128	164.08475223503208	3.8428466463073963	11.715
19.959423695859673	0.18902086201319776	9.859572283801628	0.18864726233229281	1.4482437106505999	0.2751276388908529	-9.946371736432857	0.18798657197972315	20.0407	0.2366	184.60669194554268	4.881215723377212	40.07709670272135	1.5894471096513434	163.6299326625181	4.785104227820133	11.715
19.959423695859673	0.18902086201319776	9.859572283801628	0.18864726233229281	1.4482437106505999	0.2751276388908529	-9.946371736432857	0.18798657197972315	20.0407	0.2366	184.60669194554268	4.881215723377212	40.07709670272135	1.5894471096513434	163.6299326625181	4.785104227820133	11.715
19.959423695859673	0.18902086201319776	9.859572283801628	0.18864726233229281	1.4166594588781931	0.18836506145948367	-9.946371736432857	0.18798657197972315	20.0407	0.2366	184.60669194554268	4.881215723377212	39.92717153603846	1.2607149736005128	164.08475223503208	3.8428466463073963	11.715
19.959423695859673	0.18902086201319776	9.859572283801628	0.18864726233229281	1.4482437106505999	0.2751276388908529	-9.946371736432857	0.18798657197972315	20.0407	0.2366	184.60669194554268	4.881215723377212	40.07709670272135	1.5894471096513434	163.6299326625181	4.785104227820133	11.715
19.994856573847297	0.28669491002802083	9.89292924019157	0.28045685831684286	1.44838130382651	0.2755446976158731	-9.91679216035093	0.2691085433314213	20.0407	0.2366	184.5687557175113	7.327646415640943	39.91944046795733	1.8586002771003385	164.0538232168987	5.559627599284438	11.715
19.959423695859673	0.18902086201319776	9.859572283801628	0.18864726233229281	1.4166594588781931	0.18836506145948367	-9.946371736432857	0.18798657197972315	20.0407	0.2366	184.60669194554268	4.881215723377212	39.92717153603846	1.2607149736005128	164.08475223503208	3.8428466463073963	11.715
19.959423695859673	0.18902086201319776	9.859572283801628	0.18864726233229281	1.4166594588781931	0.18836506145948367	-9.946371736432857	0.18798657197972315	20.0407	0.2366	184.60669194554268	4.881215723377212	39.92717153603846	1.2607149736005128	164.08475223503208	3.8428466463073963	11.715
19.959423695859673	0.18902086201319776	9.859572283801628	0.18864726233229281	1.4166594588781931	0.18836506145948367	-9.946371736432857	0.18798657197972315	20.0407	0.2366	184.60669194554268	4.881215723377212	39.92717153603846	1.2607149736005128	164.08475223503208	3.8428466463073963	11.715
19.959423695859673	0.18902086201319776	9.859572283801628	0.18864726233229281	1.4166594588781931	0.18836506145948367	-9.946371736432857	0.18798657197972315	20.0407	0.2366	184.60669194554268	4.881215723377212	39.92717153603846	1.2607149736005128	164.08475223503208	3.8428466463073963	11.715
19.959423695859673	0.18902086201319776	9.859572283801628	0.18864726233229281	1.4166594588781931	0.18836506145948367	-9.946371736432857	0.18798657197972315	20.0407	0.2366	184.60669194554268	4.881215723377212	39.92717153603846	1.2607149736005128	164.08475223503208	3.8428466463073963	11.715
19.959423695859673	0.18902086201319776	9.859572283801628	0.18864726233229281	1.4166594588781931	0.18836506145948367	-9.946371736432857	0.18798657197972315	20.0407	0.2366	184.60669194554268	4.881215723377212	39.92717153603846	1.2607149736005128	164.08475223503208	3.8428466463073963	11.715
19.959423695859673	0.18902086201319776	9.859572283801628	0.18864726233229281	1.4166594588781931	0.18836506145948367	-9.946371736432857	0.18798657197972315	20.0407	0.2366	184.60669194554268	4.881215723377212	39.92717153603846	1.2607149736005128	164.08475223503208	3.8428466463073963	11.715
19.959423695859673	0.18902086201319776	9.859572283801628	0.18864726233229281	1.4166594588781931	0.18836506145948367	-9.946371736432857	0.18798657197972315	20.0407	0.2366	184.60669194554268	4.881215723377212	39.92717153603846	1.2607149736005128	164.08475223503208	3.8428466463073963	11.715
19.959423695859673	0.18902086201319776	9.859572283801628	0.18864726233229281	1.4166594588781931	0.18836506145948367	-9.946371736432857	0.18798657197972315	20.0407	0.2366	184.60669194554268	4.881215723377212	39.92717153603846	1.2607149736005128	164.08475223503208	3.8428466463073963	11.715
19.959423695859673	0.18902086201319776	9.859572283801628	0.18864726233229281	1.4166594588781931	0.18836506145948367	-9.946371736432857	0.18798657197972315	20.0407	0.2366	184.60669194554268	4.881215723377212	39.92717153603846	1.2607149736005128	164.08475223503208	3.8428466463073963	11.715
19.959423695859673	0.18902086201319776	9.859572283801628	0.18864726233229281	1.4166594588781931	0.18836506145948367	-9.946371736432857	0.18798657197972315	20.0407	0.2366	184.60669194554268	4.881215723377212	39.92717153603846	1.2607149736005128	164.08475223503208	3.8428466463073963	11.715
19.994856573847297	0.28669491002802083	9.89292924019157	0.28045685831684286	1.44838130382651	0.2755446976158731	-9.91679216035093	0.2691085433314213	20.0407	0.2366	184.5687557175113	7.327646415640943	39.91944046795733	1.8586002771003385	164.0538232168987	5.559627599284438	11.715
19.959423695859673	0.18902086201319776	9.859572283801628	0.18864726233229281	1.4166594588781931	0.18836506145948367	-9.946371736432857	0.18798657197972315	20.0407	0.2366	184.60669194554268	4.881215723377212	39.92717153603846	1.2607149736005128	164.08475223503208	3.8428466463073963	11.715
19.959423695859673	0.18902086201319776	9.859572283801628	0.18864726233229281	1.4166594588781931	0.18836506145948367	-9.946371736432857	0.18798657197972315	20.0407	0.2366	184.60669194554268	4.881215723377212	39.92717153603846	1.2607149736005128	164.08475223503208	3.8428466463073963	11.715
19.959423695859673	0.18902086201319776	9.859572283801628	0.18864726233229281	1.4166594588781931	0.18836506145948367	-9.946371736432857	0.18798657197972315	20.0407	0.2366	184.60669194554268	4.881215723377212	39.92717153603846	1.2607149736005128	164.08475223503208	3.8428466463073963	11.715
19.994856573847297	0.28669491002802083	9.89292924019157	0.28045685831684286	1.44838130382651	0.2755446976158731	-9.91679216035093	0.2691085433314213	20.0407	0.2366	184.5687557175113	7.327646415640943	39.91944046795733	1.8586002771003385	164.0538232168987	5.559627599284438	11.715
19.994856573847297	0.28669491002802083	9.89292924019157	0.28045685831684286	1.44838130382651	0.2755446976158731	-9.91679216035093	0.2691085433314213	20.0407	0.2366	184.5687557175113	7.327646415640943	39.91944046795733	1.8586002771003385	164.0538232168987	5.559627599284438	11.715
19.959423695859673	0.18902086201319776	9.859572283801628	0.18864726233229281	1.4166594588781931	0.18836506145948367	-9.946371736432857	0.18798657197972315	20.0407	0.2366	184.60669194554268	4.881215723377212	39.92717153603846	1.2607149736005128	164.08475223503208	3.8428466463073963	11.715
19.959423695859673	0.18902086201319776	9.859572283801628	0.18864726233229281	1.4166594588781931	0.18836506145948367	-9.946371736432857	0.18798657197972315	20.0407	0.2366	184.60669194554268	4.881215723377212	39.92717153603846	1.2607149736005128	164.08475223503208	3.8428466463073963	11.715
19.959423695859673	0.18902086201319776	9.859572283801628	0.18864726233229281	1.4166594588781931	0.18836506145948367	-9.946371736432857	0.18798657197972315	20.0407	0.2366	184.60669194554268	4.881215723377212	39.92717153603846	1.2607149736005128	164.08475223503208	3.8428466463073963	11.715
19.959423695859673	0.18902086201319776	9.859572283801628	0.18864726233229281	1.4166594588781931	0.18836506145948367	-9.946371736432857	0.18798657197972315	20.0407	0.2366	184.60669194554268	4.881215723377212	39.92717153603846	1.2607149736005128	164.08475223503208	3.8428466463073963	11.715
19.959423695859673	0.18902086201319776	9.859572283801628	0.18864726233229281	1.4166594588781931	0.18836506145948367	-9.946371736432857	0.18798657197972315	20.0407	0.2366	184.60669194554268	4.881215723377212	39.92717153603846	1.2607149736005128	164.08475223503208	3.8428466463073963	11.715
19.959423695859673	0.18902086201319776	9.859572283801628	0.18864726233229281	1.4166594588781931	0.18836506145948367	-9.946371736432857	0.18798657197972315	20.0407	0.2366	184.60669194554268	4.881215723377212	39.92717153603846	1.2607149736005128	164.08475223503208	3.8428466463073963	11.715
19.959423695859673	0.18902086201319776	9.859572283801628	0.18864726233229281	1.4166594588781931	0.18836506145948367	-9.946371736432857	0.18798657197972315	20.0407	0.2366	184.60669194554268	4.881215723377212	39.92717153603846	1.2607149736005128	164.08475223503208	3.8428466463073963	11.715
19.959423695859673	0.18902086201319776	9.859572283801628	0.18864726233229281	1.4166594588781931	0.18836506145948367	-9.946371736432857	0.18798657197972315	20.0407	0.2366	184.60669194554268	4.881215723377212	39.92717153603846	1.2607149736005128	164.08475223503208	3.8428466463073963	11.715
19.959423695859673	0.18902086201319776	9.859572283801628	0.18864726233229281	1.4166594588781931	0.18836506145948367	-9.946371736432857	0.18798657197972315	20.0407	0.2366	184.60669194554268	4.881215723377212	39.92717153603846	1.2607149736005128	164.08475223503208	3.8428466463073963	11.715
19.994856573847297	0.28669491002802083	9.89292924019157	0.28045685831684286	1.44838130382651	0.2755446976158731	-9.91679216035093	0.2691085433314213	20.0407	0.2366	184.5687557175113	7.327646415640943	39.91944046795733	1.8586002771003385	164.0538232168987	5.559627599284438	11.715
19.959423695859673	0.18902086201319776	9.859572283801628	0.18864726233229281	1.4166594588781931	0.18836506145948367	-9.946371736432857	0.18798657197972315	20.0407	0.2366	184.60669194554268	4.881215723377212	39.92717153603846	1.2607149736005128	164.08475223503208	3.8428466463073963	11.715
19.959423695859673	0.18902086201319776	9.859572283801628	0.18864726233229281	1.4166594588781931	0.18836506145948367	-9.946371736432857	0.18798657197972315	20.0407	0.2366	184.60669194554268	4.881215723377212	39.92717153603846	1.2607149736005128	164.08475223503208	3.8428466463073963	11.715
19.959423695859673	0.18902086201319776	9.859572283801628	0.18864726233229281	1.4166594588781931	0.18836506145948367	-9.946371736432857	0.18798657197972315	20.0407	0.2366	184.60669194554268	4.881215723377212	39.92717153603846	1.2607149736005128	164.08475223503208	3.8428466463073963	11.715
19.994856573847297	0.28669491002802083	9.89292924019157	0.28045685831684286	1.44838130382651	0.2755446976158731	-9.91679216035093	0.2691085433314213	20.0407	0.2366	184.5687557175113	7.327646415640943	39.91944046795733	1.8586002771003385	164.0538232168987	5.559627599284438	11.715
19.959423695859673	0.18902086201319776	9.859572283801628	0.18864726233229281	1.4166594588781931	0.18836506145948367	-9.946371736432857	0.18798657197972315	20.0407	0.2366	184.60669194554268	4.881215723377212	39.92717153603846	1.2607149736005128	164.08475223503208	3.8428466463073963	11.715
19.959423695859673	0.18902086201319776	9.859572283801628	0.18864726233229281	1.4166594588781931	0.18836506145948367	-9.946371736432857	0.18798657197972315	20.0407	0.2366	184.60669194554268	4.881215723377212	39.92717153603846	1.2607149736005128	164.08475223503208	3.8428466463073963	11.715
19.959423695859673	0.18902086201319776	9.859572283801628	0.18864726233229281	1.4166594588781931	0.18836506145948367	-9.946371736432857	0.18798657197972315	20.0407	0.2366	184.60669194554268	4.881215723377212	39.92717153603846	1.2607149736005128	164.08475223503208	3.8428466463073963	11.715
19.994856573847297	0.28669491002802083	9.89292924019157	0.28045685831684286	1.44838130382651	0.2755446976158731	-9.91679216035093	0.2691085433314213	20.0407	0.2366	184.5687557175113	7.327646415640943	39.91944046795733	1.8586002771003385	164.0538232168987	5.559627599284438	11.715
19.994856573847297	0.28669491002802083	9.89292924019157	0.28045685831684286	1.44838130382651	0.2755446976158731	-9.91679216035093	0.2691085433314213	20.0407	0.2366	184.5687557175113	7.327646415640943	39.91944046795733	1.8586002771003385	164.0538232168987	5.559627599284438	11.715
20.03029887807153	0.32207490633354624	9.926294878265553	0.3137598768238525	1.4801112663982834	0.30721156492512125	-9.887205188430851	0.2986319648612682	20.0407	0.2366	184.53082148001496	8.211865407339351	39.91170972779871	2.075011891091447	164.02289544155914	6.182093133530287	11.715
19.959423695859673	0.18902086201319776	9.859572283801628	0.18864726233229281	1.4166594588781931	0.18836506145948367	-9.946371736432857	0.18798657197972315	20.0407	0.2366	184.60669194554268	4.881215723377212	39.92717153603846	1.2607149736005128	164.08475223503208	3.8428466463073963	11.715
19.994856573847297	0.28669491002802083	9.89292924019157	0.28045685831684286	1.44838130382651	0.2755446976158731	-9.91679216035093	0.2691085433314213	20.0407	0.2366	184.5687557175113	7.327646415640943	39.91944046795733	1.8586002771003385	164.0538232168987	5.559627599284438	11.715
19.994856573847297	0.28669491002802083	9.89292924019157	0.28045685831684286	1.44838130382651	0.2755446976158731	-9.91679216035093	0.2691085433314213	20.0407	0.2366	184.5687557175113	7.327646415640943	39.91944046795733	1.8586002771003385	164.0538232168987	5.559627599284438	11.715
19.994856573847297	0.28669491002802083	9.89292924019157	0.28045685831684286	1.44838130382651	0.2755446976158731	-9.91679216035093	0.2691085433314213	20.0407	0.2366	184.5687557175113	7.327646415640943	39.91944046795733	1.8586002771003385	164.0538232168987	5.559627599284438	11.715
19.96076227194082	0.3277825527162189	9.89292924019157	0.28045685831684286	1.44838130382651	0.2755446976158731	-9.91679216035093	0.2691085433314213	20.0407	0.2366	185.19379020706742	7.9352502647860685	39.91944046795733	1.8586002771003385	164.0538232168987	5.559627599284438	11.715
19.994856573847297	0.28669491002802083	9.89292924019157	0.28045685831684286	1.44838130382651	0.2755446976158731	-9.91679216035093	0.2691085433314213	20.0407	0.2366	184.5687557175113	7.327646415640943	39.91944046795733	1.8586002771003385	164.0538232168987	5.559627599284438	11.715
19.959423695859673	0.18902086201319776	9.859572283801628	0.18864726233229281	1.4166594588781931	0.18836506145948367	-9.946371736432857	0.18798657197972315	20.0407	0.2366	184.60669194554268	4.881215723377212	39.92717153603846	1.2607149736005128	164.08475223503208	3.8428466463073963	11.715
19.996197598100462	0.35504849084557943	9.926294878265553	0.3137598768238525	1.4801112663982834	0.30721156492512125	-9.887205188430851	0.2986319648612682	20.0407	0.2366	185.15572694153312	8.71213476106487	39.91170972779871	2.075011891091447	164.02289544155914	6.182093133530287	11.715
19.96076227194082	0.3277825527162189	9.89292924019157	0.28045685831684286	1.44838130382651	0.2755446976158731	-9.91679216035093	0.2691085433314213	20.0407	0.2366	185.19379020706742	7.9352502647860685	39.91944046795733	1.8586002771003385	164.0538232168987	5.559627599284438	11.715
19.994856573847297	0.28669491002802083	9.89292924019157	0.28045685831684286	1.44838130382651	0.2755446976158731	-9.91679216035093	0.2691085433314213	20.0407	0.2366	184.5687557175113	7.327646415640943	39.91944046795733	1.8586002771003385	164.0538232168987	5.559627599284438	11.715
19.857175810481362	0.33641407527676	9.859572283801628	0.18864726233229281	1.4166594588781931	0.18836506145948367	-9.946371736432857	0.18798657197972315	20.0407	0.2366	186.49470879155436	7.194770236594787	39.92717153603846	1.2607149736005128	164.08475223503208	3.8428466463073963	11.715
19.96076227194082	0.3277825527162189	9.89292924019157	0.28045685831684286	1.44838130382651	0.2755446976158731	-9.91679216035093	0.2691085433314213	20.0407	0.2366	185.19379020706742	7.9352502647860685	39.91944046795733	1.8586002771003385	164.0538232168987	5.559627599284438	11.715
19.994856573847297	0.28669491002802083	9.89292924019157	0.28045685831684286	1.44838130382651	0.2755446976158731	-9.91679216035093	0.2691085433314213	20.0407	0.2366	184.5687557175113	7.327646415640943	39.91944046795733	1.8586002771003385	164.0538232168987	5.559627599284438	11.715
19.925336369507047	0.2826519618314694	9.859572283801628	0.18864726233229281	1.4166594588781931	0.18836506145948367	-9.946371736432857	0.18798657197972315	20.0407	0.2366	185.23185547030312	6.25348581209957	39.92717153603846	1.2607149736005128	164.08475223503208	3.8428466463073963	11.715
19.925336369507047	0.2826519618314694	9.859572283801628	0.18864726233229281	1.4166594588781931	0.18836506145948367	-9.946371736432857	0.18798657197972315	20.0407	0.2366	185.23185547030312	6.25348581209957	39.92717153603846	1.2607149736005128	164.08475223503208	3.8428466463073963	11.715
19.78903403651865	0.350569351708778	9.859572283801628	0.18864726233229281	1.4166594588781931	0.18836506145948367	-9.946371736432857	0.18798657197972315	20.0407	0.2366	187.7745445579028	7.52848113426677	39.92717153603846	1.2607149736005128	164.08475223503208	3.8428466463073963	11.715
19.72091103981226	0.3363278936769046	9.859572283801628	0.18864726233229281	1.4166594588781931	0.18836506145948367	-9.976462598942604	0.270619277419336	20.0407	0.2366	189.0717076507602	7.393538641815386	39.92717153603846	1.2607149736005128	163.65138096994843	4.7361345916669775	11.715
19.72091103981226	0.3363278936769046	9.859572283801628	0.18864726233229281	1.4166594588781931	0.18836506145948367	-9.946371736432857	0.18798657197972315	20.0407	0.2366	189.0717076507602	7.393538641815386	39.92717153603846	1.2607149736005128	164.08475223503208	3.8428466463073963	11.715
19.723556526760575	0.35480143522399976	9.926294878265553	0.3137598768238525	1.4801112663982834	0.30721156492512125	-9.887205188430851	0.2986319648612682	20.0407	0.2366	190.3082948292969	9.200173767124022	39.91170972779871	2.075011891091447	164.02289544155914	6.182093133530287	11.715
19.78903403651865	0.350569351708778	9.859572283801628	0.18864726233229281	1.4166594588781931	0.18836506145948367	-9.946371736432857	0.18798657197972315	20.0407	0.2366	187.7745445579028	7.52848113426677	39.92717153603846	1.2607149736005128	164.08475223503208	3.8428466463073963	11.715
19.892587766582352	0.36911484688986607	9.89292924019157	0.28045685831684286	1.44838130382651	0.2755446976158731	-9.91679216035093	0.2691085433314213	20.0407	0.2366	186.45638282555592	8.643947718079342	39.91944046795733	1.8586002771003385	164.0538232168987	5.559627599284438	11.715
19.85983948247045	0.40177017083099775	9.926294878265553	0.3137598768238525	1.4801112663982834	0.30721156492512125	-9.887205188430851	0.2986319648612682	20.0407	0.2366	187.6973661075933	9.632243102966191	39.91170972779871	2.075011891091447	164.02289544155914	6.182093133530287	11.715
19.72091103981226	0.3363278936769046	9.859572283801628	0.18864726233229281	1.4166594588781931	0.18836506145948367	-9.946371736432857	0.18798657197972315	20.0407	0.2366	189.0717076507602	7.393538641815386	39.92717153603846	1.2607149736005128	164.08475223503208	3.8428466463073963	11.715
19.79036124002832	0.37802234793762657	9.89292924019157	0.28045685831684286	1.44838130382651	0.2755446976158731	-9.91679216035093	0.2691085433314213	20.0407	0.2366	188.38221453325542	8.959010700696107	39.91944046795733	1.8586002771003385	164.0538232168987	5.559627599284438	11.715
19.78903403651865	0.3505693517087779	9.859572283801628	0.18864726233229281	1.4166594588781931	0.18836506145948367	-9.946371736432857	0.18798657197972315	20.0407	0.2366	187.7745445579028	7.528481134266769	39.92717153603846	1.2607149736005128	164.08475223503208	3.8428466463073963	11.715
19.78903403651865	0.350569351708778	9.8268640408107	0.27849832231046584	1.4166594588781931	0.18836506145948367	-9.946371736432857	0.18798657197972315	20.0407	0.2366	187.15803475797395	8.411405930281521	40.08245285123342	1.6023929071489478	164.08475223503208	3.8428466463073963	11.715
19.723556526760575	0.35480143522399976	9.893573623315632	0.34589020707726037	1.4801112663982834	0.30721156492512125	-9.887205188430851	0.2986319648612682	20.0407	0.2366	189.6748119132674	9.561014084610056	40.06693253311819	2.2031166096923376	164.02289544155914	6.182093133530287	11.715
19.83108199172676	0.35373122156134085	10.027097009041247	0.3710383507843108	1.6071123553529258	0.33584859511994347	-9.768783286792997	0.3253291394172839	20.0407	0.2366	190.17778603439163	9.944109385979006	40.035895846540726	2.3796368111875177	163.89919677303217	6.736734137645743	11.715
19.72487952434988	0.3424125057001052	9.959669201419128	0.33320469689006393	1.5118493497136727	0.325701299757918	-9.857610817894182	0.3158705138056903	20.0407	0.2366	190.93292378386553	9.3416857217567	39.903979315619814	2.2009398938010327	163.991968909272	6.544311940711789	11.715
19.722233698592742	0.3529404988503212	9.860214492362608	0.3204231022788059	1.44838130382651	0.2755446976158731	-9.91679216035093	0.2691085433314213	20.0407	0.2366	189.05866226093875	9.138421334814566	40.07469252765845	2.013331193883402	164.0538232168987	5.559627599284438	11.715
19.75497019149594	0.3471098500345882	9.859572283801628	0.18864726233229281	1.4166594588781931	0.18836506145948367	-9.946371736432857	0.18798657197972315	20.0407	0.2366	188.4209382698784	7.522459202985779	39.92717153603846	1.2607149736005128	164.08475223503208	3.8428466463073963	11.715
19.68817696782823	0.32758366446316184	9.860214492362608	0.3204231022788059	1.44838130382651	0.2755446976158731	-9.91679216035093	0.2691085433314213	20.0407	0.2366	189.71380517335757	8.845583810671357	40.07469252765845	2.013331193883402	164.0538232168987	5.559627599284438	11.715
19.652806812559877	0.2825388911532224	9.859572283801628	0.18864726233229281	1.4166594588781931	0.18836506145948367	-9.946371736432857	0.18798657197972315	20.0407	0.2366	190.386552353706	6.604548765172945	39.92717153603846	1.2607149736005128	164.08475223503208	3.8428466463073963	11.715
