94.14873489114267	0.19166407187216739	93.1253837024256	0.1916021482113961	6.501280581229033	0.18854302770336312	5.902504333237419	0.18854151334490232	0.1914	0.182	1027.0369224476283	271.98622540073166	3.1060752250097066	0.009638773297066803	1755.2791363524893	781.6374455392456	6.60375
94.14873489114267	0.19166407187216739	93.1253837024256	0.1916021482113961	6.308390674571902	0.3376621134235621	5.902504333237419	0.18854151334490232	0.1914	0.182	1027.0369224476283	271.98622540073166	3.099174150239356	0.013859159500022486	2589.4427784574827	2467.2595799200876	6.60375
94.14873489114267	0.19166407187216739	93.1253837024256	0.1916021482113961	6.372670135711993	0.3377042280734088	5.902504333237419	0.18854151334490232	0.1914	0.182	1027.0369224476283	271.98622540073166	3.1014704846843126	0.013881014526165705	2235.4230144161593	1838.920414833963	6.60375
94.14873489114267	0.19166407187216739	93.1253837024256	0.1916021482113961	6.436966768958535	0.30889371954588074	5.902504333237419	0.18854151334490232	0.1914	0.182	1027.0369224476283	271.98622540073166	3.103770839418346	0.0130143922509762	1966.498270407033	1331.5303648998226	6.60375
94.14873489114267	0.19166407187216739	93.1253837024256	0.1916021482113961	6.340528259060174	0.34092527440147447	5.902504333237419	0.18854151334490232	0.1914	0.182	1027.0369224476283	271.98622540073166	3.1003218155847483	0.013970932658824655	2399.4567270930224	2134.1228852103236	6.60375
94.14873489114267	0.19166407187216739	93.1253837024256	0.1916021482113961	6.404816305389584	0.327569390123466	5.902504333237419	0.18854151334490232	0.1914	0.182	1027.0369224476283	271.98622540073166	3.102620158855542	0.013577114528377392	2092.3639365790787	1574.3570113421063	6.60375
94.14873489114267	0.19166407187216739	93.1253837024256	0.1916021482113961	6.469121527283476	0.2768481466138096	5.902504333237419	0.18854151334490232	0.1914	0.182	1027.0825685330706	271.9983136774161	3.1050605242516913	0.0120640439112851	1854.9845971201985	1096.5616400521535	6.6040435
94.14873489114267	0.19166407187216739	93.1253837024256	0.1916021482113961	6.404816305389584	0.327569390123466	5.902504333237419	0.18854151334490232	0.1914	0.182	1027.0369224476283	271.98622540073166	3.102620158855542	0.013577114528377392	2092.3639365790787	1574.3570113421063	6.60375
94.14873489114267	0.19166407187216739	93.1253837024256	0.1916021482113961	6.501280581229033	0.18854302770336312	5.902504333237419	0.18854151334490232	0.1914	0.182	1027.0369224476283	271.98622540073166	3.1060752250097066	0.009638773297066803	1755.2791363524893	781.6374455392456	6.60375
94.14873489114267	0.19166407187216739	93.1253837024256	0.1916021482113961	6.501280581229033	0.18854302770336312	5.902504333237419	0.18854151334490232	0.1914	0.182	1027.0369224476283	271.98622540073166	3.1060752250097066	0.009638773297066803	1755.2791363524893	781.6374455392456	6.60375
94.14873489114267	0.19166407187216739	93.1253837024256	0.1916021482113961	6.501280581229033	0.18854302770336312	5.902504333237419	0.18854151334490232	0.1914	0.182	1027.0369224476283	271.98622540073166	3.1060752250097066	0.009638773297066803	1755.2791363524893	781.6374455392456	6.60375
94.14873489114267	0.19166407187216739	93.1253837024256	0.1916021482113961	6.469121527283476	0.2768481466138096	5.902504333237419	0.18854151334490232	0.1914	0.182	1027.0369224476283	271.98622540073166	3.1049225276949044	0.012063507755384862	1854.9021570243306	1096.5129061452135	6.60375
94.14873489114267	0.19166407187216739	93.1253837024256	0.1916021482113961	6.501280581229033	0.18854302770336312	5.902504333237419	0.18854151334490232	0.1914	0.182	1027.0369224476283	271.98622540073166	3.1060752250097066	0.009638773297066803	1755.2791363524893	781.6374455392456	6.60375
94.14873489114267	0.19166407187216739	93.1253837024256	0.1916021482113961	6.436966768958535	0.3088937195458807	5.902504333237419	0.18854151334490232	0.1914	0.182	1027.0369224476283	271.98622540073166	3.103770839418346	0.013014392250976196	1966.498270407033	1331.5303648998224	6.60375
94.14873489114267	0.19166407187216739	93.1253837024256	0.1916021482113961	6.469121527283476	0.2768481466138096	5.902504333237419	0.18854151334490232	0.1914	0.182	1027.0369224476283	271.98622540073166	3.1049225276949044	0.012063507755384862	1854.9021570243306	1096.5129061452135	6.60375
94.14873489114267	0.19166407187216739	93.1253837024256	0.1916021482113961	6.436966768958535	0.30889371954588074	5.902504333237419	0.18854151334490232	0.1914	0.182	1027.0369224476283	271.98622540073166	3.103770839418346	0.0130143922509762	1966.498270407033	1331.5303648998226	6.60375
94.14873489114267	0.19166407187216739	93.1253837024256	0.1916021482113961	6.501280581229033	0.18854302770336312	5.902504333237419	0.18854151334490232	0.1914	0.182	1027.0369224476283	271.98622540073166	3.1060752250097066	0.009638773297066803	1755.2791363524893	781.6374455392456	6.60375
94.14873489114267	0.19166407187216739	93.1253837024256	0.1916021482113961	6.469121527283476	0.2768481466138096	5.902504333237419	0.18854151334490232	0.1914	0.182	1027.0369224476283	271.98622540073166	3.1049225276949044	0.012063507755384862	1854.9021570243306	1096.5129061452135	6.60375
94.14873489114267	0.19166407187216739	93.1253837024256	0.1916021482113961	6.501280581229033	0.18854302770336312	5.902504333237419	0.18854151334490232	0.1914	0.182	1027.0369224476283	271.98622540073166	3.1060752250097066	0.009638773297066803	1755.2791363524893	781.6374455392456	6.60375
94.14873489114267	0.19166407187216739	93.1253837024256	0.1916021482113961	6.404816305389584	0.327569390123466	5.902504333237419	0.18854151334490232	0.1914	0.182	1027.0369224476283	271.98622540073166	3.102620158855542	0.013577114528377392	2092.3639365790787	1574.3570113421063	6.60375
94.14873489114267	0.19166407187216739	93.1253837024256	0.1916021482113961	6.469121527283476	0.2768481466138096	5.902504333237419	0.18854151334490232	0.1914	0.182	1027.0369224476283	271.98622540073166	3.1049225276949044	0.012063507755384862	1854.9021570243306	1096.5129061452135	6.60375
94.14873489114267	0.19166407187216739	93.1253837024256	0.1916021482113961	6.501280581229033	0.18854302770336312	5.902504333237419	0.18854151334490232	0.1914	0.182	1027.0369224476283	271.98622540073166	3.1060752250097066	0.009638773297066803	1755.2791363524893	781.6374455392456	6.60375
94.14873489114267	0.19166407187216739	93.1253837024256	0.1916021482113961	6.501280581229033	0.18854302770336312	5.902504333237419	0.18854151334490232	0.1914	0.182	1027.0369224476283	271.98622540073166	3.1060752250097066	0.009638773297066803	1755.2791363524893	781.6374455392456	6.60375
94.14873489114267	0.19166407187216739	93.1253837024256	0.1916021482113961	6.501280581229033	0.18854302770336312	5.902504333237419	0.18854151334490232	0.1914	0.182	1027.0369224476283	271.98622540073166	3.1060752250097066	0.009638773297066803	1755.2791363524893	781.6374455392456	6.60375
94.14873489114267	0.19166407187216739	93.1253837024256	0.1916021482113961	6.436966768958535	0.30889371954588074	5.902504333237419	0.18854151334490232	0.1914	0.182	1027.0369224476283	271.98622540073166	3.103770839418346	0.0130143922509762	1966.498270407033	1331.5303648998226	6.60375
94.14873489114267	0.19166407187216739	93.1253837024256	0.1916021482113961	6.469121527283476	0.2768481466138096	5.902504333237419	0.18854151334490232	0.1914	0.182	1027.0369224476283	271.98622540073166	3.1049225276949044	0.012063507755384862	1854.9021570243306	1096.5129061452135	6.60375
94.14873489114267	0.19166407187216739	93.1253837024256	0.1916021482113961	6.501280581229033	0.18854302770336312	5.902504333237419	0.18854151334490232	0.1914	0.182	1027.0369224476283	271.98622540073166	3.1060752250097066	0.009638773297066803	1755.2791363524893	781.6374455392456	6.60375
94.14873489114267	0.19166407187216739	93.1253837024256	0.1916021482113961	6.501280581229033	0.18854302770336312	5.902504333237419	0.18854151334490232	0.1914	0.182	1027.0369224476283	271.98622540073166	3.1060752250097066	0.009638773297066803	1755.2791363524893	781.6374455392456	6.60375
94.14873489114267	0.19166407187216739	93.1253837024256	0.1916021482113961	6.404816305389584	0.327569390123466	5.902504333237419	0.18854151334490232	0.1914	0.182	1027.0369224476283	271.98622540073166	3.102620158855542	0.013577114528377392	2092.3639365790787	1574.3570113421063	6.60375
94.14873489114267	0.19166407187216739	93.1253837024256	0.1916021482113961	6.469121527283476	0.2768481466138096	5.902504333237419	0.18854151334490232	0.1914	0.182	1027.0369224476283	271.98622540073166	3.1049225276949044	0.012063507755384862	1854.9021570243306	1096.5129061452135	6.60375
94.14873489114267	0.19166407187216739	93.1253837024256	0.1916021482113961	6.469121527283476	0.2768481466138096	5.902504333237419	0.18854151334490232	0.1914	0.182	1027.0369224476283	271.98622540073166	3.1049225276949044	0.012063507755384862	1854.9021570243306	1096.5129061452135	6.60375
94.14873489114267	0.19166407187216739	93.1253837024256	0.1916021482113961	6.469121527283476	0.2768481466138096	5.902504333237419	0.18854151334490232	0.1914	0.182	1027.0369224476283	271.98622540073166	3.1049225276949044	0.012063507755384862	1854.9021570243306	1096.5129061452135	6.60375
94.14873489114267	0.19166407187216739	93.1253837024256	0.1916021482113961	6.501280581229033	0.18854302770336312	5.902504333237419	0.18854151334490232	0.1914	0.182	1027.0369224476283	271.98622540073166	3.1060752250097066	0.009638773297066803	1755.2791363524893	781.6374455392456	6.60375
94.14873489114267	0.19166407187216739	93.1253837024256	0.1916021482113961	6.469121527283476	0.2768481466138096	5.902504333237419	0.18854151334490232	0.1914	0.182	1027.0369224476283	271.98622540073166	3.1049225276949044	0.012063507755384862	1854.9021570243306	1096.5129061452135	6.60375
94.14873489114267	0.19166407187216739	93.1253837024256	0.1916021482113961	6.469121527283476	0.2768481466138096	5.902504333237419	0.18854151334490232	0.1914	0.182	1027.0369224476283	271.98622540073166	3.1049225276949044	0.012063507755384862	1854.9021570243306	1096.5129061452135	6.60375
94.14873489114267	0.19166407187216739	93.1253837024256	0.1916021482113961	6.469121527283476	0.2768481466138096	5.902504333237419	0.18854151334490232	0.1914	0.182	1027.0369224476283	271.98622540073166	3.1049225276949044	0.012063507755384862	1854.9021570243306	1096.5129061452135	6.60375
94.14873489114267	0.19166407187216739	93.1253837024256	0.1916021482113961	6.469121527283476	0.2768481466138096	5.902504333237419	0.18854151334490232	0.1914	0.182	1027.0369224476283	271.98622540073166	3.1049225276949044	0.012063507755384862	1854.9021570243306	1096.5129061452135	6.60375
94.14873489114267	0.19166407187216739	93.1253837024256	0.1916021482113961	6.436966768958535	0.3088937195458807	5.902504333237419	0.18854151334490232	0.1914	0.182	1027.0369224476283	271.98622540073166	3.103770839418346	0.013014392250976196	1966.498270407033	1331.5303648998224	6.60375
94.14873489114267	0.19166407187216739	93.1253837024256	0.1916021482113961	6.436966768958535	0.3088937195458807	5.902504333237419	0.18854151334490232	0.1914	0.182	1027.0369224476283	271.98622540073166	3.103770839418346	0.013014392250976196	1966.498270407033	1331.5303648998224	6.60375
94.14873489114267	0.19166407187216739	93.1253837024256	0.1916021482113961	6.436966768958535	0.3088937195458807	5.902504333237419	0.18854151334490232	0.1914	0.182	1027.0369224476283	271.98622540073166	3.103770839418346	0.013014392250976196	1966.498270407033	1331.5303648998224	6.60375
94.14873489114267	0.19166407187216739	93.1253837024256	0.1916021482113961	6.469121527283476	0.2768481466138096	5.902504333237419	0.18854151334490232	0.1914	0.182	1027.0369224476283	271.98622540073166	3.1049225276949044	0.012063507755384862	1854.9021570243306	1096.5129061452135	6.60375
94.14873489114267	0.19166407187216739	93.1253837024256	0.1916021482113961	6.501280581229033	0.18854302770336312	5.902504333237419	0.18854151334490232	0.1914	0.182	1027.0369224476283	271.98622540073166	3.1060752250097066	0.009638773297066803	1755.2791363524893	781.6374455392456	6.60375
94.14873489114267	0.19166407187216739	93.1253837024256	0.1916021482113961	6.436966768958535	0.3088937195458807	5.902504333237419	0.18854151334490232	0.1914	0.182	1027.0369224476283	271.98622540073166	3.103770839418346	0.013014392250976196	1966.498270407033	1331.5303648998224	6.60375
94.14873489114267	0.19166407187216739	93.1253837024256	0.1916021482113961	6.436966768958535	0.3088937195458807	5.902504333237419	0.18854151334490232	0.1914	0.182	1027.0369224476283	271.98622540073166	3.103770839418346	0.013014392250976196	1966.498270407033	1331.5303648998224	6.60375
94.14873489114267	0.19166407187216739	93.1253837024256	0.1916021482113961	6.469121527283476	0.2768481466138096	5.902504333237419	0.18854151334490232	0.1914	0.182	1027.0369224476283	271.98622540073166	3.1049225276949044	0.012063507755384862	1854.9021570243306	1096.5129061452135	6.60375
94.14873489114267	0.19166407187216739	93.1253837024256	0.1916021482113961	6.469121527283476	0.2768481466138096	5.902504333237419	0.18854151334490232	0.1914	0.182	1027.0369224476283	271.98622540073166	3.1049225276949044	0.012063507755384862	1854.9021570243306	1096.5129061452135	6.60375
94.14873489114267	0.19166407187216739	93.1253837024256	0.1916021482113961	6.404816305389584	0.327569390123466	5.902504333237419	0.18854151334490232	0.1914	0.182	1027.0369224476283	271.98622540073166	3.102620158855542	0.013577114528377392	2092.3639365790787	1574.3570113421063	6.60375
94.14873489114267	0.19166407187216739	93.1253837024256	0.1916021482113961	6.469121527283476	0.2768481466138096	5.9345887242130875	0.2766379199402914	0.1914	0.182	1027.0369224476283	271.98622540073166	3.1049225276949044	0.012063507755384862	1966.2393952363357	1439.639510377877	6.60375
94.14873489114267	0.19166407187216739	93.1253837024256	0.1916021482113961	6.469121527283476	0.2768481466138096	5.902504333237419	0.18854151334490232	0.1914	0.182	1027.0369224476283	271.98622540073166	3.1049225276949044	0.012063507755384862	1854.9021570243306	1096.5129061452135	6.60375
94.14873489114267	0.19166407187216739	93.1253837024256	0.1916021482113961	6.469121527283476	0.2768481466138096	5.902504333237419	0.18854151334490232	0.1914	0.182	1027.0825685330706	271.9983136774161	3.1050605242516913	0.0120640439112851	1854.9845971201985	1096.5616400521535	6.6040435
94.14873489114267	0.19166407187216739	93.1253837024256	0.1916021482113961	6.469121527283476	0.2768481466138096	5.902504333237419	0.18854151334490232	0.1914	0.182	1027.0369224476283	271.98622540073166	3.1049225276949044	0.012063507755384862	1854.9021570243306	1096.5129061452135	6.60375
94.14873489114267	0.19166407187216739	93.1253837024256	0.1916021482113961	6.501280581229033	0.18854302770336312	5.902504333237419	0.18854151334490232	0.1914	0.182	1027.0369224476283	271.98622540073166	3.1060752250097066	0.009638773297066803	1755.2791363524893	781.6374455392456	6.60375
94.14873489114267	0.19166407187216739	93.1253837024256	0.1916021482113961	6.469121527283476	0.2768481466138096	5.9345887242130875	0.2766379199402914	0.1914	0.182	1027.0369224476283	271.98622540073166	3.1049225276949044	0.012063507755384862	1966.2393952363357	1439.639510377877	6.60375
94.14873489114267	0.19166407187216739	93.1253837024256	0.1916021482113961	6.404816305389584	0.327569390123466	5.902504333237419	0.18854151334490232	0.1914	0.182	1027.0369224476283	271.98622540073166	3.102620158855542	0.013577114528377392	2092.3639365790787	1574.3570113421063	6.60375
94.14873489114267	0.19166407187216739	93.1253837024256	0.1916021482113961	6.436966768958535	0.3088937195458807	5.902504333237419	0.18854151334490232	0.1914	0.182	1027.0369224476283	271.98622540073166	3.103770839418346	0.013014392250976196	1966.498270407033	1331.5303648998224	6.60375
94.14873489114267	0.19166407187216739	93.1253837024256	0.1916021482113961	6.501280581229033	0.18854302770336312	5.902504333237419	0.18854151334490232	0.1914	0.182	1027.0369224476283	271.98622540073166	3.1060752250097066	0.009638773297066803	1755.2791363524893	781.6374455392456	6.60375
94.14873489114267	0.19166407187216739	93.1253837024256	0.1916021482113961	6.501280581229033	0.18854302770336312	5.902504333237419	0.18854151334490232	0.1914	0.182	1027.0369224476283	271.98622540073166	3.1060752250097066	0.009638773297066803	1755.2791363524893	781.6374455392456	6.60375
94.14873489114267	0.19166407187216739	93.1253837024256	0.1916021482113961	6.436966768958535	0.30889371954588074	5.902504333237419	0.18854151334490232	0.1914	0.182	1027.0369224476283	271.98622540073166	3.103770839418346	0.0130143922509762	1966.498270407033	1331.5303648998226	6.60375
94.14873489114267	0.19166407187216739	93.1253837024256	0.1916021482113961	6.436966768958535	0.3088937195458807	5.902504333237419	0.18854151334490232	0.1914	0.182	1027.0369224476283	271.98622540073166	3.103770839418346	0.013014392250976196	1966.498270407033	1331.5303648998224	6.60375
94.14873489114267	0.19166407187216739	93.1253837024256	0.1916021482113961	6.436966768958535	0.30889371954588074	5.902504333237419	0.18854151334490232	0.1914	0.182	1027.0369224476283	271.98622540073166	3.103770839418346	0.0130143922509762	1966.498270407033	1331.5303648998226	6.60375
94.14873489114267	0.19166407187216739	93.1253837024256	0.1916021482113961	6.501280581229033	0.18854302770336312	5.902504333237419	0.18854151334490232	0.1914	0.182	1027.0369224476283	271.98622540073166	3.1060752250097066	0.009638773297066803	1755.2791363524893	781.6374455392456	6.60375
94.14873489114267	0.19166407187216739	93.1253837024256	0.1916021482113961	6.469121527283476	0.2768481466138096	5.9345887242130875	0.2766379199402914	0.1914	0.182	1027.0369224476283	271.98622540073166	3.1049225276949044	0.012063507755384862	1966.2393952363357	1439.639510377877	6.60375
94.14873489114267	0.19166407187216739	93.1253837024256	0.1916021482113961	6.501280581229033	0.18854302770336312	5.966677401185997	0.30864730022872894	0.1914	0.182	1027.0369224476283	271.98622540073166	3.1060752250097066	0.009638773297066803	1965.9805528251732	1330.0588495993118	6.60375
94.14873489114267	0.19166407187216739	93.1253837024256	0.1916021482113961	6.501280581229033	0.18854302770336312	5.902504333237419	0.18854151334490232	0.1914	0.182	1027.0369224476283	271.98622540073166	3.1060752250097066	0.009638773297066803	1755.2791363524893	781.6374455392456	6.60375
94.14873489114267	0.19166407187216739	93.1253837024256	0.1916021482113961	6.469121527283476	0.2768481466138096	5.902504333237419	0.18854151334490232	0.1914	0.182	1027.0369224476283	271.98622540073166	3.1049225276949044	0.012063507755384862	1854.9021570243306	1096.5129061452135	6.60375
94.14873489114267	0.19166407187216739	93.1253837024256	0.1916021482113961	6.501280581229033	0.18854302770336312	5.902504333237419	0.18854151334490232	0.1914	0.182	1027.0369224476283	271.98622540073166	3.1060752250097066	0.009638773297066803	1755.2791363524893	781.6374455392456	6.60375
94.14873489114267	0.19166407187216739	93.1253837024256	0.1916021482113961	6.501280581229033	0.18854302770336312	5.902504333237419	0.18854151334490232	0.1914	0.182	1027.0369224476283	271.98622540073166	3.1060752250097066	0.009638773297066803	1755.2791363524893	781.6374455392456	6.60375
94.14873489114267	0.19166407187216739	93.1253837024256	0.1916021482113961	6.436966768958535	0.30889371954588074	5.902504333237419	0.18854151334490232	0.1914	0.182	1027.0369224476283	271.98622540073166	3.103770839418346	0.0130143922509762	1966.498270407033	1331.5303648998226	6.60375
94.14873489114267	0.19166407187216739	93.1253837024256	0.1916021482113961	6.436966768958535	0.3088937195458807	5.902504333237419	0.18854151334490232	0.1914	0.182	1027.0369224476283	271.98622540073166	3.103770839418346	0.013014392250976196	1966.498270407033	1331.5303648998224	6.60375
94.14873489114267	0.19166407187216739	93.1253837024256	0.1916021482113961	6.501280581229033	0.18854302770336312	5.902504333237419	0.18854151334490232	0.1914	0.182	1027.0369224476283	271.98622540073166	3.1060752250097066	0.009638773297066803	1755.2791363524893	781.6374455392456	6.60375
94.14873489114267	0.19166407187216739	93.1253837024256	0.1916021482113961	6.469121527283476	0.2768481466138096	5.902504333237419	0.18854151334490232	0.1914	0.182	1026.9912763621862	271.97413712404716	3.104784531138118	0.012062971599484619	1854.8197169284626	1096.4641722382737	6.603456499999999
94.14873489114267	0.19166407187216739	93.1253837024256	0.1916021482113961	6.501280581229033	0.18854302770336312	5.902504333237419	0.18854151334490232	0.1914	0.182	1027.0369224476283	271.98622540073166	3.1060752250097066	0.009638773297066803	1755.2791363524893	781.6374455392456	6.60375
94.14873489114267	0.19166407187216739	93.1253837024256	0.1916021482113961	6.340528259060174	0.34092527440147447	5.902504333237419	0.18854151334490232	0.1914	0.182	1027.0369224476283	271.98622540073166	3.1003218155847483	0.013970932658824655	2399.4567270930224	2134.1228852103236	6.60375
94.14873489114267	0.19166407187216739	93.1253837024256	0.1916021482113961	6.436966768958535	0.30889371954588074	5.902504333237419	0.18854151334490232	0.1914	0.182	1027.0369224476283	271.98622540073166	3.103770839418346	0.0130143922509762	1966.498270407033	1331.5303648998226	6.60375
94.14873489114267	0.19166407187216739	93.1253837024256	0.1916021482113961	6.469121527283476	0.2768481466138096	5.902504333237419	0.18854151334490232	0.1914	0.182	1027.0369224476283	271.98622540073166	3.1049225276949044	0.012063507755384862	1854.9021570243306	1096.5129061452135	6.60375
94.14873489114267	0.19166407187216739	93.1253837024256	0.1916021482113961	6.501280581229033	0.18854302770336312	5.902504333237419	0.18854151334490232	0.1914	0.182	1027.0369224476283	271.98622540073166	3.1060752250097066	0.009638773297066803	1755.2791363524893	781.6374455392456	6.60375
94.14873489114267	0.19166407187216739	93.1253837024256	0.1916021482113961	6.501280581229033	0.18854302770336312	5.902504333237419	0.18854151334490232	0.1914	0.182	1027.0369224476283	271.98622540073166	3.1060752250097066	0.009638773297066803	1755.2791363524893	781.6374455392456	6.60375
94.14873489114267	0.19166407187216739	93.1253837024256	0.1916021482113961	6.501280581229033	0.18854302770336312	5.902504333237419	0.18854151334490232	0.1914	0.182	1027.0369224476283	271.98622540073166	3.1060752250097066	0.009638773297066803	1755.2791363524893	781.6374455392456	6.60375
94.14873489114267	0.19166407187216739	93.1253837024256	0.1916021482113961	6.404816305389584	0.327569390123466	5.902504333237419	0.18854151334490232	0.1914	0.182	1027.0369224476283	271.98622540073166	3.102620158855542	0.013577114528377392	2092.3639365790787	1574.3570113421063	6.60375
94.14873489114267	0.19166407187216739	93.1253837024256	0.1916021482113961	6.501280581229033	0.18854302770336312	5.902504333237419	0.18854151334490232	0.1914	0.182	1027.0369224476283	271.98622540073166	3.1060752250097066	0.009638773297066803	1755.2791363524893	781.6374455392456	6.60375
94.14873489114267	0.19166407187216739	93.1253837024256	0.1916021482113961	6.501280581229033	0.18854302770336312	5.902504333237419	0.18854151334490232	0.1914	0.182	1027.0369224476283	271.98622540073166	3.1060752250097066	0.009638773297066803	1755.2791363524893	781.6374455392456	6.60375
94.14873489114267	0.19166407187216739	93.1253837024256	0.1916021482113961	6.469121527283476	0.2768481466138096	5.902504333237419	0.18854151334490232	0.1914	0.182	1027.0369224476283	271.98622540073166	3.1049225276949044	0.012063507755384862	1854.9021570243306	1096.5129061452135	6.60375
94.14873489114267	0.19166407187216739	93.1253837024256	0.1916021482113961	6.501280581229033	0.18854302770336312	5.902504333237419	0.18854151334490232	0.1914	0.182	1027.0369224476283	271.98622540073166	3.1060752250097066	0.009638773297066803	1755.2791363524893	781.6374455392456	6.60375
94.14873489114267	0.19166407187216739	93.1253837024256	0.1916021482113961	6.501280581229033	0.18854302770336312	5.902504333237419	0.18854151334490232	0.1914	0.182	1027.0369224476283	271.98622540073166	3.1060752250097066	0.009638773297066803	1755.2791363524893	781.6374455392456	6.60375
94.14873489114267	0.19166407187216739	93.1253837024256	0.1916021482113961	6.501280581229033	0.18854302770336312	5.9345887242130875	0.2766379199402914	0.1914	0.182	1027.0369224476283	271.98622540073166	3.1060752250097066	0.009638773297066803	1854.6577693519423	1095.6581741054445	6.60375
94.14873489114267	0.19166407187216739	93.1253837024256	0.1916021482113961	6.469121527283476	0.2768481466138096	5.902504333237419	0.18854151334490232	0.1914	0.182	1027.0369224476283	271.98622540073166	3.1049225276949044	0.012063507755384862	1854.9021570243306	1096.5129061452135	6.60375
94.14873489114267	0.19166407187216739	93.1253837024256	0.1916021482113961	6.469121527283476	0.2768481466138096	5.902504333237419	0.18854151334490232	0.1914	0.182	1027.0369224476283	271.98622540073166	3.1049225276949044	0.012063507755384862	1854.9021570243306	1096.5129061452135	6.60375
94.14873489114267	0.19166407187216739	93.1253837024256	0.1916021482113961	6.436966768958535	0.3088937195458807	5.902504333237419	0.18854151334490232	0.1914	0.182	1027.0369224476283	271.98622540073166	3.103770839418346	0.013014392250976196	1966.498270407033	1331.5303648998224	6.60375
94.14873489114267	0.19166407187216739	93.1253837024256	0.1916021482113961	6.469121527283476	0.2768481466138096	5.902504333237419	0.18854151334490232	0.1914	0.182	1027.0369224476283	271.98622540073166	3.1049225276949044	0.012063507755384862	1854.9021570243306	1096.5129061452135	6.60375
94.14873489114267	0.19166407187216739	93.1253837024256	0.1916021482113961	6.436966768958535	0.30889371954588074	5.902504333237419	0.18854151334490232	0.1914	0.182	1027.0369224476283	271.98622540073166	3.103770839418346	0.0130143922509762	1966.498270407033	1331.5303648998226	6.60375
94.14873489114267	0.19166407187216739	93.1253837024256	0.1916021482113961	6.501280581229033	0.18854302770336312	5.902504333237419	0.18854151334490232	0.1914	0.182	1027.0369224476283	271.98622540073166	3.1060752250097066	0.009638773297066803	1755.2791363524893	781.6374455392456	6.60375
94.14873489114267	0.19166407187216739	93.1253837024256	0.1916021482113961	6.436966768958535	0.30889371954588074	5.9345887242130875	0.2766379199402914	0.1914	0.182	1027.0369224476283	271.98622540073166	3.103770839418346	0.0130143922509762	2092.0887495703564	1726.803020892611	6.60375
94.14873489114267	0.19166407187216739	93.1253837024256	0.1916021482113961	6.469121527283476	0.2768481466138096	5.902504333237419	0.18854151334490232	0.1914	0.182	1027.0369224476283	271.98622540073166	3.1049225276949044	0.012063507755384862	1854.9021570243306	1096.5129061452135	6.60375
94.14873489114267	0.19166407187216739	93.1253837024256	0.1916021482113961	6.372670135711993	0.3377042280734088	5.902504333237419	0.18854151334490232	0.1914	0.182	1027.0369224476283	271.98622540073166	3.1014704846843126	0.013881014526165705	2235.4230144161593	1838.920414833963	6.60375
94.14873489114267	0.19166407187216739	93.1253837024256	0.1916021482113961	6.436966768958535	0.30889371954588074	5.902504333237419	0.18854151334490232	0.1914	0.182	1027.0369224476283	271.98622540073166	3.103770839418346	0.0130143922509762	1966.498270407033	1331.5303648998226	6.60375
94.14873489114267	0.19166407187216739	93.1253837024256	0.1916021482113961	6.469121527283476	0.2768481466138096	5.902504333237419	0.18854151334490232	0.1914	0.182	1027.0369224476283	271.98622540073166	3.1049225276949044	0.012063507755384862	1854.9021570243306	1096.5129061452135	6.60375
94.14873489114267	0.19166407187216739	93.1253837024256	0.1916021482113961	6.501280581229033	0.18854302770336312	5.902504333237419	0.18854151334490232	0.1914	0.182	1027.0369224476283	271.98622540073166	3.1060752250097066	0.009638773297066803	1755.2791363524893	781.6374455392456	6.60375
94.14873489114267	0.19166407187216739	93.1253837024256	0.1916021482113961	6.436966768958535	0.3088937195458807	5.902504333237419	0.18854151334490232	0.1914	0.182	1027.0369224476283	271.98622540073166	3.103770839418346	0.013014392250976196	1966.498270407033	1331.5303648998224	6.60375
94.14873489114267	0.19166407187216739	93.1253837024256	0.1916021482113961	6.436966768958535	0.30889371954588074	5.902504333237419	0.18854151334490232	0.1914	0.182	1027.0369224476283	271.98622540073166	3.103770839418346	0.0130143922509762	1966.498270407033	1331.5303648998226	6.60375
94.14873489114267	0.19166407187216739	93.1253837024256	0.1916021482113961	6.469121527283476	0.2768481466138096	5.902504333237419	0.18854151334490232	0.1914	0.182	1027.0369224476283	271.98622540073166	3.1049225276949044	0.012063507755384862	1854.9021570243306	1096.5129061452135	6.60375
