18.936936348341277	0.07539232843586188	8.964232726819011	0.07372254177641668	-1.286888055434919	0.07593219824216506	-12.53344988114268	0.07591174086174433	19.1453	0.2339	186.91247270895516	1.9763258671186865	33.45782211407792	0.34542131286308386	165.7415592764923	1.5823192550578167	11.712000000000002
18.92202918558503	0.0738601337774113	8.93996318880146	0.0693954159559018	-1.3061797277743703	0.06767155357149242	-12.540669225172431	0.06849968260364109	19.1507	0.234	186.73716383891932	1.8959094782643904	33.47407686923033	0.31666521346817617	165.91966140731108	1.422076381282649	11.712000000000002
18.909966076994593	0.07202960175661936	8.94624626459319	0.07324626947609628	-1.30811807610566	0.06646438695732232	-12.529954547774098	0.06446803827845177	19.1507	0.234	187.08100273677022	1.9288653136537797	33.4472390688631	0.32260949155318125	166.10674181524053	1.3705851248593566	11.712000000000002
18.90194881373295	0.07576030892476221	8.936350008853344	0.07771830926562451	-1.3004062415619293	0.07176340325011993	-12.533862150027415	0.06877505739542804	19.1507	0.234	187.04572901124305	2.0371012620399505	33.50477116114449	0.346227609701029	165.934927655483	1.4682593601559497	11.712000000000002
18.89686000949012	0.07588180727383949	8.92788126263342	0.07595515749903911	-1.315826763108481	0.07436245919966772	-12.542508378892082	0.07284292236786756	19.1561	0.234	186.98231191234308	2.013781846695053	33.48203353128457	0.34743526368006106	166.03505446094127	1.5395018283063093	11.712000000000002
18.88824749144314	0.06977001487585525	8.903616054921104	0.06703162352933753	-1.3312571209686146	0.06819734741139619	-12.568117207332785	0.06374305062504373	19.1453	0.2339	186.68918380642572	1.8090493353147152	33.51093557373406	0.31309416103514204	165.88465809539207	1.3780703522972613	11.712000000000002
18.88555473474923	0.06884295436604153	8.893274593852183	0.06811597573852915	-1.3505370691030056	0.06819351935752632	-12.571427490402568	0.07321398966805395	19.1561	0.234	186.54628044935274	1.8080209883721823	33.481694791686024	0.3150337113693317	166.12074652774254	1.4812472920541992	11.712000000000002
18.879709886753062	0.07294931707429092	8.90354728107013	0.06940956843757135	-1.3312544001623503	0.0754191323051613	-12.555152628215456	0.06883836956221559	19.1561	0.234	186.8476654971959	1.8859403469715	33.51116966257399	0.3356010793969804	166.07622909777683	1.510909952933871	11.712000000000002
18.8952095885089	0.07487448428222307	8.934129195937382	0.07002984639914278	-1.2984692343584257	0.06809560163410897	-12.539105012606319	0.06574967724370011	19.1453	0.2339	187.13057419779227	1.9259599938496508	33.51838518231231	0.3199620248976076	165.828937994718	1.3964461727444977	11.712000000000002
18.874013703128234	0.0769434300956767	8.889728803108433	0.07474273149735823	-1.3196894171223428	0.07451608912931504	-12.55184154359781	0.07009355528705415	19.1453	0.2339	186.69566345092792	2.0058291173595695	33.5944877762904	0.3472902073437415	165.9541886989372	1.5115081857809942	11.712000000000002
18.888396398967256	0.07590931473177037	8.911738545392566	0.07589092190165363	-1.333189068675766	0.07443955201565627	-12.562692195426031	0.07115785604787403	19.1507	0.234	186.83839025554929	2.010196406610756	33.47804772496381	0.34737894990566476	165.9933366999928	1.5222256992736203	11.712000000000002
18.888545308839184	0.07253598558680577	8.90174020291683	0.06949957443364	-1.3370502399488098	0.07184686059826632	-12.559106003100249	0.06812360991286268	19.1453	0.2339	186.64855013410443	1.877497434753076	33.49811459824993	0.3270404319374443	166.1034959042846	1.4654849695462082	11.712000000000002
18.86705300538613	0.07332314998212117	8.89143306074388	0.07258649178535678	-1.3312530397743576	0.07105600158940645	-12.54958966627347	0.07430610392389272	19.1561	0.234	186.8578297726164	1.9326176164248388	33.550885963836045	0.33337386884180825	166.15856303413327	1.522786416017264	11.712000000000002
18.873269766267587	0.07345178492184752	8.89139872199174	0.0736533575456192	-1.3389683172657951	0.07293108606045819	-12.549543803878779	0.07852026330491058	19.1507	0.234	186.74081093856765	1.9459897587845847	33.52569602697959	0.3396759077552131	166.2735954740402	1.589458028684161	11.712000000000002
18.91625863138364	0.0726111846995825	8.920068145836302	0.0742993478919427	-1.3196946838161099	0.0771335454713834	-12.544668439696187	0.07080587883293177	19.1507	0.234	186.47330662489014	1.937977610587369	33.49493355543096	0.3503244873292943	166.06031640081395	1.5489819222630337	11.712000000000002
18.867647948916836	0.07111602115123	8.899761189302952	0.07248897373972085	-1.3409100098325073	0.06967790349302311	-12.55363475087312	0.07049560815426445	19.1723	0.2331	187.00279592306313	1.9051071188213518	33.491962483038655	0.3288368520060074	166.24172416090946	1.469559648959685	11.712000000000002
18.890419190022644	0.07089479731683103	8.8976103550294	0.07170076724050882	-1.3486208915890865	0.07252057801483247	-12.570002058650617	0.07180675259233874	19.1561	0.234	186.53641076018232	1.8822356416179356	33.47378829808973	0.33316722591402864	166.11348155285933	1.5107668929164064	11.712000000000002
18.841444433602078	0.07280087684256219	8.87310883836536	0.07132058380674153	-1.3177404118948122	0.08020908117926412	-12.575059188274292	0.06797668483749782	19.1453	0.2339	186.99437590995484	1.9118000050849575	33.655701029413514	0.3544678165823745	165.58318463926238	1.5464910408405732	11.712000000000002
18.89910633982879	0.07728871042571173	8.91586881048643	0.07776507167885655	-1.3274053784751172	0.07309590673742568	-12.56282992848764	0.07378451392341026	19.1615	0.2338	186.71525023957534	2.0505851243986455	33.48345160692709	0.34886809403892854	165.90585297377135	1.533648741676114	11.712000000000002
18.92337194192501	0.07020940712871264	8.964752153242962	0.06978426431751107	-1.2849762005185945	0.07437243010340605	-12.532297665467235	0.07272373789902535	19.1507	0.234	187.17681094831406	1.8605797939225421	33.46236736866384	0.33295380548692144	165.73036516306155	1.5327333879340501	11.712000000000002
18.873255637123364	0.0703356075807593	8.906455002039376	0.07491536133790005	-1.3293603706053003	0.06767332533542719	-12.565541426012466	0.06550491906212891	19.1561	0.234	187.02317441072915	1.9282327731925608	33.5078509250174	0.3304864303827047	165.8946829265677	1.3905595261600059	11.712000000000002
18.89205750368631	0.07769815892251242	8.898366420681525	0.07203485808207825	-1.3505815081864914	0.0695824650880059	-12.558138971326686	0.06877170513957341	19.1507	0.234	186.51994323320892	1.9774811400503511	33.464915421856475	0.32702197474804395	166.31837040521464	1.4518239610691945	11.712000000000002
18.870786412040182	0.07160232414782644	8.900242432860702	0.07211395438090208	-1.3428588410121527	0.07070138213076156	-12.568989932011744	0.07415006647556435	19.1561	0.234	186.95295837265616	1.9054923319001407	33.484016845310414	0.33013166122761267	166.04319675072517	1.5153811292814745	11.712000000000002
18.87774792297307	0.07295131471323517	8.892497693621168	0.07286281366983915	-1.3390127892945483	0.06899959468407438	-12.556529262474664	0.06884000279572645	19.1399	0.2337	186.67761454920134	1.9276047074878249	33.521949293340185	0.32877805088261064	166.17071148938876	1.443833296288012	11.712000000000002
18.871009575912847	0.0824644236744651	8.890278170708424	0.07435706831099856	-1.3428630543541897	0.06977152530909234	-12.556253911223484	0.07017695849118516	19.1723	0.2331	186.7621337370415	2.077765991754116	33.516607272316875	0.3339688235496654	166.23184880337806	1.467007374698748	11.712000000000002
18.85842635842995	0.07369048476013171	8.892291615748267	0.07589023800942475	-1.3486508430445436	0.07078862925848556	-12.574644878788583	0.07017497226295386	19.1507	0.234	187.03567046001112	1.9852046015844127	33.49107535587202	0.3393940632243497	166.04522392913728	1.4743401258842819	11.712000000000002
18.89003453670527	0.07428103708012723	8.922564228748573	0.06721796564508364	-1.313924578585551	0.0692990265285297	-12.552667298440381	0.06894611528188313	19.1345	0.2334	187.01060910151818	1.8795766842900785	33.50564652176874	0.31600150739310895	165.85687028845484	1.4426202771714352	11.712000000000002
18.90276849761697	0.06896266430011877	8.900483074156913	0.07241907200160069	-1.319715752188265	0.06735335225717318	-12.563794145358969	0.06966412218747767	19.1507	0.234	186.3596782711549	1.8632055360528645	33.55905119169111	0.3247445494890197	165.778165921044	1.4286510953113927	11.712000000000002
18.86839168109706	0.07310585296432917	8.881984422937133	0.07010881946149919	-1.3467116626390656	0.07141301999649341	-12.561449988329827	0.06840662440395918	19.1399	0.2337	186.65598601230485	1.893216323867874	33.531172764652396	0.3280615827778197	166.21187577976463	1.4656371778471593	11.712000000000002
18.88665869159292	0.07399155298511081	8.906833434479163	0.07734811333741623	-1.3197276042698707	0.0749753016901627	-12.540296628342178	0.07435152296989993	19.1615	0.2338	186.77909136370673	2.003317965035181	33.538173223922236	0.3532760083290343	166.12550482005454	1.5633206101361259	11.712000000000002
18.87295804744175	0.07629465547400963	8.886182687844087	0.07503557241598993	-1.3582939174148223	0.07087640786484864	-12.576391968815825	0.06883870306683049	19.1507	0.234	186.64910608016066	1.9999832240430129	33.47952158205071	0.3373197621736972	166.16209672543246	1.463481711109839	11.712000000000002
18.858129013749565	0.06981779482076991	8.865981167246813	0.07459414259860574	-1.3660073920597873	0.07193256623385798	-12.567104947660356	0.06537325043284817	19.1453	0.2339	186.54875029142866	1.9074756438973182	33.52038302374941	0.33948638288012206	166.41428969255463	1.444105646035151	11.712000000000002
18.879994147615626	0.07152296599631427	8.922771022675432	0.06675732722947987	-1.31007315538018	0.06635076230520506	-12.53822809231621	0.0666453081753265	19.1615	0.2338	187.2030655638717	1.8394067369504463	33.517580218616246	0.30829591817668417	166.01326789323218	1.3904624927056406	11.712000000000002
18.8546037031722	0.06701236958699035	8.886422942936964	0.07308730845712444	-1.3197170690463833	0.06840108729946132	-12.556483369752142	0.06660849453763348	19.1345	0.2334	186.99728047952158	1.8601562566810796	33.60527831284653	0.3296020299128632	165.88604262199556	1.4094717329985993	11.712000000000002
18.917228099407538	0.09346194429126514	8.898366420681525	0.0755594922867932	-1.3351471579581133	0.07861240155791896	-12.565495501601967	0.07162322557912132	19.1669	0.2335	186.05134527910812	2.23184363779518	33.515387747027575	0.3571040850597513	165.98084373289072	1.5717813397491325	11.712000000000002
18.879770866662497	0.07157434987331794	8.908571826219966	0.07058292351591208	-1.3274349898288904	0.06623287527273387	-12.567518323774358	0.07308991300615597	19.1561	0.234	186.94067643539404	1.8846081851537095	33.507224229748125	0.3168462308032452	165.83708840154782	1.4552736086619567	11.712000000000002
18.857683014311124	0.07894391620660188	8.871815268312458	0.0775091276114869	-1.3544240079992937	0.07192407988486309	-12.583379932203178	0.07350761755222696	19.1507	0.234	186.66607058151675	2.0680777223149485	33.5392284822696	0.34679462345241174	166.00142578477838	1.5203453838074745	11.712000000000002
18.85783167844648	0.07204009999589309	8.877923539688897	0.0725803017037422	-1.3467102436495606	0.07051791822568573	-12.559564999793714	0.06812412406346452	19.1453	0.2339	186.77754019130023	1.9138844028316357	33.544494880734234	0.33199980502420856	166.2397965576853	1.4536621302239636	11.712000000000002
18.85423209495758	0.07715016333491395	8.880211196516216	0.07026811456104465	-1.3390044499677243	0.07123618045193127	-12.550736336205636	0.07365414794733835	19.1507	0.234	186.88778702915775	1.955328429067633	33.56227987229003	0.32862354620672046	166.256445695095	1.519464835128702	11.712000000000002
18.884040086626097	0.06937179162068283	8.916660909701413	0.0684827742368744	-1.3235773923579954	0.06900385233662457	-12.545493743072573	0.06537540194786308	19.1669	0.2335	187.01231892608712	1.8289609092539252	33.493378326323004	0.31797828976871717	166.10555944605514	1.4069952493149416	11.712000000000002
18.864420439428216	0.06976910484535638	8.888127425814075	0.06605106628733481	-1.3525035264169694	0.06386653742275558	-12.572622049119062	0.06374339251273078	19.1615	0.2338	186.84522306517476	1.79938767741973	33.492094110456826	0.30048996806255773	166.13217496060585	1.3360600580401076	11.712000000000002
18.860226137848763	0.08108757318360084	8.888127425814075	0.07250415853872845	-1.3563618523272991	0.0696764434492235	-12.56894399608136	0.06892782840161021	19.1399	0.2337	186.92381085665636	2.0389567346902777	33.47948016641441	0.32862425774689724	166.24383835891248	1.4531413873748404	11.712000000000002
18.851763439253478	0.07241492564814679	8.871986590026369	0.07064618681007617	-1.356360396792232	0.07078813450051619	-12.590965423404194	0.06720685309572913	19.1615	0.2338	186.77999735401286	1.8934303070340346	33.53231720087147	0.3278673305963461	165.917955199749	1.4415512791536709	11.712000000000002
18.859780086919525	0.07678769174771516	8.883894810851372	0.06762720680784312	-1.3428490102525696	0.06777494761057683	-12.570507381793735	0.07123647930097371	19.1615	0.2338	186.85285986237358	1.916537237281517	33.53757379693077	0.3139822516174827	166.02061015830617	1.4539280743233114	11.712000000000002
18.858203349040252	0.07391976469507915	8.882121641319053	0.07049468683849094	-1.3447880977174815	0.07734063406500757	-12.557955382813368	0.06767494810024031	19.1561	0.234	186.8491806807856	1.913149760997396	33.537029694650556	0.3431693879819742	166.23516318800188	1.523550396426058	11.712000000000002
18.83042268945365	0.08009866279269331	8.873828483574105	0.07723646936113368	-1.3486365798521849	0.07078529943239086	-12.579702133656468	0.07299764873036	19.1669	0.2335	187.21489044833626	2.09224309220759	33.55161142391048	0.3438590090266041	165.97024428023937	1.5026334807901536	11.712000000000002
18.831851497835984	0.07704618604691571	8.857415366280735	0.0737975996028368	-1.3679139638404703	0.07534177053338086	-12.582966066703827	0.06840387241606755	19.1669	0.2335	186.88000694046588	1.9988840536920698	33.5422131189699	0.3459513215498586	166.2072254676702	1.5081118648081997	11.712000000000002
18.817026197407618	0.07240993418965357	8.849295078039011	0.07383148767923824	-1.3640530764322294	0.07114412218173938	-12.568163137157903	0.07109682131274483	19.1399	0.2337	187.0057158614801	1.9401463321525851	33.581561150681814	0.3371221536634783	166.36954504993042	1.4935030476745574	11.712000000000002
18.865699589789603	0.07130939575087951	8.875670321293482	0.07179197501740651	-1.3524876767860783	0.072851360912673	-12.579472271051328	0.07774908096272486	19.1615	0.2338	186.58831154484542	1.8899440158791572	33.53293678754055	0.3353275546044596	166.0305737343242	1.5756716865552853	11.712000000000002
18.85102038187162	0.07756604216371499	8.881709998891836	0.07200665167405026	-1.3563458420471364	0.06889958541322706	-12.575794480175732	0.07117545613641874	19.1615	0.2338	186.9760918141993	1.9849887930485155	33.50051815805716	0.3261030099126675	166.14209428772764	1.4669362588054338	11.712000000000002
18.88516967793884	0.06728795182341511	8.90010492939033	0.06611687681372971	-1.319701267408367	0.06798954729447772	-12.55777179972332	0.0638986619094842	19.1615	0.2338	186.68108223967644	1.7636918523655067	33.56034047984354	0.3114301257703389	165.86679075667848	1.3771063473896887	11.712000000000002
18.870340100128274	0.0760580626240003	8.896009314580553	0.0706078890745207	-1.3351334058893654	0.06919630643030311	-12.566875306135223	0.06736486375381887	19.1615	0.2338	186.88198071324737	1.9444537605139953	33.52315425298124	0.32392769123331455	165.96024998148116	1.4269483361275934	11.712000000000002
18.84929490180111	0.06854010731604464	8.88993480800171	0.07069522515240118	-1.344778215836694	0.06766890045318921	-12.564990355473098	0.06896311850829624	19.1507	0.234	187.1628976095363	1.8504391164828045	33.51145995043725	0.32042769122950293	166.13078882060094	1.4305598417209966	11.712000000000002
18.83394827973176	0.07371712979304787	8.871506905899894	0.06660951459619938	-1.3563400204581342	0.07150124083848389	-12.560899113001309	0.06812667962763289	19.1561	0.234	187.10501006193797	1.8659549415289263	33.53395666478839	0.3203946988209174	166.36287765511608	1.466377283749844	11.712000000000002
18.87295804744175	0.07036654298946136	8.902290322264692	0.07289086937884634	-1.3409309657217678	0.07150331628775132	-12.541448410480818	0.07398036030000515	19.1615	0.2338	186.9506380987315	1.8996440241679058	33.48362453175117	0.3337725887764036	166.42290882413585	1.5287526829579414	11.712000000000002
18.83521030537208	0.07202286172598645	8.862023244182486	0.06901796990610502	-1.3486479903192727	0.0685007811757819	-12.561679534123936	0.06753447941395505	19.1561	0.234	186.9034123250406	1.8694405997405066	33.590365190062386	0.31989719024992	166.23717557649908	1.4261084691065924	11.712000000000002
18.870786412040182	0.07381868623391591	8.900242432860702	0.0722398648540381	-1.3274242214931722	0.07309742615074347	-12.55979451085178	0.07140305736257413	19.1561	0.234	186.95295837265616	1.936648705451098	33.53454773152721	0.3369655571700224	165.9509654216286	1.5097065093188446	11.712000000000002
18.840461507487838	0.06686985773806237	8.869596539962304	0.0710147741061205	-1.3428405843023965	0.07358375619927163	-12.566553822243288	0.06451118355953832	19.1615	0.2338	186.94693986562658	1.8288687036568254	33.58455689168064	0.33630059670081963	166.07896637906737	1.4480250685258835	11.712000000000002
18.83446791686595	0.07759443534260443	8.873759940905689	0.0797666400969848	-1.3467045677991984	0.0705144309186838	-12.568576520847376	0.07274664991390485	19.1453	0.2339	187.1375707420614	2.090713242959397	33.55817881960835	0.34957353554563353	166.1062166179821	1.4996382747595145	11.712000000000002
18.827732193793814	0.07549897030156497	8.867514913675857	0.07027934307358422	-1.3737022444812201	0.07158103724157891	-12.58852848017305	0.06876423838605801	19.1561	0.234	187.1467901822924	1.938071081380597	33.490177027385585	0.3280426203935113	166.21057288965557	1.471080206562972	11.712000000000002
18.883518993990965	0.07881101777218144	8.886217009205136	0.0755359068712215	-1.3447909212083213	0.07592816479558066	-12.569081804890939	0.0710187813765762	19.1399	0.2337	186.45257453751023	2.0359462369381216	33.523595909158736	0.35093627477721323	166.07041930836925	1.538229640853123	11.712000000000002
18.848238015620804	0.07327361708686916	8.872294985786477	0.06762686936301054	-1.3602318768878543	0.07079037706903336	-12.574828709270925	0.0677645941558844	19.1615	0.2338	186.8517781143779	1.867623152432831	33.51861961425033	0.32069473891513905	166.2139728563188	1.452427667937868	11.712000000000002
18.841649731583672	0.07293396746620269	8.874171212798133	0.07226862080227589	-1.3621551331948327	0.07325763578465562	-12.580161884328344	0.06992107037535475	19.1615	0.2338	187.01045504930724	1.9263912542155295	33.50617829186734	0.33683496062575696	166.16344907297636	1.5000340849175484	11.712000000000002
18.86703821655892	0.07537457625764188	8.90447581771501	0.0693932581813779	-1.337079271899775	0.07350353164870514	-12.56190908839467	0.06646516106378347	19.1399	0.2337	187.10273711395635	1.9241394080134813	33.48907198188783	0.3305401863897614	166.06244584243905	1.4660742362159893	11.712000000000002
18.84502667259477	0.08483089409054714	8.853662891524605	0.08464997004945475	-1.352493440135472	0.08481261308378157	-12.570461441630565	0.08157840160352059	19.1669	0.2335	186.56338957689567	2.2377294175996276	33.60522457789865	0.39455141936441124	166.16402304266228	1.7430895510866349	11.712000000000002
18.84495239347704	0.07181086860274041	8.875773157063204	0.07292043263991717	-1.3524919992817828	0.07474212195078403	-12.574093419921075	0.07175708456487562	19.1615	0.2338	186.9785515224435	1.9195198952686847	33.53258547367785	0.3423367226476408	166.11022113687636	1.5337406456612364	11.712000000000002
18.836713266786372	0.07145853572511236	8.86778888798182	0.06844745547010331	-1.3602112946987026	0.06967975129216904	-12.577863212483845	0.06668121568404795	19.1615	0.2338	186.9833316677047	1.8559935694228509	33.53345419208743	0.32023520802377514	166.16870510458116	1.4286548690212353	11.712000000000002
18.85131759779497	0.07304872332309109	8.879833934525449	0.07419974424912011	-1.3621388814584643	0.07105883393717388	-12.579656160456233	0.06807006836550047	19.1507	0.234	186.93534046076843	1.95200391851223	33.487706105538045	0.33591552428555244	166.17069955240757	1.4576734610355273	11.712000000000002
18.84285546257395	0.07466024179679652	8.867720392817976	0.06933492423025615	-1.3524919992817828	0.06967919220863844	-12.575932357078988	0.06714218596567054	19.1561	0.234	186.86691262395897	1.908724872094545	33.559006647230106	0.3227709300083499	166.08300432561174	1.4319003642178758	11.712000000000002
18.859928768218158	0.07404433490664532	8.885976765247651	0.07328814666177492	-1.3447810391775818	0.06723838539998533	-12.576116197700886	0.07192644438287564	19.1453	0.2339	186.88907796399295	1.9521171355784595	33.52441550851941	0.32591085204062387	165.96626021597243	1.454953785824317	11.712000000000002
18.82997738037159	0.07590242840333918	8.865570288097928	0.07114629303014333	-1.3544153191627268	0.07158388522293577	-12.566553822243288	0.07017480782746538	19.1561	0.234	187.06809910823793	1.9530869201409098	33.559751332615726	0.3314143441182701	166.25041627697823	1.4863820224241957	11.712000000000002
18.861654134024132	0.06974538743946221	8.883791878477828	0.06609804467264392	-1.3756387823328937	0.06588042251283979	-12.58875850284832	0.06708611740843744	19.1399	0.2337	186.81583747622307	1.7991042108646238	33.43072212697973	0.30409632367036527	166.23586833572094	1.393938138450862	11.712000000000002
18.861802828969378	0.07365651722154429	8.883860499795691	0.07524037372271021	-1.3428476059007064	0.07277051851414625	-12.559427297226714	0.068073250562784	19.1507	0.234	186.8143382671411	1.971353086967042	33.53769092241278	0.3432704615019307	166.1845896689668	1.4763670319086715	11.712000000000002
18.84929490180111	0.06836826487576061	8.86778888798182	0.0705272004642019	-1.3467074057032324	0.06735042130588825	-12.550277642828943	0.07075359111098244	19.1507	0.234	186.74764017689907	1.8377421499832254	33.577786485136926	0.3205746227091497	166.3775612630511	1.4506459521168051	11.712000000000002
18.85528867258047	0.07280870956118252	8.871678215705101	0.07451141935331361	-1.3447725692827626	0.07150209577651184	-12.561128638456228	0.06901599386339324	19.1453	0.2339	186.70827568283076	1.9482829902330925	33.571362777625	0.33934323829596297	166.18790291574956	1.4724237701776184	11.712000000000002
18.832148395513183	0.0715682077329079	8.869630794270687	0.0696715831013249	-1.3467003110248523	0.07033498363924193	-12.573955562839386	0.06442407150582255	19.1399	0.2337	187.10357844284295	1.8758331770043322	33.571756050936784	0.3253249579700763	166.0265712041256	1.4104715814759823	11.712000000000002
18.86187717732177	0.07077824158528395	8.88993480800171	0.0725691052354613	-1.346707405702752	0.07293615665625619	-12.563151317497322	0.06776491888570864	19.1615	0.2338	186.92674149694045	1.9002039929746528	33.50514440598591	0.33675887708726243	166.18660139976976	1.4750826793893637	11.712000000000002
18.832296847862203	0.06883096573022049	8.867686145633282	0.07012479857556991	-1.3602068845136428	0.06588160123253663	-12.570369562320248	0.06708762733136686	19.1561	0.234	187.064276688233	1.8446370077292773	33.5338055053605	0.3154657882148944	166.27971841859085	1.3947018580171817	11.712000000000002
18.84502667259477	0.07378824229258284	8.865741483114723	0.07389244994167767	-1.3659969479779206	0.07276532401742408	-12.572300414595814	0.07226906906764291	19.1615	0.2338	186.7891996369933	1.954614682588563	33.52120247330761	0.3397606482956459	166.33698159655927	1.5222464984726813	11.712000000000002
18.821442035830774	0.07393664451461679	8.865501811941964	0.07340421524935141	-1.3640575301572564	0.07443312651946242	-12.571978796696595	0.07049173502298772	19.1561	0.234	187.2271881484025	1.959285263107503	33.52834312139548	0.34263745167522097	166.3129717958691	1.5212111414936849	11.712000000000002
18.857757346086107	0.08337388796423449	8.88191581533605	0.07425447950800851	-1.3544254561770908	0.07276588205171935	-12.5705533222967	0.07170005460700553	19.1453	0.2339	186.85367923563314	2.0912072937119537	33.5061294368002	0.340301806322112	166.19128417061864	1.5136573391880332	11.712000000000002
18.85311735819821	0.07365521303590886	8.871643953214708	0.07883610717614763	-1.3621329720719682	0.07405015262509951	-12.566599747496307	0.06807231487286886	19.1615	0.2338	186.7482502695061	2.018563996385828	33.51452529272045	0.3542120016283606	166.36424837108626	1.4934833154367315	11.712000000000002
18.846975055059275	0.07550881046225186	8.87171247845983	0.07624819153756071	-1.3602068845136428	0.07184014692770381	-12.57588639777192	0.07668097237629598	19.1723	0.2331	186.86452403418554	2.010209947304978	33.52060971509715	0.34320450339451036	166.1979277571885	1.5570544156200836	11.712000000000002
18.8316288307218	0.06795172489411394	8.859325752972767	0.07243786625073781	-1.369838380005613	0.06819102130142399	-12.579150477660933	0.06548122903679676	19.1723	0.2331	186.91998016500608	1.861666091259069	33.52963850651551	0.32609655473349547	166.2923359839522	1.402518998017257	11.712000000000002
18.83769641350385	0.07004223312761002	8.859223115140912	0.07544637709632603	-1.3563312884050547	0.07079225497022536	-12.58269017165003	0.06993809512135538	19.1615	0.2338	186.80439760239565	1.9272426277379537	33.57430855475899	0.3400259666314672	166.03982759488295	1.4718180396227873	11.712000000000002
18.839273433250483	0.07397496938460521	8.871061531368508	0.07062074618815625	-1.3563211015118786	0.07005244592188992	-12.571335610769276	0.06962829579322104	19.1615	0.2338	186.9966962821442	1.918553514250537	33.535479009059436	0.32616690920982966	166.20778260729196	1.4637774510091848	11.712000000000002
18.835228470338485	0.06946322069111667	8.877169268566664	0.07292263245749092	-1.354395046746946	0.07014721196660471	-12.578782734152368	0.06627056194435492	19.1615	0.2338	187.18734802868175	1.8931358302286663	33.521772920807415	0.33151237940401385	166.0689870489637	1.4277662959430866	11.712000000000002
18.834319446187678	0.07685803374500086	8.871678215705101	0.07632484280696535	-1.3505600041008219	0.07684705599889549	-12.557450542363501	0.07542085198409257	19.1615	0.2338	187.10125662148207	2.034230057238743	33.55235597406093	0.35550330742925956	166.32826805331183	1.5980610551215622	11.712000000000002
18.854768443036082	0.07318556071599681	8.883517403807804	0.07357902794533033	-1.3331877009439603	0.06967680533968912	-12.570002058650617	0.07471727550875368	19.1561	0.234	186.93970156392172	1.9456276937647556	33.57052710105727	0.3329704410892218	165.88533316952572	1.5082162640896812	11.712000000000002
18.85282011732416	0.07549577106815772	8.88157279322846	0.07245867073725715	-1.3563400204581342	0.07317569007089364	-12.562738106107734	0.06912864122138335	19.1507	0.234	186.93977121476405	1.9618089346970755	33.50098617210969	0.3369770194276586	166.33557716276925	1.4941623268602853	11.712000000000002
18.81628460633624	0.07790264088461678	8.848953354311774	0.07712034936729445	-1.3640382314133164	0.0744307637325005	-12.589769155813196	0.07366633877746752	19.1669	0.2335	187.01321811830795	2.056743120892237	33.58273359217976	0.35243220274009107	166.0491157364818	1.5490280717706932	11.712000000000002
18.823093610777324	0.07925891031036367	8.859257327487192	0.07489356246866523	-1.3563327437199997	0.06766582716698188	-12.56618643242919	0.06734008672253396	19.1399	0.2337	187.07881587921523	2.0474230789893366	33.57419133029569	0.3317266690013149	166.28430176298937	1.4160884033540808	11.712000000000002
18.8482547989954	0.07794679178094964	8.881401292109718	0.0750887113320197	-1.3389710964515271	0.07420399597745725	-12.549635529006032	0.07355344962424741	19.1561	0.234	187.0221822970011	2.0308973305812366	33.558481292369194	0.34663052097317215	166.27227625147415	1.5496266447041511	11.712000000000002
18.86577395296035	0.07460282789726722	8.889797470345792	0.07541170279517789	-1.3351265302459727	0.07357702187400252	-12.557450542363501	0.07412139286736018	19.1507	0.234	186.8511515379741	1.9868496537433629	33.5435427767218	0.3456369559046904	166.0995255064426	1.5457860164075763	11.712000000000002
18.8316288307218	0.07608270459815761	8.865364862804029	0.07329673012155397	-1.3679094663438192	0.07042262116243875	-12.56995612221799	0.06694488283604595	19.1561	0.234	187.0332453056353	1.982612115610951	33.516171322179346	0.33291001488846644	166.40019013979162	1.4433265042301544	11.712000000000002
18.84226131935304	0.07401502670316909	8.881538492474784	0.06906258657877815	-1.3505514031506631	0.07014823170283663	-12.559014207829009	0.06851138445571577	19.1615	0.2338	187.1372917297081	1.901893452913324	33.52005104540907	0.3224864850475348	166.30493636596148	1.4548705046128314	11.712000000000002
18.85528867258047	0.07650434022460287	8.885770852194328	0.07110906312017352	-1.331268004607482	0.06859996207455703	-12.551933288715325	0.0684763279165459	19.1615	0.2338	186.97220137172897	1.9588608100490132	33.56943047879732	0.3246373023341312	166.12407965972824	1.4350317203215146	11.712000000000002
18.842038525305277	0.07269005217047213	8.865330626180391	0.07049173557514826	-1.3409016281437058	0.0680884672861618	-12.558876517463405	0.06992486913182971	19.1561	0.234	186.8374530295492	1.8962720554093564	33.60497459356444	0.3226930530718805	166.1639210181295	1.445662007094833	11.712000000000002
18.829828948691468	0.07266984228013583	8.863488726937355	0.07741609337524691	-1.3640575301572564	0.07284867240819992	-12.581173211280301	0.07177119536806499	19.1723	0.2331	187.03181428861595	1.9926078032090142	33.53494249558264	0.34855298430188075	166.1766488357776	1.5150041182231697	11.712000000000002
18.821367855183098	0.06623288500692809	8.857415366280735	0.07196595525364885	-1.3737007233906073	0.0671296246630294	-12.586643687937345	0.06614926686899913	19.1723	0.2331	187.0766340534429	1.8363297753909638	33.52324151114161	0.32246581756377285	166.23848880583583	1.3972370467211788	11.712000000000002
