18.382390853628014	0.07854034046367606	8.318013076484524	0.07551110470120355	-1.7533413169378773	0.07246343568341136	-12.799097703666073	0.07502711927389775	19.8519	0.2372	185.1624879279841	2.0044757352235862	34.04629692089232	0.35379044403102905	168.7114185228734	1.5931762587249128	11.709
18.382825152745124	0.07623441410876208	8.32824812028643	0.07618511481358196	-1.7552847809500138	0.07304180626784819	-12.801215281396843	0.07071443475991898	19.8411	0.2369	185.29548859382922	1.9862169318077423	33.9964645232001	0.355835718820122	168.66553376905298	1.55236076379229	11.706
18.371854563625924	0.07205836312087469	8.295889501842227	0.07241387119112538	-1.7648921628905208	0.06675933654757962	-12.822930608167844	0.07183586904221975	19.8411	0.2369	184.949552448439	1.8751557164512433	34.08207567767558	0.333651523957463	168.52403234851178	1.4945419004792777	11.709
18.3825356177205	0.07099373748859303	8.304018627610622	0.06795105267270034	-1.7610499152723278	0.07001922098883487	-12.812049941586073	0.06706676727758315	19.8465	0.2371	184.9027223441418	1.8029266130854866	34.06755956137557	0.3302505900491024	168.63136586966607	1.4795019713198516	11.709
18.390617503951457	0.08083946406658446	8.32397418495284	0.07649016576313067	-1.7437068403009948	0.07170573548085572	-12.789819082738688	0.07038644933001938	19.8249	0.2356	185.07338591381185	2.046070985984957	34.049993010854514	0.3545969423824253	168.66275871035134	1.5342059419455412	11.706
18.379646694567374	0.07401330401731457	8.317724320726404	0.07323360048233796	-1.762942625204353	0.07083366461185384	-12.817045567627819	0.07061034451729628	19.8411	0.2369	185.21384657889092	1.9165923627310455	34.01597867058596	0.3437987306738507	168.58965006424302	1.5253780955226186	11.709390299999999
18.3800085406885	0.07487802698485385	8.319893131735496	0.07131835438990985	-1.7494781413796878	0.06963587732407996	-12.806258450435545	0.06979690871407149	19.8465	0.2371	185.24093938371124	1.9040762469012986	34.053002195827375	0.33709096252316034	168.5432084724248	1.5029093058670093	11.709
18.371058878206497	0.06870624927121287	8.301562028669517	0.06829818553228734	-1.7648591614640134	0.07145884899958371	-12.805884207018144	0.06482082532714636	19.8519	0.2372	185.06835609653058	1.7805162877566283	34.06298182814702	0.334485485695929	168.783715368293	1.4748634711766584	11.709
18.38347663990035	0.08158432669148727	8.334563194278305	0.07635522802069525	-1.7399047042899594	0.07919303977135603	-12.79245058915502	0.07425768134452869	19.8303	0.2361	185.44743556079516	2.0621275982254623	34.03577494377869	0.37165156906583263	168.60778033184835	1.6561273412362176	11.709
18.39177620937455	0.07309448897930675	8.320470827430528	0.06755716728165592	-1.7495311006313905	0.06925474003263297	-12.805263539284484	0.07025382520876083	19.8519	0.2372	184.9877144202042	1.8281981925507067	34.042145274085584	0.32706170481509705	168.5159960384047	1.5036633790995537	11.706
18.364496067438363	0.0804469917010466	8.314413198370309	0.07357958366509842	-1.7495281582611373	0.07038296539833991	-12.792357118608662	0.06960637000509816	19.8465	0.2371	185.42585697463102	2.0114653327837653	34.07137521206341	0.34471734150502303	168.75614349860902	1.512745546672397	11.709
18.37279500798948	0.07264040287014194	8.32643229421251	0.06963269202743184	-1.7591540536007313	0.07065775047357009	-12.819865780530856	0.0718410285024832	19.8411	0.2369	185.4469937939658	1.85744408858815	33.98954277157447	0.3343249978162821	168.44013385663177	1.534523776373724	11.706
18.357784081217574	0.0757819874811294	8.290120704275122	0.0746234147224587	-1.7880227766155325	0.0727981349673549	-12.828815856068694	0.06882835439146241	19.8411	0.2369	185.10205982164663	1.955437265497919	34.02336181501649	0.35194592948244063	168.7872614994522	1.5315790922050267	11.709
18.36370067035539	0.06929694157778253	8.275903838778822	0.07204624895177389	-1.770677918938422	0.06953990544378476	-12.823071136242351	0.06812105412831844	19.8411	0.2369	184.68529798320276	1.8301135342322497	34.12150289645349	0.3400820039202208	168.5669091936448	1.484686834240824	11.706
18.393941676015572	0.07180293368156675	8.318494380637382	0.07620457783476155	-1.749534043023752	0.06963209296406919	-12.785101850305253	0.07056588896772371	19.8303	0.2361	184.95905680712045	1.9220823540712186	34.05754410348627	0.3491895459036534	168.86718120959722	1.5170048454109701	11.709
18.37091918197933	0.07350142888146449	8.302426634006338	0.06813881918227005	-1.761088732207564	0.06676044407986094	-12.816332379579038	0.07183773103581917	19.8357	0.2366	185.08681610318868	1.8424417102683723	34.072817459511214	0.3229799643737572	168.56663571644435	1.4953299380421745	11.709
18.38369381254722	0.07378337750492532	8.296497511542535	0.07738671499922199	-1.7630234390030075	0.07336404244615423	-12.805450667765545	0.07005175806954672	19.8519	0.2372	184.6962930272473	1.9577711705859309	34.077613658810954	0.36123593394041886	168.71904385124122	1.5498774548211818	11.706
18.347248654841156	0.07091560258602826	8.288080505513866	0.07272220524759646	-1.7668387950643978	0.06572999398120707	-12.819584785857439	0.06743821114226245	19.8465	0.2371	185.25838329759188	1.8706990295009303	34.10194670128009	0.33245936944171606	168.60472774958725	1.4365502924459308	11.709
18.37871178443105	0.0759038316213379	8.302170435871961	0.0765665244887213	-1.7552877449941275	0.07679293938023359	-12.808610050114838	0.0734626451253857	19.8519	0.2372	184.89159121052376	1.9782455051901564	34.0846029265702	0.3675073765857055	168.55274028973326	1.6205605254074802	11.706
18.405131939389026	0.07129657287236141	8.326849869724919	0.07884500537940355	-1.7380077779856131	0.07110284989433267	-12.792917962583099	0.07152895884554207	19.8465	0.2371	184.90703234753892	1.9502984302640916	34.068273399971105	0.3593733510386889	168.57172039800298	1.537916762079322	11.709
18.38167321637392	0.06953316902792836	8.314605638083822	0.0685796144103904	-1.753397496795661	0.06886074646822601	-12.803660363573492	0.06821212638903287	19.8519	0.2372	185.06558631348446	1.7953615260436497	34.048903635895535	0.3286699416868794	168.59940675574015	1.4788523380249508	11.706
18.34717641552177	0.07992463705923009	8.282023993756626	0.07030195492528171	-1.78609115101484	0.0732055074224662	-12.836069203172011	0.07152268744405277	19.8411	0.2369	185.10079984531396	1.9575320576388342	34.04852483470351	0.34324047015652925	168.6037524273652	1.5616126699812105	11.706
18.38585921050677	0.07125209962621273	8.29853790601208	0.07024067432534153	-1.753397496795661	0.06886074646822603	-12.81651966767893	0.06811792514165249	19.8411	0.2369	184.69400424506995	1.831923362649534	34.10332983732192	0.33372215045220704	168.40343395439348	1.4744076405846878	11.706
18.384272964692414	0.07600028437170434	8.310813018957903	0.0726943398137127	-1.7649731780422988	0.07001339083974446	-12.822358485293515	0.06838144977329175	19.8627	0.237	184.99554658497442	1.9313909468651203	34.03132176187696	0.34088586951034844	168.53398673201036	1.491661034211886	11.709
18.383766204570335	0.08320746481915467	8.29452113970242	0.07604185630336009	-1.7514716626435785	0.0750557783844362	-12.811008624810121	0.07425543223310659	19.8519	0.2372	184.65878783350945	2.0630659193590266	34.12350330027631	0.36292147327563007	168.4580258836402	1.6081939373159215	11.706
18.38347663990035	0.07531728685993619	8.294393160785875	0.07630022712021566	-1.7687915448367664	0.076152757283468	-12.821843212147094	0.07347559760148167	19.8627	0.237	184.70907020650074	1.9628178853077842	34.07393703927614	0.3650127278283619	168.60006491912847	1.6141501986880862	11.709
18.379507870992324	0.06973414298862116	8.292480794333091	0.06656360555662194	-1.7649491718268129	0.06763561645440073	-12.807287733769433	0.06694867954587054	19.8573	0.2372	184.74672611667046	1.7656504037291174	34.09343373284402	0.3216863127838823	168.7636380834857	1.454463633004807	11.709
18.34133205835328	0.07213066353413383	8.286232105377692	0.0697317624218041	-1.7784075019515138	0.06816124733259649	-12.817982029402227	0.0627045387330198	19.8627	0.237	185.28585220899694	1.8487165799447869	34.060282525742	0.3299935390000886	168.76264200228655	1.4158339208886876	11.706
18.37524964313782	0.06738165048936602	8.294457149750555	0.07245872173850465	-1.782276995751929	0.06596479407966621	-12.831121390425675	0.06704101803393898	19.8465	0.2371	184.81362105765498	1.8140235315476179	34.01940188115498	0.33081038853901956	168.6210518750581	1.435373008197752	11.706
18.354393711751882	0.07698793799738002	8.304531146004388	0.07131824890933976	-1.7688005904509518	0.07038272153159875	-12.807287733769433	0.0668481360599536	19.8681	0.2367	185.429921700068	1.9363376642714174	34.03961380851449	0.3385936267830202	168.8225210998224	1.4845731851335842	11.709
18.368609346401588	0.08017142532275465	8.292288876197546	0.08298855351874847	-1.7803361172007384	0.07344229446703546	-12.812517995431394	0.06867230819086691	19.8465	0.2371	184.89564413347807	2.1173276866547925	34.03328017970328	0.3744343832836433	168.87572960612994	1.5391254721805998	11.706
18.364423755765117	0.06913737016351713	8.29028058987387	0.0625242973419294	-1.791889170770828	0.06963999242803053	-12.843744471591394	0.0695547229741446	19.8573	0.2372	184.9830003381868	1.7116508879877228	34.00977470270908	0.3157020606531741	168.61831592426296	1.501679971102226	11.709
18.349413496555897	0.0663401181137965	8.255983056540995	0.06556001686978184	-1.816902866997218	0.07321166025841667	-12.843509880040784	0.07037878496496129	19.8411	0.2369	184.62952112644186	1.7060831219452104	34.04112035784356	0.33211993692494346	169.0044114620737	1.5565074077118046	11.709
18.37936312285148	0.08187446315406757	8.314509417113237	0.0771142209238895	-1.7649431704994318	0.07497819148627435	-12.816379201085306	0.07445203558633301	19.8411	0.2369	185.1537322992132	2.0690490928063374	34.01894290324818	0.3630105483917898	168.6247129789711	1.6122361693746172	11.709
18.360165942069465	0.06988140610078435	8.290248612260912	0.06764318991021159	-1.772630738402037	0.06631131102617428	-12.808797221673032	0.06662099293795794	19.8357	0.2366	185.06062836748552	1.787355812067249	34.07497100235058	0.32075763884061553	168.85802071650778	1.4382029116594137	11.709
18.345661710638364	0.07240740522763638	8.278263152555395	0.07288102036104427	-1.7822647313507942	0.07083309256353754	-12.832770723112937	0.07061015526880694	19.8519	0.2372	185.05950202377718	1.88848028014964	34.07420291471877	0.3442178970487845	168.59569735744176	1.525921121036077	11.706
18.336424977167447	0.07546100611538265	8.277880001768203	0.07495719316158303	-1.7841533927887157	0.0734437612327972	-12.828534674008374	0.06951494158471352	19.8627	0.237	185.22239234306136	1.9586018059123669	34.0691046335472	0.3553196658295133	168.6891928479296	1.5445622390070384	11.706
18.377053103488095	0.06851416956572468	8.298345844560199	0.06896607260258403	-1.7745624157828586	0.06596375041569671	-12.818075683182004	0.06546212082154045	19.8519	0.2372	184.8518580776705	1.7829806339658594	34.03232310722254	0.3224312704763453	168.70245172191454	1.4196561467488003	11.706
18.383766204570335	0.07141539485293774	8.322639904243832	0.06894116711920242	-1.7399163285273664	0.06549421253159343	-12.794474709030098	0.06783855550905317	19.8627	0.237	185.17487090617942	1.826924676750889	34.06733444420199	0.3219371716228986	168.53389341356933	1.4375894411996795	11.706
18.326035085324946	0.07531913732082753	8.267871641969275	0.0745251127075271	-1.7957088949004152	0.07109520430759872	-12.84143862810891	0.06981020691346122	19.8519	0.2372	185.2294183054315	1.951292863458997	34.06386695962551	0.34863327158647955	168.66859943463	1.5214951018354161	11.706
18.324159153866674	0.0684904003348452	8.267967308916942	0.07728004921644759	-1.7937928576711053	0.07188362181076102	-12.83974265365328	0.06705882379065037	19.8681	0.2367	185.3132137290006	1.902897575002701	34.078761210452065	0.35747191649178567	168.70846446729675	1.501465767306379	11.709
18.345733945962387	0.07456005314001418	8.288336260427025	0.07166752686871253	-1.764937169264329	0.06676179052240429	-12.821796371208078	0.06913734944787306	19.8411	0.2369	185.29099543743504	1.9053200453735764	34.10752969886343	0.3322985093898146	168.54200588313537	1.465022960280034	11.709
18.36464069249248	0.07205873052060766	8.298409864056012	0.07102242936638865	-1.776494106685812	0.0692506997732574	-12.81449540623792	0.06666092079616731	19.8303	0.2361	185.12840212233212	1.860737082152905	34.034301772977095	0.3350966269321937	168.8299519169852	1.470210358536483	11.709
18.35388782120694	0.07392058297482809	8.266150571019256	0.06986045628071982	-1.7745563419242707	0.07047174760562722	-12.827166472747091	0.07470966933752839	19.8627	0.237	184.68638879339017	1.8620907052758717	34.14146748009293	0.3374149818613951	168.5636009758565	1.566317974552156	11.706
18.351217091615155	0.07741690951647166	8.279951973180346	0.06934711336286323	-1.772606502090186	0.0737670072762335	-12.832301940679189	0.06701944326392342	19.8573	0.2372	184.98845397521112	1.9090650274308172	34.10121606242935	0.343453355616536	168.4556120174153	1.5180511546033932	11.706
18.355619134377687	0.06977622262303929	8.288080505513866	0.06890952348030079	-1.7726155905349494	0.06845647554391479	-12.834279340041768	0.07021675529744924	19.8573	0.2372	185.05692727041315	1.802633144299913	34.07363320317736	0.3289705544001572	168.42563704910947	1.4931394441980335	11.706
18.359876771722824	0.07348800902621648	8.296145495064518	0.0679686993625102	-1.7899482256634491	0.0639655413872445	-12.834326224357822	0.07158682586140291	19.8573	0.2372	185.12693876821845	1.8414056319929764	33.987832954685615	0.31451605729064674	168.68924298443716	1.466302527996079	11.706
18.37041282476439	0.07264896790558674	8.292160935708655	0.07618049767555976	-1.7687704392034118	0.0721298706928429	-12.819678449366325	0.07071240281142104	19.8519	0.2372	184.86021031652183	1.9308760212082887	34.0728363777754	0.355294540644343	168.58956405395517	1.5409759537640666	11.706
18.35763951655334	0.07057764439258471	8.284032158257116	0.0683969316766124	-1.7880166011845147	0.06963960914319324	-12.836069203172011	0.06635242024758958	19.8627	0.237	184.945441843073	1.8043983978439875	34.0352272643694	0.3298431755495103	168.6331366216132	1.4681907372580756	11.706
18.353381958547818	0.07068902680023402	8.281992049384034	0.06789455804338689	-1.7880135135048114	0.06719958005210191	-12.83051204771038	0.06776295570820468	19.8519	0.2372	185.03356989161895	1.8007199961166216	34.050857264434796	0.3230171592328106	168.76119321097758	1.4585027503791208	11.709
18.334332533013953	0.07643901045677977	8.259807854818515	0.07132757356289171	-1.7937804198012275	0.07046909552357453	-12.845065029480024	0.06844641885874629	19.8411	0.2369	184.9286019285867	1.9191124859167117	34.09772303992344	0.3400660475343087	168.58381895277935	1.4985971751158718	11.706
18.358434650387537	0.07378006808032293	8.306475512276993	0.07903230998944688	-1.7610917182840775	0.07312283802962749	-12.810868217554795	0.07190302384191224	19.8519	0.2372	185.3912459311182	1.994060895879411	34.059104272292295	0.3642567769496063	168.65003819633785	1.5652321831636193	11.709
18.362403290179994	0.07368303855325055	8.27625497503069	0.07583140645919359	-1.786115795100554	0.07506277194061775	-12.838281122607983	0.06907704924836983	19.8627	0.237	184.71548361384055	1.9363815484225213	34.06796234968536	0.3612509218657857	168.5703849540496	1.55588336158289	11.706
18.360382825806983	0.07447236218787145	8.286327991682843	0.07002273604516837	-1.7745654527465164	0.06835774800521394	-12.821796371208078	0.06728237836923927	19.8735	0.2363	184.93722681783535	1.8765665387924502	34.072964835465385	0.3314092736937025	168.6456794091508	1.4642277167932713	11.706
18.356052787341156	0.07987789154129922	8.282247611264975	0.07243590127054238	-1.7687824994282844	0.07586975061637316	-12.825376466314452	0.07664617061871647	19.8573	0.2372	184.94181009756286	1.979627875241603	34.106401510099666	0.3559462423003283	168.5028652959042	1.6435833797327188	11.706
18.33065289065114	0.0688674319415502	8.262038863668039	0.07232944279854818	-1.7880258643654054	0.0684551145848697	-12.836209875893196	0.06643913156450425	19.8681	0.2367	185.08458300902652	1.835866699512126	34.11841926923472	0.33808387218538993	168.67434745099828	1.4564147271947185	11.709
18.356197342882332	0.07235890924384726	8.286327991682843	0.07008725838376836	-1.768788529678177	0.0711000902946533	-12.834654424256538	0.07146471477075893	19.8519	0.2372	185.01409490598846	1.85085317872609	34.092540630151255	0.3385043223015808	168.36167920185292	1.5337571244273887	11.706
18.34558947588291	0.07516543871020895	8.256142272517618	0.06553951096403028	-1.7899637010213372	0.07305462752790073	-12.829050183962483	0.06812175754619806	19.8519	0.2372	184.65508826016836	1.8251653321675927	34.123118892866465	0.3333637372823322	168.77010309800102	1.5271243069571314	11.706
18.344074692403403	0.0688040699538969	8.278486673562293	0.07002235168445609	-1.7784349660008265	0.07272565965849961	-12.822077422028022	0.0698311662292258	19.8627	0.237	185.09278944721098	1.805195338292433	34.08642135550112	0.34217578567261786	168.7004782391281	1.5401623315931063	11.706
18.35446598410689	0.07274225946149683	8.270421942072648	0.07214106510346197	-1.793836393180598	0.07446533952884757	-12.834888863136102	0.06614447855114557	19.8681	0.2367	184.7540288467336	1.8770088826925313	34.06157285774598	0.3508935940583373	168.74005163035287	1.5221850581847165	11.706
18.337652357926764	0.07601189728044963	8.276414592267386	0.07743112344649981	-1.7842056379978366	0.0788680555145754	-12.82014678764694	0.0736801425984218	19.8573	0.2372	185.22027528497358	1.9975047947255573	34.08262256460833	0.3744279852162349	168.8614684867412	1.6514455938630055	11.709
18.37755966014907	0.07947831752592693	8.270453842869708	0.0820027363011101	-1.7842117849350527	0.07754026317999223	-12.822077422028022	0.07413192414486293	19.8573	0.2372	184.33246841529842	2.0827381155533464	34.09406948326837	0.3826870630464068	168.7887699568339	1.640434991446931	11.706
18.343280191580888	0.07334881342164555	8.276127285673287	0.07581102298641787	-1.786103472871218	0.07187926236388881	-12.838093526384675	0.07112680958265861	19.8627	0.237	185.11144571663732	1.93964687031882	34.077167409703854	0.3538017585796778	168.61626002554866	1.5427816278894286	11.709
18.341548711346565	0.07346541489863874	8.264238135574523	0.0680058201473293	-1.7841933444021616	0.066760121457989	-12.816285558417851	0.06814111163013725	19.8735	0.2363	184.92485814055925	1.837075293457352	34.1239647956268	0.32362712454333203	168.92038178356296	1.4606556663550556	11.709
18.352300980446174	0.07318213962333961	8.264365640781973	0.0748630389159525	-1.7976842317863002	0.07170623788430339	-12.833005127303078	0.0679139181918913	19.8735	0.2363	184.73009252307864	1.9170905185424698	34.07778001665494	0.35108597772226047	168.87095955860138	1.5113438005053033	11.709
18.347609859970454	0.06972493204425623	8.272174856323149	0.06835408062016696	-1.7803330584565233	0.06964430029843058	-12.832676963858608	0.06798616129739024	19.8735	0.2363	184.95928245166584	1.792447331800325	34.110127043009435	0.33112112369634156	168.6108616066636	1.4847804569020988	11.709
18.32899343313746	0.08174536867132631	8.250182004405946	0.07945844472705883	-1.8015225620551236	0.08055283648267607	-12.84751176317254	0.07614211881218456	19.8627	0.237	184.84994753674113	2.090807375273648	34.10411301673362	0.38389530924697224	168.66463744553167	1.6925107075284989	11.706
18.35886838878531	0.073864032796138	8.264493149924228	0.07204646991495042	-1.7880690953243816	0.07438998302491995	-12.82951886569131	0.06802812589271631	19.8627	0.237	184.5649403502788	1.8865790604552812	34.10120327356678	0.3513037155341373	168.73397991936102	1.5404923195688203	11.706
18.34797107932166	0.07318148716703649	8.284383649285319	0.07420784035345725	-1.7861250370175499	0.06991100397001214	-12.827400774598221	0.07847280997091659	19.8627	0.237	185.12958493043064	1.9172757195691605	34.04043223870726	0.3446215001173251	168.73663950737964	1.6061401072172599	11.706
18.348187817759825	0.07396063088961163	8.270421942072169	0.07214106510346194	-1.772654976181209	0.0688589027667742	-12.829378257540887	0.06997871062293835	19.8735	0.2363	184.86912544062255	1.8952829666030535	34.13341064055337	0.338949144957047	168.5008945620117	1.4961737739260232	11.706
18.324952783726435	0.07622764611857225	8.252253630733378	0.07586599810504448	-1.795752531259972	0.07671860702641585	-12.827400774598221	0.07317491862813225	19.8573	0.2372	185.00951933119723	1.9753565999983005	34.125409215112235	0.3664379757990952	168.9271800148589	1.6234852101594095	11.709
18.338085590367545	0.06937722089617063	8.270581448518218	0.07119595844222326	-1.795777468398906	0.07145490182974452	-12.827775675544007	0.06658416221605629	19.8681	0.2367	185.05756119723782	1.8272957021773089	34.05446511243526	0.34124143914833843	168.87854120816232	1.4951249358846366	11.706
18.329282106670348	0.07622839397941578	8.264365640781973	0.07324008407736818	-1.7938332833488215	0.07430131851538088	-12.834841974668487	0.07228249899125633	19.8681	0.2367	185.10513923766422	1.9441496718694962	34.082092741572026	0.35352178168861237	168.74072070049655	1.584248711984179	11.706
18.30136019357317	0.07680168793646079	8.25199900628631	0.07288815949040048	-1.8015037295418932	0.0733584491652406	-12.827025895786246	0.07038277789439618	19.8681	0.2367	185.43917309097384	1.9538388842129513	34.106751754491384	0.35082942474728523	169.02104050621904	1.5584791412902197	11.709
18.356631023167377	0.07249660763073779	8.270453842869227	0.0731317469082654	-1.7784349660013072	0.07100503185833051	-12.820240459451261	0.07406304590068168	19.8627	0.237	184.7149549854184	1.885864739541461	34.113669189253976	0.34603296658392496	168.72854398122723	1.5678401975346772	11.706
18.34356909300796	0.0721120922296086	8.288304290199694	0.07056121205776546	-1.7899667961635652	0.07384430369118702	-12.816238737602228	0.07085628054106723	19.8627	0.237	185.28281456231795	1.8590668445394216	34.014213907110395	0.3447112038540038	168.9662447768943	1.5682637847626286	11.706
18.337219145955416	0.07000846658672835	8.272206763029383	0.07452644942567274	-1.7938146248493527	0.07136020766514178	-12.823539585628415	0.0698127460730439	19.8573	0.2372	185.10337523222285	1.8804850026594626	34.05560701055164	0.34908694896047193	168.91334738252013	1.5288394429075112	11.706
18.326684475290026	0.07211014039373623	8.266150571019256	0.06986045628071982	-1.7899606059031399	0.07188226129702537	-12.8473709655801	0.06960063410600976	19.8735	0.2363	185.2332337821469	1.8485696063273656	34.09790485022584	0.3398815277620637	168.53360488987457	1.5250303582532774	11.709
18.339022871044858	0.08057655531724334	8.264046885139122	0.07653171976981768	-1.791876761339481	0.07937929490726897	-12.828862720955364	0.07472487444179612	19.8573	0.2372	184.96770923027375	2.0402333647413964	34.09854073365672	0.3738936159604796	168.84548331235342	1.6677707225996308	11.709
18.328199627804302	0.07440658721468228	8.25786362027363	0.07293429291819159	-1.7918612500786146	0.07037201658663653	-12.835975423087783	0.07241394146423688	19.8681	0.2367	185.0529344074944	1.9146172057223607	34.11957307264811	0.3440876915571636	168.73650520721174	1.5427411648877387	11.709
18.371063860596177	0.0783726007572569	8.312532981425207	0.07284233010796352	-1.7572431749145667	0.07109908989215075	-12.816426022938098	0.06979235743248709	19.8681	0.2367	185.22265191746192	1.9702868944781955	34.04290852379886	0.34411965028708996	168.46341989604502	1.517647410941007	11.706
18.341187625868066	0.07141070893845711	8.290184657774184	0.07208389571204467	-1.7803269410382632	0.06763485544895753	-12.830746403375125	0.06352717927463153	19.8681	0.2367	185.3613783368574	1.8712646020679442	34.04042239381667	0.33412053802535563	168.5970175325579	1.4157192683711473	11.706
18.33079723655097	0.07471862551215061	8.254070614825183	0.0738160965641115	-1.7918829660082944	0.07073413644406104	-12.82711961341442	0.07106761901348424	19.8627	0.237	184.93557467810348	1.927622521947878	34.132381691290256	0.34735848701237343	168.87224879776696	1.534420691426677	11.709
18.32026294410156	0.07696586913353003	8.274119156327936	0.07422795219609686	-1.782252467320695	0.07119090047908472	-12.819725281639354	0.06572134370679722	19.8735	0.2363	185.49856223748037	1.9743829859739548	34.097021759582205	0.3487189455840153	168.83803566387664	1.4820887661136761	11.709
18.351217091615155	0.07401101622377526	8.2719196115344	0.06892487130915266	-1.78608499022627	0.07010151166551087	-12.819444293187031	0.07085526089177538	19.8627	0.237	184.88840440971606	1.8551561457883352	34.09148590108704	0.3332206294509046	168.90098269191026	1.5258139235742028	11.709
18.336352783416228	0.0706871097399557	8.271823898799404	0.06971604969795844	-1.7918519436043125	0.06675878430252115	-12.833998041412356	0.07025004177888378	19.8627	0.237	185.15970792347244	1.8265236761468566	34.07227413160521	0.3268014650257428	168.76657962648508	1.4811787132494283	11.709
18.345661710638364	0.07440951287097171	8.282279557609053	0.07328690388347851	-1.7707111639622795	0.07221826270751228	-12.80337971041381	0.07359332345252291	19.8735	0.2363	185.13336127982583	1.921357707978311	34.099749819705764	0.34900451080776795	168.86828023424584	1.5782066050599874	11.706
18.335126607810253	0.07315316333744494	8.270198643383827	0.07009830463401949	-1.78803821560088	0.07279982214740136	-12.825376466314452	0.06938165496400098	19.8735	0.2363	185.1523662414211	1.8638090099754834	34.090698686191466	0.3425335988814379	168.84009408178852	1.5383838932248872	11.709
18.313985885361525	0.0784196896813915	8.258054721547445	0.07219720417048878	-1.8072828829387089	0.06924098334486821	-12.827072754427311	0.07014603485615152	19.8735	0.2363	185.31801762614543	1.9643747915312628	34.066648884302126	0.3385693146900673	169.10896218489026	1.5125501937153973	11.709
18.31427430829689	0.07088707658475833	8.248142239657785	0.07243276981190173	-1.8053701735726364	0.06814570987584427	-12.841954649402908	0.07603907269138654	19.8681	0.2367	185.13021843502847	1.8639372241497394	34.10671892370135	0.33738659282504696	168.85162549555986	1.562157426826157	11.709
18.352228717207492	0.06940379165768751	8.276382668327704	0.06796754984311623	-1.797681107428385	0.07154425096924993	-12.838468724368948	0.06663927286866846	19.8735	0.2363	184.95173701767584	1.7831249138841758	34.03714029478212	0.3334164268471222	168.78734500821753	1.4947016689241948	11.709
18.366950472077967	0.07807326268564582	8.296497511542535	0.08027470685348784	-1.7707262762517657	0.07880116279629538	-12.818309823679758	0.07295554877325693	19.8735	0.2363	185.00337285073525	2.0571696506981927	34.051539507945435	0.3804827473742355	168.64029639019756	1.6392640995606726	11.706
18.313913781047663	0.07392054820367458	8.256014899245034	0.07247631877709482	-1.807279722425011	0.07213073325245958	-12.827025895786246	0.07046607462868013	19.8681	0.2367	185.2342905539152	1.9065668521421615	34.06483477162829	0.3461320496684238	169.0663046611223	1.5470696474434684	11.706
18.303452413825436	0.07622410217180149	8.235936101005288	0.07425443284177811	-1.8015037295418932	0.07490715570267018	-12.849066835968902	0.07166527021158367	19.8735	0.2363	185.05733747471206	1.9560534824481715	34.15258017309759	0.3588779080885464	168.64060842068167	1.5824833558872287	11.706
18.353671019510095	0.07531226532722513	8.282119828352776	0.07044613789092749	-1.7783983476839822	0.06794252636156481	-12.83253632757196	0.06602330264069664	19.8573	0.2372	184.9831995561393	1.8940716921539777	34.07423579452745	0.33148383339655757	168.54030293663902	1.4444499223830032	11.706
18.33224010659327	0.07214995706440958	8.267839753478869	0.07613963685022304	-1.7822279403745642	0.07565188459687935	-12.83220818834381	0.06951454245515759	19.8681	0.2367	185.16207258054212	1.9298205843868736	34.11840920073638	0.3643800112450987	168.64692848708785	1.5680355783935	11.709
18.332384461624326	0.0716094683247773	8.283968254001971	0.07314376859327948	-1.7899358457981585	0.07222069577313679	-12.819444293187031	0.0708552608917731	19.8789	0.2358	185.40909585537202	1.8887353187786622	34.02895889709801	0.34721850309647545	168.9166632149223	1.5494864150676542	11.706
18.351217091615155	0.07741690951647393	8.269911562787398	0.07522631404196838	-1.7803085893385937	0.06804430271368131	-12.824954800983614	0.06779620320464987	19.8627	0.237	184.80421593277137	1.978802026598394	34.109150183430565	0.34425673456090705	168.68514646212796	1.4670335656030702	11.706
18.32762235802062	0.0769654877893682	8.259616718079563	0.07346433465363082	-1.797612377536958	0.07352845826331818	-12.84111027273091	0.06811427487951383	19.8789	0.2358	185.04834328287427	1.9555921791369764	34.085379311367014	0.35226611796260565	168.70268655047417	1.53112866359415	11.706
18.31961379504286	0.07308580638951771	8.26780786523454	0.07051740789174916	-1.7976279969619033	0.06915200569922841	-12.830324569405255	0.06850766481928676	19.8735	0.2363	185.34657123739896	1.8726606109415986	34.05758809043766	0.3341860878788065	168.86785126377526	1.4899160153055921	11.706
