18.59856	0.074376	8.517158	0.068061	-1.818828	0.068042	-12.861876	0.071894	19.9867	0.2363	184.8024534748616	1.8480874693348655	33.16611124010003	0.30881405148599406	168.7095592524521	1.512271813798524	11.706
18.613737	0.075417	8.52945	0.071754	-1.820776	0.070282	-12.860368	0.068413	19.9867	0.2363	184.74957730902233	1.907122868403898	33.12048357664464	0.3214038506271003	168.76236529302363	1.4993646784001995	11.706
18.558252	0.071539	8.494818	0.073733	-1.853456	0.069244	-12.720093	0.070261	19.9867	0.2363	0.0	0.0	0.0	0.0	0.0	0.0	0.0
18.439848	0.071048	8.537458	0.070652	-1.799594	0.073443	-11.260642	0.093164	19.9867	0.2363	0.0	0.0	0.0	0.0	0.0	0.0	0.0
18.079187	0.072861	8.514951	0.074607	-1.674378	0.068158	-9.414703	0.091259	19.9867	0.2363	0.0	0.0	0.0	0.0	0.0	0.0	0.0
17.69272	0.073019	8.528989	0.070543	-1.296513	0.067134	-7.648434	0.093755	20.0137	0.238	0.0	0.0	0.0	0.0	0.0	0.0	0.0
17.313588	0.06934	8.5895	0.068938	-0.71891	0.073249	-5.980526	0.096406	20.0353	0.2371	0.0	0.0	0.0	0.0	0.0	0.0	0.0
16.978119	0.079767	8.698003	0.080347	0.00168	0.08505	-4.409036	0.093198	20.0299	0.2375	0.0	0.0	0.0	0.0	0.0	0.0	0.0
16.672667	0.068685	8.861133	0.067211	0.773146	0.075364	-2.944014	0.078883	20.0515	0.2376	0.0	0.0	0.0	0.0	0.0	0.0	0.0
16.379912	0.077013	9.022295	0.075723	1.578372	0.083051	-1.556548	0.083557	20.0676	0.2382	0.0	0.0	0.0	0.0	0.0	0.0	0.0
16.109616	0.078329	9.213412	0.07908	2.372485	0.079514	-0.282995	0.089264	20.073	0.2382	0.0	0.0	0.0	0.0	0.0	0.0	0.0
15.879179	0.074982	9.445127	0.071312	3.190867	0.077838	0.923329	0.079124	20.0838	0.2377	0.0	0.0	0.0	0.0	0.0	0.0	0.0
15.701637	0.073873	9.683674	0.067762	3.951158	0.071406	2.038011	0.069232	20.1054	0.2378	0.0	0.0	0.0	0.0	0.0	0.0	0.0
15.563887	0.079499	9.965166	0.07791	4.737801	0.075766	3.09517	0.072276	20.1054	0.2378	0.0	0.0	0.0	0.0	0.0	0.0	0.0
15.403528	0.077901	10.182958	0.083121	5.41911	0.082201	4.067784	0.081661	20.1162	0.2384	0.0	0.0	0.0	0.0	0.0	0.0	0.0
15.320596	0.076898	10.433893	0.078323	6.110607	0.081031	4.998937	0.076616	20.1378	0.238	0.0	0.0	0.0	0.0	0.0	0.0	0.0
15.224362	0.070025	10.714263	0.07073	6.766724	0.070449	5.840671	0.076457	20.1486	0.2371	0.0	0.0	0.0	0.0	0.0	0.0	0.0
15.147449	0.075832	10.922943	0.073324	7.369939	0.078843	6.623018	0.078612	20.1647	0.2384	0.0	0.0	0.0	0.0	0.0	0.0	0.0
15.122842	0.072031	11.215587	0.069083	8.005098	0.070912	7.404182	0.070371	20.1809	0.2387	0.0	0.0	0.0	0.0	0.0	0.0	0.0
15.037765	0.07642	11.440998	0.077138	8.530983	0.079007	8.069174	0.077684	20.2025	0.2373	0.0	0.0	0.0	0.0	0.0	0.0	0.0
15.027737	0.075894	11.685477	0.075506	9.078601	0.069369	8.738388	0.073518	20.2025	0.2373	0.0	0.0	0.0	0.0	0.0	0.0	0.0
15.019067	0.076769	11.913347	0.07506	9.580548	0.075862	9.344488	0.079339	20.2187	0.2387	0.0	0.0	0.0	0.0	0.0	0.0	0.0
15.022902	0.068642	12.137433	0.071311	10.055272	0.075367	9.909696	0.072139	20.251	0.2381	0.0	0.0	0.0	0.0	0.0	0.0	0.0
15.049918	0.079472	12.368227	0.076716	10.476546	0.074329	10.446137	0.077026	20.2564	0.2376	0.0	0.0	0.0	0.0	0.0	0.0	0.0
15.072748	0.069445	12.623726	0.07129	10.933029	0.069167	10.963429	0.077952	20.2618	0.2381	0.0	0.0	0.0	0.0	-0.0	0.0	0.0
15.076406	0.07848	12.793063	0.079659	11.324816	0.077848	11.408142	0.078827	20.278	0.2391	0.0	0.0	0.0	0.0	-0.0	0.0	0.0
15.124434	0.076606	13.016597	0.075115	11.716015	0.072902	11.907425	0.077454	20.305	0.2383	0.0	0.0	0.0	0.0	-0.0	0.0	0.0
15.317181	0.073185	13.560341	0.070982	12.342663	0.074735	12.495663	0.073164	20.305	0.2383	0.0	0.0	0.0	0.0	-0.0	0.0	0.0
15.455104	0.078117	13.773329	0.071401	12.75705	0.077906	12.920538	0.074952	20.3104	0.239	0.0	0.0	0.0	0.0	-0.0	0.0	0.0
15.547212	0.067113	13.961492	0.065286	13.112367	0.072469	13.333505	0.075561	20.3212	0.2389	0.0	0.0	0.0	0.0	-0.0	0.0	0.0
15.586338	0.074818	14.105247	0.074981	13.399153	0.079386	13.657482	0.072824	20.3266	0.2392	0.0	0.0	0.0	0.0	-0.0	0.0	0.0
15.641473	0.07077	14.271218	0.068476	13.646748	0.069408	13.985497	0.07153	20.3643	0.2381	0.0	0.0	0.0	0.0	-0.0	0.0	0.0
15.693767	0.074463	14.432293	0.068938	13.93484	0.06659	14.284234	0.067542	20.3589	0.2386	0.0	0.0	0.0	0.0	-0.0	0.0	0.0
15.79302	0.077381	14.621708	0.076673	14.206177	0.073346	14.580663	0.07604	20.3751	0.2391	0.0	0.0	0.0	0.0	-0.0	0.0	0.0
15.88038	0.068436	14.780794	0.067395	14.453577	0.074488	14.846972	0.070134	20.3913	0.2397	0.0	0.0	0.0	0.0	-0.0	0.0	0.0
15.954903	0.071806	14.958154	0.069643	14.694624	0.076408	15.12349	0.069233	20.4021	0.2395	0.0	0.0	0.0	0.0	-0.0	0.0	0.0
15.99767	0.075485	15.087497	0.073632	14.879507	0.078722	15.339703	0.070998	20.4075	0.2393	0.0	0.0	0.0	0.0	-0.0	0.0	0.0
16.101565	0.071771	15.263302	0.072168	15.121276	0.075081	15.563275	0.072119	14.0212	0.4811	0.0	0.0	0.0	0.0	-0.0	0.0	0.0
16.147182	0.073302	15.465879	0.071801	15.301022	0.07026	15.788879	0.07224	0.9088	0.2752	0.0	0.0	0.0	0.0	-0.0	0.0	0.0
16.222101	0.080115	15.610923	0.078931	15.445999	0.080511	16.000436	0.078412	2.1872	0.207	0.0	0.0	0.0	0.0	-0.0	0.0	0.0
16.332132	0.07179	15.795214	0.073347	15.652958	0.071431	16.193321	0.071888	0.0836	0.182	0.0	0.0	0.0	0.0	-0.0	0.0	0.0
16.40679	0.073123	15.923574	0.074772	15.833033	0.074537	16.382078	0.07119	0.0836	0.182	0.0	0.0	0.0	0.0	-0.0	0.0	0.0
16.463233	0.075795	16.027565	0.074016	15.990904	0.073402	16.548587	0.072706	0.0836	0.182	0.0	0.0	0.0	0.0	-0.0	0.0	0.0
16.565326	0.07088	16.129468	0.072806	16.167484	0.070945	16.690207	0.078594	0.0836	0.182	0.0	0.0	-0.0	0.0	-0.0	0.0	0.0
16.637782	0.080945	16.22877	0.070819	16.335284	0.078109	16.854192	0.072969	0.0836	0.182	0.0	0.0	-0.0	0.0	-0.0	0.0	0.0
16.677724	0.072007	16.320512	0.073114	16.508102	0.081791	17.029428	0.075269	0.0836	0.182	0.0	0.0	-0.0	0.0	-0.0	0.0	0.0
16.775688	0.069324	16.426633	0.074062	16.68708	0.079485	17.171271	0.069376	0.0836	0.182	0.0	0.0	-0.0	0.0	-0.0	0.0	0.0
16.827079	0.074654	16.486269	0.072027	16.819522	0.070955	17.297724	0.070064	0.0674	0.1837	0.0	0.0	-0.0	0.0	-0.0	0.0	0.0
16.887327	0.07021	16.548512	0.071918	16.985887	0.076068	17.414362	0.077632	0.0836	0.182	0.0	0.0	-0.0	0.0	-0.0	0.0	0.0
16.950402	0.074122	16.638501	0.074087	17.132323	0.074352	17.569362	0.072819	0.0836	0.182	0.0	0.0	-0.0	0.0	-0.0	0.0	0.0
16.987123	0.069278	16.677266	0.069136	17.250263	0.076628	17.668737	0.072578	0.0782	0.1827	0.0	0.0	-0.0	0.0	-0.0	0.0	0.0
17.035055	0.073741	16.731373	0.074427	17.385792	0.067546	17.766901	0.080498	0.0836	0.182	0.0	0.0	-0.0	0.0	-0.0	0.0	0.0
17.118859	0.074701	16.831701	0.074666	17.538593	0.071779	17.928261	0.075852	0.0836	0.182	0.0	0.0	-0.0	0.0	-0.0	0.0	0.0
17.136454	0.076788	16.861772	0.076425	17.639576	0.080871	17.995994	0.078194	0.0836	0.182	0.0	0.0	-0.0	0.0	-0.0	0.0	0.0
17.203698	0.066638	16.926851	0.067752	17.761294	0.069762	18.105312	0.067728	0.0944	0.1833	0.0	0.0	-0.0	0.0	-0.0	0.0	0.0
17.249793	0.071868	16.97289	0.069426	17.884797	0.073212	18.233148	0.069562	0.0836	0.182	0.0	0.0	-0.0	0.0	-0.0	0.0	0.0
17.302081	0.067592	17.041767	0.065613	18.037551	0.070063	18.340055	0.066794	0.0836	0.182	0.0	0.0	-0.0	0.0	-0.0	0.0	0.0
17.372593	0.073235	17.108045	0.076599	18.127065	0.076861	18.433867	0.074112	0.0944	0.1833	0.0	0.0	-0.0	0.0	-0.0	0.0	0.0
17.401978	0.074882	17.141561	0.076943	18.242315	0.082739	18.519923	0.077777	0.089	0.1827	0.0	0.0	-0.0	0.0	-0.0	0.0	0.0
17.397194	0.073731	17.157612	0.075036	18.306486	0.078282	18.582086	0.076591	0.089	0.1827	0.0	0.0	-0.0	0.0	-0.0	0.0	0.0
17.480993	0.075619	17.224661	0.073374	18.422049	0.072172	18.670511	0.06946	0.1105	0.184	0.0	0.0	-0.0	0.0	-0.0	0.0	0.0
17.533608	0.066231	17.3043	0.068701	18.604777	0.067438	18.763238	0.077236	0.0836	0.182	0.0	0.0	-0.0	0.0	-0.0	0.0	0.0
17.530902	0.074517	17.322441	0.07449	18.870273	0.076216	18.842227	0.075665	0.6068	0.209	0.0	0.0	-0.0	0.0	0.0	0.0	0.0
17.579979	0.068261	17.400645	0.069175	19.043563	0.069062	18.946187	0.071987	1.0706	0.184	0.0	0.0	-0.0	0.0	0.0	0.0	0.0
17.644862	0.068613	17.838993	0.091796	19.222259	0.073556	19.059713	0.070539	4.199	0.7548	-0.0	0.0	-0.0	0.0	0.0	0.0	0.0
17.766893	0.071682	18.096978	0.068684	19.166672	0.069787	19.18463	0.066936	19.0374	0.2334	-0.0	0.0	-0.0	0.0	-0.0	0.0	0.0
17.833079	0.075916	18.117243	0.077902	18.970749	0.075779	19.225942	0.076034	20.7041	0.2596	-0.0	0.0	-0.0	0.0	-0.0	0.0	0.0
17.931316	0.067833	18.167495	0.067229	18.914183	0.068845	19.236519	0.069258	20.7419	0.2399	-0.0	0.0	-0.0	0.0	-0.0	0.0	0.0
18.019853	0.070694	18.243575	0.069963	18.910852	0.070131	19.273067	0.069519	20.6286	0.2423	-0.0	0.0	-0.0	0.0	-0.0	0.0	0.0
18.077808	0.077093	18.266011	0.073671	18.912321	0.075666	19.259852	0.075595	20.5908	0.2401	-0.0	0.0	-0.0	0.0	-0.0	0.0	0.0
18.141312	0.07126	18.308646	0.076748	18.929968	0.07561	19.290102	0.072211	20.5801	0.2391	-0.0	0.0	-0.0	0.0	-0.0	0.0	0.0
18.221284	0.074826	18.367746	0.076549	18.959893	0.076767	19.338962	0.073621	20.5855	0.2397	-0.0	0.0	-0.0	0.0	-0.0	0.0	0.0
18.232614	0.073977	18.372795	0.079481	18.93128	0.071769	19.314545	0.075196	20.6016	0.2407	-0.0	0.0	-0.0	0.0	-0.0	0.0	0.0
18.251871	0.073914	18.325097	0.07611	18.917067	0.075634	19.287695	0.075825	20.5962	0.2404	-0.0	0.0	-0.0	0.0	-0.0	0.0	0.0
18.265579	0.069409	18.292775	0.076718	18.838443	0.070123	19.22999	0.069056	20.607	0.2407	-0.0	0.0	-0.0	0.0	-0.0	0.0	0.0
18.246825	0.073912	18.292847	0.075683	18.815455	0.071888	19.202766	0.074042	20.607	0.2407	-0.0	0.0	-0.0	0.0	-0.0	0.0	0.0
18.29364	0.072079	18.331302	0.073616	18.868744	0.068316	19.247709	0.074011	20.6016	0.2407	-0.0	0.0	-0.0	0.0	-0.0	0.0	0.0
18.318459	0.079875	18.35194	0.077753	18.881014	0.077013	19.243202	0.077503	20.607	0.2407	-0.0	0.0	-0.0	0.0	-0.0	0.0	0.0
18.338878	0.079585	18.36399	0.075104	18.872076	0.07189	19.242667	0.067454	20.6178	0.2405	-0.0	0.0	-0.0	0.0	-0.0	0.0	0.0
18.370485	0.073258	18.406065	0.078432	18.899578	0.073816	19.278603	0.074214	20.6124	0.2407	-0.0	0.0	-0.0	0.0	-0.0	0.0	0.0
18.399207	0.073556	18.426417	0.072513	18.92622	0.070633	19.27379	0.074495	20.6016	0.2407	-0.0	0.0	-0.0	0.0	-0.0	0.0	0.0
18.471397	0.076678	18.496523	0.07889	18.975576	0.077547	19.308473	0.077222	20.6232	0.2403	-0.0	0.0	-0.0	0.0	-0.0	0.0	0.0
18.460347	0.077408	18.481283	0.070017	18.983338	0.072163	19.305758	0.074017	20.6016	0.2407	-0.0	0.0	-0.0	0.0	-0.0	0.0	0.0
18.486836	0.076681	18.539184	0.069579	19.0518	0.076294	19.347009	0.072104	20.6124	0.2407	-0.0	0.0	-0.0	0.0	-0.0	0.0	0.0
18.528714	0.071191	18.56641	0.075686	19.060195	0.073813	19.372222	0.072107	20.5962	0.2404	-0.0	0.0	-0.0	0.0	-0.0	0.0	0.0
18.541351	0.07367	18.568577	0.07395	19.095958	0.076338	19.376502	0.085679	20.607	0.2407	-0.0	0.0	-0.0	0.0	-0.0	0.0	0.0
18.583458	0.07748	18.631637	0.072283	19.142382	0.071964	19.196085	0.07883	20.6016	0.2407	-0.0	0.0	-0.0	0.0	-0.0	0.0	0.0
18.629102	0.082617	18.664718	0.077433	19.154503	0.075562	17.39226	0.108322	20.5855	0.2397	-0.0	0.0	-0.0	0.0	0.0	0.0	0.0
18.665159	0.070923	18.640017	0.070063	19.020636	0.074115	15.157851	0.097987	20.5693	0.24	0.0	0.0	-0.0	0.0	0.0	0.0	0.0
18.761854	0.069855	18.541863	0.071429	18.542939	0.076334	13.008925	0.087793	20.5639	0.2403	0.0	0.0	-0.0	0.0	0.0	0.0	0.0
18.688134	0.073635	18.304968	0.072352	17.827281	0.081613	11.030572	0.080254	20.5261	0.2388	0.0	0.0	0.0	0.0	0.0	0.0	0.0
18.66696	0.075941	17.961877	0.078803	16.93277	0.081966	9.225518	0.088816	20.5153	0.2398	0.0	0.0	0.0	0.0	0.0	0.0	0.0
18.589522	0.081622	17.56948	0.066136	15.963018	0.078291	7.574081	0.082548	20.483	0.2396	0.0	0.0	0.0	0.0	0.0	0.0	0.0
18.518025	0.068819	17.096158	0.074772	14.930712	0.073849	6.029203	0.083076	20.4722	0.2386	1310.2098382670765	93.64111603653724	158.29603304575306	7.6823989234419585	209.284028136403	2.613354710954636	11.7052196
18.608594	0.069345	16.616165	0.069721	13.901356	0.084154	4.605142	0.07016	20.4614	0.2395	935.3132703123715	46.16148271989207	126.30440042419902	5.084336282149453	200.46282767441795	2.362633843309983	11.709
18.795542	0.078898	16.126648	0.07538	12.90896	0.081143	3.297553	0.082494	20.4344	0.2397	698.0672484911131	28.540805001330423	106.53750548161672	3.667031038717638	193.83923393161038	2.3336452009970228	11.706
18.985564	0.071493	15.680506	0.075577	11.921727	0.072834	2.05165	0.079527	20.4182	0.2383	563.7019343822143	17.74378130480821	91.20101001900262	2.546704830368307	188.75920082988026	2.0623682329562514	11.706
19.147685	0.079515	15.246615	0.079134	10.998288	0.08346	0.921417	0.079985	20.4182	0.2383	477.57858694468956	13.733616244821386	80.6916328783139	2.1845134055746516	184.8855527157211	2.1209571954637596	11.706
19.279219	0.071964	14.872306	0.069561	10.124106	0.078554	-0.122114	0.077658	20.4182	0.2383	422.760234744982	9.601513570051617	72.19671514384997	1.5954072382122528	181.82977713176393	1.960240460770179	11.706
19.446126	0.071359	14.530745	0.069165	9.30845	0.072721	-1.081926	0.06962	20.4021	0.2395	379.02814146382565	7.6630584637345684	65.64248600045953	1.261494344505625	179.30706654727942	1.737344186219351	11.706
19.570092	0.076551	14.201254	0.076131	8.569367	0.081622	-1.980155	0.079998	20.3913	0.2397	347.10400068323725	6.979973019334813	60.88408647350682	1.2066387992189436	176.6473699554036	1.9137086330491173	11.709
19.655475	0.073177	13.89016	0.072029	7.838216	0.076521	-2.796288	0.070259	20.3697	0.2387	323.23393116600573	5.756751609491135	56.65820984493278	0.9838348729201082	175.23573926477692	1.7117868114453316	11.709
19.735112	0.0722	13.614748	0.071071	7.1955	0.077637	-3.548492	0.071181	20.3589	0.2386	304.48276962525006	5.04012789381971	53.41627599698092	0.875854779056591	173.44997000983756	1.7004277230448197	11.709
19.798872	0.073918	13.34848	0.072701	6.612691	0.084347	-4.24322	0.083362	20.3535	0.239	288.9041718210654	4.643630997550397	50.90603934297449	0.8415658246625872	171.66180196596082	1.8752358996223448	11.709
19.831925	0.069039	13.08167	0.066423	6.030824	0.072319	-4.876756	0.078701	20.3427	0.2394	276.0703253072253	3.9181614222669765	48.63137163574905	0.6772668281777696	170.8486489530419	1.6741404481843594	11.709
19.893136	0.080978	12.848402	0.078253	5.528059	0.074334	-5.444308	0.082952	20.3158	0.2384	264.5302171453742	4.228502702181796	46.841019104181775	0.6906209633132109	169.83985559755618	1.7241179921373273	11.709
19.901245	0.071332	12.61097	0.072525	5.046011	0.072971	-5.98011	0.071678	20.3212	0.2389	255.6207107996168	3.5668278369240674	45.32639592129368	0.6164274228347211	169.01186668805892	1.5678772935902476	11.709
19.966764	0.082422	12.417002	0.073816	4.596733	0.070255	-6.47521	0.06661	20.305	0.2383	246.83494519484583	3.6174551047324046	43.846617157929906	0.5713597785788106	168.31239929557026	1.471708956686103	11.709
19.943597	0.073778	12.218959	0.073964	4.185735	0.076328	-6.931529	0.074485	20.2834	0.2392	241.24692590299978	3.2626761946075176	42.684271422252394	0.5647455485516569	167.6262545148084	1.6080472202828129	11.709
19.987537	0.076351	12.060903	0.072936	3.840912	0.071096	-7.33117	0.086984	20.278	0.2391	235.0991874987454	3.1317314733473998	41.71444153567372	0.5168860851429078	166.80376309516365	1.677323917582752	11.709
19.913267	0.07664	11.809827	0.069042	3.417277	0.065768	-7.746245	0.067064	20.2564	0.2376	229.96962778178442	2.9273980669477386	40.856753756872536	0.464198703317909	166.93165302938425	1.4045817166002745	11.709
19.920529	0.068185	11.651492	0.069126	3.094921	0.072671	-8.103028	0.071374	20.2564	0.2376	225.36424556200419	2.646245271371171	40.07356604212906	0.46972629486368267	166.4184443412675	1.5137780811354022	11.709
19.882309	0.073541	11.478288	0.075948	2.79237	0.073683	-8.426982	0.074259	20.2456	0.2385	221.74447659519015	2.789422586839328	39.4768070658749	0.4809306996637881	166.1009745900782	1.548761637682035	11.709
19.852126	0.078897	11.325327	0.076787	2.501907	0.074658	-8.735362	0.075034	20.2349	0.2389	218.55157164040412	2.8218765495001845	38.86161239066518	0.47170354847796075	165.83612883029377	1.5620859543255554	11.709
19.838329	0.076518	11.169319	0.074632	2.231656	0.073294	-9.012269	0.077979	20.2133	0.2383	214.96631488026506	2.6505069980836313	38.36487673024964	0.4490115019458502	165.73796300829366	1.5774546852952003	11.709
19.810883	0.074417	11.041275	0.072262	1.996754	0.06798	-9.271644	0.074804	20.2133	0.2383	212.50041332698024	2.5135002346933915	37.91160416319922	0.4158635519177294	165.37800904816936	1.4834612804277438	11.709
19.775177	0.072483	10.895115	0.073083	1.752333	0.071899	-9.527073	0.068856	20.2025	0.2373	209.85721934982	2.432508069080199	37.50415766169529	0.4205469893940861	165.21661263815247	1.4582110200628726	11.709
19.715705	0.074758	10.756822	0.072277	1.515895	0.074471	-9.754019	0.068353	20.1809	0.2387	208.01089210447194	2.414339300258446	37.10583516718067	0.4167084492216499	165.35576443561698	1.4831380889724246	11.709
19.729968	0.074982	10.66124	0.072064	1.340185	0.075083	-9.951016	0.070066	20.1593	0.2381	205.49136119911378	2.3565192416090475	36.78685836953567	0.41072989233859114	165.04402645038684	1.5011291735827708	11.709
19.68617	0.073504	10.533717	0.074552	1.145207	0.071776	-10.11108	0.068672	20.1486	0.2371	203.61156267773774	2.329100573769324	36.52255066851439	0.40258386629797227	165.55594309717915	1.461024277393089	11.709
19.680014	0.071753	10.466919	0.073035	0.993216	0.070669	-10.309925	0.071205	20.1486	0.2371	202.2713693110923	2.2478300001522276	36.1941180706802	0.38826748178452286	164.86967849705505	1.4632948783055149	11.709
19.634274	0.079187	10.378056	0.07689	0.849142	0.07927	-10.477253	0.074431	20.1486	0.2371	201.3290208922588	2.400742968370557	35.984407441757114	0.417038811009045	164.53118695599528	1.5795519450768714	11.709
19.591432	0.073795	10.244001	0.070822	0.66029	0.071985	-10.628973	0.070625	20.1378	0.238	199.36442039742832	2.1814741816054375	35.778659947844304	0.37699814067338827	165.0723605464199	1.4745686474310171	11.709
19.568762	0.071125	10.155175	0.069897	0.526127	0.067837	-10.762681	0.067466	20.1162	0.2384	197.96335762022784	2.0970913223334553	35.61019786183862	0.36021868096926274	165.07900866955055	1.3990719437787538	11.709
19.529985	0.073147	10.077815	0.068186	0.391939	0.071593	-10.904862	0.073259	20.1054	0.2378	197.1552627769549	2.085801096322174	35.40127382300794	0.36135643226816383	164.9622051968435	1.495776898427045	11.709
19.494552	0.074381	9.988971	0.075011	0.281222	0.067819	-11.023526	0.070736	20.0892	0.2373	195.99725112101632	2.1781381872912533	35.31245662748006	0.367843033012563	164.80401634991043	1.4286006959090833	11.706
19.458661	0.073111	9.893862	0.070177	0.143348	0.074533	-11.130787	0.064539	20.0946	0.2368	194.83369738095018	2.064318575040587	35.16658892384033	0.36921866949385956	165.29386390384118	1.4454903831079662	11.709
19.443718	0.077593	9.845235	0.073122	0.036595	0.073341	-11.232407	0.072298	20.0676	0.2382	194.14998925296413	2.1565805140810954	34.95819119873636	0.36910747865962135	165.36914811926093	1.5112786395867652	11.709
19.433669	0.076463	9.784836	0.072813	-0.050681	0.077026	-11.328807	0.074009	20.0784	0.238	193.13686649674742	2.113472415365052	34.86266214438819	0.3757041712890396	165.23535590663965	1.565004299013992	11.709
19.393967	0.070791	9.718276	0.080275	-0.151511	0.069309	-11.430591	0.070391	20.0623	0.2381	192.60074560645845	2.130502735921599	34.741612732847955	0.37331561314401973	165.2213816850395	1.4470622874983277	11.709
19.348196	0.074365	9.649826	0.073281	-0.234849	0.071618	-11.50475	0.078947	20.0461	0.2371	192.15033675477508	2.0685288915406796	34.68928928638777	0.3595936103597679	165.35595438443306	1.5639446531278427	11.709
19.32306	0.079224	9.589282	0.077566	-0.322048	0.075549	-11.60453	0.071812	20.0353	0.2371	191.4513771356819	2.1807561606126855	34.595993503151114	0.3779517623616053	165.1715741846877	1.5259469832932642	11.709
19.28208	0.076799	9.501961	0.078508	-0.409249	0.073614	-11.685168	0.073591	20.0299	0.2375	190.54422683516	2.1397073090290886	34.59641311652232	0.3756700444864377	165.26770273288707	1.5256093855967312	11.709
19.287042	0.067619	9.47811	0.073649	-0.480876	0.06827	-11.739121	0.063682	20.0299	0.2375	189.98450762937608	1.936506277019897	34.43044629001358	0.3471867957238288	165.5271474786433	1.372657134575764	11.709
19.255611	0.076512	9.439804	0.070705	-0.515723	0.072864	-11.774226	0.07028	19.9975	0.2373	189.851457286785	2.014979558741568	34.44240885927509	0.35125827419875666	165.52334517789023	1.4883579040517734	11.709
19.195824	0.071551	9.350565	0.066174	-0.608644	0.075798	-11.869595	0.0667	19.9921	0.2369	189.28352432371165	1.8737545479178037	34.42967187398307	0.3478494212007306	165.48738801607735	1.4837715684773285	11.709
19.190811	0.06895	9.341094	0.068904	-0.668603	0.070495	-11.912752	0.068096	20.0029	0.2377	189.19784394961275	1.8723900243830862	34.256013141868465	0.3373567632984303	165.73465683345606	1.444682038882416	11.709
19.163742	0.074378	9.282714	0.071437	-0.726633	0.067726	-11.971889	0.068987	19.9867	0.2363	188.59832719198067	1.9683874968577408	34.257211072622496	0.33690762509335664	165.71833852846925	1.424671225789679	11.709
19.11455	0.071586	9.21978	0.066253	-0.790461	0.067395	-12.021137	0.065891	19.976	0.2372	188.33638854270328	1.8565658107954695	34.25414944244879	0.32339479474826976	165.9334958997202	1.3926039435210749	11.709
19.124895	0.075187	9.207614	0.075062	-0.836864	0.071987	-12.063439	0.073982	19.9867	0.2363	187.90887514993744	2.013039296654234	34.13739576852259	0.35346292721000677	165.99410245297304	1.5262682904063998	11.709
19.067998	0.076192	9.126887	0.075564	-0.889056	0.07323	-12.103846	0.070745	19.976	0.2372	187.4584418754836	2.0235104454043107	34.23465198457588	0.35966623361568884	166.16852936115947	1.5086792002156373	11.709
19.089739	0.07244	9.139331	0.071727	-0.906448	0.073789	-12.137454	0.069817	19.9598	0.2377	187.28331158317368	1.9187373109002648	34.13297448806918	0.3496482497481939	165.92861160196162	1.5008119948171978	11.709
19.059604	0.076735	9.096661	0.072547	-0.979878	0.06923	-12.19043	0.069896	19.9598	0.2377	187.04767851994646	1.9825752495455389	34.02877729927875	0.33864499135725035	166.23135755949656	1.4587595721165434	11.709
19.01816	0.074087	9.072729	0.071032	-0.999198	0.071969	-12.205477	0.070594	19.9436	0.2371	187.3770213549893	1.9337432978504472	34.04436034494664	0.3417934773542359	166.2947472448298	1.4959863374093672	11.709
18.998826	0.071621	9.034242	0.070313	-1.037832	0.069419	-12.234675	0.069953	19.9328	0.2373	187.0168537069194	1.883695238672448	34.04386489988888	0.33397107823859157	166.4348786532663	1.4649123635123018	11.709
18.947879	0.073351	8.975554	0.071074	-1.088044	0.070172	-12.289555	0.069848	19.9382	0.2366	186.87167946545165	1.9139428860120309	34.07253981031174	0.33816050481757	166.36552180114398	1.4704978317260524	11.709
18.971104	0.069134	8.979651	0.070604	-1.122802	0.069794	-12.322781	0.067786	19.9328	0.2361	186.51394031035167	1.84462082428844	33.941492771812435	0.33354762588625625	166.3882781415999	1.4454094532446762	11.709
18.953195	0.078951	8.97406	0.079988	-1.12474	0.07507	-12.327048	0.072886	19.9328	0.2361	186.7441560693478	2.103196816138426	33.953769292475116	0.3688220006133205	166.35368572620726	1.5537818939121755	11.709
18.912819	0.080003	8.899314	0.070268	-1.194236	0.070804	-12.370907	0.070195	19.9112	0.2374	186.1031959569506	1.9789579032306783	33.971427800409856	0.3357362207015842	166.73526710887913	1.4873691552353119	11.709
18.904877	0.077718	8.893481	0.076959	-1.219334	0.075133	-12.3767	0.07209	19.922	0.237	186.14239187037396	2.033603440714548	33.906714590141064	0.3606088353687023	167.02376379134978	1.5587290787138952	11.709
18.883681	0.069828	8.859155	0.072484	-1.246351	0.072781	-12.413369	0.071792	19.9274	0.2366	185.85095447020964	1.865962066256492	33.92254462039097	0.3448086282238463	166.83663525954907	1.5273427261771115	11.706
18.907049	0.071194	8.881436	0.072384	-1.225125	0.068099	-12.409871	0.067688	19.9274	0.2366	185.8784298621857	1.8823653609173563	33.92769572887881	0.3336274006559001	166.6149014996933	1.4303160557677967	11.709
18.843541	0.073653	8.812725	0.06932	-1.277222	0.070704	-12.449987	0.072955	19.9166	0.2373	185.7820066788897	1.8732977860139244	33.983560151644795	0.33349679318475717	166.7935679758932	1.5166667720729934	11.709
18.856048	0.077077	8.828792	0.074644	-1.288798	0.072276	-12.472018	0.067053	19.9058	0.2375	185.84796948597608	1.9886708172050196	33.89071129870953	0.34803719318707527	166.6376377726069	1.4690545629518639	11.709
18.807157	0.066153	8.77415	0.063316	-1.338947	0.066233	-12.504717	0.066196	19.9004	0.2374	185.74144531238773	1.6952417673406661	33.905765424618146	0.3071982873371498	166.8980549026698	1.399686809646331	11.709
18.845935	0.076756	8.816886	0.07452	-1.302311	0.069679	-12.479604	0.072018	19.895	0.2372	185.81474722157162	1.9820982967880147	33.885330033869785	0.3416313214859317	166.72598492991688	1.4947566298916286	11.709
18.784098	0.072612	8.750006	0.067516	-1.364023	0.064906	-12.523109	0.068165	19.8789	0.2358	185.72135152472538	1.8351917874438493	33.90264368171384	0.31393457306896716	166.99801816003102	1.4085855674673997	11.709
18.777292	0.079026	8.727639	0.076059	-1.392943	0.073244	-12.543018	0.074553	19.8843	0.2364	185.43379830360178	2.02382488746442	33.88069227910676	0.35349196173347536	167.13296974540347	1.5665780045151096	11.709
18.788957	0.067948	8.728178	0.074577	-1.385253	0.066457	-12.540073	0.067438	19.8789	0.2358	185.22872832349051	1.8574606697426066	33.90464559437729	0.3348784165148113	167.06188302746963	1.4179991658191755	11.709
18.782668	0.077814	8.732202	0.075443	-1.389111	0.077935	-12.536395	0.07312	19.8789	0.2358	185.418787442867	1.9995150514187947	33.878245249534935	0.36307058639482737	167.17481682987028	1.6026719086911256	11.709
18.743683	0.068905	8.681341	0.071355	-1.437293	0.071834	-12.577909	0.072982	19.8843	0.2364	185.19994488331744	1.8256983525778354	33.88721623894906	0.3390876392242208	167.27487410899374	1.5375779458548837	11.709
18.736953	0.071145	8.677117	0.072075	-1.43921	0.072427	-12.56844	0.07279	19.8681	0.2367	185.24609208828156	1.86488926387924	33.894940913962635	0.34235131091908555	167.44601669009256	1.5449521922745613	11.709
18.729308	0.071556	8.681475	0.071706	-1.425731	0.070781	-12.578093	0.067303	19.8735	0.2363	185.41985184869813	1.8693892831174868	33.91684070373467	0.3381073151023162	167.05587922465554	1.4630571340468788	11.706
18.735152	0.070466	8.667195	0.065421	-1.452714	0.065394	-12.605396	0.070354	19.8789	0.2358	185.0966543776376	1.7677332806385033	33.88294566760983	0.30970428442037556	167.09391639636027	1.4391010542247222	11.709
18.712322	0.072164	8.665284	0.075554	-1.454648	0.070132	-12.596341	0.070895	19.8789	0.2358	185.4345331189125	1.9283449402852604	33.874188606894336	0.34505847489635927	167.21584722068462	1.4966447296614782	11.706
18.718977	0.075366	8.655395	0.071685	-1.473936	0.072752	-12.59841	0.073288	19.8735	0.2363	185.17712982538268	1.913924503054267	33.851425908919	0.3413294271825234	167.5176115694515	1.5550430610778463	11.709
18.72339	0.068945	8.659518	0.064072	-1.47587	0.065392	-12.607741	0.06637	19.8681	0.2367	185.12435066389142	1.7313375443769807	33.82253052368933	0.3055077012843506	167.36340513883275	1.4008113651784608	11.706
18.69997	0.07057	8.627174	0.069578	-1.497066	0.064254	-12.6406	0.06394	19.8735	0.2363	185.0077425296704	1.8202102249260306	33.868449560098654	0.31682576206312246	167.2310829423166	1.3603364180754065	11.709
18.694568	0.065632	8.621541	0.068422	-1.489379	0.066677	-12.620932	0.064038	19.8573	0.2372	184.95610078276266	1.7408658422384922	33.9043810389953	0.3203588414786965	167.3681692676515	1.390004443901268	11.706
18.687692	0.070569	8.597145	0.072371	-1.524061	0.068384	-12.642623	0.0667	19.8735	0.2363	184.68227942130358	1.8500452149323467	33.87860344348993	0.3332846127909514	167.60667489687992	1.4400065028630027	11.709
18.659572	0.066714	8.582673	0.068307	-1.539455	0.067547	-12.640231	0.07123	19.8789	0.2358	184.93242203363172	1.7522798181319492	33.87551780184832	0.32149951566306456	167.87522298394745	1.484527362109688	11.709
18.662108	0.072405	8.586893	0.070077	-1.531758	0.067965	-12.64786	0.066039	19.8627	0.237	184.91593570767708	1.8493644408558774	33.87847515340247	0.3268487477561269	167.60081308075576	1.4287918208444814	11.706
18.632558	0.0751	8.550607	0.070329	-1.578004	0.071206	-12.669778	0.06813	19.8627	0.237	184.83974144775803	1.8863505530642448	33.85383452260382	0.33451630455865455	168.0114777151562	1.4927735851633526	11.709
18.637408	0.072736	8.571008	0.071224	-1.560681	0.068879	-12.666518	0.066079	19.8519	0.2372	185.1252782014991	1.8721614148400707	33.843552347189146	0.33096919068160685	167.7987104578964	1.4421641713374846	11.709
18.606981	0.073657	8.532318	0.070623	-1.577991	0.070119	-12.682365	0.075492	19.8465	0.2371	184.9734461480452	1.8735520467419482	33.91512026399927	0.33384120026174674	167.82082447871127	1.5571346568658282	11.709
18.609002	0.07176	8.534295	0.075979	-1.593403	0.074335	-12.695182	0.068845	19.8519	0.2372	184.92524282120021	1.9183252034928164	33.84821108498829	0.3552514428355319	167.8170460145916	1.5315413236587543	11.706
18.623885	0.086151	8.548464	0.08063	-1.562579	0.079468	-12.673268	0.077572	19.8411	0.2369	184.95954714969446	2.166124797686003	33.912654653204115	0.3797073496344497	167.72543601235614	1.6764288072446463	11.709
18.610029	0.068389	8.530736	0.067931	-1.585729	0.068776	-12.679291	0.07058	19.8465	0.2371	184.88848352593243	1.768179224510537	33.89448307692584	0.3238803233936308	167.98437539287744	1.4922580219146766	11.709
18.571742	0.072381	8.514392	0.075112	-1.58571	0.072408	-12.710162	0.070756	19.8411	0.2369	185.29188347540284	1.9217743375282303	33.94939112591272	0.35068331486461224	167.51793456864962	1.5245116238706706	11.709
18.567553	0.06818	8.500323	0.069669	-1.610759	0.064377	-12.715675	0.064528	19.8465	0.2371	185.05643247480768	1.7918811658538591	33.90270602055498	0.3180637613837766	167.76404941358567	1.3770118048221593	11.7056098
18.559103	0.067556	8.488232	0.070515	-1.612683	0.065976	-12.711953	0.066628	19.8465	0.2371	184.99568979366052	1.7938380705262404	33.93796180604027	0.32445438530883175	167.8549811426075	1.4180264218596426	11.706
18.595879	0.074745	8.522925	0.072942	-1.599234	0.068869	-12.696157	0.070243	19.8519	0.2372	185.00484607944333	1.9181632901951087	33.875412932788436	0.33572744615445976	167.93351260367413	1.4887016588618651	11.709
18.571888	0.07135	8.49235	0.068424	-1.61847	0.066324	-12.704742	0.071913	19.8411	0.2369	184.88398487533286	1.81328905730909	33.913403317061864	0.31962961685909314	168.09485771008514	1.4833174636259547	11.709
18.55058	0.070486	8.472089	0.075802	-1.64543	0.067637	-12.713698	0.072199	19.8519	0.2372	184.85582701639206	1.8985315651266446	33.882264934462846	0.3402149121121271	168.3251399009887	1.5045438414639847	11.706
18.56748	0.072913	8.478184	0.071064	-1.628096	0.074172	-12.713791	0.067806	19.8465	0.2371	184.65784786047732	1.8634595210781812	33.919945982387425	0.3447647792152403	168.0605373174619	1.5235104128303198	11.706
18.561636	0.074866	8.47838	0.074025	-1.626185	0.073138	-12.717745	0.071456	19.8573	0.2372	184.76846662929063	1.9292347638217398	33.92570460458173	0.349383380874409	167.97166122977424	1.5484945137990622	11.706
18.583238	0.073543	8.502792	0.070468	-1.620427	0.069167	-12.710812	0.066034	19.8357	0.2366	184.86733964221	1.8679274280807812	33.871866496998116	0.33038249210028353	168.0325024833193	1.4488581390853408	11.709
18.524088	0.07715	8.460359	0.07141	-1.637749	0.070388	-12.721513	0.071186	19.8303	0.2361	185.1269791254585	1.9338407707754977	33.947395604753765	0.3370806434316627	168.0898160790837	1.5182110181582467	11.706
18.525817	0.0732	8.464215	0.072499	-1.647369	0.071721	-12.724955	0.069719	19.8411	0.2369	185.16610821876498	1.8960049436862225	33.90215412285017	0.3419194963647851	168.18354827004705	1.518585885902974	11.706
18.517442	0.075588	8.460196	0.069347	-1.649295	0.068057	-12.72863	0.066448	19.8357	0.2366	185.2937932422973	1.8899117843151787	33.91786176654163	0.3259895323968058	168.2001011099526	1.4440006118287427	11.709
18.516712	0.075465	8.433748	0.069995	-1.662754	0.069167	-12.748376	0.069283	19.8411	0.2369	184.82117425536077	1.8866861307475091	33.96149604849741	0.331000085153812	168.10471034622304	1.4845542215399683	11.709
18.534193	0.072931	8.436083	0.067054	-1.658927	0.069554	-12.743329	0.068109	19.8303	0.2361	184.5439616008423	1.810541623760493	33.966515004727746	0.3250702943138518	168.1232082625655	1.4765275889414056	11.709
18.52314	0.08207	8.437832	0.07708	-1.658907	0.078557	-12.728258	0.075543	19.8249	0.2356	184.77822227805717	2.0628522471287267	33.96070158116093	0.37018049572231787	168.35179657264965	1.6575445307469956	11.709
18.500108	0.075585	8.423768	0.071328	-1.664685	0.07002	-12.75398	0.068749	19.8303	0.2361	184.94265781898673	1.9074877749161405	33.98859294732788	0.33674650496276176	168.04902561998742	1.4870652074805173	11.709
18.521483	0.079179	8.442046	0.070102	-1.655069	0.078567	-12.741399	0.069837	19.8357	0.2366	184.88583444469484	1.9397963089230792	33.959434174347024	0.354135246296166	168.09397842399989	1.5938344898731232	11.709
18.498087	0.070589	8.415764	0.070482	-1.672393	0.067213	-12.754027	0.064142	19.8411	0.2369	184.78555150452627	1.82823138658703	33.98088294349035	0.3280574777093543	168.12211475142266	1.409520123365575	11.706
18.476934	0.073899	8.405621	0.068812	-1.666606	0.067951	-12.739189	0.070474	19.8357	0.2366	185.03499526248422	1.8551865592339387	34.04334512246371	0.32686641406357314	168.30266659592172	1.4880363295267054	11.709
18.509139	0.070451	8.422051	0.073234	-1.676267	0.069642	-12.750725	0.066645	19.8303	0.2361	184.69827226216665	1.8606955350746324	33.94669152716467	0.33972689149636426	168.23104634752423	1.4642961124385052	11.706
18.505097	0.073607	8.418098	0.072155	-1.664714	0.071465	-12.737957	0.069559	19.8357	0.2366	184.74722633594402	1.8878424258859419	34.007609263839406	0.34252899495951555	168.292638795251	1.5156758728793436	11.709
18.473038	0.075519	8.401733	0.073145	-1.693583	0.072054	-12.765097	0.072842	19.8249	0.2356	185.0351354223436	1.931581218930706	33.96548726602138	0.3454445664486598	168.31891787674425	1.5576696958522138	11.709
18.51391	0.071263	8.428339	0.070549	-1.655098	0.067318	-12.743748	0.068216	19.8465	0.2371	184.77339066512803	1.8371455686423732	34.005502059355564	0.3288546912991145	168.0587940038124	1.452532784636597	11.709
18.45882	0.067252	8.383847	0.07049	-1.695525	0.066318	-12.770888	0.064477	19.8357	0.2366	184.96776285478893	1.7886306148119715	34.01921358502223	0.32665409311841326	168.26042558477815	1.4052224683310193	11.709
18.481921	0.075554	8.383879	0.067975	-1.695528	0.069646	-12.759912	0.068196	19.8303	0.2361	184.54521087179396	1.8573591203864293	34.01909518634429	0.3284650875934821	168.42738959981637	1.4838011208224773	11.709
18.473329	0.071265	8.401863	0.070097	-1.69552	0.072479	-12.748748	0.071785	19.8249	0.2356	185.0321711965863	1.836488058823277	33.95853559130627	0.3391045286666837	168.59736902273715	1.5559961034731449	11.709
18.450229	0.072514	8.385759	0.074591	-1.699369	0.069639	-12.763399	0.069172	19.8357	0.2366	185.16079235060113	1.913871352269136	33.99979862173208	0.3440242438908887	168.43276609531907	1.4942492585180727	11.709
18.467412	0.076968	8.383944	0.073929	-1.703238	0.074693	-12.776539	0.070483	19.8303	0.2361	184.81809792468832	1.9560810698170787	33.994009235610896	0.3541643207351848	168.29735361525604	1.5608479244716433	11.709390299999999
18.450519	0.07423	8.377853	0.064633	-1.716714	0.068567	-12.772772	0.067143	19.8411	0.2369	185.01011809048404	1.8078365964115952	33.96800795950392	0.3170756355327273	168.55422101163785	1.4630593112003298	11.709
18.439908	0.068332	8.371762	0.07342	-1.716708	0.06597	-12.785538	0.066252	19.8357	0.2366	185.0931875199259	1.8438922630149064	33.98853526761109	0.3325396878611514	168.35973601566957	1.4220853505050939	11.709
18.448136	0.070216	8.375715	0.070505	-1.699369	0.069644	-12.779933	0.065464	19.8249	0.2356	184.967230493652	1.8272721847965376	34.02497377734415	0.33468132894972613	168.13834862119592	1.4503699154061642	11.706
18.439908	0.072749	8.35971	0.06974	-1.71093	0.06964	-12.776353	0.071917	19.8303	0.2361	184.87188446216368	1.848267286113182	34.04871137667866	0.3332184030700097	168.4115807554783	1.523618790545001	11.709
18.449298	0.070586	8.360161	0.071629	-1.709044	0.068163	-12.777006	0.062626	19.8357	0.2366	184.66077055215914	1.8406038222410896	34.0448401803003	0.3343138417245299	168.32978733992516	1.407790688048574	11.706
18.419049	0.073655	8.355725	0.073193	-1.730192	0.069632	-12.770888	0.074663	19.8411	0.2369	185.12824946838106	1.9102313983951411	33.98729719303055	0.3404263981804646	168.73987261348407	1.5603411551433792	11.7056098
18.43623	0.069706	8.361944	0.068289	-1.732135	0.069549	-12.789539	0.064958	19.8357	0.2366	184.93299207061713	1.79132040238965	33.96094564371747	0.3279331783010442	168.4905218494341	1.4501256865749281	11.706
18.415516	0.075664	8.339946	0.0783	-1.72444	0.074458	-12.776819	0.071684	19.8249	0.2356	184.95680282013367	1.9987860376588589	34.06987058666594	0.3657698014567231	168.61032172846794	1.5767674524939492	11.709
18.425256	0.072063	8.343641	0.068472	-1.737892	0.069253	-12.776353	0.06858	19.8357	0.2366	184.79854630649336	1.822125223391068	34.00320864405811	0.3284699697582264	168.7796707129343	1.4902330853042236	11.706
18.416594	0.074984	8.335479	0.07326	-1.75136	0.07506	-12.796373	0.074573	19.8303	0.2361	184.84890698676352	1.9222060781067456	33.99290109751938	0.35346769776714193	168.7171508293469	1.6162466774688329	11.708609699999998
18.421795	0.071923	8.341954	0.078472	-1.735995	0.065969	-12.776819	0.070401	19.8303	0.2361	184.87843828554978	1.9523628898005587	34.02401697695957	0.34610523630667084	168.78678489183088	1.4749248196045532	11.709
18.426054	0.071481	8.35203	0.068484	-1.722517	0.071458	-12.764006	0.065273	19.8303	0.2361	184.93778631954018	1.8172994819156068	34.02678858548373	0.3342925204947785	168.73338592831598	1.4790102462766073	11.706
18.440852	0.069738	8.368164	0.068414	-1.720597	0.069928	-12.787982	0.066949	19.8303	0.2361	184.9623260266277	1.7939172998172659	33.978847774668594	0.32948589018905394	168.33856494444387	1.4725081283375951	11.706
18.44562	0.077863	8.358378	0.072456	-1.722545	0.077554	-12.769984	0.069629	19.8411	0.2369	184.74279885419077	1.9479348323082861	34.01397901136143	0.35810874707916907	168.68573104885908	1.5914400115925382	11.709
18.41104	0.073425	8.323749	0.072381	-1.730206	0.067636	-12.795003	0.065894	19.8357	0.2366	184.68841440354925	1.8877220823125982	34.09534091209497	0.3359488801276986	168.37233254804616	1.4368996163975425	11.7056098
18.445402	0.066912	8.37837	0.068973	-1.707129	0.069645	-12.780867	0.067514	19.8303	0.2361	185.06624506985116	1.766567930204798	33.98983821086106	0.33033865803517837	168.24198761169663	1.4736689529118352	11.706
18.430821	0.076888	8.360323	0.073629	-1.71291	0.072717	-12.766216	0.070587	19.8411	0.2369	185.04994756987713	1.9561787859674353	34.03995037765802	0.3496985022947974	168.59618090760583	1.545782736946888	11.709
18.419775	0.076994	8.350021	0.070843	-1.728295	0.069922	-12.776866	0.068748	19.8465	0.2371	185.0636377810301	1.9228520607700017	34.02278063590972	0.3360234754876869	168.66843385409217	1.4969580580633566	11.709
18.438831	0.071256	8.366188	0.071028	-1.739858	0.069733	-12.799051	0.068939	19.8411	0.2369	185.010539035571	1.8479740786287824	33.92942484624071	0.33418067324106865	168.5064428409466	1.4940777145064972	11.709
18.375027	0.066437	8.305482	0.068507	-1.770627	0.067314	-12.820438	0.065063	19.8249	0.2356	185.06747445249073	1.753921959253268	34.03023191649753	0.3243688217569068	168.6495026377934	1.428854707044949	11.709
18.409309	0.072919	8.325918	0.066443	-1.745627	0.070019	-12.789726	0.066647	19.8249	0.2356	184.81334910869765	1.8081130592157368	34.0456521057981	0.3262961106893612	168.73673843765448	1.4769252984005778	11.709
18.413495	0.072025	8.329935	0.072751	-1.732146	0.072722	-12.782377	0.070798	19.8411	0.2369	184.8102487066242	1.8762906538905002	34.07767241542398	0.34837806127554743	168.64310082790635	1.5489328976914212	11.709
18.389966	0.078242	8.327702	0.076688	-1.747532	0.070107	-12.783888	0.068212	19.8303	0.2361	185.2013889787349	2.016463452186791	34.03318721478451	0.35097780968847525	168.85512680675623	1.4965686881032656	11.709
18.405123	0.077139	8.321902	0.073845	-1.753329	0.072131	-12.802585	0.069966	19.8357	0.2366	184.81644953635185	1.957319727859649	34.03319695227961	0.3486937968054658	168.65799651086905	1.533891557542984	11.709
18.407361	0.080942	8.338034	0.075534	-1.747558	0.075794	-12.804515	0.071591	19.8303	0.2361	185.0714699486538	2.0348416361281205	33.99823430455891	0.36071070529045063	168.54051867804566	1.5892185644114025	11.709
18.388814	0.073534	8.324103	0.07211	-1.734089	0.077557	-12.784495	0.06831	19.8303	0.2361	185.15634591730884	1.894678881998639	34.09085059229033	0.3589367026465066	168.64044244321627	1.577236498571636	11.709
18.37914	0.070584	8.309467	0.073021	-1.764847	0.070747	-12.794676	0.071467	19.8357	0.2366	185.06511100617257	1.8664984082118101	34.03629529496536	0.3435013636886516	168.95504778238686	1.5404080327491054	11.709
18.402097	0.070618	8.338484	0.074066	-1.70908	0.070663	-12.781287	0.073268	19.8303	0.2361	185.12912258190005	1.8825611495085295	34.11816760928635	0.34760348634221755	168.26525024153065	1.5469312723996669	11.706
18.373586	0.076518	8.313804	0.073481	-1.770654	0.071004	-12.819023	0.074061	19.8357	0.2366	185.24708395927047	1.9535479777024507	34.00205895353772	0.34452847931067027	168.6715218557075	1.5663485659643983	11.709
18.378639	0.071579	8.314189	0.071971	-1.759136	0.067091	-12.795704	0.072059	19.8411	0.2369	185.16114595429676	1.867447532751955	34.03963698343925	0.3324837267511562	168.8518781125929	1.506308190781285	11.709
18.382391	0.07854	8.318013	0.075511	-1.753341	0.072463	-12.799098	0.075027	19.8519	0.2372	185.1624879279841	2.0044757352235862	34.04629692089232	0.35379044403102905	168.7114185228734	1.5931762587249128	11.709
18.382825	0.076234	8.328248	0.076185	-1.755285	0.073042	-12.801215	0.070714	19.8411	0.2369	185.29548859382922	1.9862169318077423	33.9964645232001	0.355835718820122	168.66553376905298	1.55236076379229	11.706
18.371855	0.072058	8.29589	0.072414	-1.764892	0.066759	-12.822931	0.071836	19.8411	0.2369	184.949552448439	1.8751557164512433	34.08207567767558	0.333651523957463	168.52403234851178	1.4945419004792777	11.709
18.382536	0.070994	8.304019	0.067951	-1.76105	0.070019	-12.81205	0.067067	19.8465	0.2371	184.9027223441418	1.8029266130854866	34.06755956137557	0.3302505900491024	168.63136586966607	1.4795019713198516	11.709
18.390618	0.080839	8.323974	0.07649	-1.743707	0.071706	-12.789819	0.070386	19.8249	0.2356	185.07338591381185	2.046070985984957	34.049993010854514	0.3545969423824253	168.66275871035134	1.5342059419455412	11.706
18.379647	0.074013	8.317724	0.073234	-1.762943	0.070834	-12.817046	0.07061	19.8411	0.2369	185.21384657889092	1.9165923627310455	34.01597867058596	0.3437987306738507	168.58965006424302	1.5253780955226186	11.709390299999999
18.380009	0.074878	8.319893	0.071318	-1.749478	0.069636	-12.806258	0.069797	19.8465	0.2371	185.24093938371124	1.9040762469012986	34.053002195827375	0.33709096252316034	168.5432084724248	1.5029093058670093	11.709
18.371059	0.068706	8.301562	0.068298	-1.764859	0.071459	-12.805884	0.064821	19.8519	0.2372	185.06835609653058	1.7805162877566283	34.06298182814702	0.334485485695929	168.783715368293	1.4748634711766584	11.709
18.383477	0.081584	8.334563	0.076355	-1.739905	0.079193	-12.792451	0.074258	19.8303	0.2361	185.44743556079516	2.0621275982254623	34.03577494377869	0.37165156906583263	168.60778033184835	1.6561273412362176	11.709
18.391776	0.073094	8.320471	0.067557	-1.749531	0.069255	-12.805264	0.070254	19.8519	0.2372	184.9877144202042	1.8281981925507067	34.042145274085584	0.32706170481509705	168.5159960384047	1.5036633790995537	11.706
18.364496	0.080447	8.314413	0.07358	-1.749528	0.070383	-12.792357	0.069606	19.8465	0.2371	185.42585697463102	2.0114653327837653	34.07137521206341	0.34471734150502303	168.75614349860902	1.512745546672397	11.709
18.372795	0.07264	8.326432	0.069633	-1.759154	0.070658	-12.819866	0.071841	19.8411	0.2369	185.4469937939658	1.85744408858815	33.98954277157447	0.3343249978162821	168.44013385663177	1.534523776373724	11.706
18.357784	0.075782	8.290121	0.074623	-1.788023	0.072798	-12.828816	0.068828	19.8411	0.2369	185.10205982164663	1.955437265497919	34.02336181501649	0.35194592948244063	168.7872614994522	1.5315790922050267	11.709
18.363701	0.069297	8.275904	0.072046	-1.770678	0.06954	-12.823071	0.068121	19.8411	0.2369	184.68529798320276	1.8301135342322497	34.12150289645349	0.3400820039202208	168.5669091936448	1.484686834240824	11.706
18.393942	0.071803	8.318494	0.076205	-1.749534	0.069632	-12.785102	0.070566	19.8303	0.2361	184.95905680712045	1.9220823540712186	34.05754410348627	0.3491895459036534	168.86718120959722	1.5170048454109701	11.709
18.370919	0.073501	8.302427	0.068139	-1.761089	0.06676	-12.816332	0.071838	19.8357	0.2366	185.08681610318868	1.8424417102683723	34.072817459511214	0.3229799643737572	168.56663571644435	1.4953299380421745	11.709
18.383694	0.073783	8.296498	0.077387	-1.763023	0.073364	-12.805451	0.070052	19.8519	0.2372	184.6962930272473	1.9577711705859309	34.077613658810954	0.36123593394041886	168.71904385124122	1.5498774548211818	11.706
18.347249	0.070916	8.288081	0.072722	-1.766839	0.06573	-12.819585	0.067438	19.8465	0.2371	185.25838329759188	1.8706990295009303	34.10194670128009	0.33245936944171606	168.60472774958725	1.4365502924459308	11.709
18.378712	0.075904	8.30217	0.076567	-1.755288	0.076793	-12.80861	0.073463	19.8519	0.2372	184.89159121052376	1.9782455051901564	34.0846029265702	0.3675073765857055	168.55274028973326	1.6205605254074802	11.706
18.405132	0.071297	8.32685	0.078845	-1.738008	0.071103	-12.792918	0.071529	19.8465	0.2371	184.90703234753892	1.9502984302640916	34.068273399971105	0.3593733510386889	168.57172039800298	1.537916762079322	11.709
18.381673	0.069533	8.314606	0.06858	-1.753397	0.068861	-12.80366	0.068212	19.8519	0.2372	185.06558631348446	1.7953615260436497	34.048903635895535	0.3286699416868794	168.59940675574015	1.4788523380249508	11.706
18.347176	0.079925	8.282024	0.070302	-1.786091	0.073206	-12.836069	0.071523	19.8411	0.2369	185.10079984531396	1.9575320576388342	34.04852483470351	0.34324047015652925	168.6037524273652	1.5616126699812105	11.706
18.385859	0.071252	8.298538	0.070241	-1.753397	0.068861	-12.81652	0.068118	19.8411	0.2369	184.69400424506995	1.831923362649534	34.10332983732192	0.33372215045220704	168.40343395439348	1.4744076405846878	11.706
18.384273	0.076	8.310813	0.072694	-1.764973	0.070013	-12.822358	0.068381	19.8627	0.237	184.99554658497442	1.9313909468651203	34.03132176187696	0.34088586951034844	168.53398673201036	1.491661034211886	11.709
18.383766	0.083207	8.294521	0.076042	-1.751472	0.075056	-12.811009	0.074255	19.8519	0.2372	184.65878783350945	2.0630659193590266	34.12350330027631	0.36292147327563007	168.4580258836402	1.6081939373159215	11.706
18.383477	0.075317	8.294393	0.0763	-1.768792	0.076153	-12.821843	0.073476	19.8627	0.237	184.70907020650074	1.9628178853077842	34.07393703927614	0.3650127278283619	168.60006491912847	1.6141501986880862	11.709
18.379508	0.069734	8.292481	0.066564	-1.764949	0.067636	-12.807288	0.066949	19.8573	0.2372	184.74672611667046	1.7656504037291174	34.09343373284402	0.3216863127838823	168.7636380834857	1.454463633004807	11.709
18.341332	0.072131	8.286232	0.069732	-1.778408	0.068161	-12.817982	0.062705	19.8627	0.237	185.28585220899694	1.8487165799447869	34.060282525742	0.3299935390000886	168.76264200228655	1.4158339208886876	11.706
18.37525	0.067382	8.294457	0.072459	-1.782277	0.065965	-12.831121	0.067041	19.8465	0.2371	184.81362105765498	1.8140235315476179	34.01940188115498	0.33081038853901956	168.6210518750581	1.435373008197752	11.706
18.354394	0.076988	8.304531	0.071318	-1.768801	0.070383	-12.807288	0.066848	19.8681	0.2367	185.429921700068	1.9363376642714174	34.03961380851449	0.3385936267830202	168.8225210998224	1.4845731851335842	11.709
18.368609	0.080171	8.292289	0.082989	-1.780336	0.073442	-12.812518	0.068672	19.8465	0.2371	184.89564413347807	2.1173276866547925	34.03328017970328	0.3744343832836433	168.87572960612994	1.5391254721805998	11.706
18.364424	0.069137	8.290281	0.062524	-1.791889	0.06964	-12.843744	0.069555	19.8573	0.2372	184.9830003381868	1.7116508879877228	34.00977470270908	0.3157020606531741	168.61831592426296	1.501679971102226	11.709
18.349413	0.06634	8.255983	0.06556	-1.816903	0.073212	-12.84351	0.070379	19.8411	0.2369	184.62952112644186	1.7060831219452104	34.04112035784356	0.33211993692494346	169.0044114620737	1.5565074077118046	11.709
18.379363	0.081874	8.314509	0.077114	-1.764943	0.074978	-12.816379	0.074452	19.8411	0.2369	185.1537322992132	2.0690490928063374	34.01894290324818	0.3630105483917898	168.6247129789711	1.6122361693746172	11.709
18.360166	0.069881	8.290249	0.067643	-1.772631	0.066311	-12.808797	0.066621	19.8357	0.2366	185.06062836748552	1.787355812067249	34.07497100235058	0.32075763884061553	168.85802071650778	1.4382029116594137	11.709
18.345662	0.072407	8.278263	0.072881	-1.782265	0.070833	-12.832771	0.07061	19.8519	0.2372	185.05950202377718	1.88848028014964	34.07420291471877	0.3442178970487845	168.59569735744176	1.525921121036077	11.706
18.336425	0.075461	8.27788	0.074957	-1.784153	0.073444	-12.828535	0.069515	19.8627	0.237	185.22239234306136	1.9586018059123669	34.0691046335472	0.3553196658295133	168.6891928479296	1.5445622390070384	11.706
18.377053	0.068514	8.298346	0.068966	-1.774562	0.065964	-12.818076	0.065462	19.8519	0.2372	184.8518580776705	1.7829806339658594	34.03232310722254	0.3224312704763453	168.70245172191454	1.4196561467488003	11.706
18.383766	0.071415	8.32264	0.068941	-1.739916	0.065494	-12.794475	0.067839	19.8627	0.237	185.17487090617942	1.826924676750889	34.06733444420199	0.3219371716228986	168.53389341356933	1.4375894411996795	11.706
18.326035	0.075319	8.267872	0.074525	-1.795709	0.071095	-12.841439	0.06981	19.8519	0.2372	185.2294183054315	1.951292863458997	34.06386695962551	0.34863327158647955	168.66859943463	1.5214951018354161	11.706
18.324159	0.06849	8.267967	0.07728	-1.793793	0.071884	-12.839743	0.067059	19.8681	0.2367	185.3132137290006	1.902897575002701	34.078761210452065	0.35747191649178567	168.70846446729675	1.501465767306379	11.709
18.345734	0.07456	8.288336	0.071668	-1.764937	0.066762	-12.821796	0.069137	19.8411	0.2369	185.29099543743504	1.9053200453735764	34.10752969886343	0.3322985093898146	168.54200588313537	1.465022960280034	11.709
18.364641	0.072059	8.29841	0.071022	-1.776494	0.069251	-12.814495	0.066661	19.8303	0.2361	185.12840212233212	1.860737082152905	34.034301772977095	0.3350966269321937	168.8299519169852	1.470210358536483	11.709
18.353888	0.073921	8.266151	0.06986	-1.774556	0.070472	-12.827166	0.07471	19.8627	0.237	184.68638879339017	1.8620907052758717	34.14146748009293	0.3374149818613951	168.5636009758565	1.566317974552156	11.706
18.351217	0.077417	8.279952	0.069347	-1.772607	0.073767	-12.832302	0.067019	19.8573	0.2372	184.98845397521112	1.9090650274308172	34.10121606242935	0.343453355616536	168.4556120174153	1.5180511546033932	11.706
18.355619	0.069776	8.288081	0.06891	-1.772616	0.068456	-12.834279	0.070217	19.8573	0.2372	185.05692727041315	1.802633144299913	34.07363320317736	0.3289705544001572	168.42563704910947	1.4931394441980335	11.706
18.359877	0.073488	8.296145	0.067969	-1.789948	0.063966	-12.834326	0.071587	19.8573	0.2372	185.12693876821845	1.8414056319929764	33.987832954685615	0.31451605729064674	168.68924298443716	1.466302527996079	11.706
18.370413	0.072649	8.292161	0.07618	-1.76877	0.07213	-12.819678	0.070712	19.8519	0.2372	184.86021031652183	1.9308760212082887	34.0728363777754	0.355294540644343	168.58956405395517	1.5409759537640666	11.706
18.35764	0.070578	8.284032	0.068397	-1.788017	0.06964	-12.836069	0.066352	19.8627	0.237	184.945441843073	1.8043983978439875	34.0352272643694	0.3298431755495103	168.6331366216132	1.4681907372580756	11.706
18.353382	0.070689	8.281992	0.067895	-1.788014	0.0672	-12.830512	0.067763	19.8519	0.2372	185.03356989161895	1.8007199961166216	34.050857264434796	0.3230171592328106	168.76119321097758	1.4585027503791208	11.709
18.334333	0.076439	8.259808	0.071328	-1.79378	0.070469	-12.845065	0.068446	19.8411	0.2369	184.9286019285867	1.9191124859167117	34.09772303992344	0.3400660475343087	168.58381895277935	1.4985971751158718	11.706
18.358435	0.07378	8.306476	0.079032	-1.761092	0.073123	-12.810868	0.071903	19.8519	0.2372	185.3912459311182	1.994060895879411	34.059104272292295	0.3642567769496063	168.65003819633785	1.5652321831636193	11.709
18.362403	0.073683	8.276255	0.075831	-1.786116	0.075063	-12.838281	0.069077	19.8627	0.237	184.71548361384055	1.9363815484225213	34.06796234968536	0.3612509218657857	168.5703849540496	1.55588336158289	11.706
18.360383	0.074472	8.286328	0.070023	-1.774565	0.068358	-12.821796	0.067282	19.8735	0.2363	184.93722681783535	1.8765665387924502	34.072964835465385	0.3314092736937025	168.6456794091508	1.4642277167932713	11.706
18.356053	0.079878	8.282248	0.072436	-1.768782	0.07587	-12.825376	0.076646	19.8573	0.2372	184.94181009756286	1.979627875241603	34.106401510099666	0.3559462423003283	168.5028652959042	1.6435833797327188	11.706
18.330653	0.068867	8.262039	0.072329	-1.788026	0.068455	-12.83621	0.066439	19.8681	0.2367	185.08458300902652	1.835866699512126	34.11841926923472	0.33808387218538993	168.67434745099828	1.4564147271947185	11.709
18.356197	0.072359	8.286328	0.070087	-1.768789	0.0711	-12.834654	0.071465	19.8519	0.2372	185.01409490598846	1.85085317872609	34.092540630151255	0.3385043223015808	168.36167920185292	1.5337571244273887	11.706
18.345589	0.075165	8.256142	0.06554	-1.789964	0.073055	-12.82905	0.068122	19.8519	0.2372	184.65508826016836	1.8251653321675927	34.123118892866465	0.3333637372823322	168.77010309800102	1.5271243069571314	11.706
18.344075	0.068804	8.278487	0.070022	-1.778435	0.072726	-12.822077	0.069831	19.8627	0.237	185.09278944721098	1.805195338292433	34.08642135550112	0.34217578567261786	168.7004782391281	1.5401623315931063	11.706
18.354466	0.072742	8.270422	0.072141	-1.793836	0.074465	-12.834889	0.066144	19.8681	0.2367	184.7540288467336	1.8770088826925313	34.06157285774598	0.3508935940583373	168.74005163035287	1.5221850581847165	11.706
18.337652	0.076012	8.276415	0.077431	-1.784206	0.078868	-12.820147	0.07368	19.8573	0.2372	185.22027528497358	1.9975047947255573	34.08262256460833	0.3744279852162349	168.8614684867412	1.6514455938630055	11.709
18.37756	0.079478	8.270454	0.082003	-1.784212	0.07754	-12.822077	0.074132	19.8573	0.2372	184.33246841529842	2.0827381155533464	34.09406948326837	0.3826870630464068	168.7887699568339	1.640434991446931	11.706
18.34328	0.073349	8.276127	0.075811	-1.786103	0.071879	-12.838094	0.071127	19.8627	0.237	185.11144571663732	1.93964687031882	34.077167409703854	0.3538017585796778	168.61626002554866	1.5427816278894286	11.709
18.341549	0.073465	8.264238	0.068006	-1.784193	0.06676	-12.816286	0.068141	19.8735	0.2363	184.92485814055925	1.837075293457352	34.1239647956268	0.32362712454333203	168.92038178356296	1.4606556663550556	11.709
18.352301	0.073182	8.264366	0.074863	-1.797684	0.071706	-12.833005	0.067914	19.8735	0.2363	184.73009252307864	1.9170905185424698	34.07778001665494	0.35108597772226047	168.87095955860138	1.5113438005053033	11.709
18.34761	0.069725	8.272175	0.068354	-1.780333	0.069644	-12.832677	0.067986	19.8735	0.2363	184.95928245166584	1.792447331800325	34.110127043009435	0.33112112369634156	168.6108616066636	1.4847804569020988	11.709
18.328993	0.081745	8.250182	0.079458	-1.801523	0.080553	-12.847512	0.076142	19.8627	0.237	184.84994753674113	2.090807375273648	34.10411301673362	0.38389530924697224	168.66463744553167	1.6925107075284989	11.706
18.358868	0.073864	8.264493	0.072046	-1.788069	0.07439	-12.829519	0.068028	19.8627	0.237	184.5649403502788	1.8865790604552812	34.10120327356678	0.3513037155341373	168.73397991936102	1.5404923195688203	11.706
18.347971	0.073181	8.284384	0.074208	-1.786125	0.069911	-12.827401	0.078473	19.8627	0.237	185.12958493043064	1.9172757195691605	34.04043223870726	0.3446215001173251	168.73663950737964	1.6061401072172599	11.706
18.348188	0.073961	8.270422	0.072141	-1.772655	0.068859	-12.829378	0.069979	19.8735	0.2363	184.86912544062255	1.8952829666030535	34.13341064055337	0.338949144957047	168.5008945620117	1.4961737739260232	11.706
18.324953	0.076228	8.252254	0.075866	-1.795753	0.076719	-12.827401	0.073175	19.8573	0.2372	185.00951933119723	1.9753565999983005	34.125409215112235	0.3664379757990952	168.9271800148589	1.6234852101594095	11.709
18.338086	0.069377	8.270581	0.071196	-1.795777	0.071455	-12.827776	0.066584	19.8681	0.2367	185.05756119723782	1.8272957021773089	34.05446511243526	0.34124143914833843	168.87854120816232	1.4951249358846366	11.706
18.329282	0.076228	8.264366	0.07324	-1.793833	0.074301	-12.834842	0.072282	19.8681	0.2367	185.10513923766422	1.9441496718694962	34.082092741572026	0.35352178168861237	168.74072070049655	1.584248711984179	11.706
18.30136	0.076802	8.251999	0.072888	-1.801504	0.073358	-12.827026	0.070383	19.8681	0.2367	185.43917309097384	1.9538388842129513	34.106751754491384	0.35082942474728523	169.02104050621904	1.5584791412902197	11.709
18.356631	0.072497	8.270454	0.073132	-1.778435	0.071005	-12.82024	0.074063	19.8627	0.237	184.7149549854184	1.885864739541461	34.113669189253976	0.34603296658392496	168.72854398122723	1.5678401975346772	11.706
18.343569	0.072112	8.288304	0.070561	-1.789967	0.073844	-12.816239	0.070856	19.8627	0.237	185.28281456231795	1.8590668445394216	34.014213907110395	0.3447112038540038	168.9662447768943	1.5682637847626286	11.706
18.337219	0.070008	8.272207	0.074526	-1.793815	0.07136	-12.82354	0.069813	19.8573	0.2372	185.10337523222285	1.8804850026594626	34.05560701055164	0.34908694896047193	168.91334738252013	1.5288394429075112	11.706
18.326684	0.07211	8.266151	0.06986	-1.789961	0.071882	-12.847371	0.069601	19.8735	0.2363	185.2332337821469	1.8485696063273656	34.09790485022584	0.3398815277620637	168.53360488987457	1.5250303582532774	11.709
18.339023	0.080577	8.264047	0.076532	-1.791877	0.079379	-12.828863	0.074725	19.8573	0.2372	184.96770923027375	2.0402333647413964	34.09854073365672	0.3738936159604796	168.84548331235342	1.6677707225996308	11.709
18.3282	0.074407	8.257864	0.072934	-1.791861	0.070372	-12.835975	0.072414	19.8681	0.2367	185.0529344074944	1.9146172057223607	34.11957307264811	0.3440876915571636	168.73650520721174	1.5427411648877387	11.709
18.371064	0.078373	8.312533	0.072842	-1.757243	0.071099	-12.816426	0.069792	19.8681	0.2367	185.22265191746192	1.9702868944781955	34.04290852379886	0.34411965028708996	168.46341989604502	1.517647410941007	11.706
18.341188	0.071411	8.290185	0.072084	-1.780327	0.067635	-12.830746	0.063527	19.8681	0.2367	185.3613783368574	1.8712646020679442	34.04042239381667	0.33412053802535563	168.5970175325579	1.4157192683711473	11.706
18.330797	0.074719	8.254071	0.073816	-1.791883	0.070734	-12.82712	0.071068	19.8627	0.237	184.93557467810348	1.927622521947878	34.132381691290256	0.34735848701237343	168.87224879776696	1.534420691426677	11.709
18.320263	0.076966	8.274119	0.074228	-1.782252	0.071191	-12.819725	0.065721	19.8735	0.2363	185.49856223748037	1.9743829859739548	34.097021759582205	0.3487189455840153	168.83803566387664	1.4820887661136761	11.709
18.351217	0.074011	8.27192	0.068925	-1.786085	0.070102	-12.819444	0.070855	19.8627	0.237	184.88840440971606	1.8551561457883352	34.09148590108704	0.3332206294509046	168.90098269191026	1.5258139235742028	11.709
18.336353	0.070687	8.271824	0.069716	-1.791852	0.066759	-12.833998	0.07025	19.8627	0.237	185.15970792347244	1.8265236761468566	34.07227413160521	0.3268014650257428	168.76657962648508	1.4811787132494283	11.709
18.345662	0.07441	8.28228	0.073287	-1.770711	0.072218	-12.80338	0.073593	19.8735	0.2363	185.13336127982583	1.921357707978311	34.099749819705764	0.34900451080776795	168.86828023424584	1.5782066050599874	11.706
18.335127	0.073153	8.270199	0.070098	-1.788038	0.0728	-12.825376	0.069382	19.8735	0.2363	185.1523662414211	1.8638090099754834	34.090698686191466	0.3425335988814379	168.84009408178852	1.5383838932248872	11.709
18.313986	0.07842	8.258055	0.072197	-1.807283	0.069241	-12.827073	0.070146	19.8735	0.2363	185.31801762614543	1.9643747915312628	34.066648884302126	0.3385693146900673	169.10896218489026	1.5125501937153973	11.709
18.314274	0.070887	8.248142	0.072433	-1.80537	0.068146	-12.841955	0.076039	19.8681	0.2367	185.13021843502847	1.8639372241497394	34.10671892370135	0.33738659282504696	168.85162549555986	1.562157426826157	11.709
18.352229	0.069404	8.276383	0.067968	-1.797681	0.071544	-12.838469	0.066639	19.8735	0.2363	184.95173701767584	1.7831249138841758	34.03714029478212	0.3334164268471222	168.78734500821753	1.4947016689241948	11.709
18.36695	0.078073	8.296498	0.080275	-1.770726	0.078801	-12.81831	0.072956	19.8735	0.2363	185.00337285073525	2.0571696506981927	34.051539507945435	0.3804827473742355	168.64029639019756	1.6392640995606726	11.706
18.313914	0.073921	8.256015	0.072476	-1.80728	0.072131	-12.827026	0.070466	19.8681	0.2367	185.2342905539152	1.9065668521421615	34.06483477162829	0.3461320496684238	169.0663046611223	1.5470696474434684	11.706
18.303452	0.076224	8.235936	0.074254	-1.801504	0.074907	-12.849067	0.071665	19.8735	0.2363	185.05733747471206	1.9560534824481715	34.15258017309759	0.3588779080885464	168.64060842068167	1.5824833558872287	11.706
18.353671	0.075312	8.28212	0.070446	-1.778398	0.067943	-12.832536	0.066023	19.8573	0.2372	184.9831995561393	1.8940716921539777	34.07423579452745	0.33148383339655757	168.54030293663902	1.4444499223830032	11.706
18.33224	0.07215	8.26784	0.07614	-1.782228	0.075652	-12.832208	0.069515	19.8681	0.2367	185.16207258054212	1.9298205843868736	34.11840920073638	0.3643800112450987	168.64692848708785	1.5680355783935	11.709
18.332384	0.071609	8.283968	0.073144	-1.789936	0.072221	-12.819444	0.070855	19.8789	0.2358	185.40909585537202	1.8887353187786622	34.02895889709801	0.34721850309647545	168.9166632149223	1.5494864150676542	11.706
18.351217	0.077417	8.269912	0.075226	-1.780309	0.068044	-12.824955	0.067796	19.8627	0.237	184.80421593277137	1.978802026598394	34.109150183430565	0.34425673456090705	168.68514646212796	1.4670335656030702	11.706
18.327622	0.076965	8.259617	0.073464	-1.797612	0.073528	-12.84111	0.068114	19.8789	0.2358	185.04834328287427	1.9555921791369764	34.085379311367014	0.35226611796260565	168.70268655047417	1.53112866359415	11.706
18.319614	0.073086	8.267808	0.070517	-1.797628	0.069152	-12.830325	0.068508	19.8735	0.2363	185.34657123739896	1.8726606109415986	34.05758809043766	0.3341860878788065	168.86785126377526	1.4899160153055921	11.706
