19.468403251392477	0.06964906226084794	9.608619166198647	0.06991956198508154	-1.221248102153083	0.07319061457743278	-12.278373512510491	0.07120732334449444	19.976	0.2372	189.14994558059502	1.8932694689528966	31.686065411213463	0.2961516225243291	168.6674930361079	1.557672341154755	11.718
19.487860319157516	0.07854171994826001	9.639168492859596	0.07858084147969004	-1.2038838147012043	0.07421925061092531	-12.251069014035869	0.07233731056587407	19.9706	0.2375	189.36297896650368	2.1361910683431997	31.647535484124884	0.3154814417606486	168.81925934066456	1.583785735313112	11.718
19.45835416610467	0.07436630873722565	9.598746622849678	0.06940050932920222	-1.2463427130762534	0.07244767065205039	-12.276801689229531	0.0691033841398015	19.9706	0.2375	189.1049060666789	1.9509482301163559	31.63349037565817	0.29263275344712614	169.0319652475398	1.5342443915474677	11.715
19.456098659218068	0.07249018881101171	9.588577359988832	0.07145045008899163	-1.2424809994294639	0.06799234806696884	-12.291440515348599	0.06879543938734617	19.9652	0.2377	189.00163137185277	1.949562840287613	31.682580895832466	0.2885122480999747	168.79214920317202	1.4776469190532102	11.718
19.456328987730945	0.07031071660768659	9.598783746251673	0.06991876659982603	-1.2270447240546558	0.07089264457663028	-12.289734272205674	0.06930545583348299	19.9706	0.2375	189.19290527861293	1.9031021483274884	31.69788654983582	0.2915428566225708	168.582659310234	1.5108005557907591	11.718
19.465456320015342	0.06860767168916632	9.602153454449574	0.06991797633283897	-1.2289571829933437	0.07946618012985587	-12.29076656643701	0.06593465868952295	19.9813	0.2368	189.082465434752	1.8778612821562577	31.68242797497332	0.3096138151371282	168.59607307482287	1.5737863571246544	11.718
19.431675040409583	0.07041563268144833	9.58996582706175	0.06908061427684875	-1.2308850487406167	0.06600632429809448	-12.28331298670139	0.06716516970022562	19.9813	0.2368	189.49733046587588	1.8993280425655588	31.712467586732878	0.28001379135042076	168.7391796281576	1.4377088891112866	11.718
19.43385331450171	0.07745361183068813	9.585965245188758	0.08034660302990929	-1.2521130000181202	0.07318220676712611	-12.288880723095975	0.07135511146150689	19.9706	0.2375	189.32995025923694	2.145565523917601	31.653953899335168	0.317411688925954	168.93534457764193	1.5645098805034423	11.715
19.446770240350023	0.07735993359083324	9.60428385049097	0.0795609141659242	-1.2463281697318507	0.0778218711715122	-12.28721945051039	0.07316704822222365	19.9652	0.2377	189.4823674912429	2.136349692896185	31.625486379956822	0.3243782446098268	168.91549565365543	1.6341868855772863	11.718
19.444668495142135	0.07199155822460816	9.578038267035511	0.07454957079416297	-1.2366794004100872	0.07219647372772373	-12.285378478708738	0.06738883686801853	19.976	0.2372	188.97030852643454	1.9848852839529647	31.722328745008976	0.3044087337510938	168.75291336187442	1.508420049026152	11.715
19.43836336662616	0.07759772984889439	9.602264858648091	0.08013996883313794	-1.2212405518617626	0.07475137804017684	-12.278014445268942	0.07480030183888887	19.949	0.2374	189.55688140061392	2.149777858368227	31.696572978846536	0.3209365539486324	168.6296722982912	1.6128051020191512	11.715
19.463124040764903	0.06964769626066807	9.583872312257899	0.07564144806233983	-1.2463219373425467	0.07244620272741953	-12.290631785616547	0.07144364496021367	19.976	0.2372	188.7288844904578	1.9642724968993692	31.676996850155533	0.30634632266391626	168.81997915088712	1.5552884848886732	11.715
19.439928119509464	0.0865923639380799	9.59796709773134	0.08177498603599434	-1.2366723850549795	0.08020853088501201	-12.274018267093176	0.08156044489529646	19.9706	0.2375	189.49248214091065	2.2931418499416174	31.672108998637775	0.33484101575053726	168.96975442128993	1.7512160285123548	11.718
19.44474522034024	0.07219898891425816	9.606340010369214	0.07154986960866927	-1.2212414956229454	0.06809769990588549	-12.279900364431482	0.06668761528121546	19.9652	0.2377	189.5609688103426	1.9584750746003494	31.692754514925106	0.2891209541398939	168.64410461300025	1.4535167743192	11.718
19.422732403838456	0.07232782148209885	9.58768745369924	0.06984016510652677	-1.2675406498376318	0.06724396737552255	-12.27931683502631	0.07304317790285675	19.9652	0.2377	189.6257345650902	1.9385375510986254	31.612037940312362	0.2823342737558025	169.36210760070716	1.5269770418418653	11.718
19.42468058820217	0.07411388969815216	9.581557114766747	0.07525196982691496	-1.2540319512397098	0.07467499640625563	-12.29763563790881	0.07265815292231874	19.9813	0.2368	189.47010348737606	2.033090495529113	31.669333394739514	0.30985204512088027	168.87400852695143	1.5932288455303198	11.718
19.411919006383943	0.07295869602881283	9.567352607399396	0.0699138082997941	-1.2559593424363291	0.07115290140685379	-12.29386416715118	0.0672325227942549	19.976	0.2372	189.442332710885	1.9445213021385581	31.7052566026207	0.2922115572440962	168.96119805046507	1.498476338774537	11.718
19.454870332578054	0.07554152042223258	9.59202177234734	0.07033713193379704	-1.2308860290045869	0.07467865375050058	-12.283357887155116	0.0683596275191773	19.9813	0.2368	189.09117500504374	1.9788908804976753	31.70644053873284	0.30053728223385917	168.73850909428208	1.545665279291501	11.718
19.414862922852407	0.07222491917357794	9.569778238785382	0.0730221154843167	-1.254041562377954	0.07052404814057553	-12.29619935283429	0.06886233767094449	19.9652	0.2377	189.38386191222938	1.9757060530313322	31.69565231437918	0.2972771206700907	168.85288126683258	1.5072689273874755	11.715
19.438516765914624	0.0705891941106946	9.5700372902309	0.07253560545555611	-1.2463302472580728	0.06920065268028633	-12.285468296508402	0.07526644927581148	19.976	0.2372	188.93489751037603	1.9377689385270713	31.717489993023058	0.2939703477274326	168.89907074295286	1.5643305956347353	11.715
19.415475751966945	0.07231387888034566	9.559980816120976	0.07749410546173569	-1.2463312860331994	0.07015501078224011	-12.291036137039502	0.07028641744252119	19.9706	0.2375	189.18381780503756	2.034627922050988	31.747003592722187	0.3070979636841602	168.81394147455885	1.5178701660222569	11.715
19.41066007194096	0.0727628044381685	9.55362937763231	0.0737811106817978	-1.271407461935664	0.07218986469672876	-12.292517607049662	0.06841086014069843	19.9813	0.2368	189.15434233131663	1.9885361198253277	31.692088832175987	0.3022030176786222	169.17534928621913	1.5266557299499923	11.715
19.41111958675004	0.07460039047753403	9.574037760812924	0.07271943077558808	-1.2328207702265563	0.07622742591160386	-12.285423387442998	0.07018690645335825	19.9706	0.2375	189.5379332319354	2.007296088279575	31.74539836399313	0.30946965944738875	168.69331350222035	1.5815072809990247	11.715
19.390870930752804	0.07038070540078897	9.564314045967107	0.0702050190334138	-1.2598477758326676	0.07006451455224587	-12.304282281429613	0.0703470959114452	19.9652	0.2377	189.7409418357238	1.9194917234717506	31.694650798755582	0.29042919280771295	168.81807369826754	1.51762460303155	11.715
19.420828229546906	0.07690270675641944	9.550441721152506	0.07221058321310339	-1.2791519800192521	0.07318272808904877	-12.3101199290633	0.07104668310662862	19.9813	0.2368	188.9467673393271	2.0193963449218484	31.686865835291982	0.3008196899051979	169.06745008831706	1.5632658327467768	11.718
19.406423219433837	0.06745608827182739	9.572796412687142	0.06714712824613545	-1.252140579443636	0.07219825109545754	-12.31029993424193	0.06485905249267813	19.9706	0.2375	189.6045268915788	1.8351711104695194	31.692381154787352	0.28866372310459515	168.60854492140416	1.4798090725665434	11.715
19.391176965548674	0.07648191786347834	9.55638699623235	0.07476833413102396	-1.2579224138992897	0.07358529234979924	-12.298939335405569	0.07115812602347443	19.9706	0.2375	189.58210232639738	2.061774789363962	31.723526313178592	0.307736948502317	168.87032884532417	1.5656300633811027	11.715
19.407605861734908	0.07316212159966556	9.562258323620549	0.07210260544940841	-1.2598466858464614	0.06767481697269433	-12.296873589765127	0.07060320787485322	19.9867	0.2363	189.3788056849697	1.9758639984856847	31.700674575884758	0.28966537095775186	168.93137749438378	1.4969033425502885	11.715
19.394614562969437	0.06997546121096355	9.545924472793585	0.06728430753872011	-1.271418799259721	0.07043338789862713	-12.30585327546433	0.0655021390623691	19.976	0.2372	189.3630123473131	1.866501759813549	31.72275058944452	0.28565279808815686	169.01433663615404	1.4732519173819685	11.718
19.386209301755606	0.07921672959802284	9.537850395716626	0.07200005452632956	-1.2637004866655708	0.07650823429940269	-12.309534948968151	0.07058449121765878	19.976	0.2372	189.32089865025625	2.0578499214332697	31.76099736665824	0.3089183623257831	168.79667757875183	1.5907189528129542	11.715
19.390335393102983	0.07110562336780168	9.539832000121963	0.06983656309450832	-1.2772062129518222	0.07106516530821144	-12.302126573815753	0.06732750103471546	19.976	0.2372	189.3281539783764	1.915580407463261	31.723645225271042	0.2922083032034549	169.16019001562086	1.5020317567390948	11.718
19.40317322206593	0.07656876167012554	9.562147388514811	0.07371964295412084	-1.2579137524304411	0.07261313743580096	-12.298579666818688	0.0670688484474489	19.9706	0.2375	189.46197173519172	2.0463041476878088	31.706662713108763	0.3032214080195487	168.87569760549758	1.511955923863825	11.715
19.382465605533415	0.07010533578389166	9.550183194901594	0.07154466707471463	-1.2733551847465014	0.07227760823724802	-12.293236583872424	0.06698914957752329	19.976	0.2372	189.6790129964327	1.9323640352456466	31.704593324582422	0.297899464215608	169.23754036942324	1.5134398011649666	11.718
19.399888896504056	0.06963002817435324	9.564609951475957	0.07026513346300814	-1.271434672956979	0.06890610592603578	-12.302801153561353	0.06629479711347463	19.9652	0.2377	189.57267696653287	1.9066950236329834	31.65989445610272	0.28753709495917174	169.0180596936712	1.465039665776525	11.715
19.38479635771726	0.07677274232526043	9.548275340456701	0.07846160503044818	-1.294583221175227	0.07592991504222041	-12.311780803613743	0.0740573413274008	19.9813	0.2368	189.59727935092852	2.1158705783918905	31.648100979019432	0.3186916531263845	169.2787670544836	1.6296883340838544	11.718
19.378263050000886	0.07179110950872217	9.538071691970677	0.07116175920106194	-1.2791438384601561	0.07006044702293893	-12.298759498454562	0.06860887942115497	19.976	0.2372	189.47803863590576	1.9464238718361224	31.715003566865423	0.2927861178072191	169.1982929214521	1.5056316324509103	11.715
19.379599704878576	0.06746225497457596	9.543758307692517	0.06807355308417992	-1.2791322084101786	0.07006207205640447	-12.300150805393388	0.06627042849833135	19.9813	0.2368	189.56183645406992	1.8470678925013002	31.69837379586689	0.2861076111048571	169.17675457256962	1.4803733342338115	11.715
19.37749852218321	0.07755615574775171	9.539721332825088	0.07481351212402448	-1.277202745943516	0.07325967741371765	-12.301991666836948	0.07234431552833359	19.9706	0.2375	189.57306993781518	2.076507613081822	31.723979955937473	0.30709251359039674	169.16220678079839	1.5797920637941585	11.718
19.418726561267384	0.07334352006068806	9.574667209961332	0.07022129627335663	-1.250206529325887	0.07106690803062159	-12.275140033515592	0.07475253307361338	19.9867	0.2363	189.40358766469475	1.9536631232605541	31.69256634246487	0.29250497326035735	169.11668062333484	1.5821569977964793	11.715
19.39048840084174	0.07544789248329023	9.545961386625846	0.07588675435460522	-1.2694903711667032	0.07310340164371011	-12.322465388483801	0.07020348034983874	19.9706	0.2375	189.4430906083885	2.0592501728044645	31.72829858101011	0.30911527534909716	168.730827693802	1.5472347042320196	11.718
19.346440857151823	0.07571399959664941	9.523795060328519	0.07443220207790555	-1.2887864820163202	0.07389694550122713	-12.31514738256971	0.07597757240400253	19.9706	0.2375	189.86509966123114	2.052257423553465	31.736720903871696	0.307855550166489	169.1380900707894	1.625787819617468	11.718
19.365503004673652	0.08064563444019118	9.537997925411677	0.07234079573623087	-1.2772119914733027	0.07015207402805443	-12.313396604845375	0.07309929318452801	19.976	0.2372	189.77121946101153	2.0920108932794452	31.729008063357973	0.29563163412074167	168.98753405149785	1.55135569443892	11.718
19.34552501036813	0.07639051780622569	9.515280140456392	0.079283395467186	-1.3022770284610607	0.07184314650365572	-12.32012927488782	0.0763002252816983	19.9867	0.2363	189.71832826455062	2.124813276551671	31.722123331666506	0.3137505372118274	169.26870876814198	1.610065089751134	11.718
19.37222621390926	0.07984418568591552	9.52507681626079	0.08080734370522016	-1.282974601075405	0.07474109966791831	-12.303202894598614	0.07505141271236705	19.9706	0.2375	189.34415260997284	2.184333981993573	31.741894619494705	0.32327054033408953	169.18888689605052	1.626137559020367	11.715
19.37860579691639	0.07493543680762471	9.52511364537967	0.07654986350210582	-1.2887636924399373	0.07436326673876324	-12.297725539114097	0.07289865950060416	19.9706	0.2375	189.22227060695155	2.057132335475163	31.724793837946233	0.3130941699875843	169.36203288640021	1.6020152593045034	11.715
19.355800428366567	0.07485767763731194	9.509115250406278	0.06603559562277361	-1.2964856053431715	0.06996623992395472	-12.30895002505125	0.06485793824964083	19.9867	0.2363	189.3530791961178	1.9195847052705797	31.749093244419267	0.28267895854127306	169.30816638869823	1.466755324874348	11.715
19.388310590290313	0.07602247579439159	9.531795014266875	0.06853432321311785	-1.2791368603239535	0.0715066273658404	-12.304012416779505	0.06745786045512973	19.9867	0.2363	189.21266940291747	1.964862753994538	31.741563691311335	0.2908057824685405	169.16087747210923	1.5083402371829508	11.718
19.353470473387254	0.07553493330979535	9.51505939675794	0.07072895054922256	-1.2945526861822225	0.07444097071511963	-12.325380904321692	0.06985934978603796	19.9813	0.2368	189.5123250898295	1.9932828001335976	31.737311801650986	0.3014835391269306	169.02630713217948	1.564290023427362	11.715
19.32188314962918	0.07497055926852371	9.48676993323296	0.07377169220921174	-1.3022682748259184	0.07563547859758571	-12.332698049024728	0.07104461771144069	19.9867	0.2363	189.6244183586729	2.0279085091396296	31.805975291053482	0.3114699971106478	169.07569889191296	1.590587473194698	11.718
19.368253437921332	0.07884100630415716	9.52316904732566	0.07339297615668715	-1.2984123730760282	0.0731774006858254	-12.32726653899607	0.06967802633996559	19.9867	0.2363	189.38386755755815	2.072039722894791	31.702208374497594	0.30362005960815963	169.0565611142991	1.5488652721400518	11.715
19.355876786873388	0.07420447958344177	9.51722477193244	0.07409188769621664	-1.2887696893788134	0.07193336506587603	-12.312676473329628	0.07586886971420109	19.9813	0.2368	189.5562136275051	2.020310238598698	31.75606686532693	0.30347462124480823	169.1757432007646	1.6044362431523007	11.718
19.388081107244954	0.07153093789534541	9.533702861429473	0.07009679470002446	-1.269485865321271	0.06958982690235566	-12.292832148952046	0.06497328390943151	19.9813	0.2368	189.2052559595312	1.9229125678483667	31.756182161445018	0.2903481061793002	169.14103125747408	1.4608377381720414	11.715
19.36615243919184	0.07233314373845612	9.515096186663357	0.06665886238821547	-1.2906953789995637	0.0704311257449464	-12.316222816071942	0.06485730780644053	19.976	0.2372	189.26906014195077	1.8898757711702991	31.74853290908533	0.28491949845394576	169.10757049611377	1.468512405511139	11.715
19.361950495256185	0.07348869708250676	9.509041717480018	0.07009378264832436	-1.2926246510937371	0.06958697146851166	-12.303337807487075	0.07100600202247538	19.9706	0.2375	189.23347413172516	1.9504791660740195	31.760657793438618	0.290417753303702	169.3350949969065	1.5289816223731936	11.715
19.36428063536831	0.06945782303412376	9.533371087248474	0.06904387900734148	-1.27526408122654	0.06767540008806934	-12.310835752576798	0.06452828269118409	19.976	0.2372	189.65693349077148	1.8893702657666176	31.740180308035065	0.28390631183605963	168.953654042412	1.4316086942018555	11.715
19.328108780255402	0.074258541477769	9.519022166809915	0.07100468760218051	-1.3119126466388698	0.07193396985719847	-12.341855354379327	0.06715972776536877	19.976	0.2372	190.0788760256078	1.9909250347493495	31.67483093935511	0.2955917048006936	169.03987697171883	1.5082177355920703	11.715
19.324212439117744	0.06891315669846526	9.503024141870013	0.06806956174129826	-1.30420121142602	0.06552472303484597	-12.32547100612121	0.06626790356085253	19.9867	0.2363	189.84466053298837	1.8723773004910003	31.744320851654635	0.27752588403424	169.1728986816913	1.4304812755026306	11.715
19.329980679171218	0.07785495686427929	9.502766950660847	0.07568896659760206	-1.2984049578483852	0.07412958303399897	-12.315952715244235	0.06936506141505927	19.9867	0.2363	189.7282596909774	2.0963435910785706	31.762111744642702	0.3115391318763465	169.2300500417576	1.5593819485942233	11.715
19.358054089957726	0.07343289477952376	9.5011162666726	0.06548016209833171	-1.296488062592102	0.06920085228761441	-12.314562191808541	0.06455621939092772	19.9867	0.2363	189.15612452348333	1.8880652701409848	31.77260609571978	0.2803383239271515	169.22196533217098	1.4534981183118663	11.715
19.371195081162014	0.0801967918941364	9.535684425140571	0.06903222069502343	-1.2694847388813004	0.07052325540631352	-12.298309929328529	0.07034994265727745	19.976	0.2372	189.568210897121	2.039477470199247	31.750361694797377	0.2899838274161852	169.05700526802408	1.5269247095399938	11.715
19.331200757060827	0.06878855760789125	9.513445848610031	0.07275640635084724	-1.3003540147988515	0.06996638078081688	-12.312991520394062	0.06485795724775172	19.9867	0.2363	189.95968432105786	1.9373105717091603	31.73314533228083	0.29620751971704884	169.3488614515176	1.4670866040629904	11.718
19.35851230894477	0.07193423070269188	9.527573970532995	0.06937361683016716	-1.2984247325391685	0.06767342615833166	-12.307469175246275	0.07100627878095955	19.9867	0.2363	189.7049456473474	1.9284405542878567	31.69738811832419	0.28375504784423755	169.4041324709408	1.5093767939234688	11.718
19.356564040550154	0.07315596964996288	9.523610930313772	0.07066912226728966	-1.2984272045434917	0.06809057274162211	-12.318603790118532	0.06923815508988063	19.976	0.2372	189.6660751091486	1.9619605129878948	31.708988490297784	0.28753892181238905	169.2330071726808	1.4912761769405236	11.718
19.32948125620407	0.0745275656217658	9.493447775076667	0.07377464654015263	-1.3157942157997176	0.0719302396259542	-12.322420345665359	0.0708287669310074	19.976	0.2372	189.55813457721635	2.0209736736699075	31.738398439107463	0.3025406103866862	169.39797321382392	1.5536580546661003	11.715
19.326999247444416	0.07353073350557517	9.505373005528662	0.07246148827172685	-1.298424732538688	0.0731823130318024	-12.31851373395687	0.07026831765062733	19.976	0.2372	189.8361953913932	1.995363326413457	31.754392061817327	0.3026980924903102	169.19102541563961	1.5576478146824078	11.715
19.324746052900053	0.07370659534916577	9.48713672845534	0.07531016579489763	-1.3042100163803805	0.075858501575803	-12.320264374499454	0.06979560810489013	19.9867	0.2363	189.57630473459557	2.030671847812404	31.799171203906727	0.3149849453949849	169.29633446990943	1.5841822668377592	11.718
19.327227977528832	0.07119234059226166	9.491356270148785	0.07018295119412679	-1.3215790532937857	0.06680133249779008	-12.322330261026718	0.06968332529786503	19.9706	0.2375	189.60979551527706	1.9271587889932784	31.735682531623645	0.2843755630044726	169.53184268360252	1.4876287984115812	11.718
19.37753794603027	0.07721533107297049	9.538735642351641	0.07409731132618308	-1.2714460123433593	0.07252891996712373	-12.297727730481435	0.07020358949014327	19.9867	0.2363	189.55331813644975	2.0617763878368196	31.74376653612621	0.30447173527886634	169.13930469262073	1.5483922409578452	11.718
19.34307839012503	0.06946984267657177	9.495943215415883	0.06983321868798432	-1.3158111396309813	0.06668819824372332	-12.324846726800333	0.06732620250989735	19.9813	0.2368	189.34442609361514	1.894042700099782	31.731023279401814	0.28339286092926397	169.36089846912333	1.4578245708318949	11.715
19.302781547674844	0.07175342392871123	9.467506519132451	0.07180425086692377	-1.3331671862059038	0.07150025373215733	-12.34486891783294	0.06853088392091534	19.9867	0.2363	189.6212986152989	1.9570956539852389	31.77171091560186	0.29808188079770587	169.36325271092042	1.5232528006324149	11.718
19.31530947954808	0.07524530010878502	9.483614079935176	0.07441213897480632	-1.3138740842625423	0.07474334359424104	-12.330098599923833	0.07203700404596022	19.976	0.2372	189.64177413337717	2.0412473597401126	31.77294792215748	0.3103559448297851	169.25037753822778	1.5948637639323784	11.715
19.31801989394653	0.0775471613805738	9.483907441010867	0.07150964487244238	-1.3119551225491048	0.07467033767225437	-12.323096022881316	0.06915337229482078	19.9867	0.2363	189.5951634928647	2.033690530505919	31.777732173911456	0.30432662903253105	169.3285169264614	1.5650656373543304	11.715
19.334903305466263	0.07311642088847432	9.504126547611982	0.07554332556063717	-1.3042389502328084	0.07326607554274084	-12.324981889093907	0.06940709493457965	19.9813	0.2368	189.708063674705	2.0287765298080718	31.749100521089765	0.30912748550816593	169.22431032980424	1.5496656150435564	11.718
19.302629254979795	0.07163315841981804	9.475505225423799	0.06894839787519966	-1.3273771176965996	0.06646222069481594	-12.328212820293258	0.06869397998664627	19.9867	0.2363	189.72999147196015	1.9195617232928375	31.757082807593665	0.2815216942674054	169.48713795275154	1.4726218639499733	11.715
19.35232246513506	0.08125077386547594	9.508457381566547	0.07694613185208729	-1.292672003701863	0.07014933907387397	-12.321660579158797	0.07150519992031402	19.9813	0.2368	189.40732552641322	2.153152678380793	31.762236789707764	0.3061888286256295	169.05450083343723	1.5354173410810312	11.715
19.29617524372363	0.07180066870412692	9.459288514081576	0.07365987951033778	-1.3389488641431806	0.07599930205237809	-12.352050587861688	0.07181095487040554	19.9867	0.2363	189.54169236320968	1.9820416556083866	31.770743419938295	0.3113980783188622	169.29836889693385	1.6073371434788635	11.715
19.340595864883856	0.07332391887300937	9.491723267034288	0.06813582550681596	-1.3100168287196725	0.06679977936575093	-12.326462213782616	0.07338753792206756	19.9867	0.2363	189.31102416013124	1.9239737476598944	31.760441011353535	0.28055993394369644	169.2469842268365	1.524586878028712	11.715
19.29835192716799	0.07722529055567609	9.461342965874007	0.07202433437186932	-1.338950253583451	0.07176173266705518	-12.339211746939588	0.06992664311003893	19.9813	0.2368	189.53933717635786	2.034689160507637	31.764695842989305	0.29902788279961884	169.4959851134141	1.5438747071302914	11.715
19.31779126235764	0.07156305145626363	9.491870073735283	0.06716209759337738	-1.31966835194292	0.06691225088417471	-12.33216469483419	0.06793524460014365	19.9813	0.2368	189.75321728414616	1.8952849211894855	31.731657015282305	0.27825098259878184	169.30767559574414	1.4659908308136833	11.715
19.317638844305435	0.07733875626065723	9.493814857198942	0.06990898519852314	-1.317736484337639	0.07150343165216472	-12.333915241578788	0.06894659128507107	19.9813	0.2368	189.84232877121607	2.014643804049094	31.73974500230991	0.29357263382889875	169.29442270759662	1.5264776341679538	11.718
19.314275465703833	0.07336017319689885	9.4821092827897	0.07177833066397614	-1.3216095000480905	0.07005516760141656	-12.325207166241494	0.06835707052689878	19.9867	0.2363	189.6812552244793	1.980015732063704	31.762755913720348	0.29487691355304213	169.48798744983577	1.5076356378102893	11.718
19.304272966203204	0.07265395469553225	9.473267452442451	0.07698152887376845	-1.3350852818535845	0.07656956911958533	-12.344507930473648	0.07239550213936663	19.9867	0.2363	189.70364939174988	2.0425791199605148	31.749138013499785	0.3189421522651144	169.39831294283073	1.621378509593716	11.718
19.306678201182645	0.07215553404551656	9.479467979624097	0.07180521964920122	-1.3138702007019216	0.06724020610028035	-12.326281982225664	0.07309536061929037	19.9813	0.2368	189.776913397	1.9658190169526542	31.793304066507755	0.2897714006684535	169.3523326361467	1.5273521132838235	11.718
19.322297798579278	0.07590242090662531	9.492016884977618	0.07225852918706438	-1.3158150453672257	0.07326049306973588	-12.326822692875078	0.07301084034527355	19.9813	0.2368	189.66906182118763	2.021997575316897	31.74253923841502	0.30221648313597965	169.33056610341657	1.5905713343416756	11.715
19.32596585221692	0.07319246552605588	9.469561102848694	0.07131503772809368	-1.3293103034273834	0.07079158818103687	-12.335710840377825	0.06771223741443393	19.9813	0.2368	189.1663548456717	1.9612701328155693	31.768878082183846	0.29561453555601247	169.40144528286936	1.5077379967856648	11.715
19.301061620943265	0.08303754558155264	9.463653581751089	0.07070729302560663	-1.3215989092711578	0.0707901531740494	-12.34693516886036	0.06944837416586307	19.976	0.2372	189.5316480615012	2.1012552368748687	31.808993754827643	0.2950891846327571	169.11050279304806	1.5210761583422627	11.715
19.296784212672012	0.07186094483281802	9.46967094576364	0.07342760958017884	-1.3235268032781726	0.07193019946866946	-12.334005413648695	0.07328854277298133	19.9867	0.2363	189.73019926411504	1.9835911109396167	31.785578019417134	0.3027097383340617	169.33870218551834	1.5793438755500393	11.715
19.319587197296165	0.07671907572922125	9.48163266156669	0.06627263068572288	-1.3235214789590246	0.07657649075055159	-12.320939917471664	0.06907139539788136	19.9813	0.2368	189.52111961384492	1.9530103040004085	31.7504058405292	0.2975827512510293	169.53980324983627	1.5898125735706918	11.715
19.311488960145073	0.07040574405604001	9.481779309147255	0.07364823027774448	-1.3158098377387655	0.0669125753329698	-12.350571225080303	0.07291498255607304	19.9813	0.2368	189.6800846129049	1.966080432280814	31.772650770853357	0.2928019449216354	168.9660603318894	1.5153539495807953	11.715
19.27291826002641	0.07206363212910714	9.467286890373307	0.07321139648086639	-1.3389460852943604	0.06899964397185511	-12.335395204619314	0.0671613106247898	19.976	0.2372	190.1458547678929	1.992052708263048	31.747236053826544	0.2955563479017103	169.55474790902423	1.484686140649596	11.715
19.283039828633708	0.08028729378697745	9.45701471361428	0.07288132149152507	-1.3408681051983435	0.07149577734349954	-12.349894073428091	0.07203149028868519	19.9867	0.2363	189.75121033138814	2.0939608021287777	31.771786644457304	0.30040443349953466	169.36104644518028	1.5613025777886904	11.715
19.30816950241474	0.06937332386792831	9.463031573117938	0.06806669181166862	-1.3370087737450826	0.06808970102100549	-12.348008451317018	0.0670800724042176	19.9813	0.2368	189.38283767190734	1.8695480781297793	31.76543958290058	0.2831734534541902	169.33068866756156	1.4698926803584593	11.715
19.315233281838562	0.0716343747078544	9.485595499467232	0.06726223521255499	-1.3022970385133579	0.0680932497472655	-12.322690607567202	0.06668085385962899	19.9706	0.2375	189.681471443982	1.8961779664729732	31.80120935792948	0.28214741167520574	169.18634952904233	1.4631320249250892	11.715
19.291669784407755	0.07365522616143838	9.463177920734022	0.07145428156510647	-1.33701430202758	0.06967595097685456	-12.344507930473648	0.06921441751864273	19.9867	0.2363	189.70358669296735	1.980703550398721	31.764992886713976	0.2935329177834178	169.38462299021708	1.511280466996249	11.715
19.27081793544453	0.07438763719245037	9.451144116754753	0.07327371909151653	-1.3428040762768376	0.07014652664482973	-12.342757610412079	0.07066054275405195	19.9867	0.2363	189.87394008677276	2.0189823061208996	31.78336814258989	0.2986883389213479	169.5007303926881	1.5342392143127563	11.715
19.28192821392626	0.06761784645536699	9.46152587406236	0.07109768405796224	-1.3350990302763792	0.06599877588631405	-12.354162037999076	0.06593031121685704	19.9813	0.2368	189.90847407344373	1.8974125262943102	31.78362550336002	0.28557936700511655	169.25010972745707	1.432880295597016	11.718
19.288077540733518	0.07678974927307743	9.443292188938782	0.07607029991091566	-1.335096280508193	0.07481455668127553	-12.341187693980016	0.07258128056957744	19.9867	0.2363	189.43811942134812	2.0799118514230317	31.837401633136675	0.3151588308052699	169.44958506050887	1.6048241800993865	11.718
19.303543047197255	0.07728628582436459	9.461818541873463	0.07082341483637933	-1.3331808624387291	0.07474423080546559	-12.341638825788214	0.06769202216138837	19.9813	0.2368	189.44852168062312	2.0179090803937285	31.78027309516323	0.3031393676469498	169.36978498978183	1.5514816650011851	11.715
19.299493913637303	0.07098890866445313	9.469963872661385	0.07116973636295751	-1.3023145492988684	0.07184972295989406	-12.315957739487882	0.06696846488231728	19.9867	0.2363	189.73212507377076	1.940290447719082	31.855459840343403	0.2990620813818291	169.33339776361717	1.5101194997285083	11.718
19.267453343052434	0.08411149850963731	9.443474743448531	0.07611350198491189	-1.3331740241930308	0.0762108251922368	-12.357978600427362	0.07274953293507985	19.9813	0.2368	189.79073899822316	2.1915091752384113	31.834389013519395	0.31817580367592907	169.1186583334794	1.616194210024218	11.715
