18.490240822211536	0.0719307840657613	8.617951280771894	0.06798141418430581	-1.375628083434657	0.07413032410725262	-12.564531167324793	0.06264092413423797	19.1777	0.2326	188.76525256280604	1.892420760161552	34.311262219231565	0.3453319262447979	166.55298689164167	1.4446801305149866	11.709
18.490459303346114	0.08012514737222595	8.60397416859236	0.07745324761514835	-1.369845912394467	0.07860157241903923	-12.549956577619412	0.07603107753075722	19.1777	0.2326	188.49421237807977	2.124712628842374	34.379236770838766	0.3803720947288073	166.68396981609914	1.6303991113032572	11.709
18.51169078519099	0.07354957344371639	8.610139965360656	0.07101936994303891	-1.3756387823328937	0.07005002978269025	-12.568530587969864	0.0694092710557943	19.1831	0.2332	188.20740938185023	1.9433902036436776	34.33806523634339	0.34302198449719074	166.49363372962145	1.4668725984361883	11.709
18.507721308581147	0.07574268081191604	8.614261771426909	0.07350578597421642	-1.3775723061640768	0.07293275942584915	-12.561312264921392	0.07000606397295153	19.1777	0.2326	188.36133322874377	2.0094963749105483	34.317255411897634	0.355640381032314	166.62987833544648	1.5062325823631935	11.709
18.506846545399583	0.07290847562863753	8.6178847522153	0.07247324304759106	-1.3601936545597137	0.07621506214323248	-12.549727255488142	0.0712860770398565	19.1777	0.2326	188.44700461350797	1.9590038374911862	34.36456480850782	0.36221232679302945	166.54360182701262	1.5532404460636235	11.709
18.49189770087851	0.06850614213260797	8.593621211941176	0.07244634174963714	-1.3871916073758295	0.068895244017122	-12.555060863440744	0.06957802347841183	19.1831	0.2332	188.26966803218386	1.896479406370908	34.35515005454805	0.3441263486780389	166.86667670746328	1.4630377003501625	11.709
18.4585440136782	0.07569867970649205	8.599719992348758	0.071458622471005	-1.3640486228086124	0.07149677398596016	-12.56986425037116	0.07183334124272964	19.1831	0.2332	189.02307462139967	1.9958905762790147	34.41391860027419	0.3491371524693604	166.30161432241545	1.504099759921848	11.709
18.494792817178645	0.07611930641951863	8.593986077654577	0.07360309870706394	-1.3775646273584334	0.07209463634761835	-12.573955562838904	0.06835161497859046	19.1777	0.2326	188.22155382790388	2.012944911210858	34.387060971530715	0.355298549610923	166.4416006373604	1.4768390335835548	11.709
18.475875251551614	0.0782554155036209	8.591942062476202	0.06816573688529316	-1.3891361293252535	0.06734308760720406	-12.575748521887089	0.06708341118838806	19.1777	0.2326	188.54287994608825	1.9796928711137094	34.35423663504081	0.3298097024822996	166.5870920764274	1.4155116782558372	11.709
18.520067348566105	0.07451607169896829	8.620195223932086	0.07572174871331913	-1.3794965996452497	0.07005260993127436	-12.57956421507467	0.06648309978636327	19.1831	0.2332	188.239323215692	2.020035625646318	34.290288953257416	0.35373565727719913	166.3869623515262	1.4347567202530342	11.709
18.480135628779625	0.07374339396543736	8.595996946542526	0.07385893448694947	-1.360203944446021	0.07474009883119312	-12.557404649810636	0.07402573077319922	19.1777	0.2326	188.53896010301852	1.9908595417202035	34.44007667466289	0.3634787956546741	166.42956375428474	1.5635587695448363	11.709
18.488583879278988	0.0809817579088318	8.606084760054904	0.07892432778759308	-1.3698504319643707	0.07540838582538492	-12.566645673088159	0.0722217628454721	19.1885	0.2336	188.5219256138931	2.1571533629484225	34.363141093744126	0.3760061089675381	166.39294759906107	1.5516808056223552	11.706
18.519067367386473	0.07330392544153189	8.63075063515922	0.07103867049588726	-1.3582997689644662	0.07014546467382342	-12.554506503330739	0.07057635674335969	19.1777	0.2326	188.4592978893442	1.9454863506262277	34.32681868663306	0.34307489787314494	166.4443389512388	1.4792671245457183	11.709
18.488583879278988	0.06792286206868521	8.606084760054904	0.06845428939359419	-1.3775661630967808	0.0669082601839857	-12.572162576317746	0.06591345178093107	19.1777	0.2326	188.57023979267677	1.8400782141663643	34.34538373921297	0.3292993231973804	166.46828164900444	1.396655552792459	11.709
18.488438238285735	0.07171295280991863	8.587920424003265	0.07111591175776957	-1.3891361293252535	0.06938237348882571	-12.566553822243288	0.06842046858790365	19.1831	0.2332	188.22704666766575	1.9201223320047718	34.36808443865116	0.3422488317688196	166.72412894113612	1.4534856001669185	11.709
18.50511699329055	0.0775555219579518	8.626095389830029	0.07328489341860965	-1.3756326686072065	0.07349255256441183	-12.564668920208929	0.07130659122549578	19.1777	0.2326	188.63661842891625	2.0374585435950667	34.283307851460336	0.35575616892622625	166.55100464047868	1.5242459684118528	11.709
18.51826495145912	0.07723791778350234	8.61630610617409	0.07706010331558652	-1.3659999319450105	0.0727644541291117	-12.55032351064258	0.07130885844769504	19.1777	0.2326	188.1996540058696	2.073687694051347	34.35001098589854	0.3647056030127376	166.62118326158222	1.5177882931330227	11.709
18.527006761905877	0.0716319425491725	8.614461283855132	0.07247417771833092	-1.373723540957587	0.07192907891028893	-12.561587714789212	0.06704617765719297	19.1777	0.2326	187.99865612616185	1.932610778798952	34.3297934597863	0.35095360231857387	166.56845307631	1.4639827199805973	11.709
18.50657486414585	0.07403711306449445	8.61871643301024	0.07424985121325117	-1.3602304066589133	0.07474298135866264	-12.55087395082423	0.0704156738748623	19.1723	0.2331	188.4680329559468	1.998590789135662	34.36157418044337	0.36277813204426257	166.52708321092362	1.528096010423239	11.709
18.504189125714607	0.07209737132570615	8.62260572987893	0.06502090035524707	-1.3737281047821337	0.06426394728349566	-12.550690465343934	0.06960001954952058	19.1777	0.2326	188.58771454060113	1.852869273986026	34.301807817287504	0.3137013097517428	166.73092102721668	1.413142052246519	11.709
18.496395571696972	0.07160701189960215	8.626894589695526	0.07390391215788818	-1.3737402754881352	0.07069604281111164	-12.55841436426554	0.07108399057743739	19.1831	0.2332	188.81858688311235	1.968721339788307	34.28705544162423	0.3506409394337236	166.6159616159818	1.4934647365386222	11.709
18.500146630990837	0.07189603180888961	8.602560928094668	0.07135043493440717	-1.3737311473891851	0.07276944577293215	-12.552621420291578	0.07335415200495571	19.1885	0.2336	188.2828080102104	1.9268746652043505	34.37071804629999	0.35111501026139313	166.70216659879313	1.540818153820146	11.709
18.505700114068762	0.07340443857931003	8.598206957647863	0.07128617290353909	-1.3814316862499123	0.06576083615843363	-12.572392308476967	0.0688585257774007	19.1777	0.2326	188.09452595536405	1.9426039420130894	34.35919218213977	0.3339145718672912	166.5223649310052	1.4168134795168248	11.709
18.508231625294034	0.07489280672429646	8.604439133771272	0.07587737707839992	-1.3795120307883855	0.07787333001449706	-12.55979451085178	0.07285765550172454	19.1831	0.2344	188.1648096179439	2.0255669372001983	34.34435089097471	0.3740172048922	166.68140827265	1.5898722644195802	11.709
18.472779067999166	0.07272186992510334	8.590428588149578	0.06974851446311399	-1.379515117156968	0.07078879300685376	-12.572759897576098	0.06730563641383808	19.1885	0.2336	188.52476115197277	1.9222607776215521	34.38379179241971	0.3427280031980806	166.44572689885948	1.452499247830378	11.706
18.50072962906586	0.07314772400399043	8.614893592488949	0.07249616519472624	-1.3756724111377812	0.07317657624789577	-12.564023742845254	0.07272205766848074	19.1777	0.2326	188.50658879714516	1.9637886562362012	34.32161120296059	0.3538715161838204	166.56120043189637	1.535840380312396	11.709
18.517191916386103	0.07786394160845175	8.610738232068595	0.07594657712856248	-1.3756662963927073	0.07563124990987075	-12.573035603651192	0.0721950104650819	19.1777	0.2326	188.1142624845764	2.065419584942346	34.33591350087488	0.3685200068539188	166.42705777820458	1.554038688944311	11.709
18.525788173028644	0.07670008832306073	8.622905307253383	0.0765469575796005	-1.3563793196088885	0.0734963192669365	-12.54558545021998	0.07230101508808065	19.1831	0.2332	188.18209342892317	2.059178446947133	34.36041108107026	0.3653845918622556	166.54847599641337	1.534583658304084	11.709
18.51227412972961	0.07328183554376234	8.610405851411686	0.07589365393458848	-1.369863991291192	0.07585206339230639	-12.563380891247423	0.0710995544090247	19.1777	0.2326	188.20137536505095	2.0051860591889947	34.357019146601516	0.36938108669233377	166.48433600616528	1.5462979926335032	11.709
18.50852324747931	0.07108054972229971	8.620661088381556	0.07236997482272987	-1.3582983060605942	0.0679835016179347	-12.559978125799462	0.0760925436589819	19.1777	0.2326	188.46796189895986	1.9334805927248817	34.361530949306065	0.3419065508107548	166.36301507022057	1.5154345949226764	11.709
18.51054453102581	0.07496549195886662	8.618616622839049	0.07384869500667568	-1.3621551331948327	0.067773697382529	-12.55993222155369	0.07025912181731182	19.1777	0.2326	188.39049839017673	2.0041010699910338	34.3552913998556	0.3450210834566173	166.42099712811154	1.4508217370425043	11.709
18.535749213220466	0.07239492039690332	8.618649892639143	0.071352107272397	-1.3602274662346745	0.0700548388424602	-12.563656390936863	0.06736568537735738	19.1777	0.2326	187.91232883949425	1.9260427186036502	34.36181343275775	0.34432488455985855	166.33704209557786	1.4429714952121138	11.709
18.525569238042102	0.07017163705429394	8.626827984050525	0.06848275499949032	-1.3505872430218975	0.06919678335409815	-12.549126441671454	0.06619621180072528	19.1777	0.2338	188.26082840700022	1.8647939044694706	34.366848955388626	0.33533733710958585	166.40967144069373	1.4230003686618158	11.709
18.510471616634117	0.07528359629601043	8.618583353295604	0.06848167361352209	-1.3660118682641873	0.07105911567149145	-12.543333520642102	0.06807396326682574	19.1831	0.2332	188.34298510413436	1.9377367350518562	34.33333659888246	0.3393483936596419	166.68284422479417	1.4674674901118734	11.706
18.502240758478898	0.07199616371356594	8.604571990196028	0.06795507320120325	-1.3698730313557044	0.07309707226147241	-12.565495501601967	0.07016246204800264	19.1777	0.2326	188.28122786193276	1.8832883669693683	34.37708276832513	0.3439801337118847	166.45302515475151	1.506409633620864	11.709
18.523620819953376	0.07577554394172607	8.626894589695526	0.07390391215788053	-1.335155409699395	0.07244022790593066	-12.551057441724915	0.07108480498361376	19.1777	0.2326	188.29915926798853	2.013900327657006	34.419855561337194	0.3575546138050766	166.1520601144604	1.5035003932069386	11.709
18.500073758814533	0.07729961679854581	8.616605451704176	0.07470927694594977	-1.3679424503604916	0.07251670011742145	-12.558093073690346	0.07329365904461149	19.1777	0.2338	188.55174830907612	2.050870497356502	34.342298263007685	0.35811173593568907	166.53441865007417	1.5344319060486444	11.709
18.4815186714874	0.07656482684494986	8.606682737715078	0.07559282071977151	-1.3718066393230486	0.07317346488587961	-12.55459827386275	0.0698401406015374	19.1777	0.2326	188.6682245992526	2.055684790266956	34.35434519119155	0.3622128228119301	166.6013125094245	1.5069834293437048	11.706
18.495812719731628	0.07087192656247682	8.590428588149578	0.07163774555443422	-1.371799069226503	0.0676710565658147	-12.558047176391879	0.06619368018021358	19.1777	0.2326	188.08637192510017	1.9134698375778614	34.410423083595326	0.3403871026032272	166.549833866132	1.4094101465751983	11.706
18.48656279946802	0.0726531606506884	8.61818413881018	0.0701692107430895	-1.377567698845702	0.07860955713939888	-12.566691599019327	0.07307414185404983	19.1777	0.2326	188.79167773133787	1.9323418268031147	34.29501593406877	0.36152575826878275	166.50702775798354	1.597163556353503	11.706
18.4932087571858	0.07367353325345054	8.598240146130609	0.0721579194669222	-1.3930064362039891	0.07325285911533519	-12.57795514668772	0.0698187862864621	19.1831	0.2332	188.2843530955932	1.9622731768463717	34.310480250934276	0.3531026960835051	166.56918257367246	1.5070383290952925	11.706
18.502240758478898	0.07591659299297568	8.63272861367084	0.07284867082912279	-1.3505815081864914	0.07466580344988513	-12.523192261613532	0.070085504537369	19.1777	0.2326	188.81837332186038	2.012924269016933	34.346556191144295	0.35888988795278526	166.79586085923438	1.528816669936947	11.709
18.502605170760393	0.07189039927013346	8.634906595314362	0.06611780458560959	-1.3505886767581439	0.06646172104994526	-12.539975786212498	0.06971858522984671	19.1831	0.2332	188.80468931931418	1.8688153423801286	34.330241936437886	0.3223073265548796	166.50311099341155	1.4333080090411405	11.706
18.48974908983714	0.07979104883333832	8.622705586691024	0.07419730757582793	-1.3544413868571463	0.06977269738152694	-12.554506503330739	0.06894724480196995	19.1831	0.2332	188.8172240488943	2.0850371674187027	34.35896749384	0.35074844728814303	166.3443689352696	1.4568644508082162	11.706
18.52780958605455	0.07197097033496123	8.632928569769177	0.06794296175409636	-1.356377863941652	0.07184720462047295	-12.545539596476859	0.06851872569611672	19.1831	0.2332	188.28601988921537	1.8833600934372996	34.31714412009089	0.3397087596250279	166.50646477085095	1.4774143974329021	11.706
18.502094997585885	0.07299662353488003	8.608527704182316	0.0738615786454554	-1.3698700179552086	0.07209655796281243	-12.569081804890939	0.07257220862212611	19.1777	0.2338	188.31102155396545	1.9765762342707427	34.35466074727393	0.35536112660776203	166.35704362757565	1.5195530426631774	11.706
18.50693936775304	0.06994270675490287	8.622905307253863	0.06938355156439094	-1.3486622543762596	0.07042656397406369	-12.541906800478255	0.07245047862716192	19.1777	0.2326	188.54095577336435	1.879286286616926	34.38700284130025	0.34093106104772897	166.4883869004698	1.5028615588487308	11.709
18.502532287155518	0.07374767223034766	8.614760569826318	0.071826638217017	-1.367949947494718	0.07078474477205006	-12.552804934919315	0.07264950422638443	19.1831	0.2332	188.4213973678756	1.9617304978182242	34.33981862447123	0.3468968075923907	166.57057833368597	1.5105757243561297	11.706
18.491551786471724	0.07212937654316345	8.60045028739878	0.07107993398756601	-1.3621521782329202	0.07193048414876693	-12.556162130184246	0.06847660138887246	19.1777	0.2326	188.35796640124914	1.9284449729298359	34.40912851114847	0.34926995771155206	166.4343494271201	1.476599306105323	11.706
18.497906794594638	0.08781017204764234	8.612549913712645	0.0732322670162164	-1.3756571246225817	0.07317068171983528	-12.56172544430051	0.0742377710535915	19.1777	0.2326	188.46742573723856	2.179924221761336	34.32092138556054	0.3557183483516866	166.5525107294686	1.5520027458401617	11.706
18.489603430485797	0.07116032647393114	8.608560934218644	0.06860803134150305	-1.3910903046148537	0.0711447934179324	-12.569127741838786	0.06497248829201023	19.1777	0.2326	188.59803804780825	1.8866905146121882	34.29042812437049	0.33892623451156856	166.7148852496431	1.4369879636212275	11.709
18.465988408951105	0.07363199037903993	8.602262078013863	0.07058144584307854	-1.3756464247510976	0.07005256720705152	-12.56876025575105	0.06858440341392402	19.1831	0.2332	188.92912943235825	1.953645569875299	34.36514996895132	0.3424973134659039	166.4903311803915	1.4582316165349989	11.709
18.52130758163819	0.06476456474087447	8.6247834120458	0.0667003052283954	-1.350585809296705	0.06735081379811977	-12.543562746150807	0.06508571941328815	19.1777	0.2326	188.25475812589877	1.7685000018220796	34.36509074891871	0.32654953909325185	166.44970988007418	1.392816010367625	11.706
18.47862405582528	0.07333085016332502	8.61436152648586	0.07293416907416662	-1.379505858190599	0.07317128123897268	-12.55409355270899	0.07033277132477041	19.1777	0.2326	188.91885968365432	1.9807869465530359	34.31027337822666	0.35468480839029126	166.76635233505309	1.5146456130210573	11.709
18.514587101760444	0.07242712605276141	8.640673895264142	0.07462442320896058	-1.3332136896251048	0.07622021188527883	-12.537769834518459	0.06654443389064182	19.1831	0.2332	188.6858558375788	1.9872528347690723	34.370195736391224	0.3675840920876332	166.2776945147308	1.5015512607109214	11.706
18.493208757185318	0.06687999855863096	8.616339365761094	0.06855023686945239	-1.3698594714122525	0.06399659030336231	-12.54485183096565	0.06858533099639622	19.1777	0.2326	188.6777231539642	1.8295107971257423	34.33662073676977	0.3224540390694379	166.76031344843605	1.3998282121938885	11.709
18.497396769357586	0.07316702274898108	8.616339365761094	0.07427921426080483	-1.3679304555368867	0.06967561644838818	-12.544851830966131	0.0665636349540313	19.1777	0.2326	188.5977535141849	1.9900507106183045	34.34325476085897	0.3503146886350972	166.7315324199848	1.4374609832869665	11.709
18.53192541918389	0.07756920232852282	8.644963606962554	0.06899887680461918	-1.3467301104802039	0.07512503165351057	-12.551011568491852	0.07229682504809115	19.1938	0.234	188.43683218547253	1.9786479296613224	34.3089448335434	0.35025251633533033	166.28177101901844	1.5473459230433981	11.706
18.51090911160222	0.07310904274796441	8.604704850723323	0.07305711706973617	-1.3583041577424078	0.0703351218647162	-12.539929952976303	0.07118054584856211	19.1777	0.2326	188.0708003560217	1.9622121506185455	34.40772443888379	0.3502307798768752	166.61868300295376	1.4911317586505017	11.706
18.497251053026808	0.07142650150497054	8.610239670705646	0.07050339713781496	-1.3795012288652968	0.06766911055468651	-12.577863212483845	0.0645105920071696	19.1831	0.2332	188.4841795565426	1.9132774353258186	34.32444600126912	0.3357741850843247	166.4123048879004	1.3893275970888037	11.709
18.501803482689006	0.07719041538484823	8.624483772803568	0.07317529978772859	-1.3505729062587595	0.07585458832524974	-12.563380891247423	0.07264747021710709	19.1831	0.2332	188.66912111773863	2.031656656756174	34.37497481029099	0.3632081358302002	166.1979078887158	1.556789518365009	11.709
18.501511976978623	0.07910364087078631	8.608261873127697	0.07765038704525855	-1.3602127647824975	0.0718399064127675	-12.555840907222116	0.07041553212742016	19.1777	0.2326	188.36532070867406	2.1104950378999363	34.397672114244045	0.3650279778303335	166.4529408223915	1.4956110237461873	11.709
18.508231625294034	0.08233843004989053	8.624550357502363	0.07241833907338667	-1.3640798003011383	0.07114479513075825	-12.548759523584392	0.06984328558904643	19.1777	0.2326	188.49937724165355	2.0912996556544203	34.31946754756894	0.34880253210966206	166.57318849777712	1.4847982642460988	11.706
18.54232473378766	0.07646088552767283	8.640907394161127	0.07386603563507615	-1.3467286913508396	0.0703308391346269	-12.543608592267994	0.06899079357709788	19.1777	0.2326	188.20994659066588	2.020838748906695	34.3316796024828	0.3505933463472378	166.43433216697778	1.4644331226734397	11.709
18.51227412972961	0.07116879600102914	8.632528666834936	0.07311788284144087	-1.360218645229661	0.0731772912432826	-12.550506985283063	0.06977434044158515	19.1777	0.2326	188.5744699426563	1.9475472364924349	34.30532743798352	0.35513354902120836	166.48970135695683	1.5043304035286627	11.706
18.5165354506049	0.07428928587053824	8.644629880329404	0.07473441391689567	-1.3389988906273382	0.07260213626739051	-12.55055285479039	0.07047888653566647	19.1777	0.2326	188.72422862749636	2.0145077726363074	34.33666018739141	0.3583526338700549	166.1739103953736	1.4997258566110168	11.706
18.544273142807164	0.06930070544843739	8.652909301503069	0.07081177359665033	-1.3525136132333924	0.07150314769295893	-12.541677601247713	0.06930566975535322	19.1777	0.2326	188.4012415842252	1.8871857890395387	34.27064752744877	0.3446889997977704	166.5491032805674	1.482219058311416	11.709
18.504116237571274	0.0709080010857499	8.622572444788998	0.07136811104792992	-1.3640812850672723	0.072185422212625	-12.548805387159955	0.06654341897426491	19.1777	0.2326	188.54015150897348	1.9195450728897627	34.32625960791568	0.3489091976284189	166.57252756776924	1.4621392102501571	11.706
18.493572972486337	0.06942416509766922	8.612483422805107	0.07006876000455708	-1.3544341454745685	0.07070020495536414	-12.548759523584392	0.06814842398604297	19.1777	0.2326	188.54881887937455	1.8821784701421318	34.39423133551359	0.3434954829487712	166.42965975215455	1.4599323349430147	11.706
18.497251053026808	0.07351597299970118	8.600184711211476	0.06903640329448452	-1.3582822148480567	0.07123603869189832	-12.548438488039922	0.06814346750213264	19.1831	0.2332	188.29268838882905	1.9186720923281453	34.43223988390265	0.34299164373812063	166.53433456755894	1.4670956733835079	11.709
18.503168743961005	0.0742562533813626	8.604040589112238	0.07311387841712372	-1.3737068078217864	0.07435875823877447	-12.557404649810636	0.07264636985476432	19.1777	0.2326	188.25347035740774	1.981771443934154	34.365704846301966	0.3591738178216537	166.6305058481086	1.5488738123472332	11.709
18.52549626086369	0.07686467197907763	8.64690829622403	0.07390886867575677	-1.3544442834871722	0.07158527804725684	-12.541723440417114	0.0730022751037786	19.1831	0.2332	188.59656567341057	2.035787689629492	34.27581077791625	0.3526264618113031	166.5344841850713	1.522006357132126	11.706
18.499563669657473	0.0730657722577675	8.616372625605226	0.06883521611205506	-1.3602157049842112	0.0731786180409631	-12.555932683517193	0.06656771862608934	19.1777	0.2326	188.50872714384394	1.9146862424202193	34.3608914376396	0.3460198795137234	166.4089729497478	1.4704006078569374	11.706
18.505700114068762	0.07723621846314485	8.622339456353817	0.07328503804423368	-1.3698579648093292	0.07466248122567608	-12.559519098598892	0.07462486192504361	19.1777	0.2326	188.50549204428933	2.0307280962952157	34.30721532976892	0.35919970726658607	166.49903348795766	1.5707345158424728	11.706
18.531487407208473	0.07521585906805177	8.634706593341708	0.07362355352967107	-1.344792332969842	0.07474275351595776	-12.54337936506704	0.07443081420791606	19.1777	0.2326	188.29812074365805	2.0025337046336364	34.359673226672356	0.36122095327554543	166.4089606413507	1.5674413767387985	11.709
18.486708426791594	0.07276261655755152	8.610206435334	0.07176314501000806	-1.3602098246259617	0.07563641725358765	-12.557588222055582	0.07141721694284246	19.1831	0.2332	188.68474185241132	1.9524246394085192	34.39097356957987	0.3596352595580248	166.42692267064788	1.5461323805856795	11.709
18.533581792496086	0.07221821338937216	8.636717914835863	0.07295781611289859	-1.344792332969842	0.0696761891296408	-12.532343470232219	0.07059485932866212	19.1831	0.2332	188.29654036866216	1.9531261562511988	34.352749590110626	0.3472068143378363	166.5731137939645	1.4768358623504056	11.709
18.510107053290678	0.07351768085936919	8.622439306998645	0.07171826901817663	-1.3544298007763262	0.06977277352274491	-12.544943528631945	0.06776682465962627	19.1777	0.2326	188.4716675842844	1.9576933709181228	34.36873014669267	0.3446864496087963	166.52901501959056	1.447434188428499	11.709
18.51227412972961	0.06865415014592041	8.608394786603016	0.0715455216062583	-1.366005900014243	0.06839941864396894	-12.550506985283542	0.06394717781884192	19.1777	0.2326	188.11494963604508	1.8833988713666616	34.368427669579134	0.3410552774909104	166.5758489922725	1.3945651419084655	11.706
18.499490802074412	0.0774349420537857	8.612317200028343	0.07635549614106873	-1.364072376638684	0.07284436962527502	-12.559564999793714	0.07427630890162559	19.1777	0.2326	188.4327957433842	2.0725707569923584	34.361575990091985	0.36347398532341846	166.41230775146462	1.5463988804853976	11.706
18.517754359345556	0.07314180431079892	8.618084340967272	0.07244967753972718	-1.36213149475346	0.07014732631911677	-12.544485053843749	0.0677663253643187	19.1777	0.2326	188.19493582867176	1.9571003290828848	34.34840229791982	0.347071226411338	166.6078392163887	1.4531792432402006	11.706
18.52932004825671	0.07449269003820352	8.642718615191427	0.07349522774356695	-1.3428616498965908	0.06713115865747614	-12.534137011174245	0.0685373320432274	19.1777	0.2326	188.44370094689793	1.9945995883527752	34.329949732008295	0.3422125630022681	166.47501769816424	1.4271079002132954	11.706
18.48887516815032	0.07313913868457986	8.596162844333943	0.07105340387140685	-1.3582822148480567	0.07293488261407816	-12.542920936056559	0.07000791488981166	19.1777	0.2326	188.37556047966535	1.941701245629677	34.44615144645436	0.35234887701310263	166.61648848159186	1.5060324318248774	11.709
18.501730605400386	0.07486124380199038	8.624450480839867	0.07470978127180081	-1.3544298007763262	0.07325566067652589	-12.541265063961033	0.07292897740186949	19.1777	0.2326	188.66987724982837	2.020216393913054	34.36180336842934	0.3602967996430156	166.58377323172294	1.5392645789589838	11.709
18.50295010536845	0.07764020070571956	8.603940958716434	0.0750421512451674	-1.377560020215003	0.07357180843082224	-12.548071610595192	0.06973707975023093	19.1777	0.2326	188.2074999863843	2.0529667178181397	34.343979855232604	0.36159351199130785	166.784461818039	1.5135475819984228	11.706
18.499199337481212	0.07590981689900199	8.594085591862418	0.07288726779060424	-1.3852847727250936	0.07388949499667606	-12.56122045101042	0.07659041583254947	19.1777	0.2326	188.13971010552822	1.998895131825319	34.36011587371981	0.35735833021332636	166.7462378370558	1.5878359185324995	11.709
18.51992144971274	0.0657780041072083	8.62616198416325	0.06848159560629608	-1.3563458420471364	0.06889958541322705	-12.557404649810636	0.0695132089985259	19.1777	0.2326	188.30736388134477	1.8072754187975049	34.34051588172338	0.3341807378569804	166.3296118526248	1.4533693706440152	11.706
18.500200314945666	0.07144736266056362	8.587555821763091	0.06545082076016298	-1.369830847902245	0.06712954644250407	-12.562370830147728	0.06539975797547065	19.1777	0.2326	187.9486110003292	1.837166499634009	34.42715241638068	0.3241565198474872	166.4562080447402	1.3938153813598877	11.706
18.523453133264887	0.06598553625521163	8.64195130569314	0.06931363149729532	-1.3544037346616915	0.06599765732824898	-12.542279192314718	0.06714446055810402	19.1777	0.2326	188.5892712647451	1.82644039007982	34.3017350514014	0.32841563044171057	166.56828507938485	1.4017199806843994	11.709
18.525620229510004	0.0776478739516979	8.617851488321977	0.08000262529655677	-1.3621211538367848	0.07555691543071638	-12.544164141636406	0.07164069241515429	19.1831	0.2332	188.08929410271512	2.116493836835672	34.35804228816219	0.378841891303342	166.6551658490545	1.5518045735120614	11.709
18.518192008004572	0.08168757758738421	8.638395778952386	0.07559573979091147	-1.344778215836694	0.07317573412217425	-12.542920936056559	0.07706065770122326	19.1777	0.2326	188.57350097517744	2.124348900801567	34.33822436875681	0.36188560775465123	166.37292543786648	1.5788539357478537	11.706
18.52238041206394	0.0694344974016851	8.628339650139607	0.06860932918402304	-1.3640694072520427	0.07149881776388006	-12.546599318648346	0.07067344738862916	19.1777	0.2326	188.35026795468286	1.8582421105326687	34.315280740067976	0.34029696876244464	166.64790914297777	1.4981903797018212	11.709
18.516024898287306	0.07102147361896852	8.640373700938756	0.0712331503959305	-1.352493440135472	0.06766893306710875	-12.535518181033824	0.06916538511021464	19.1777	0.2326	188.6526494915019	1.9215382837421529	34.30491606721737	0.337289591592334	166.59783976155842	1.4415047712057611	11.706
18.528517180555095	0.07475195484932184	8.646374227770306	0.07644615128158636	-1.337058534320733	0.07504767478845194	-12.533633108375488	0.06694877313202023	19.1831	0.2332	188.5770361314046	2.0403106166716816	34.34613426516165	0.36854999179553904	166.43887077582633	1.4949866732340966	11.709
18.54137518508104	0.07732722533249932	8.644496396890576	0.07504824346559721	-1.3254881299578831	0.07285167893299868	-12.539334151709394	0.07469284899176107	19.1777	0.2326	188.2962566831367	2.0501803222496475	34.39246281181358	0.36080257788316183	166.18252337764238	1.546224966292552	11.709
18.51855673102307	0.06939439419727153	8.630517418268015	0.0705549532902813	-1.3447852742694164	0.06967937023070944	-12.550506985283063	0.06985851235090937	19.1777	0.2326	188.4162982069121	1.8857281974774285	34.36531994180581	0.34161906506363304	166.26039909616833	1.4639507768250977	11.706
18.512055371219024	0.07598635830347789	8.628406263874817	0.0706167079704697	-1.3467102436495606	0.06646205866281332	-12.531977041582891	0.06676635369189927	19.1777	0.2326	188.5482991578753	1.9789028529921104	34.37476863707243	0.3341768631504254	166.6071326083455	1.4032344230453386	11.709
18.515660235298228	0.07574309400855962	8.628139815104122	0.07105626100767692	-1.360202474428551	0.07078905347265116	-12.555519700864789	0.06776530174974053	19.1831	0.2332	188.4744758510869	1.9796824372116708	34.329252255734964	0.3447241381133388	166.45756354831025	1.4570542064829883	11.709
18.476877445603744	0.07300769232694936	8.591444648324007	0.07782120191050984	-1.3775400571352325	0.07033090299392619	-12.564026099523359	0.0673048532778328	19.1777	0.2326	188.5142782191399	2.034881668887778	34.39591214200749	0.36191207857004737	166.58897365996867	1.449685458640989	11.709
18.518337895488003	0.0710448714659421	8.628406263874817	0.06622503195228198	-1.3698594714127332	0.06860029942894794	-12.555886795200477	0.07065529437740155	19.1831	0.2332	188.42852489557933	1.850466541258409	34.29517989942992	0.32706366157117533	166.59580517026487	1.4666724034300864	11.709
