19.742594	0.073046	19.778375	0.073713	20.064107	0.076446	20.056677	0.072609	20.1486	0.2371	-0.0	0.0	-0.0	0.0	0.0	0.0	0.0
19.746102	0.076642	19.777673	0.084281	20.033853	0.075449	20.020138	0.076696	20.1486	0.2371	-0.0	0.0	-0.0	0.0	0.0	0.0	0.0
19.736904	0.072931	19.772682	0.075583	20.051987	0.076092	20.013021	0.073833	20.1432	0.2376	-0.0	0.0	-0.0	0.0	0.0	0.0	0.0
19.756859	0.071545	19.794746	0.07071	20.044639	0.076506	19.927687	0.069971	20.1432	0.2376	-49208.20888936997	130648.31628412506	-1372.7680265112222	572.2961414172946	15941.301500044805	14131.958930366234	11.714219000000002
19.996595	0.071942	19.800749	0.075034	20.037984	0.072569	18.101767	0.09373	20.1162	0.2384	9520.22458089819	5053.117507515825	-1446.106710306603	636.3000502860691	962.9603150195327	58.95440956269163	11.715
20.380071	0.077363	19.821565	0.076882	19.850253	0.07575	15.711051	0.103825	20.1216	0.2385	3338.3735938461955	651.9376307440767	-11958.874503633815	44992.83381282426	450.4491792820161	13.986359715333162	11.715
20.755269	0.076699	19.764107	0.081177	19.298521	0.078269	13.42931	0.0909	20.0892	0.2373	1881.126479895523	211.95730496080247	736.8524498508491	178.46499033036508	317.6747333753953	6.492557545302513	11.715
21.169945	0.069028	19.673779	0.068307	18.507872	0.071415	11.370525	0.096367	20.073	0.2382	1246.1856766358549	80.88626442210669	294.24990778142757	24.94075959257595	261.231510232072	4.390065615043604	11.715
21.528766	0.083544	19.516808	0.077145	17.584667	0.078214	9.522977	0.096846	20.073	0.2382	926.7095718796036	52.37697402294232	177.55842912601236	10.095651054798303	231.2790881688054	3.5713096149359735	11.715
21.837578	0.075039	19.265961	0.07169	16.584479	0.080827	7.79686	0.079749	20.0407	0.2366	725.0301979333508	29.259263549050704	127.93968908565999	5.154771324508147	212.17355396246302	2.741547698459672	11.715
22.09841	0.085333	18.996953	0.080177	15.553632	0.080487	6.214633	0.083325	20.0353	0.2371	601.1691040716541	22.695984662257594	99.63290869498299	3.2872219435043672	199.64666230739	2.4766083712854403	11.715
22.345242	0.075667	18.686848	0.068541	14.570836	0.078448	4.741832	0.086979	20.0137	0.238	509.64997151706046	14.222814782633641	83.3496086888203	2.109505772122231	189.69369566966859	2.260537027941872	11.715
22.548072	0.076512	18.398418	0.076961	13.618922	0.084048	3.46891	0.076745	20.0029	0.2377	449.3145975838818	11.750555748178703	71.77912679178151	1.7114858908991382	183.69438008992896	2.0598230340602988	11.715
22.664354	0.081833	18.033844	0.080776	12.677923	0.087207	2.194657	0.08273	19.9813	0.2368	402.6555247440676	9.998691495475432	64.05396924019087	1.421609259695925	177.85490555392502	2.0393547244877372	11.715
22.814904	0.075683	17.723752	0.06681	11.805009	0.079541	1.094917	0.072009	19.976	0.2372	366.2235869203889	7.261840100916509	57.96299523757156	1.0172766164512532	174.0881457123893	1.7440311644950086	11.715
22.881149	0.072356	17.381782	0.071477	11.009607	0.072368	0.062181	0.081206	19.9382	0.2366	339.03903958931903	6.270332451029988	53.83844848689156	0.8593980715804366	170.31403344955777	1.6922370031429244	11.715
22.950673	0.073404	17.052035	0.072729	10.230483	0.075946	-0.892633	0.068857	19.9328	0.2373	316.1814130236633	5.5388975667540254	50.30633950216057	0.7754690036206069	167.67242070074838	1.54531691449041	11.718390600000001
22.947994	0.070306	16.712554	0.068369	9.492375	0.077523	-1.768488	0.065779	19.9166	0.2373	299.09317553338667	4.7039668085159	47.52733856151602	0.6804038642006839	165.61586648467727	1.4952820442424848	11.718
22.967911	0.070833	16.405597	0.074152	8.823488	0.078947	-2.543339	0.072379	19.8897	0.2368	284.2045792358249	4.441134658653822	45.260140055414475	0.6465382957454018	164.07742817801216	1.5460264505017605	11.718390600000001
23.039744	0.075045	16.167955	0.077146	8.237001	0.077468	-3.225862	0.075939	19.8789	0.2358	271.3267253786975	4.249509977030281	43.25684173908573	0.5963024340510049	162.6557220383565	1.5393226089254102	11.715
22.976714	0.071384	15.831325	0.068551	7.622855	0.069683	-3.921355	0.066865	19.8681	0.2367	261.004371747896	3.615113918056578	41.80509460563813	0.49782933911071015	161.55091135450652	1.3514724965595473	11.718
22.952896	0.082688	15.541249	0.073277	7.09453	0.071707	-4.523542	0.073884	19.8519	0.2372	251.6279449406836	3.7509683385112087	40.62593880510569	0.49311092212365	160.5238542534773	1.4225718446895934	11.718
22.91897	0.075216	15.272548	0.070709	6.55758	0.068224	-5.101503	0.068406	19.8249	0.2356	243.91012466718072	3.2930107265840545	39.37677587917492	0.4439486462259423	159.96452500082407	1.3255271975773832	11.718390600000001
22.911263	0.072606	15.072687	0.077634	6.139429	0.074449	-5.566421	0.068008	19.8195	0.2361	237.9230155198189	3.226371690041372	38.413296759860366	0.46252407337967844	159.32013184525792	1.3724009762901481	11.718
22.842334	0.077985	14.812157	0.06968	5.697693	0.07088	-6.030077	0.069584	19.8034	0.2369	232.186681887813	3.0238531645796973	37.639958771668205	0.41047106396285543	158.98164416393124	1.3464858362741268	11.715
22.766313	0.078285	14.557645	0.075497	5.278419	0.076854	-6.502038	0.075449	19.771	0.2353	227.1961421353878	3.010159268614872	36.98108938084939	0.4293539184861537	158.31114366105524	1.44730427663644	11.718
22.76767	0.067687	14.395755	0.067875	4.927953	0.065749	-6.875816	0.068638	19.771	0.2353	222.76597129637386	2.5506151383383044	36.2445122931367	0.36175740123624206	157.9984944555486	1.272264802954004	11.718
22.663723	0.070167	14.14565	0.076727	4.557459	0.068185	-7.270712	0.073466	19.744	0.2367	218.94360799616376	2.6724701511453812	35.789427128869356	0.383144224118806	157.67253474139318	1.336115075969694	11.718
22.640061	0.071295	13.969948	0.074171	4.235775	0.071668	-7.587116	0.069947	19.7278	0.2361	215.1041835888898	2.5524452649508094	35.25269885964627	0.3735224149639231	157.74294111071654	1.3361422414119886	11.718
22.569805	0.078661	13.789105	0.07261	3.949581	0.07964	-7.902536	0.071333	19.7224	0.2356	212.3950928452267	2.5894323343179377	34.87525319953173	0.38198846404362463	157.35396820359884	1.41946439435205	11.718
22.509763	0.076064	13.616341	0.068851	3.665611	0.067654	-8.164911	0.066728	19.7117	0.2356	209.64936719006212	2.418579596414994	34.47666870986651	0.33444299791886073	157.60084057831332	1.2658716565618526	11.715
22.437595	0.076895	13.444073	0.081235	3.397848	0.073777	-8.449661	0.074081	19.7009	0.2363	207.31589548530934	2.578477285296445	34.14895098536182	0.3730136988115088	157.37486400074056	1.38879100844386	11.715
22.380248	0.07901	13.284171	0.076833	3.14216	0.07238	-8.702252	0.073407	19.6739	0.2358	205.0309938598977	2.4841673186145656	33.83509360515823	0.35215117807356394	157.45631661132555	1.3704431162261281	11.718
22.299613	0.074544	13.123197	0.077564	2.925681	0.069302	-8.920198	0.067631	19.6631	0.2348	203.2359555818704	2.382594232325706	33.65092785030181	0.34323902517490845	157.43683714150723	1.2869646885786874	11.718
22.235924	0.079078	12.9758	0.081027	2.719568	0.078561	-9.14054	0.079145	19.6631	0.2348	201.39877076039085	2.462418265860502	33.45827955107194	0.3681743125224966	157.24794773971826	1.4785414281346343	11.718
22.173584	0.079782	12.850548	0.076014	2.501748	0.075872	-9.345452	0.074485	19.6577	0.2353	200.03971825700995	2.3644302284534233	33.15900358831086	0.34412343712878973	157.4192656416801	1.4127626642474989	11.718
22.080276	0.077561	12.701323	0.076365	2.311688	0.073688	-9.5114	0.071818	19.6361	0.2362	198.8470998698376	2.3076728536512876	33.02867567338387	0.3373577560827563	157.74032402684568	1.3728261170920175	11.718
22.091051	0.07762	12.624905	0.078225	2.186666	0.072683	-9.653876	0.075042	19.6146	0.2351	197.01550863007836	2.293551305137578	32.87488111586612	0.336301377760289	157.50780087612674	1.3897167893493003	11.718
21.989996	0.072703	12.485239	0.071277	1.990783	0.068898	-9.830212	0.06481	19.6092	0.2346	196.2151872559301	2.101841287880465	32.6987761591678	0.30887932136339796	157.76824464865376	1.262439402568132	11.718
21.926471	0.075884	12.350521	0.077401	1.818709	0.077012	-9.984671	0.071319	19.6038	0.2351	194.75640838708512	2.204532012783105	32.58279584520049	0.3377974847789939	158.0037014192525	1.4050699957969994	11.718
21.845548	0.069006	12.244212	0.069618	1.687733	0.070342	-10.114685	0.06514	19.593	0.2358	194.24147119029394	1.9830737192998664	32.506662009822115	0.3047528058802682	158.01656155969422	1.2835633734792629	11.718
21.800723	0.072782	12.168558	0.073668	1.576361	0.069288	-10.239053	0.074534	19.593	0.2358	193.6197628376821	2.0816592112951655	32.397045852838644	0.30932209536628863	157.84276978252726	1.3594837539112488	11.718
21.7324	0.075851	12.05816	0.071315	1.429892	0.07415	-10.365131	0.07598	19.5606	0.2349	192.77768197491787	2.0746162076172716	32.28709492331651	0.312529548028398	158.11563853581225	1.423178434138994	11.718
21.698117	0.077557	11.958056	0.076471	1.303033	0.077371	-10.491175	0.075821	19.5552	0.2343	191.47492659856175	2.14113639386804	32.20602041185212	0.3288140881986517	158.12657447973163	1.4523821767890701	11.718
21.602263	0.075899	11.849798	0.070684	1.184035	0.071779	-10.585583	0.075759	19.5552	0.2343	191.23140787069994	2.033711116466388	32.17358798251695	0.30388435929408825	158.45694570350358	1.4050667033085287	11.718
21.554103	0.077838	11.788994	0.076497	1.113915	0.074111	-10.667441	0.070368	19.5552	0.2343	190.98379602450785	2.1344445222085144	32.14551381924251	0.32072806859440844	158.29905754255105	1.3731562868164804	11.718
21.54682	0.075064	11.710189	0.083945	0.969832	0.071038	-10.777349	0.073149	19.5283	0.2357	189.59516735751984	2.1705312211926118	31.950136517251853	0.327133515821127	158.7595890317008	1.3780515493560082	11.718
21.455004	0.076452	11.630407	0.067649	0.899657	0.069884	-10.856703	0.070837	19.5391	0.2355	189.8274008880001	1.9724485165032928	31.978741705088886	0.2898541583665299	158.6356313701676	1.3427110959240036	11.718
21.378563	0.072532	11.530573	0.068299	0.778938	0.071365	-10.947375	0.065357	19.5067	0.2346	189.37647592268473	1.9158290593846012	31.91662400931274	0.2932349312828502	159.04210345172442	1.312474140351587	11.718
21.377292	0.07081	11.498459	0.068646	0.74008	0.065056	-10.990364	0.070507	19.5067	0.2346	188.78522434644725	1.8846758206062444	31.896614833786945	0.2803989370686286	158.98611804079303	1.300240111906882	11.718
21.285038	0.075068	11.404248	0.068676	0.642708	0.070616	-11.071246	0.067587	19.5067	0.2346	188.7478310756749	1.9435416635815743	31.88724662872837	0.2918751612046769	159.20992134387353	1.3285372248996117	11.718
21.254288	0.074727	11.366133	0.071239	0.58443	0.071715	-11.114296	0.068832	19.5013	0.2341	188.6072439791608	1.9692685075264853	31.827613937297286	0.29840047909451906	159.4171553339435	1.354544325504294	11.718
21.212869	0.071435	11.283241	0.074486	0.508656	0.07314	-11.190603	0.065862	19.5013	0.2341	187.8194760748285	1.9521186184842005	31.84864082503537	0.308572203424118	159.40989875186784	1.3410946133404897	11.718
21.1602	0.076558	11.232546	0.070729	0.440632	0.068255	-11.242518	0.070729	19.4905	0.235	187.85682066190853	1.972272678240674	31.7975006191238	0.2896079151236161	159.6296928609546	1.3429846539861652	11.718
21.080979	0.072862	11.162962	0.073279	0.368668	0.070334	-11.30124	0.072214	19.4851	0.2353	188.03935857968432	1.9592169606187755	31.790488750644986	0.29913846247715803	159.8108227817943	1.3804600066456254	11.718
21.077081	0.071589	11.116399	0.076167	0.322058	0.073455	-11.351324	0.073797	19.4635	0.2352	187.23391485036097	1.9648709557966735	31.790352097895063	0.3116378796161478	159.76326832175323	1.4250337225461747	11.718
21.030121	0.073299	11.073519	0.072019	0.269587	0.075846	-11.404718	0.075878	19.4851	0.2353	187.31066444128413	1.9331823104258732	31.762127719928394	0.3074844331800282	159.7506327474718	1.4680774811023332	11.718
20.959907	0.078957	11.000185	0.071298	0.201595	0.06954	-11.44886	0.07037	19.4635	0.2352	187.25198525881393	2.0001108236735052	31.77784055683653	0.293085806059878	160.07766185215485	1.3593455846346116	11.718
20.943487	0.07116	10.986226	0.069617	0.172498	0.069831	-11.45835	0.072645	19.4528	0.2344	187.29826394937237	1.8725615367798345	31.733355793651516	0.2893596964640809	160.34751609368982	1.3891910926672415	11.718
20.914959	0.06904	10.946167	0.071941	0.125961	0.06737	-11.499544	0.067789	19.4474	0.2338	187.03371458328772	1.8707392401355252	31.70623868189509	0.2888092889455929	160.38014119826988	1.3184722105542006	11.715
20.852572	0.069548	10.858325	0.071235	0.0638	0.066462	-11.547024	0.06723	19.4528	0.2344	186.60511953403415	1.858825700820494	31.789808989131934	0.2869158678408921	160.62404710662662	1.3078148933493847	11.718
20.778103	0.072151	10.787047	0.068609	-0.017712	0.074587	-11.620639	0.068408	19.4474	0.2338	186.6647209776955	1.8601696432308545	31.759697271854495	0.29789113286987834	160.73338751526654	1.4020064312323413	11.718
20.766492	0.071725	10.793678	0.076307	-0.009905	0.068626	-11.623038	0.069309	19.4474	0.2338	187.00616328187223	1.9637557654029987	31.76315454787928	0.30172873580888593	160.59212450210683	1.3487739202558167	11.718
20.754223	0.075292	10.759393	0.074594	-0.058384	0.074371	-11.639868	0.073957	19.4474	0.2338	186.5942345851642	1.9786771188749703	31.721478213949883	0.3088767887727889	161.03096542324832	1.458329288019787	11.718
20.69498	0.070846	10.704577	0.068579	-0.104935	0.072574	-11.674904	0.070014	19.442	0.2343	186.67693252666552	1.8424379138325062	31.745732247736004	0.2932446150304896	161.1912362362706	1.404907037149958	11.718
20.641597	0.077378	10.661695	0.075472	-0.141801	0.071632	-11.709677	0.0686	19.4474	0.2338	186.87332904944932	2.023971601484085	31.76341350160906	0.3059296023636484	161.22039648389924	1.382294549143376	11.718
20.620232	0.066465	10.614931	0.069769	-0.178647	0.069302	-11.753842	0.06665	19.4366	0.2348	186.3989515063448	1.7951996305558622	31.792599401951414	0.28965757775905954	161.1184572520418	1.3383475361278576	11.718
20.625598	0.072219	10.611451	0.074672	-0.203806	0.069792	-11.754444	0.066537	19.4258	0.2352	186.234304219929	1.9319057223732643	31.728867611898995	0.2998532803585938	161.461010968414	1.3479019124114073	11.718
20.555421	0.081044	10.554437	0.0741	-0.248404	0.071182	-11.789247	0.069514	19.442	0.2343	186.4794192760672	2.0475957934266416	31.765335246667107	0.30213514882634057	161.59805259880267	1.3931431157773222	11.718
20.54933	0.073946	10.530235	0.077123	-0.261963	0.072311	-11.794912	0.071294	19.4312	0.235	186.14231097758724	1.9850535613624636	31.796665067819465	0.311480571645042	161.70865368030044	1.4238330293886459	11.718
20.493872	0.069471	10.473201	0.07391	-0.318176	0.065843	-11.835198	0.06703	19.4366	0.2348	186.11305288933585	1.883932182090559	31.799081847495227	0.29168050988416006	161.93227904329086	1.321087599143953	11.718
20.490136	0.080778	10.473445	0.078595	-0.320099	0.074575	-11.835458	0.074255	19.4204	0.2352	186.18698513820834	2.09490961205629	31.792700156227347	0.3191322044797547	161.95566297632726	1.4801110640028332	11.718
20.437692	0.07942	10.443211	0.077742	-0.353025	0.073545	-11.859612	0.073229	19.4312	0.235	186.55296126721882	2.074428725256897	31.776634234426933	0.31498455610335885	162.0376287251253	1.4615214040260267	11.715
20.384049	0.076685	10.39009	0.070023	-0.407287	0.072036	-11.888646	0.069564	19.4366	0.2348	186.61049319468785	1.939028734361277	31.78141327077989	0.29569940005590134	162.43525400729666	1.4167700698955144	11.718
20.365624	0.071811	10.37214	0.076923	-0.413082	0.07361	-11.911082	0.08112	19.4204	0.2352	186.61936823393128	1.9651351499902705	31.817229844499284	0.3140900396821976	162.20016880905843	1.545245642853417	11.718
20.348504	0.076091	10.347713	0.074194	-0.436328	0.069385	-11.920172	0.068208	19.4258	0.2352	186.48300691641953	1.9817051796412253	31.820713833451006	0.29974253121097094	162.4001139730891	1.3759370396293282	11.718
20.321401	0.076395	10.311417	0.078568	-0.465367	0.072707	-11.938788	0.070628	19.4204	0.2352	186.31175365531374	2.0396794769192264	31.842140338033637	0.3162942671346733	162.54765880992952	1.4360567864085125	11.718
20.323832	0.07833	10.309552	0.080808	-0.453741	0.080402	-11.962933	0.077506	19.3988	0.2342	186.23182243381802	2.092897292029502	31.8820542313408	0.33766127294151	162.04244115503826	1.5723448885104194	11.718
20.281084	0.076351	10.240428	0.072748	-0.515712	0.072197	-11.977377	0.069839	19.4096	0.2349	185.74260812410037	1.9509033911591607	31.90325610147796	0.3039980241149123	162.71437916638473	1.4260083129632442	11.718
20.226492	0.078532	10.236497	0.075186	-0.537001	0.073917	-11.995944	0.071751	19.4042	0.2346	186.690764436032	2.0317523425748814	31.852912886947298	0.3117312740118264	162.758451809018	1.463172310535194	11.718390600000001
20.181656	0.075739	10.189661	0.068012	-0.558305	0.067631	-12.017758	0.068636	19.4096	0.2349	186.59939442078925	1.9009987197970972	31.91934448646756	0.2848473752350019	162.7041145854274	1.3681160522539468	11.715
20.177679	0.068954	10.175611	0.067653	-0.581526	0.069846	-12.016046	0.068741	19.415	0.2352	186.41147359477048	1.800359071616691	31.89213211602621	0.2882874558025909	163.05888334570926	1.3974790410541382	11.715
20.176926	0.079935	10.188426	0.072629	-0.554402	0.067202	-12.02048	0.068824	19.415	0.2352	186.71248386284444	2.0188769915459877	31.942788033060737	0.29421919605994434	162.65174229878028	1.3645265268465119	11.718
20.153337	0.072605	10.157868	0.073091	-0.585379	0.070961	-12.020261	0.069686	19.3988	0.2342	186.58229785825583	1.9231040319009063	31.941544065996958	0.30288104973900254	163.09548958265052	1.4185460105893903	11.718
20.104616	0.076041	10.115251	0.076733	-0.627959	0.077366	-12.047778	0.070804	19.3988	0.2342	186.64850242567312	2.0184915079584473	31.933477092160988	0.3238927739031253	163.26879842683135	1.4993950337472703	11.715
20.121399	0.070181	10.097	0.071604	-0.626025	0.075133	-12.068008	0.07405	19.4042	0.2346	186.0438364769448	1.8607715677119256	32.001779687852355	0.3097475066697577	162.99427050740053	1.502753180057343	11.718
20.046924	0.072705	10.080462	0.0772	-0.660864	0.070127	-12.076825	0.071833	19.3934	0.2336	187.125353344837	1.991072237847059	31.947254318837622	0.31019952932658507	163.3658073913597	1.4365781077093527	11.718
20.083382	0.081695	10.082798	0.077984	-0.649246	0.077707	-12.077178	0.074897	19.3988	0.2342	186.48686640840774	2.106077345538129	31.97488776318219	0.3280023893788882	163.19466773739353	1.5412157230991146	11.718
20.075745	0.074273	10.089258	0.075716	-0.658908	0.079995	-12.062876	0.073272	19.4096	0.2349	186.70230344557177	1.9828913969953568	31.918749729975623	0.3270980127105435	163.49574565523372	1.5552543029477106	11.715
20.006813	0.076412	10.025803	0.073042	-0.715031	0.072925	-12.119162	0.06926	19.3988	0.2342	186.80475974903942	1.9784144703714437	31.94053931270842	0.3069330399525539	163.49339800088688	1.4418513426524953	11.715
19.999255	0.075897	10.01207	0.072224	-0.699545	0.073577	-12.114122	0.070212	19.3934	0.2336	186.73707303550506	1.9589460022138012	32.03586666329038	0.3083506527988202	163.38561108058428	1.4557380868769012	11.718
19.956886	0.077694	10.003863	0.070488	-0.70922	0.074593	-12.113989	0.07184	19.4096	0.2349	187.3300380798075	1.9744449646209132	32.02327540517625	0.3067752123225313	163.48425721240747	1.4845369384929257	11.715
19.944091	0.06817	9.975471	0.069541	-0.726631	0.066398	-12.14338	0.066678	19.4042	0.2346	187.08484234255232	1.8275876258045682	32.06434431536747	0.2880698785089445	163.3545217789429	1.346394307566938	11.718
19.930981	0.077836	9.961083	0.077912	-0.745978	0.074513	-12.137587	0.070871	19.3988	0.2342	187.0129734136779	2.0658021099365556	32.04128833515489	0.3226181546762613	163.67311373248182	1.4775051241861719	11.715
19.883787	0.08515	9.916177	0.08063	-0.786596	0.078691	-12.159205	0.078219	19.3988	0.2342	187.10379249998056	2.2012574141768906	32.06233388317717	0.33751312366231034	163.98854837699773	1.5999013301468228	11.718
19.884965	0.068646	9.916752	0.070654	-0.784652	0.069732	-12.156188	0.067178	19.3934	0.2336	187.0924857935652	1.8489404827156992	32.0664343165004	0.2974614923541512	164.00402612645877	1.396474965677457	11.718
19.848464	0.074027	9.892147	0.074324	-0.790459	0.069636	-12.174209	0.068461	19.3934	0.2336	187.3160093580061	1.9735797239104207	32.12286241902918	0.3062642341638669	163.8280636527273	1.4053600861343698	11.718
19.85338	0.070514	9.89047	0.073413	-0.809789	0.068651	-12.180136	0.069233	19.3934	0.2336	187.19204133126433	1.9125563338597449	32.0698676420462	0.3012414860080503	164.02117902452335	1.4064638960234335	11.718
19.847534	0.079146	9.878569	0.074424	-0.813653	0.069826	-12.185929	0.068983	19.3934	0.2336	187.07835936008914	2.0387714074142314	32.09397292613012	0.30632156131633315	163.99334236648912	1.415436063279467	11.718
19.815563	0.077266	9.850078	0.072556	-0.834923	0.07356	-12.185706	0.069796	19.3988	0.2342	187.0957813299445	1.9899486017429435	32.10743923461531	0.31047372747930096	164.26180919443402	1.4674385381977435	11.715
19.781023	0.070069	9.821363	0.070018	-0.856194	0.072659	-12.199951	0.068963	19.4042	0.2346	187.2052036149685	1.8618948939620779	32.129824504570934	0.30363366292134597	164.363541084085	1.4514908967637312	11.715
19.774553	0.076147	9.797037	0.074858	-0.871659	0.074877	-12.216438	0.070131	19.3988	0.2342	186.9180286419035	2.000413004810425	32.164747111929415	0.31921029017233227	164.39082556789836	1.4865958247502817	11.718
19.77089	0.069293	9.803364	0.068539	-0.873589	0.067711	-12.214909	0.066594	19.3934	0.2336	187.05748220258585	1.8290614515931232	32.131640458861966	0.289944259533404	164.39886942334425	1.37665768080515	11.715
19.745478	0.083007	9.768936	0.079706	-0.871657	0.077056	-12.233236	0.0775	19.3934	0.2336	186.8884228396868	2.1557481353745103	32.24143897532589	0.33592003467638853	164.10571987377074	1.5785497140528089	11.715
19.735813	0.071698	9.78956	0.076333	-0.889049	0.069338	-12.237411	0.065	19.3988	0.2342	187.4575386778828	1.9737542430243726	32.12665896244021	0.31024654105573624	164.29685270224076	1.3759550242543037	11.715
19.708066	0.068752	9.75906	0.066145	-0.900648	0.069721	-12.235346	0.066322	19.4042	0.2346	187.453655034612	1.7975579653735267	32.19186513068401	0.2902340951954723	164.53703504406639	1.3968559839571353	11.718
19.712509	0.076401	9.751091	0.073376	-0.904513	0.070472	-12.248371	0.070921	19.4042	0.2346	187.2201069454965	1.9908972619745078	32.20426416727961	0.3074759902917453	164.40416623475036	1.4489910432415718	11.718
19.654845	0.072086	9.730473	0.075931	-0.927707	0.071191	-12.268134	0.066613	19.4042	0.2346	187.87083918142238	1.981975562493303	32.18823885882963	0.31434228638228034	164.41180893687587	1.4134788690768099	11.715
19.674401	0.070551	9.724713	0.072024	-0.948963	0.067165	-12.262969	0.067812	19.4042	0.2346	187.39283196420578	1.8988761663903853	32.141507600017306	0.2965563293926499	164.79575351780957	1.3902036076062505	11.715
19.657415	0.077391	9.708476	0.070191	-0.943166	0.068537	-12.25183	0.068064	19.4042	0.2346	187.45494318428246	1.9685843809733583	32.21624253245784	0.29671254850846374	164.91580948235554	1.4086081947328222	11.718
19.653828	0.077753	9.718878	0.080715	-0.918041	0.075024	-12.266921	0.072806	19.3988	0.2342	187.67082034931906	2.1170682869056052	32.25257464123896	0.3341350330502388	164.2893625306138	1.5134014485571643	11.715
19.623601	0.073424	9.692241	0.072049	-0.947031	0.068536	-12.259107	0.064863	19.3988	0.2342	187.7386538716047	1.9446074889731373	32.24544309762545	0.30137989982643254	164.8238712157709	1.374928507712925	11.715
19.607238	0.073677	9.660148	0.073939	-0.977947	0.075975	-12.27963	0.072134	19.4042	0.2346	187.44176932088715	1.9669324559075412	32.24901055555712	0.3213819783552423	164.97543191387086	1.5292851433345134	11.715
19.609032	0.072508	9.674137	0.071461	-0.968286	0.069999	-12.281292	0.073018	19.4042	0.2346	187.7199143096697	1.9235855291769381	32.24415093454161	0.3030767352629089	164.85252101903467	1.4739677247936693	11.718
19.60498	0.078407	9.649975	0.077008	-0.991471	0.075313	-12.290588	0.072906	19.4204	0.2352	187.3407014669812	2.0681739468861164	32.24710966354021	0.3264079654402346	165.05517029620654	1.5311900821530555	11.718
19.584256	0.081576	9.650124	0.077121	-0.983743	0.07676	-12.27972	0.079052	19.4258	0.2352	187.68626521040275	2.120927365183902	32.261830628835774	0.3301163233389011	165.05877746292097	1.6100787883176717	11.715
19.552015	0.084602	9.615457	0.077797	-1.012722	0.077653	-12.316138	0.075815	19.3988	0.2342	187.64044583413911	2.17039349736103	32.27909625178283	0.3338403878584194	164.9501520716371	1.5837169275090184	11.715
19.528885	0.071523	9.601323	0.067606	-1.020449	0.068931	-12.314297	0.066395	19.415	0.2352	187.85856989384416	1.8623606736545513	32.30683973928708	0.2936659477424916	165.13217429063	1.3993657146198322	11.718
19.544298	0.076674	9.599638	0.07133	-1.024314	0.071534	-12.318384	0.07152	19.415	0.2352	187.53557201881117	1.9748539809112637	32.30020970901173	0.3071342740905072	165.1289301359015	1.4789693826021488	11.718
19.525219	0.071411	9.599563	0.072163	-1.035905	0.07118	-12.323817	0.070205	19.4042	0.2346	187.84655107979137	1.9213738115422503	32.256975519109744	0.30742559213160076	165.17670503817968	1.462970814069431	11.715
19.514012	0.068436	9.599229	0.06767	-1.033971	0.063474	-12.316048	0.066761	19.4042	0.2346	188.10069644131266	1.8258878977371364	32.27211782881997	0.2815899686906531	165.30445715392176	1.3497208465368424	11.718
19.517116	0.070277	9.583558	0.067962	-1.032042	0.070088	-12.31111	0.074512	19.4096	0.2349	187.69711184301516	1.8472652606646753	32.317345974047505	0.2972092707800502	165.306225625877	1.4992426125014453	11.715
19.480605	0.073313	9.55896	0.076215	-1.045561	0.075894	-12.319865	0.070189	19.415	0.2352	187.9224919053799	2.0030172032345326	32.35110926525827	0.328123588283302	165.37608248909385	1.5163428830725796	11.715
19.502167	0.072631	9.563257	0.069992	-1.047495	0.070085	-12.32018	0.067364	19.415	0.2352	187.59603348048154	1.9038639594076925	32.33211401723506	0.30181603094378673	165.39982362637568	1.4263320395342978	11.715
19.474836	0.066997	9.553162	0.073223	-1.051358	0.067696	-12.329385	0.065933	19.415	0.2352	187.97006411428288	1.8802941001707434	32.359397219528915	0.30429664727514794	165.363823653547	1.3855824866178361	11.718
19.449763	0.070679	9.533048	0.075854	-1.062948	0.067265	-12.331316	0.067878	19.4204	0.2352	188.01590710971354	1.9656925052205123	32.37713816223562	0.30978381841524816	165.46319500763207	1.4032190366650283	11.715
19.456377	0.075161	9.533196	0.072184	-1.072607	0.073613	-12.329655	0.068625	19.415	0.2352	187.89339460843806	1.9731903099116361	32.347201811451555	0.31444567235662785	165.62957460514636	1.4807465505975912	11.715
19.441432	0.079046	9.518955	0.079257	-1.086125	0.073207	-12.362654	0.07309	19.4366	0.2348	187.95484125000726	2.120355640097987	32.357690435635	0.3291989261458955	165.38578940624015	1.5171972264911744	11.718
19.45248	0.075123	9.525268	0.079011	-1.080334	0.075153	-12.36297	0.070501	19.4258	0.2352	187.86521071703535	2.0631922118198798	32.356096028402156	0.33267739766090554	165.29626300702594	1.509669488912552	11.718
19.408491	0.070833	9.523323	0.072995	-1.076472	0.071266	-12.337289	0.070365	19.4474	0.2338	188.6642385495818	1.9412622401686197	32.373822311711145	0.3115741670396636	165.61653919815026	1.4729452113980839	11.718
19.406083	0.076573	9.486843	0.073368	-1.101577	0.070451	-12.36472	0.073931	19.4096	0.2349	188.01617823636084	2.010109920277826	32.40860107788029	0.3113299979351879	165.58234404045828	1.5013470075740118	11.718
19.420719	0.071476	9.502953	0.067922	-1.099646	0.0648	-12.366516	0.066208	19.4204	0.2352	187.99598982707622	1.869029725369956	32.35697454270721	0.28648510163235263	165.48519043253367	1.3607047138324928	11.715
19.395345	0.072486	9.474623	0.068036	-1.113163	0.07045	-12.370107	0.070515	19.4366	0.2348	187.9399711862036	1.8833069954497526	32.40224519186847	0.2997274593806162	165.6311150325073	1.4666267432940843	11.715
19.383117	0.075722	9.474806	0.074842	-1.107372	0.075741	-12.374014	0.0705	19.4258	0.2352	188.22355810008432	2.022507373056155	32.42771760122418	0.32629473007132137	165.53092065855364	1.5202527209657397	11.718
19.357365	0.075559	9.458404	0.0746	-1.134403	0.077297	-12.377378	0.069759	19.4258	0.2352	188.40135659664185	2.0208710455073917	32.39517883466798	0.328526668575859	165.87936203465776	1.5362007671870745	11.718
19.348425	0.069513	9.444022	0.068576	-1.149845	0.06821	-12.384424	0.071962	19.4366	0.2348	188.29783234914183	1.8564022436097525	32.391936573431096	0.29574076252808507	166.0033450138615	1.465078966624641	11.718
19.382735	0.071685	9.470586	0.068481	-1.130542	0.067149	-12.382991	0.070264	19.4366	0.2348	188.10252277033015	1.8813419259428454	32.3614628254926	0.29277825601493135	165.69728668579816	1.4311795220342034	11.715
19.364204	0.073004	9.47077	0.073366	-1.134407	0.07054	-12.374014	0.068947	19.4258	0.2352	188.4583344175407	1.9715523106316963	32.34911017741876	0.3104507473072963	165.88659904780434	1.4558215694957908	11.715
19.355722	0.079048	9.456606	0.077937	-1.128614	0.077909	-12.383172	0.07425	19.442	0.2343	188.39839497980893	2.11268744725701	32.418401141391705	0.337498615391911	165.70865079579025	1.5846113582451617	11.718
19.330278	0.073325	9.43228	0.068132	-1.159506	0.071521	-12.395919	0.06898	19.4258	0.2352	188.41967507468215	1.905376527675055	32.3983034751688	0.30214445595858175	165.97623859179393	1.4677479314249058	11.718
19.324432	0.072847	9.410302	0.068242	-1.145994	0.06941	-12.385148	0.067101	19.4312	0.235	188.06492789369966	1.8934877267455879	32.49890074445013	0.29966877876829295	165.8932844838373	1.424991046404525	11.715
19.32894	0.066909	9.436681	0.075206	-1.138273	0.067368	-12.396372	0.067197	19.4366	0.2348	188.48072384151249	1.9179355106236082	32.44156383228296	0.30974471130986164	165.61411610956898	1.3997488653869634	11.715
19.343877	0.071135	9.43679	0.07104	-1.140206	0.069314	-12.383624	0.073096	19.442	0.2343	188.19862018672774	1.9097669583675676	32.435299555162025	0.30436819343893873	165.83036098105606	1.4857483356878833	11.715
19.294258	0.080169	9.415992	0.07065	-1.173017	0.072955	-12.419661	0.066181	19.4366	0.2348	188.74772029720677	2.041759066790601	32.39850197220258	0.31072803898960294	165.78280213279243	1.4519653728324597	11.715
19.320688	0.075804	9.416574	0.074633	-1.163376	0.07152	-12.38726	0.071856	19.4366	0.2348	188.255128948544	2.022021798783418	32.42624310006765	0.3168157462292145	166.11897360326094	1.500509591761254	11.715
19.297272	0.071785	9.404322	0.070266	-1.167234	0.068106	-12.401803	0.071556	19.4474	0.2338	188.46756165976342	1.9136643230670145	32.45198919796234	0.3003908660696105	165.96099529797127	1.4593025962353339	11.715
19.284058	0.073832	9.399996	0.074334	-1.174951	0.072541	-12.40328	0.068529	19.442	0.2343	188.63702685070967	1.9995365308115949	32.44158463443898	0.3186323275740155	166.05321094306254	1.4758050923212156	11.715
19.24969	0.072151	9.373406	0.06911	-1.196178	0.067361	-12.419389	0.066595	19.4474	0.2338	188.78559393396918	1.9097782129114371	32.45804509073336	0.2963623739590376	166.12894569792192	1.402101811975595	11.715
19.264924	0.070414	9.393834	0.06891	-1.18074	0.074383	-12.399464	0.066479	19.442	0.2343	188.88492128392113	1.8852438059380967	32.442727055641875	0.31108572015121994	166.19539476902443	1.4778756794372923	11.715
19.235291	0.075702	9.367498	0.075072	-1.203903	0.075727	-12.425091	0.072691	19.442	0.2356	188.9480470684476	2.04144826083601	32.452463836115186	0.3273428461082057	166.15889326290116	1.5543412374845444	11.715
19.229066	0.071092	9.353414	0.070126	-1.207765	0.071075	-12.412255	0.068179	19.442	0.2343	188.79766785166998	1.909048485584021	32.48387744417533	0.30710562095812227	166.40651024310623	1.4627262809093897	11.715
19.220135	0.073851	9.322905	0.073999	-1.22899	0.071158	-12.413778	0.07394	19.4366	0.2348	188.38606827972907	1.9899564631416176	32.51245452003486	0.31632048479225033	166.6996504274742	1.5294457797888303	11.715
19.233343	0.073552	9.347398	0.071726	-1.215487	0.06601	-12.425182	0.064167	19.4474	0.2338	188.6011208305322	1.9599542943697705	32.478629089826775	0.2997245601215902	166.32924724777507	1.365966043321068	11.715
19.239264	0.078126	9.335115	0.072575	-1.228993	0.071511	-12.437835	0.068085	19.442	0.2343	188.2544597150874	2.026855176296078	32.4748678172971	0.3132092448232363	166.3419079225496	1.4653152101247484	11.715
19.231394	0.069079	9.3273	0.070655	-1.22514	0.070068	-12.434473	0.066574	19.4474	0.2351	188.25549237946814	1.878224361996058	32.51077914073992	0.30656926710518045	166.33461212838964	1.4342080815924743	11.715
19.212872	0.0707	9.343617	0.072161	-1.213563	0.069692	-12.42366	0.072193	19.4312	0.235	188.96843921360318	1.9343012249808975	32.50450283431498	0.3088752016464136	166.36588099142978	1.4891618961736866	11.718
19.200271	0.074725	9.331514	0.075626	-1.213563	0.073194	-12.412618	0.069858	19.4474	0.2338	188.9295875304873	2.03533988277208	32.533477671877954	0.3247033441184361	166.48727155917618	1.5041681537076705	11.715
19.208368	0.077251	9.315234	0.074393	-1.225141	0.074757	-12.443719	0.071948	19.4312	0.235	188.46405251915283	2.0430620478612114	32.547991820510866	0.32567102420628735	166.1975429165794	1.537086350177779	11.715
19.16291	0.074781	9.304502	0.07993	-1.228983	0.073191	-12.433701	0.074179	19.442	0.2343	189.12791464019008	2.0998916286176565	32.569278348630895	0.335101580560766	166.40314326346413	1.547623247952887	11.715
19.18909	0.076373	9.30497	0.073123	-1.240577	0.073509	-12.437972	0.071697	19.4474	0.2338	188.63592726332797	2.0179187193334243	32.53202963048958	0.31985864115338547	166.511957907981	1.5269771096959426	11.715
19.207232	0.076336	9.314694	0.075964	-1.228986	0.078163	-12.441197	0.070489	19.442	0.2343	188.47541359517132	2.051781542292533	32.537787397459155	0.3363595574440627	166.29193401558004	1.5610386731465897	11.715
19.227042	0.07097	9.345381	0.074742	-1.209696	0.073194	-12.419661	0.073016	19.4474	0.2338	188.73119433164308	1.968516917713346	32.51097806471468	0.3222188287676062	166.36782899220321	1.5343555830301028	11.718
19.194784	0.073309	9.32485	0.071127	-1.234778	0.071944	-12.437608	0.069933	19.442	0.2343	188.90706071023553	1.9549919696480105	32.48864508435045	0.31126197193062627	166.43118388606138	1.4905519793106352	11.715
19.154588	0.079252	9.270257	0.079122	-1.261793	0.078484	-12.450305	0.077363	19.4474	0.2338	188.63190067902494	2.137162122413954	32.57371937495497	0.3446804973358058	166.6441509803292	1.6413953141915814	11.715
19.167336	0.07451	9.290494	0.071506	-1.244426	0.073188	-12.437517	0.068397	19.442	0.2343	188.82325973259705	1.9742949134124965	32.57318384810686	0.31636851238858993	166.61864766800383	1.491167390505406	11.718
19.150011	0.07575	9.27411	0.074599	-1.271436	0.06635	-12.457437	0.071473	19.4474	0.2338	188.84126512906886	2.032905389523883	32.54036105592239	0.30806585274649256	166.72424872252182	1.4535575287073812	11.718
19.114023	0.072718	9.275983	0.068	-1.292656	0.071417	-12.466453	0.068154	19.4474	0.2338	189.51948687180254	1.917886325379676	32.4609448095873	0.30288159657546826	166.86361514439076	1.4742200179053169	11.715
19.146266	0.073341	9.276342	0.073893	-1.257934	0.072447	-12.472428	0.071724	19.442	0.2343	188.90725194797395	1.992651451628054	32.56683412719033	0.31991938289966454	166.2580785731482	1.511375967068298	11.715
19.141387	0.076487	9.292151	0.083268	-1.263714	0.073181	-12.444422	0.074554	19.4474	0.2338	189.3040309576147	2.1731374179774914	32.500229617057556	0.34131194137550974	166.7604725690236	1.5581587151625038	11.715
19.137415	0.0726	9.270078	0.075943	-1.267576	0.071505	-12.455597	0.070835	19.4474	0.2338	189.00514895729168	2.012435057993141	32.56473199603458	0.3223487836033242	166.69415280744357	1.4996285923553432	11.718
19.182563	0.073362	9.296795	0.076524	-1.225133	0.073191	-12.423115	0.069444	19.442	0.2343	188.65277215491898	2.022997799197335	32.613403567682425	0.3282141901146958	166.54587173217584	1.5005571678501404	11.718
19.141689	0.078894	9.266081	0.076002	-1.261788	0.073586	-12.446444	0.073291	19.4474	0.2338	188.79850591486584	2.094285692981056	32.586653837725606	0.32744337533009893	166.70162218944307	1.547947716546938	11.715
19.125423	0.071337	9.272381	0.075527	-1.252147	0.074141	-12.452282	0.07119	19.4474	0.2338	189.23090496022843	1.9952509750754144	32.596999982645166	0.3277975355010066	166.4712263268081	1.527729545232992	11.715
19.168395	0.066405	9.274863	0.066646	-1.244441	0.0681	-12.445513	0.064958	19.4528	0.2344	188.45648572718179	1.792112555343277	32.61318710223778	0.29541570735428524	166.45728496342133	1.3985857423901316	11.715
19.118749	0.068979	9.252038	0.066748	-1.259861	0.067678	-12.452054	0.069673	19.4474	0.2338	188.96877334515318	1.8383549290266	32.63616071260683	0.2951194498124624	166.58934679430845	1.4457529908482853	11.715
19.123173	0.084276	9.268276	0.07423	-1.279161	0.073507	-12.45587	0.069852	19.4474	0.2338	189.19529638621205	2.156053510725169	32.52619686270557	0.32215527827515933	166.82014022776292	1.5135049571728194	11.715
19.119503	0.077058	9.264494	0.072377	-1.254082	0.071243	-12.452509	0.074092	19.4474	0.2338	189.19315528913086	2.029538736134141	32.615443439287056	0.3149037270323207	166.496611304798	1.5282196119775715	11.715
19.104281	0.073198	9.246097	0.068553	-1.28495	0.066691	-12.472428	0.066492	19.4528	0.2344	189.1322089232544	1.9240338998997435	32.57682083181391	0.29585685908336706	166.65956274979925	1.4029154715651282	11.715
19.092882	0.073072	9.223492	0.070112	-1.300371	0.072107	-12.473721	0.066201	19.4474	0.2338	188.91745076455172	1.9384583480958824	32.59905858879394	0.31154114926455767	166.87030392367535	1.4619147557233223	11.715
19.077747	0.075539	9.214196	0.071154	-1.306187	0.071148	-12.487601	0.070021	19.4474	0.2338	189.02929037635826	1.9887568126691355	32.60984259581368	0.31189808323686663	166.74994490963368	1.4886996553046905	11.715
19.086971	0.072048	9.238782	0.072837	-1.283045	0.069686	-12.462346	0.071375	19.4474	0.2338	189.3241654393215	1.9695387153536759	32.60536634807187	0.3123742549463176	166.7814630863899	1.4881815557551012	11.715
19.088392	0.079524	9.202171	0.072496	-1.292683	0.070341	-12.469295	0.06808	19.4474	0.2338	188.59582790837	2.0528212358183726	32.689167310707994	0.3146316149431483	166.82158009139826	1.4611213778104126	11.715
19.09934	0.074912	9.240691	0.067982	-1.279182	0.072532	-12.476928	0.069866	19.4528	0.2344	189.12330042948074	1.9405966767008418	32.61142216239448	0.3081690950830326	166.50674004442135	1.497491520862903	11.715
19.059309	0.076326	9.218441	0.077808	-1.300406	0.071761	-12.484196	0.071317	19.4474	0.2338	189.46502535239554	2.098447294794732	32.61460198591112	0.32818971893820836	166.7145250930403	1.5081501558930839	11.715
19.065455	0.074011	9.216354	0.076172	-1.300404	0.069964	-12.482265	0.070505	19.4474	0.2338	189.30664018349887	2.0413671700502856	32.62108297504008	0.32081259732066847	166.74327722795874	1.4811658432455266	11.715
19.06043	0.081761	9.205883	0.077013	-1.310037	0.075636	-12.478084	0.075325	19.4635	0.2352	189.20200030946768	2.1564953371316435	32.6236824887048	0.3348734448822439	166.94953554142322	1.5957270375690604	11.715
19.107962	0.070112	9.232733	0.071146	-1.284975	0.068197	-12.462346	0.067833	19.4474	0.2338	188.80575510632215	1.9097640153911746	32.6181358354549	0.3056375081665079	166.81025758137793	1.4355010929979855	11.715
19.067629	0.075872	9.21639	0.079255	-1.286898	0.071152	-12.48415	0.068503	19.4528	0.2344	189.26554726302507	2.1079350290648673	32.66291974035997	0.3312174974584952	166.5140758986174	1.468793652226772	11.715
19.089597	0.071744	9.226934	0.073621	-1.296562	0.079904	-12.458985	0.069785	19.4474	0.2338	189.0947324193545	1.9709033195446377	32.60854490880151	0.3366643797769827	167.07641088439183	1.587886190898424	11.718
19.042369	0.077073	9.19821	0.072522	-1.319699	0.067987	-12.50434	0.073359	19.4528	0.2344	189.40167803382028	2.0361375163329867	32.61751364030562	0.3082724080489577	166.70182632994215	1.490728745517335	11.715
19.064108	0.069346	9.202598	0.067118	-1.3255	0.065404	-12.493759	0.065406	19.4528	0.2344	189.06842241959396	1.8502853034984728	32.58594642174973	0.29006297297206723	166.9463546054303	1.3826733952784354	11.715
19.078274	0.075118	9.204365	0.073998	-1.317773	0.067672	-12.478722	0.071875	19.4581	0.2349	188.83100165966616	2.016537020103966	32.604403914696675	0.3107191692792417	167.05569972548383	1.4776152491161132	11.715
19.034049	0.073363	9.168008	0.071574	-1.344781	0.074439	-12.511744	0.069826	19.442	0.2343	188.9815972781112	1.9632417870718106	32.63339672733752	0.3205547078215537	166.96573642745108	1.5260158312021477	11.715
19.033974	0.070233	9.190146	0.068487	-1.329345	0.068503	-12.50618	0.069913	19.4474	0.2338	189.4080435245292	1.8875236371112714	32.61260442852761	0.30030506242746385	166.8182723256963	1.4608896564464735	11.715
19.063581	0.071218	9.202349	0.072513	-1.32742	0.070151	-12.4916	0.066279	19.4528	0.2344	189.07373870617687	1.9487332850874313	32.580775127384605	0.3121778547885763	167.00735537955697	1.4437134635442919	11.715
19.07078	0.070813	9.200759	0.06678	-1.308141	0.068198	-12.484789	0.067924	19.4474	0.2338	188.9053860588716	1.8629256230941482	32.645473696577454	0.29650916508071967	166.82105034046714	1.4366562385148458	11.715
19.038697	0.074232	9.16419	0.069045	-1.329355	0.068503	-12.495462	0.067922	19.4581	0.2349	188.81956307719256	1.9385574309131268	32.69324566122931	0.30302439376196694	166.97853148021002	1.442585153243707	11.715
19.038997	0.073467	9.188521	0.071442	-1.33129	0.068604	-12.503003	0.06461	19.4581	0.2349	189.32868062017639	1.969620198900422	32.61996658812499	0.3071298728990645	166.9374736337058	1.4082020505653698	11.718
19.010966	0.073692	9.170024	0.070242	-1.337064	0.070056	-12.504386	0.06991	19.4528	0.2344	189.5121059829382	1.9605320667256445	32.659465389592	0.3083642850149615	167.00312462483825	1.4800831518464628	11.718
19.045068	0.076616	9.184383	0.071289	-1.321639	0.066801	-12.501027	0.065776	19.4528	0.2344	189.08423959282342	2.0067638458575106	32.65441904377656	0.3036543126364187	166.780164594735	1.3986016371297467	11.715
19.049716	0.07607	9.188628	0.074874	-1.315858	0.071062	-12.479224	0.071188	19.4581	0.2349	189.12492441659458	2.047090524254404	32.66755656885168	0.3210232846931821	167.0623027752349	1.505299110015498	11.718
19.01254	0.071325	9.163729	0.072101	-1.356346	0.070787	-12.518781	0.070201	19.4581	0.2349	189.3122189771781	1.9494620007827763	32.61079677658562	0.31321552942903597	167.03345548257542	1.4918177022549743	11.715
19.041918	0.069277	9.171792	0.069627	-1.342842	0.068804	-12.507745	0.06588	19.4635	0.2352	188.95174666471314	1.8803094645060279	32.6360282679566	0.30382958312466257	167.03930632478554	1.425174924458327	11.718
19.016436	0.077712	9.155525	0.070927	-1.348624	0.070425	-12.507562	0.069221	19.4528	0.2344	189.07990947451844	2.017422872574076	32.66023962873165	0.31077715588024357	167.08580350896682	1.478592160059764	11.715
19.031425	0.068696	9.179854	0.065459	-1.337054	0.068904	-12.493029	0.064072	19.4528	0.2344	189.30763851337215	1.823395943814294	32.62896793154821	0.29486470876106385	167.17299300651837	1.4099480232587922	11.718
19.021383	0.069507	9.192162	0.070931	-1.329345	0.076787	-12.495142	0.068041	19.4528	0.2344	189.738094058525	1.9170247711357955	32.6147059125232	0.32403759010812605	167.02593207507644	1.5346965132854058	11.718
19.036223	0.073124	9.159981	0.074505	-1.352499	0.073179	-12.504432	0.067371	19.4528	0.2344	188.78640423444327	1.9955143475906592	32.63435606995397	0.3241955694048117	167.1907709506206	1.4912461155355494	11.715
19.033974	0.080833	9.172004	0.074565	-1.352496	0.070423	-12.50434	0.074699	19.4528	0.2344	189.10802343799776	2.1087749991541407	32.6054311242343	0.3177477236462196	167.234913004081	1.5395304288964564	11.718
18.997927	0.072327	9.163765	0.073393	-1.344773	0.071497	-12.485716	0.070151	19.4581	0.2349	189.5942082562829	1.986557108578355	32.64660183970595	0.31831329205967396	167.3556796208305	1.5046404500280401	11.715
19.024307	0.078846	9.176426	0.074734	-1.33129	0.068599	-12.491965	0.069221	19.4528	0.2344	189.37857343472697	2.0891211191274284	32.65751498342548	0.31528456797436893	167.10257470701393	1.4591309073437873	11.718
19.033076	0.072853	9.172572	0.071746	-1.327438	0.071414	-12.494033	0.06985	19.4635	0.2352	189.13611821285002	1.9612780312763345	32.681483948679	0.3150796434476206	167.01398309055955	1.4940826231630033	11.718
19.009617	0.075866	9.1603	0.070806	-1.356371	0.071844	-12.503003	0.073358	19.4528	0.2344	189.3024753922141	1.9945348491160577	32.62135412625969	0.31289025046792845	167.27026136071768	1.540827894958891	11.715
19.024532	0.06822	9.172501	0.069628	-1.352516	0.071152	-12.493942	0.066303	19.4528	0.2344	189.29879448056752	1.8729653651738263	32.60383127067402	0.308389484015307	167.39129270050975	1.4611997608583793	11.718
19.030978	0.072023	9.170556	0.070225	-1.346732	0.067563	-12.488514	0.070187	19.4581	0.2349	189.13770738323035	1.9295155470370766	32.62779412490082	0.3023164657497972	167.38592774866487	1.463595305270055	11.718
18.994629	0.070101	9.15008	0.073243	-1.371798	0.071497	-12.519376	0.07023	19.4474	0.2338	189.39417101123908	1.9504706800752982	32.60520989041562	0.31717601394099565	167.2560686113532	1.5036904453078874	11.715
18.989908	0.073257	9.129678	0.07431	-1.366	0.06919	-12.513538	0.069744	19.4581	0.2349	189.0929671305309	2.0011262880373573	32.686599767042395	0.31620925721350585	167.25668297623665	1.474019640244477	11.715
18.971474	0.073185	9.123844	0.070519	-1.36408	0.071148	-12.515651	0.068883	19.4581	0.2349	189.38339162028456	1.954508110130277	32.71914433672432	0.3125130680954659	167.23899454456472	1.485137476677146	11.718
19.010367	0.071912	9.168717	0.071441	-1.344809	0.067243	-12.50346	0.06461	19.4528	0.2344	189.49847625485077	1.9517839034977198	32.63946572819029	0.30458153940764465	167.13289316921995	1.396727123678312	11.718
18.98189	0.074805	9.127839	0.074681	-1.369865	0.072269	-12.524803	0.06705	19.4635	0.2352	189.26000028252832	2.030164481442635	32.68865848077263	0.3236061178372462	167.18853473047815	1.477536441908906	11.718
19.004896	0.080316	9.143927	0.075569	-1.354431	0.071055	-12.517399	0.0707	19.4581	0.2349	189.12722973209293	2.1150714091166862	32.68662212544087	0.32295528534703755	167.06825666408125	1.5001589691507287	11.718
19.011341	0.07068	9.164154	0.075787	-1.335142	0.066687	-12.491737	0.068432	19.4635	0.2352	189.39192364721805	1.993135437575362	32.6837045802629	0.3142505914788406	167.16368730557096	1.4316842399238587	11.718
19.003097	0.085255	9.158178	0.072556	-1.340932	0.072523	-12.510224	0.069081	19.4635	0.2352	189.3870457577881	2.1535905781552467	32.67591435336468	0.31927548547894596	166.93091700348734	1.4969284611460172	11.715
18.970876	0.073804	9.139685	0.073584	-1.36021	0.083277	-12.506088	0.072877	19.4474	0.2338	189.70006865146368	2.0109831326647005	32.68184147410079	0.34589857424141773	167.32441915132293	1.6612830225561748	11.718
18.990133	0.067012	9.145908	0.06757	-1.356359	0.065402	-12.522872	0.061375	19.4581	0.2349	189.44889774879564	1.8314047040991386	32.67445952199699	0.2925685467586972	167.01522095537814	1.3414789808819434	11.718
18.968553	0.080635	9.133532	0.071107	-1.373708	0.071926	-12.526184	0.073842	19.4635	0.2352	189.62620015325797	2.072844475416537	32.65899108081306	0.31436994408787805	167.2254319787094	1.5456611324540355	11.718
19.002648	0.068763	9.135795	0.070857	-1.321631	0.089855	-12.467638	0.063024	19.4581	0.2349	189.01443974643328	1.8914560970539733	32.81456601120835	0.35907855915289394	167.322484353487	1.647621919411725	11.718
19.013439	0.075271	9.156092	0.081296	-1.352505	0.077336	-12.499096	0.074301	19.4528	0.2344	189.19669640341468	2.1264741356418573	32.65477771637856	0.34866784086439356	167.31372747661246	1.6097720015277877	11.718
18.966381	0.070595	9.14962	0.063341	-1.373707	0.067131	-12.524299	0.065336	19.4528	0.2344	189.9302973144192	1.8350383574903175	32.60071848927176	0.2859298151777024	167.21086020467308	1.404756345518933	11.715
18.973123	0.069389	9.131694	0.074502	-1.367929	0.070424	-12.517216	0.066875	19.4689	0.2354	189.45419648012154	1.9599154523824198	32.67432039962079	0.31903266702545036	167.23043266690294	1.456685921264648	11.715
18.994704	0.072288	9.150115	0.070208	-1.337074	0.06968	-12.506545	0.068077	19.4635	0.2352	189.4419106593352	1.9391561207076975	32.721435298435686	0.3086336960817609	166.97098110250974	1.4562591951816104	11.718
18.972899	0.070098	9.121511	0.068577	-1.371782	0.067665	-12.535472	0.072824	19.4528	0.2344	189.2626921216178	1.8839864693257435	32.69402764815384	0.30016690967472054	167.01468479934536	1.4871879604178109	11.715
19.001298	0.074327	9.150257	0.074916	-1.367947	0.066343	-12.510407	0.07147	19.4689	0.2354	189.26934260743775	2.027593458139867	32.61659825769394	0.3103100532539785	167.33289620225986	1.4644545285954285	11.715
18.990956	0.071221	9.136219	0.073176	-1.366021	0.070332	-12.516017	0.0677	19.4581	0.2349	189.19835023709038	1.9604451437768269	32.66617874146034	0.3156906460365196	167.21979684330677	1.4640445239227222	11.715
18.973422	0.0732	9.117727	0.073607	-1.375651	0.077059	-12.530275	0.069862	19.4635	0.2352	189.1799732427005	1.9926128798733835	32.6937637177498	0.33202024424056925	167.15042485290027	1.5586240487046432	11.715
18.955218	0.072178	9.104967	0.073236	-1.358262	0.070878	-12.501815	0.069636	19.4528	0.2344	189.28453123698486	1.9759241695986114	32.78796881828462	0.3193728264339962	167.31648217223216	1.4918845672908916	11.715
19.01239	0.071793	9.153581	0.07593	-1.358272	0.071756	-12.507653	0.069135	19.4528	0.2344	189.12022274534496	2.004544756164514	32.63630496113878	0.3243538062401956	167.2290228089841	1.4945257425296707	11.715
18.956569	0.066954	9.106631	0.071063	-1.379464	0.065878	-12.527108	0.065485	19.4581	0.2349	189.29054078881347	1.876308757578198	32.71647240037518	0.3023299311364916	167.2550892025856	1.3936515611721438	11.715
18.960615	0.074917	9.112605	0.078361	-1.385247	0.075111	-12.525177	0.072631	19.4581	0.2349	189.3276111456774	2.0842069451486163	32.679829919616196	0.3379020388456965	167.37090337079556	1.56981318676346	11.715
18.979717	0.069437	9.141912	0.068085	-1.364077	0.067668	-12.522918	0.070283	19.4689	0.2354	189.52400265672912	1.8734704280960557	32.65452089464487	0.2983629452869796	167.0872621216803	1.4608749316000118	11.715
18.959788	0.075766	9.117234	0.074308	-1.37563	0.069671	-12.529634	0.076546	19.4581	0.2349	189.43256073387238	2.04248829507755	32.69536717321666	0.31739698695232016	167.15971180101505	1.551185620841614	11.715
18.966754	0.076387	9.125612	0.073562	-1.375643	0.074129	-12.515331	0.078106	19.4689	0.2354	189.45973198572355	2.0416311719060336	32.66923906160698	0.3248926209845106	167.3745427719899	1.6179423230819983	11.715
18.951845	0.071508	9.123491	0.074155	-1.37371	0.068798	-12.52623	0.068519	19.4743	0.2355	189.69993181399758	1.9883404025262852	32.680768296838075	0.3149200277898601	167.1763833228355	1.4555031986585594	11.7146095
18.987361	0.073054	9.127451	0.073235	-1.36792	0.077057	-12.515102	0.069433	19.4581	0.2349	189.14753647417197	1.9843819511423417	32.69592638633483	0.3311751770131	167.30484288832997	1.5567701606221094	11.718
18.973422	0.073062	9.137881	0.071756	-1.350573	0.069196	-12.500844	0.066613	19.4689	0.2354	189.61616143643718	1.974245476834138	32.71748979110384	0.3109535499978682	167.25850367207957	1.4407711233200513	11.718
18.973198	0.072546	9.145837	0.075877	-1.340923	0.071847	-12.498867	0.068952	19.4689	0.2354	189.7739989994027	2.0271890106465067	32.722776092552174	0.32606667256763144	167.14347443326267	1.4917032172173597	11.718
18.964208	0.076919	9.123385	0.075682	-1.38335	0.069286	-12.524254	0.072178	19.4689	0.2354	189.46588806353955	2.0775624889053574	32.65220136514962	0.31887673280489687	167.3562745230329	1.5029479966541743	11.715
18.953868	0.074222	9.115395	0.075272	-1.371779	0.070426	-12.518827	0.067048	19.4689	0.2354	189.5111338713499	2.036231007677225	32.71310439992536	0.3215444385002373	167.2640345779016	1.459076081901273	11.715
18.960535	0.075891	9.123632	0.074285	-1.350567	0.074665	-12.526413	0.076484	19.4528	0.2344	189.58991524054196	2.0467634664735086	32.76201566292426	0.3294405396530281	166.8757431163106	1.5960106118021684	11.718
18.950345	0.071319	9.13385	0.074288	-1.373722	0.072767	-12.522918	0.068448	19.4528	0.2344	189.98407444572442	1.993047642723913	32.65796123457124	0.32320269122613576	167.27463465581465	1.4988466984275348	11.718
18.967054	0.077164	9.109631	0.072204	-1.364075	0.069289	-12.519193	0.071164	19.4581	0.2349	189.14682419957322	2.027759347102063	32.75516968217634	0.31296003869551936	167.1430286927469	1.4882179603443657	11.715
18.951845	0.080466	9.1114	0.07839	-1.379497	0.07649	-12.531748	0.076562	19.4689	0.2354	189.473155564734	2.1630186922853483	32.70149816972341	0.34140400827525574	167.18598654131526	1.6224121657642658	11.715
18.971549	0.071531	9.115818	0.067715	-1.371798	0.067669	-12.512018	0.073412	19.4689	0.2354	189.17928361381757	1.8906704792691635	32.7117293092937	0.29859201997081175	167.36653817724388	1.4999855334106091	11.715
18.981815	0.074802	9.137881	0.075328	-1.373722	0.075852	-12.51372	0.072877	19.4689	0.2354	189.40599997049452	2.042586694259197	32.63708013215826	0.331913012495892	167.36987615811972	1.5803650478395423	11.715
18.941654	0.080638	9.113556	0.072995	-1.379503	0.075039	-12.542967	0.07131	19.4689	0.2354	189.71117673443848	2.099565572259414	32.69475965408813	0.32618503175276714	167.01806512813093	1.5487391782236268	11.715
18.987436	0.066767	9.137563	0.072403	-1.346702	0.066002	-12.504112	0.066747	19.4689	0.2354	189.2918056273306	1.8927300351638146	32.722182438233745	0.30577743344012626	167.10869122225077	1.4059120973375203	11.715
18.949747	0.075135	9.109385	0.070288	-1.385283	0.071406	-12.520712	0.074086	19.4635	0.2352	189.47474721113346	1.9810779457377057	32.68974631906397	0.31210044923997576	167.4385577242266	1.5472004404283706	11.715
18.960087	0.076514	9.125436	0.073668	-1.373707	0.071052	-12.520621	0.07403	19.4689	0.2354	189.6333335718918	2.0480270173749657	32.6841811695656	0.3186162554368009	167.30887638382166	1.5401206327795642	11.718
18.966754	0.068378	9.127628	0.068137	-1.377572	0.071237	-12.509813	0.069056	19.4581	0.2349	189.49853857346866	1.859149255577165	32.65697312786494	0.30643906055136905	167.48651348593245	1.4926914819944437	11.715
18.941281	0.076004	9.111365	0.073791	-1.394926	0.073168	-12.522506	0.071686	19.4635	0.2352	189.67609284270793	2.0440520328803746	32.65358388171402	0.32297411472779447	167.55666059897032	1.5424125063307614	11.715
18.949747	0.075008	9.093264	0.068973	-1.39107	0.072849	-12.540944	0.069927	19.4851	0.2353	189.21329419528016	1.9561438226091086	32.73034767058468	0.31318459782482155	167.2644490695083	1.5148390042518523	11.718
18.979717	0.080207	9.137881	0.071821	-1.362148	0.068797	-12.510041	0.07295	19.4635	0.2352	189.49489259690287	2.072961099345935	32.6814232519395	0.30955535139493984	167.2941694399993	1.504777661196009	11.718
18.986386	0.071464	9.132011	0.072659	-1.37373	0.071928	-12.523146	0.068426	19.4635	0.2352	189.25378037956364	1.957258144611896	32.66365419208065	0.31787593799485614	167.27131526126703	1.4894054373764167	11.718
18.941206	0.073665	9.105284	0.069869	-1.391067	0.069286	-12.544531	0.067696	19.4743	0.2355	189.608817216707	1.9572032495104872	32.69287581506249	0.30648017637474234	167.21061335111557	1.4522168204144104	11.718
18.952442	0.075023	9.129819	0.068605	-1.354431	0.075856	-12.521078	0.072651	19.4528	0.2344	189.86553608578993	1.9650687638338662	32.730606902548075	0.319301175400861	167.0132159406647	1.5709513254607919	11.718
18.963007	0.071935	9.119778	0.071066	-1.369865	0.0686	-12.513766	0.065043	19.4743	0.2355	189.4680675627449	1.9464027635392644	32.713780023705915	0.3080450959898944	167.35411365329816	1.4196629014558715	11.718
18.975745	0.070268	9.113802	0.074206	-1.379514	0.069677	-12.524894	0.065486	19.4851	0.2353	189.06012969198918	1.959171430723363	32.69395792384317	0.3171498121155729	167.28904954887443	1.4352460318514364	11.715
18.954914	0.070788	9.115888	0.068215	-1.358297	0.067347	-12.521307	0.066688	19.4635	0.2352	189.54900883867734	1.8938842106321456	32.76206073102834	0.29983462321141896	167.06762680143294	1.4184648182127289	11.718
18.920006	0.077502	9.093088	0.072933	-1.396848	0.071923	-12.542554	0.070903	19.4797	0.2355	189.73396893616697	2.0547682207775404	32.704491557968836	0.31935066718975996	167.28416438082942	1.5158320192935602	11.715
18.975371	0.070385	9.123703	0.072058	-1.373719	0.071758	-12.517308	0.066875	19.4581	0.2349	189.30576781015	1.9355843804793555	32.6895397844032	0.31667910890685713	167.35879626633445	1.4731388068309401	11.718
19.014039	0.077053	9.160406	0.07399	-1.34287	0.07405	-12.499461	0.073681	19.4689	0.2354	189.26802117170018	2.0518986308002196	32.67131891154835	0.32561531997097704	167.16375326180318	1.5651898617678714	11.718
18.965255	0.078243	9.109772	0.0733	-1.393016	0.072598	-12.521216	0.073629	19.4797	0.2355	189.2324981050583	2.0585897581356196	32.67283777512392	0.3209390203200012	167.59023956483355	1.5572171715787664	11.718
18.969002	0.075603	9.113591	0.072936	-1.364072	0.069288	-12.509904	0.067367	19.4743	0.2355	189.233877685331	2.017073050901368	32.75118399419501	0.3144587927945844	167.3251161908823	1.4507821795057718	11.718
18.934167	0.065034	9.078738	0.065451	-1.400694	0.064261	-12.536716	0.068625	19.4689	0.2354	189.18508955477287	1.771173015935234	32.737272680071676	0.2865428242369298	167.42964067489524	1.4135219989746937	11.715
18.940908	0.071896	9.113204	0.072807	-1.387203	0.070425	-12.529634	0.065403	19.4635	0.2352	189.71879375909174	1.9752809943982006	32.671881356809706	0.3151752288026607	167.33333094866566	1.443347304724975	11.715
18.97095	0.078543	9.125612	0.073684	-1.369856	0.071925	-12.520849	0.073298	19.4635	0.2352	189.3789855765248	2.071563940331721	32.687251971442215	0.32068589800744	167.20485482754125	1.5398311186561087	11.715
18.952218	0.076522	9.121652	0.077259	-1.364072	0.074432	-12.526459	0.077177	19.4851	0.2353	189.66355704933193	2.0979570729443355	32.717627624093964	0.33473554297910163	167.03418470786778	1.6044551514690983	11.715
18.939109	0.074796	9.095209	0.073232	-1.377565	0.073732	-12.527978	0.069692	19.4689	0.2354	189.4066523477131	2.0140870006284923	32.75808808392539	0.3250522709762743	167.213547640538	1.5214510259199676	11.715
18.951471	0.078244	9.119284	0.080473	-1.379489	0.076489	-12.509447	0.077673	19.4797	0.2355	189.63229734826177	2.164778973027154	32.676963150328795	0.3455586937171308	167.52085881400546	1.6407853628296873	11.715
18.984063	0.069918	9.135936	0.07012	-1.371796	0.071147	-12.530367	0.066177	19.4797	0.2355	189.32536291737276	1.903647871471786	32.64910292157159	0.3103838124603804	167.09130709452168	1.4549888473077384	11.715
18.983689	0.073833	9.127698	0.067234	-1.377575	0.075121	-12.515423	0.067068	19.4851	0.2353	189.17430585594715	1.9166695990681184	32.65674429353547	0.31339277651787883	167.4022013544194	1.513581266508222	11.715
18.94046	0.07713	9.100902	0.072185	-1.383336	0.069671	-12.533038	0.067696	19.4797	0.2355	189.49024284183977	2.0344013197133064	32.722267021236625	0.31311849634011063	167.22421480298206	1.4569702811553684	11.715
18.956788	0.071509	9.131905	0.073474	-1.352505	0.071149	-12.513812	0.07552	19.4743	0.2355	189.82187414374945	1.980894272761362	32.730108370001744	0.31928713830663785	167.0931217639976	1.553314747760241	11.718
18.939482	0.073925	9.099415	0.07477	-1.379501	0.073171	-12.533725	0.072632	19.4689	0.2354	189.52894581207968	2.025195814472215	32.74726994781674	0.3269330048839727	167.19923390101906	1.5454377962239179	11.718
18.941879	0.068376	9.107616	0.066738	-1.377578	0.06939	-12.511835	0.071947	19.4851	0.2353	189.64081817924176	1.8424979601252285	32.7276609405331	0.300506350610283	167.4990668559093	1.5037141779384613	11.718
18.935511	0.071388	9.09549	0.066505	-1.393008	0.06996	-12.546737	0.066153	19.4635	0.2352	189.48132442749363	1.8787532550308539	32.70897655970706	0.3010241433298277	167.1638411593595	1.4430387823499013	11.715
18.941879	0.078229	9.09754	0.078929	-1.391081	0.076209	-12.532069	0.070181	19.4689	0.2354	189.44671891413623	2.1385905986428044	32.716969055531536	0.34223508246052564	167.39786865610634	1.556642477848473	11.718
18.980241	0.073083	9.138128	0.066636	-1.367945	0.06767	-12.526917	0.061928	19.4689	0.2354	189.48956601778357	1.904135035235306	32.66261931180747	0.29525958109428835	167.128093476196	1.373832422259089	11.718
18.942103	0.072158	9.073465	0.07107	-1.394943	0.07184	-12.526688	0.06843	19.4635	0.2352	188.98655368420276	1.9395416461007244	32.78123199755723	0.3164452142566946	167.54245058604772	1.4932680453579765	11.718390600000001
18.933562	0.070747	9.073395	0.070598	-1.41037	0.067234	-12.559703	0.066608	19.4581	0.2349	189.14259776323277	1.9172260680865336	32.7321224633338	0.30438509835263383	167.27258018993737	1.4199000319511546	11.718
18.927269	0.071213	9.101605	0.075587	-1.398798	0.074739	-12.535793	0.070778	19.4851	0.2353	189.7581952135206	2.0055896767062396	32.671891234500265	0.3307441605915841	167.41500657136683	1.5473358253569045	11.715
18.941654	0.07585	9.10751	0.070202	-1.371787	0.068493	-12.517216	0.068686	19.4689	0.2354	189.6431024391701	1.9930532878138754	32.74607793853032	0.30648241985854763	167.33115916533905	1.456307616921479	11.718
18.94158	0.073564	9.107475	0.073987	-1.391074	0.069289	-12.528207	0.073726	19.4581	0.2349	189.64386385914997	2.0120335160839478	32.68602803634485	0.31559113670375155	167.45581882610657	1.5212571158299735	11.718
18.936787	0.073214	9.103163	0.069519	-1.379489	0.068084	-12.531519	0.071931	19.4635	0.2352	189.60458706698546	1.9466694166053906	32.72721647911865	0.30379216239628043	167.1893039167393	1.4848331009802485	11.715
18.927874	0.075106	9.082768	0.072091	-1.40648	0.078405	-12.538555	0.0676	19.4797	0.2355	189.38344559188457	2.002622527035232	32.70663824188238	0.33211294566399674	167.48899994064158	1.5575794608735551	11.715
18.972674	0.075025	9.105284	0.069869	-1.379494	0.071495	-12.524299	0.072349	19.4851	0.2353	188.9557495432975	1.9632127793389853	32.72058271733921	0.3119704728646418	167.29768092316542	1.5268679816610933	11.715
18.930046	0.070526	9.086833	0.072971	-1.387195	0.072181	-12.54044	0.066543	19.4581	0.2349	189.41986038342037	1.9528972722376823	32.754165585581774	0.32097197441888164	167.1710883084657	1.471486193804906	11.715
18.938586	0.072176	9.101008	0.072526	-1.379483	0.071495	-12.529497	0.071838	19.4635	0.2352	189.57689984596203	1.9717801435839013	32.74234994776375	0.3181643371808367	167.26235844211	1.5203926416303177	11.718
18.915588	0.074978	9.086938	0.067967	-1.391057	0.069674	-12.536899	0.065772	19.4635	0.2352	189.70054402591077	1.953219364823687	32.7417630324927	0.3041514198430244	167.28212325035383	1.4380326958032987	11.715
18.973198	0.072404	9.125683	0.070565	-1.377575	0.070149	-12.520941	0.066767	19.4743	0.2355	189.38560294170506	1.9443852734554148	32.671374801429586	0.3095044657145393	167.36215042274858	1.4544950603760662	11.718
18.950046	0.074452	9.123632	0.072487	-1.369858	0.076142	-12.528253	0.070083	19.4743	0.2355	189.7922986748798	2.0069821700957964	32.701787344877594	0.3276203458899985	167.1367326970629	1.5500582282875714	11.718
18.935287	0.073282	9.099415	0.072948	-1.387217	0.068896	-12.54476	0.067767	19.4743	0.2355	189.60978916779638	1.9932926239167066	32.72317616049004	0.31310766019905945	167.14948451921742	1.4477267048131501	11.718
18.949	0.073455	9.105003	0.074353	-1.394911	0.07349	-12.540486	0.069759	19.4797	0.2355	189.4047807470571	2.010990946634391	32.673413994274874	0.32531465298639356	167.28613935549245	1.5208317282918948	11.715
18.92765	0.075289	9.088707	0.07403	-1.392975	0.071575	-12.534739	0.073569	19.4743	0.2355	189.50207527686024	2.0336796178402343	32.730246889022204	0.3215453550154233	167.3433416269864	1.5416325769221038	11.715
18.931622	0.082445	9.090617	0.077049	-1.389112	0.070327	-12.529085	0.070199	19.4689	0.2354	189.46237512434092	2.1725062979416654	32.73634524850061	0.3258677563039545	167.37027211077074	1.4929103602739198	11.715
18.974772	0.082552	9.121405	0.072253	-1.365991	0.075265	-12.504066	0.071738	19.4581	0.2349	189.2246731101298	2.1067830400546	32.71241184092607	0.32543390251889726	167.3987807039381	1.5627072132534205	11.715
18.927576	0.070379	9.090687	0.072778	-1.394902	0.067663	-12.540211	0.071855	19.4851	0.2353	189.5416515606446	1.950765747379464	32.718051935265215	0.31006985294385475	167.2901224009298	1.4814591791800904	11.715
18.972824	0.06674	9.129537	0.06802	-1.356349	0.068091	-12.507836	0.064521	19.4743	0.2355	189.46695624456603	1.8342544808167962	32.72550255736921	0.30037208422818873	167.24025605318255	1.4068025931124513	11.718
18.908624	0.07197	9.090652	0.072526	-1.412257	0.071927	-12.547521	0.064038	19.4797	0.2355	189.95547230258097	1.9768541598686258	32.672461026902354	0.31775145923967885	167.48391375623103	1.4484852630250435	11.718
18.925553	0.07189	9.084677	0.078886	-1.408403	0.070507	-12.538418	0.070244	19.4743	0.2355	189.46486751042542	2.054845456546705	32.69469033686623	0.32966329773147734	167.52001602887958	1.4979928301116356	11.715
18.945402	0.070748	9.099239	0.072029	-1.383351	0.067666	-12.524299	0.070859	19.4635	0.2352	189.36311724244646	1.9417311437424167	32.72741091328729	0.3085467161411621	167.3556103280006	1.4717871201995991	11.715
18.967353	0.073858	9.12791	0.069464	-1.358294	0.06691	-12.5065	0.067539	19.4743	0.2355	189.49245133348595	1.9526481642160167	32.71613266737848	0.3009105790419912	167.24665966343682	1.4262717373957523	11.715
18.930121	0.071505	9.078808	0.071668	-1.402626	0.071142	-12.549681	0.067675	19.4851	0.2353	189.3126016239466	1.945500647342842	32.73940142203091	0.31542548534837267	167.30674936971693	1.4737229447773241	11.718
18.962259	0.073857	9.11741	0.066156	-1.385282	0.073578	-12.53722	0.064928	19.4797	0.2355	189.38839104552954	1.9074456533664925	32.66477160779446	0.30773583817443584	167.1906805477917	1.4711685125833192	11.715
18.943827	0.076064	9.09747	0.074699	-1.383362	0.072845	-12.539334	0.074693	19.4797	0.2355	189.35938601864441	2.050270236616388	32.73290072258087	0.3258585483074286	167.13022915331572	1.5630348684422977	11.715
18.953718	0.070787	9.113309	0.07356	-1.375634	0.069675	-12.53345	0.070261	19.4743	0.2355	189.52236699785067	1.9661727015241002	32.71596244344227	0.3160261950100454	167.14540515352772	1.4822882732012679	11.718
18.934465	0.071213	9.086938	0.070171	-1.394914	0.078931	-12.525864	0.067697	19.4743	0.2355	189.38536962577663	1.9227185607239965	32.738095154470194	0.32986086874231235	167.54883541994437	1.56524386446479	11.718
18.938511	0.076414	9.096942	0.071072	-1.389125	0.069575	-12.536808	0.066894	19.4635	0.2352	189.4515163077619	2.008872203813623	32.71655721546487	0.3103079761647235	167.25450812311718	1.4480855911664703	11.715
18.865343	0.084078	9.033614	0.082103	-1.443079	0.080731	-12.58531	0.077042	19.4797	0.2355	189.68968906702003	2.2673056754732794	32.75421825589524	0.3599886626405631	167.37919449153287	1.6763519941537541	11.718
18.947724	0.0708	9.107405	0.071447	-1.373711	0.07088	-12.520758	0.070724	19.4743	0.2355	189.5240993911707	1.937262534610471	32.74039534556323	0.3143767003697023	167.3068843751563	1.502845859030287	11.718
18.931995	0.07063	9.100867	0.068466	-1.392978	0.069771	-12.520117	0.069054	19.4851	0.2353	189.70129199231025	1.8981092579262053	32.700682315474246	0.3046151041225047	167.60620454495185	1.47864783099029	11.718
18.912595	0.071354	9.078458	0.069632	-1.404538	0.06756	-12.536349	0.064978	19.4797	0.2355	189.6432261700488	1.9226290867629385	32.734524720647514	0.3029589028788773	167.5358635179233	1.4107402703164527	11.718
18.957765	0.069052	9.115254	0.071119	-1.37756	0.071928	-12.520483	0.068589	19.4959	0.2346	189.43339143771763	1.9078384623588962	32.69552154212871	0.3151872272350122	167.32594370183423	1.4924499199400463	11.715
18.938885	0.080425	9.093088	0.072995	-1.385275	0.072261	-12.535197	0.07357	19.4743	0.2355	189.37017011668743	2.0889974235685553	32.74061123565227	0.3209372451900294	167.220913360215	1.5465786928699248	11.715
18.959788	0.07413	9.103128	0.074282	-1.379487	0.075038	-12.531473	0.07131	19.4797	0.2355	189.20990517909567	2.0145064257931855	32.73571198603655	0.3297306351218363	167.2327817251693	1.5523240625107169	11.718
18.954242	0.072439	9.101465	0.071402	-1.389147	0.067558	-12.530092	0.070908	19.4743	0.2355	189.23601064654414	1.9535397584099061	32.702384750285596	0.30642059311908504	167.3556597630429	1.4711999198459915	11.715
18.95177	0.070529	9.123456	0.069536	-1.373708	0.079257	-12.529863	0.07245	19.4797	0.2355	189.7555975995775	1.912240423322526	32.69034144910169	0.3283534153061866	167.17029163211913	1.6090642288757593	11.718
18.955443	0.06886	9.094998	0.069276	-1.402629	0.071143	-12.551612	0.066608	19.4635	0.2352	189.13727082415895	1.8735832405819255	32.6889005421767	0.30921313555977487	167.27782391755426	1.4622336451622036	11.718
18.932442	0.072943	9.099063	0.071172	-1.375628	0.070784	-12.507516	0.071164	19.4581	0.2349	189.6092948887008	1.9650887637354348	32.75209058101143	0.3138614638062087	167.49181546274525	1.5102249736893014	11.715
18.928247	0.075012	9.105108	0.069815	-1.385272	0.069386	-12.544302	0.065745	19.4689	0.2354	189.85556316917592	1.980543435445709	32.71148156991269	0.3069276845838482	167.12722522259963	1.4315888108018568	11.718
18.940982	0.075979	9.089058	0.075665	-1.416134	0.077936	-12.542554	0.07239	19.4581	0.2349	189.25238690886025	2.059823454950185	32.656995644049246	0.3376734893109366	167.57413217356634	1.6020095917985007	11.715
18.96353	0.073588	9.118009	0.068991	-1.383379	0.070423	-12.521444	0.068039	19.4905	0.235	189.37546375352872	1.9402239125077265	32.66882593257147	0.3066919537011991	167.3989285212608	1.4717196296905346	11.715
18.92877	0.069007	9.077144	0.071002	-1.396856	0.075852	-12.542783	0.071794	19.4743	0.2355	189.25812626169878	1.9021048012033968	32.75425068463985	0.3249109110647766	167.2808451942358	1.5674759204836344	11.715
18.939631	0.071747	9.075305	0.074663	-1.423866	0.068592	-12.543013	0.069302	19.4797	0.2355	189.06284023360834	1.984641706554693	32.68409560730157	0.31562142372065793	167.72667986659235	1.4708430954719565	11.718
18.941356	0.077476	9.091249	0.076759	-1.410357	0.071139	-12.531748	0.069413	19.4743	0.2355	189.28730180442707	2.0958247921658875	32.668149740702155	0.32555926595570406	167.64990383311923	1.4983022806584296	11.715
18.94585	0.071639	9.081314	0.073219	-1.391076	0.070422	-12.533771	0.068501	19.4851	0.2353	189.05883486364422	1.963248070623134	32.76767471954357	0.317867605017831	167.37222952812337	1.475682766854666	11.718
18.949822	0.075414	9.097329	0.069007	-1.394929	0.07184	-12.495005	0.067829	19.4635	0.2352	0.0	0.0	0.0	0.0	0.0	0.0	0.0
18.749029	0.076991	9.117727	0.067628	-1.379509	0.071498	-11.170703	0.082523	19.4905	0.235	0.0	0.0	0.0	0.0	0.0	0.0	0.0
