20.21325003410482	0.0713273798406002	10.53506428789254	0.07182098825087553	-0.9663529467577109	0.06933102729443784	-12.057610778390249	0.06810133465320847	19.6739	0.2358	192.55109144731307	2.013844889418617	29.81304956409744	0.25875853931487525	168.01928662663727	1.472209893669753	11.709
20.195742259523115	0.07290239354057028	10.51852124257316	0.06716412524037055	-0.9702177870371712	0.06770374945333069	-12.05910112262788	0.06581341562959694	19.6631	0.2348	192.57028700687366	1.9725231416833773	29.84594925433018	0.24774792402352358	168.0552651033668	1.4309680467249533	11.709
20.198329779918275	0.0747351346571564	10.514711793618703	0.07735616021077657	-0.9818116220009149	0.07417481736440985	-12.083325481574748	0.07067245316260011	19.6793	0.2362	192.44307564585418	2.137560818052714	29.82574032843057	0.2780397079504221	167.86406360749623	1.5491653141342765	11.709
20.17262952788449	0.07224881195103533	10.480052194811066	0.06995020238423871	-0.9895402298354348	0.07568358518689869	-12.084947454344407	0.0696262614257398	19.6631	0.2348	192.2651906324373	1.9948016062410598	29.895772175580213	0.26862425736818407	167.95645179624975	1.5567199740532363	11.709
20.18989562684488	0.06897413380483337	10.510657829342838	0.06941044920820794	-0.9702177430781068	0.07083038462784087	-12.064895132439496	0.06526609969928227	19.6685	0.2354	192.53016277210742	1.946401759853141	29.86639127922258	0.257982048853115	167.96750038445856	1.4581599434723942	11.709
20.187308386373473	0.07560877308586807	10.504332763818109	0.0704214545908389	-0.9934044502221097	0.07256238055291038	-12.072002549715187	0.07270322734895945	19.6685	0.2354	192.45584222293104	2.05363782581552	29.82259167093128	0.26227302531245833	168.2112855730612	1.5596183433322939	11.709
20.17036178152919	0.06948747562918134	10.46983790752928	0.07375624943993567	-1.0069288242564494	0.0726443280222411	-12.084859064001742	0.06541175688591201	19.6631	0.2348	192.10768952982215	2.0067946213096715	29.877083858847417	0.2695001238945995	168.22142659618785	1.4844254806009043	11.709
20.18722859740583	0.0778174113324874	10.500238374375902	0.07829224361673598	-1.0030647731297628	0.07362029419242247	-12.095916203752443	0.07601090976306416	19.6631	0.2348	192.37608232870878	2.192194025273958	29.80816185378406	0.2784816204122022	167.995148976623	1.6025667888414097	11.709
20.18698923428632	0.07103362732240537	10.500116304780489	0.07197120913316901	-0.9992003513284455	0.07036983344304387	-12.079197773049119	0.06947779936279574	19.6685	0.2354	192.37841171496305	2.0082500838315225	29.818495509629543	0.2610095038066735	168.19004172417962	1.5010998289236843	11.709
20.18981582541871	0.07572949263093115	10.532914648859144	0.07084333740561412	-0.950893431586572	0.06971819987220397	-12.06669410267634	0.06954617846147707	19.6631	0.2348	192.97548919589568	2.0722589241660687	29.85876459028075	0.258434995360337	167.64831286600472	1.485196151456114	11.709
20.15043233633453	0.07270184888997325	10.479483675374631	0.075085706788789	-0.9991994283779368	0.06822409492133985	-12.076957348467332	0.06888650737099221	19.6685	0.2354	192.69518368821895	2.082481451515756	29.87209586454176	0.2640169170597486	168.2240433584023	1.4723033694137624	11.709
20.178236783676926	0.07160921760264952	10.504007120299226	0.06859983461381866	-0.9837432646341587	0.0675955417227016	-12.080863970568661	0.06453028338983513	19.6739	0.2358	192.62983136709585	1.9745503847767651	29.84851781979077	0.25023436592170994	167.9305180186441	1.4141936197272043	11.709
20.141443243089395	0.07620190802794327	10.481225950353082	0.07031693498305436	-1.0069263192241926	0.07409187366451134	-12.089547678485417	0.0711492365588248	19.6631	0.2348	192.90924543325076	2.0705926137941013	29.847473643088275	0.26538991453633387	168.15022080545282	1.5585424124798977	11.709
20.098177345615728	0.0815212186938819	10.44215871390433	0.08205733476961177	-1.0436252260842238	0.0787142533533487	-12.134990157073082	0.0770189395639343	19.6631	0.2348	192.99312685074167	2.3118382527810395	29.85362809065118	0.2955457044780261	168.0176642151884	1.6682528274711106	11.709
20.1698037620496	0.08384184738226304	10.504007120299226	0.07913596448093142	-0.997267911693968	0.0747867106570256	-12.082706846654641	0.07290070244960531	19.6685	0.2354	192.7978932035067	2.2996359089871294	29.813418174955906	0.28224528156083	168.10748222028917	1.583791634798496	11.709
20.15878487085041	0.07481079393133154	10.475390000503683	0.07410697056119933	-1.012722783178517	0.0676988628912171	-12.097183899919338	0.06764378694968061	19.6631	0.2348	192.44750974368515	2.092767655692974	29.847576232106565	0.2607849094426747	168.122311859482	1.451544927443044	11.709
20.137704989124238	0.07480829811455506	10.469310524185936	0.07332707826495355	-0.9991993258317786	0.07531200446737601	-12.076913184248632	0.0718624039422607	19.6685	0.2354	192.74608989331244	2.0883183886556336	29.89859419909404	0.2740315175718956	168.22471247053198	1.580797412213149	11.709
20.159422232844282	0.08192258579165737	10.485847849704058	0.07895185038176561	-1.0069281650026531	0.07917839426336495	-12.08463809386201	0.07636212222070474	19.6739	0.2358	192.6428799587171	2.2657503787520232	29.83546548155214	0.2902740857647987	168.2247721442989	1.670473831401615	11.709
20.122870618801922	0.08050316794371853	10.457111510143624	0.0759116525499253	-1.0359038157760692	0.07288706588786582	-12.10082504404773	0.07215417781071738	19.6793	0.2362	192.79864185666437	2.207079316995196	29.834844238020153	0.2731892986093604	168.41920427788602	1.5610806699115287	11.709
20.14832433052662	0.0794348757670619	10.475430590630902	0.07156377539132472	-1.0069272420891517	0.06822334698697	-12.099070848221613	0.07027323950430518	19.6739	0.2358	192.6564354756463	2.1294841425689977	29.862535819680584	0.25714124302283764	168.00586927424138	1.483476283162064	11.709
20.136552013278607	0.07710696680408399	10.473850497527886	0.07543181852106065	-1.0127246289814889	0.07008912639388974	-12.08297196806624	0.07006757855481474	19.6739	0.2358	192.85964961510237	2.152951673006643	29.85157179555166	0.26759602482909256	168.33817453053166	1.5070379026313727	11.709
20.123745373869248	0.07662169616130471	10.459583675316534	0.07196674584073497	-1.010792372876009	0.0703686013341311	-12.095783501246894	0.07477670009934344	19.6739	0.2358	192.83050995950157	2.097464426218236	29.893729781250205	0.2623176960026858	168.11427335232156	1.5572466869418462	11.709
20.12827931004476	0.07154161523068164	10.455692838253704	0.06856039860088446	-0.9953365697509328	0.06716190625588217	-12.112545219293626	0.06536734585038605	19.6685	0.2366	192.6625555737144	1.9737056120026992	29.94423556665567	0.250973567030096	167.6270804488013	1.4131393343948075	11.709
20.110621702038408	0.07289272475146677	10.437050971556928	0.07495588544141973	-1.0301098303537948	0.0721369569943965	-12.104731686838138	0.06920669978083885	19.6631	0.2348	192.64295269904423	2.0821443950171727	29.902111603498035	0.2712702920768411	168.27168031672986	1.5189264986438047	11.709
20.105013711690216	0.07107388495500216	10.457678785456928	0.07794918859654235	-1.0301118078926585	0.06902980555602685	-12.110658236559537	0.072193851765252	19.6955	0.2364	193.1668427511106	2.112153386032238	29.84841334699265	0.27053485036653907	168.18170842565655	1.5160691511491176	11.709
20.12967127820022	0.07443989024275359	10.45938103453071	0.07384945663471079	-1.0243146925430906	0.07447764444725817	-12.12320208345772	0.07363639638201917	19.6793	0.2362	192.70830365023846	2.0895815083431075	29.859056720354783	0.27271172648557	167.90378738219027	1.584416239447792	11.709
20.121239941130145	0.07142887413749266	10.435065182469168	0.07570148998535967	-1.0378369729640284	0.07297016690942915	-12.102933258192115	0.07427028829785343	19.6631	0.2348	192.39227817944305	2.0673104140445724	29.887147770332	0.2739035381374173	168.4165397775017	1.5847422122827206	11.709
20.082905687952397	0.07870847566747846	10.432836859635076	0.0788051707892404	-1.0320406692264212	0.07478148745202945	-12.10086929419673	0.07225285263926244	19.6793	0.2362	193.11211783221532	2.228857922039118	29.908066720364076	0.2834042771671512	168.3597507742606	1.5816289398625263	11.709
20.107798876530676	0.07415543776984522	10.448844276826264	0.06833722674068449	-1.0107901755317303	0.06942220229162883	-12.106175928791682	0.06818452906889322	19.6847	0.2364	192.9344640174654	2.0142757741448474	29.921750427513608	0.2543525155570878	167.95677681737845	1.4729817727392747	11.709
20.147251408270527	0.07641220296042897	10.46582535335195	0.07395242282733751	-1.0127249366319788	0.07082570594893661	-12.088589044120166	0.0666488555275847	19.6793	0.2362	192.48664588170274	2.114219406820147	29.872441502756406	0.26648507846294944	168.25280723723344	1.4773806404568492	11.709
20.078373510587394	0.07948191647759387	10.40431100334855	0.07801508693742952	-1.0494242485181908	0.07500486800164034	-12.113590528487807	0.0734171231491578	19.6901	0.2365	192.63315977838278	2.2176769930203184	29.93716150529213	0.28286588294753323	168.43069613267963	1.5977567224117855	11.709
20.10008342569209	0.07032180266939447	10.428946192668505	0.07141347872883688	-1.028178067581443	0.06542632873544352	-12.110259660166387	0.0685764449408345	19.6955	0.2364	192.69142643324724	1.9969201528378482	29.928306116365007	0.2529992672380275	168.1584107727475	1.4381891477468005	11.709
20.075824650165966	0.07547571359424	10.419340392286356	0.07068762861475616	-1.0513620849890852	0.06811716355475245	-12.121891458868584	0.07036732318928812	19.6955	0.2364	192.9838209120846	2.066608591628252	29.892879076350813	0.25582421337491024	168.3338859169615	1.489177995630216	11.709
20.1252564935873	0.07563587934057064	10.446167891662268	0.07647668288451542	-0.9992022999870922	0.06822549764140809	-12.115052456354208	0.07121004913509428	19.6847	0.2364	192.53313047391362	2.139576037379492	29.95904163276166	0.2682644083152101	167.64756653323283	1.487347816796892	11.709
20.090895219697583	0.07649589868466326	10.425580592120852	0.0771719332586503	-1.0532949844101727	0.07263846461255086	-12.122068776910988	0.07235329786563025	19.6793	0.2362	192.80750813284462	2.167604853256528	29.87159498226883	0.2757939818567979	168.3605847944575	1.5594450806721658	11.709
20.089263889049814	0.07468725184725371	10.42987563100144	0.07488847168260877	-1.05522855659277	0.07447590321098624	-12.12602013557742	0.06986898784908294	19.6793	0.2362	192.92580222254384	2.112453701935355	29.855394994533196	0.27455007498065825	168.3298990291276	1.5527090637260197	11.709
20.091768601256096	0.07900322051757326	10.432104098669173	0.07645698480809432	-1.0281840153225401	0.07792624052572725	-12.105971232031418	0.07320874614539977	19.6847	0.2364	192.92028498131924	2.195726966102693	29.92004377755214	0.2850174611715934	168.22359846848974	1.6236610690584088	11.709
20.086283039427364	0.08131170448682805	10.403091180754004	0.07923567368620832	-1.059088336832782	0.07949194754629818	-12.129217523239895	0.07455023568585453	19.6793	0.2362	192.45154447640124	2.256458704181719	29.915106594507787	0.2929283630533715	168.33997122194643	1.6572292405223066	11.709
20.0701366725941	0.0709003043369834	10.41561091224122	0.07035203888789059	-1.0648862494676277	0.0701787495442038	-12.12040340561077	0.06827809320790401	19.6739	0.2358	193.02296921883078	1.9969260432919012	29.867375710665964	0.25851942705201464	168.5624654498862	1.4928705614012712	11.709
20.0877118802979	0.07185350201212301	10.424079407877079	0.07041427918999313	-1.0668210967716474	0.0762550949937717	-12.117116789925536	0.07146805455727005	19.6739	0.2358	192.8410702684939	2.0075802323880882	29.840335136073357	0.2695368621459495	168.64211423930902	1.5949740060427782	11.709
20.087314959664933	0.07877215910528611	10.431982829428252	0.06867036657882408	-1.0378429497155897	0.07018171372513768	-12.100309808574877	0.07312486786330925	19.6847	0.2364	193.00684880917936	2.0889603180763494	29.895163943770683	0.2559217730766657	168.45657053160775	1.5434006604505663	11.709
20.05936147972386	0.07320724094134912	10.40333302403053	0.0722729357082816	-1.0629535837201305	0.06932166946983112	-12.127641043416828	0.06567953115438874	19.6793	0.2362	192.99293050076193	2.056082997244676	29.9043913521413	0.2611789665480209	168.42276254534943	1.4535911163741433	11.709
20.093558736948975	0.06967280389299937	10.423837060943313	0.0734400857824766	-1.0436382327079	0.06970883569811372	-12.124221795944367	0.06978760726285252	19.6901	0.2365	192.71963465992852	2.017558619178274	29.90129154791634	0.2640235699327912	168.18114479511132	1.4971415936060537	11.709
20.077252722342593	0.07378454686701895	10.426146167432783	0.07085197314578351	-1.0359125172941706	0.06971064385427855	-12.102418255499385	0.0682803571504508	19.6739	0.2358	193.09135362462254	2.046623386635498	29.915421959136545	0.25941892644602726	168.39508989991592	1.4848343492914655	11.709
20.05109045452435	0.07515559526030294	10.39328334365309	0.06990127775129469	-1.0687491021455664	0.07036334356975721	-12.12772974486465	0.07114712461191242	19.6955	0.2364	192.9573874555139	2.0506470679515285	29.915490441634343	0.2588630094899569	168.50967452320367	1.5247195650807344	11.709
20.06265807972646	0.07216951106167528	10.399885303337175	0.07440223241844396	-1.0571634901500646	0.07230555026450695	-12.1319917528339	0.06898999303650213	19.6901	0.2365	192.85822732130504	2.068816832889704	29.928503251981404	0.27101587962531726	168.2685441671488	1.5184445483217661	11.709
20.07077117840034	0.07988726548726871	10.409855030184046	0.07875712326907532	-1.0629573703606843	0.07625363045430121	-12.133656940912715	0.07453455632706736	19.6955	0.2364	192.89529068183364	2.239876377974625	29.887381585504865	0.2855758242829089	168.33129801661474	1.621326008802504	11.709
20.086397945959945	0.07294495683374048	10.41435140048707	0.07367360845778463	-1.0533020601989012	0.07109235018276784	-12.119402801460486	0.06990734157324267	19.6739	0.2358	192.6733106485368	2.0652969926345794	29.900826986925836	0.26694950422882535	168.40125282020068	1.5172921158757615	11.709
20.064924230226516	0.07378350199635754	10.389835167812992	0.07045097717643577	-1.068754595370489	0.06941919615673069	-12.108124063075202	0.0666241236372123	19.6793	0.2362	192.61272083816115	2.030953488830307	29.92447841842699	0.2582958029347719	168.80902791728627	1.4713136555204271	11.709
20.065162113532644	0.07948659786465088	10.406165503983376	0.06975390234337835	-1.0494377250516922	0.06480440770891203	-12.121156975277273	0.06662292669951325	19.6955	0.2364	192.93362488818224	2.1123660172447205	29.93227988246893	0.24877742259004948	168.3157950943377	1.4129346636465827	11.709
