17.300904	0.072244	7.723259	0.073787	-1.016589	0.071183	-10.535387	0.089852	19.6092	0.2346	0.0	0.0	0.0	0.0	0.0	0.0	0.0
16.936151	0.065652	7.687047	0.069616	-0.825253	0.070201	-8.659465	0.090976	19.6254	0.2359	0.0	0.0	0.0	0.0	0.0	0.0	0.0
16.607991	0.08085	7.779401	0.073518	-0.351066	0.072641	-6.783782	0.081627	19.6146	0.2351	0.0	0.0	0.0	0.0	0.0	0.0	0.0
16.203222	0.074108	7.839595	0.074108	0.279427	0.075616	-5.099884	0.082151	19.6361	0.2362	0.0	0.0	0.0	0.0	0.0	0.0	0.0
15.838719	0.072733	7.996199	0.074188	1.010992	0.081353	-3.491837	0.085394	19.6631	0.236	0.0	0.0	0.0	0.0	0.0	0.0	0.0
15.542162	0.075075	8.184591	0.078757	1.791615	0.075512	-2.045783	0.085634	19.6631	0.2348	0.0	0.0	0.0	0.0	0.0	0.0	0.0
15.248226	0.076018	8.399335	0.072017	2.563029	0.072542	-0.670275	0.091973	19.6685	0.2354	0.0	0.0	0.0	0.0	0.0	0.0	0.0
15.016642	0.067593	8.652508	0.06647	3.366445	0.070879	0.600356	0.078291	19.6793	0.2362	0.0	0.0	0.0	0.0	0.0	0.0	0.0
14.806605	0.07128	8.908365	0.073925	4.103686	0.079154	1.782051	0.082942	19.6901	0.2365	0.0	0.0	0.0	0.0	0.0	0.0	0.0
14.659724	0.066948	9.206274	0.067118	4.832991	0.068521	2.875233	0.070375	19.717	0.2351	0.0	0.0	0.0	0.0	0.0	0.0	0.0
14.528271	0.077749	9.495026	0.072139	5.523176	0.073563	3.914441	0.07336	19.717	0.2351	0.0	0.0	0.0	0.0	0.0	0.0	0.0
14.424813	0.077854	9.76939	0.077515	6.191056	0.073706	4.837125	0.079639	19.7548	0.2365	0.0	0.0	0.0	0.0	0.0	0.0	0.0
14.354515	0.069515	10.046187	0.070667	6.816923	0.070939	5.715684	0.076962	19.7656	0.2358	0.0	0.0	0.0	0.0	0.0	0.0	0.0
14.270278	0.076368	10.323609	0.070139	7.414638	0.069665	6.543794	0.068248	19.771	0.2353	0.0	0.0	0.0	0.0	0.0	0.0	0.0
14.266106	0.071183	10.619439	0.071291	7.993651	0.072962	7.304645	0.074483	19.7872	0.2367	0.0	0.0	0.0	0.0	0.0	0.0	0.0
14.219159	0.075661	10.899724	0.075862	8.544186	0.075361	8.04407	0.082512	19.8087	0.2368	0.0	0.0	0.0	0.0	0.0	0.0	0.0
14.225333	0.071108	11.188174	0.077254	9.053418	0.07365	8.660817	0.071249	19.8249	0.2356	0.0	0.0	0.0	0.0	0.0	0.0	0.0
14.229004	0.073511	11.423709	0.068297	9.529076	0.075776	9.278848	0.072234	19.8357	0.2366	0.0	0.0	0.0	0.0	0.0	0.0	0.0
14.256204	0.079361	11.676474	0.074317	9.978004	0.07627	9.862652	0.078168	19.8573	0.2372	0.0	0.0	0.0	0.0	0.0	0.0	0.0
14.272336	0.075906	11.922752	0.074012	10.400832	0.072433	10.388569	0.082767	19.8789	0.2358	0.0	0.0	0.0	0.0	0.0	0.0	0.0
14.305607	0.074123	12.165754	0.07422	10.839137	0.075845	10.922208	0.072769	19.8789	0.2358	0.0	0.0	0.0	0.0	-0.0	0.0	0.0
14.323632	0.073304	12.369478	0.075548	11.202317	0.079959	11.352621	0.074688	19.9112	0.2374	0.0	0.0	0.0	0.0	-0.0	0.0	0.0
14.396036	0.069178	12.621111	0.072529	11.589142	0.075975	11.827253	0.0718	19.9166	0.2373	0.0	0.0	0.0	0.0	-0.0	0.0	0.0
14.457261	0.07514	12.812871	0.076789	11.898317	0.07311	12.222443	0.074869	19.9328	0.2361	0.0	0.0	0.0	0.0	-0.0	0.0	0.0
14.482433	0.0696	13.017966	0.075683	12.231241	0.074796	12.610959	0.072984	19.9382	0.2366	0.0	0.0	0.0	0.0	-0.0	0.0	0.0
14.594332	0.066943	13.247996	0.071738	12.572977	0.069742	13.000273	0.06916	19.949	0.2374	0.0	0.0	0.0	0.0	-0.0	0.0	0.0
14.620956	0.069431	13.438548	0.069861	12.853054	0.068125	13.33208	0.070283	19.9867	0.2363	0.0	0.0	0.0	0.0	-0.0	0.0	0.0
14.686985	0.07318	13.627403	0.07065	13.123422	0.071898	13.65428	0.076164	19.9921	0.2369	0.0	0.0	0.0	0.0	-0.0	0.0	0.0
14.769418	0.071123	13.795752	0.070314	13.406288	0.070374	13.974742	0.071059	20.0029	0.2377	0.0	0.0	0.0	0.0	-0.0	0.0	0.0
14.835835	0.077471	13.964653	0.068407	13.673508	0.072614	14.263135	0.068561	20.0083	0.2379	0.0	0.0	0.0	0.0	-0.0	0.0	0.0
14.913549	0.068982	14.142917	0.066527	13.876207	0.069426	14.509583	0.071082	20.0299	0.2375	0.0	0.0	0.0	0.0	-0.0	0.0	0.0
15.008912	0.071215	14.324416	0.074834	14.123375	0.070411	14.775925	0.069642	20.0407	0.2366	0.0	0.0	0.0	0.0	-0.0	0.0	0.0
15.069029	0.071718	14.477045	0.071162	14.339735	0.07175	15.003162	0.073244	20.0461	0.2384	0.0	0.0	0.0	0.0	-0.0	0.0	0.0
15.158143	0.07302	14.613339	0.065984	14.552233	0.070297	15.232744	0.06897	20.0676	0.2382	0.0	0.0	0.0	0.0	-0.0	0.0	0.0
15.198989	0.066611	14.746903	0.074367	14.733182	0.071189	15.451413	0.069486	20.0784	0.238	0.0	0.0	0.0	0.0	-0.0	0.0	0.0
15.302622	0.079677	14.916371	0.073983	14.937769	0.069798	15.671069	0.075722	20.0892	0.2373	0.0	0.0	-0.0	0.0	-0.0	0.0	0.0
15.359667	0.069601	15.029088	0.071638	15.097955	0.072243	15.840014	0.072892	20.1	0.2374	0.0	0.0	-0.0	0.0	-0.0	0.0	0.0
15.44682	0.073546	15.171892	0.070301	15.261505	0.076394	16.006113	0.072882	20.1	0.2374	0.0	0.0	-0.0	0.0	-0.0	0.0	0.0
15.508694	0.076723	15.295702	0.080082	15.430861	0.076195	16.161447	0.075252	20.1054	0.2378	0.0	0.0	-0.0	0.0	-0.0	0.0	0.0
15.59152	0.07925	15.409473	0.073002	15.586102	0.075879	16.344119	0.081841	20.1378	0.238	0.0	0.0	-0.0	0.0	-0.0	0.0	0.0
15.785819	0.077797	15.83553	0.076862	15.958595	0.073316	16.665759	0.074646	20.1216	0.2385	-0.0	0.0	-0.0	0.0	-0.0	0.0	0.0
15.953384	0.075589	16.001055	0.075511	16.165692	0.074715	16.846392	0.078891	20.0946	0.2368	-0.0	0.0	-0.0	0.0	-0.0	0.0	0.0
16.051061	0.072993	16.107047	0.076557	16.315373	0.075721	16.983982	0.075352	20.0946	0.2368	-0.0	0.0	-0.0	0.0	-0.0	0.0	0.0
16.125143	0.069533	16.197739	0.071127	16.422723	0.066659	17.129101	0.073555	20.1	0.2374	-0.0	0.0	-0.0	0.0	-0.0	0.0	0.0
16.229558	0.075519	16.304264	0.075188	16.564734	0.073662	17.254827	0.075408	20.1108	0.2382	-0.0	0.0	-0.0	0.0	-0.0	0.0	0.0
16.289417	0.07041	16.378671	0.073647	16.664148	0.068778	17.373273	0.076863	20.1054	0.2378	-0.0	0.0	-0.0	0.0	-0.0	0.0	0.0
16.392221	0.070949	16.516831	0.074739	16.792171	0.07691	17.509982	0.071179	20.1108	0.2382	-0.0	0.0	-0.0	0.0	-0.0	0.0	0.0
16.460038	0.071808	16.576366	0.071421	16.937035	0.077376	17.607266	0.077662	1.7071	0.1942	-0.0	0.0	-0.0	0.0	-0.0	0.0	0.0
16.557992	0.077632	16.578769	0.077634	17.149754	0.077223	17.711966	0.083502	1.0922	0.2403	-0.0	0.0	-0.0	0.0	-0.0	0.0	0.0
16.584417	0.071915	16.584417	0.067537	17.311628	0.071377	17.817813	0.066092	0.72	0.1851	nan	nan	-0.0	0.0	-0.0	0.0	0.0
16.632146	0.07156	16.709052	0.074654	17.540926	0.072181	17.934713	0.074107	1.4266	0.1833	-0.0	0.0	-0.0	0.0	-0.0	0.0	0.0
16.724502	0.075302	16.890866	0.073551	17.783798	0.071851	18.075534	0.075825	1.432	0.1826	-0.0	0.0	-0.0	0.0	-0.0	0.0	0.0
16.803181	0.072312	16.973757	0.082182	17.948438	0.073805	18.196441	0.074361	1.4374	0.1833	-0.0	0.0	-0.0	0.0	-0.0	0.0	0.0
16.86181	0.073262	17.032431	0.08095	18.074287	0.071656	18.30774	0.072383	1.432	0.1826	-0.0	0.0	-0.0	0.0	-0.0	0.0	0.0
16.928446	0.070155	17.082458	0.067401	18.174729	0.066938	18.41873	0.070305	1.432	0.1842	-0.0	0.0	-0.0	0.0	-0.0	0.0	0.0
16.982147	0.073737	17.119531	0.076183	18.297697	0.068118	18.529255	0.073824	1.432	0.1826	-0.0	0.0	-0.0	0.0	-0.0	0.0	0.0
17.07574	0.071848	17.198609	0.070102	18.389979	0.077031	18.638297	0.06855	1.4428	0.1838	-0.0	0.0	-0.0	0.0	-0.0	0.0	0.0
17.097703	0.073014	17.22266	0.073027	18.472656	0.071295	18.695933	0.071736	1.4374	0.1833	-0.0	0.0	-0.0	0.0	-0.0	0.0	0.0
17.130884	0.070886	17.247524	0.071308	18.552087	0.07273	18.767047	0.067514	1.4536	0.1845	-0.0	0.0	-0.0	0.0	-0.0	0.0	0.0
17.198474	0.076286	17.290145	0.076297	18.595066	0.074874	18.83728	0.076509	1.4482	0.1842	-0.0	0.0	-0.0	0.0	-0.0	0.0	0.0
17.2398	0.070582	17.327316	0.071008	18.661732	0.069046	18.904016	0.071178	1.4482	0.1842	-0.0	0.0	-0.0	0.0	-0.0	0.0	0.0
17.330286	0.073629	17.382397	0.074976	18.773842	0.072394	19.0015	0.073376	1.459	0.1846	-0.0	0.0	-0.0	0.0	-0.0	0.0	0.0
17.380517	0.078325	17.432639	0.077157	18.874741	0.076768	19.070985	0.076337	1.6532	0.1834	-0.0	0.0	-0.0	0.0	-0.0	0.0	0.0
17.406867	0.068249	17.438141	0.066368	19.056431	0.070739	19.107936	0.068991	1.432	0.1826	-0.0	0.0	-0.0	0.0	-0.0	0.0	0.0
17.456976	0.069144	17.536227	0.069151	19.20139	0.06626	19.219298	0.069304	1.5507	0.1839	-0.0	0.0	-0.0	0.0	-0.0	0.0	0.0
17.500838	0.072927	17.609314	0.077434	19.323318	0.072487	19.301296	0.074273	2.3328	0.188	-0.0	0.0	-0.0	0.0	0.0	0.0	0.0
17.575655	0.079351	17.80107	0.074531	19.438597	0.073682	19.382937	0.075714	1.966	0.1836	-0.0	0.0	-0.0	0.0	0.0	0.0	0.0
17.624059	0.071537	17.903832	0.069438	19.523191	0.070589	19.452763	0.070161	1.0005	0.9179	-0.0	0.0	-0.0	0.0	0.0	0.0	0.0
17.703783	0.068745	18.36219	0.069374	19.365992	0.077178	19.552053	0.068439	19.5498	0.2348	-0.0	0.0	-0.0	0.0	-0.0	0.0	0.0
17.790839	0.066744	18.378283	0.070003	19.146787	0.0657	19.542942	0.068393	20.1701	0.2386	-0.0	0.0	-0.0	0.0	-0.0	0.0	0.0
17.901672	0.070424	18.445415	0.065615	19.086058	0.067478	19.53048	0.07153	20.2403	0.2388	-0.0	0.0	-0.0	0.0	-0.0	0.0	0.0
18.001965	0.072986	18.501949	0.071968	19.058768	0.071627	19.532583	0.075355	20.1162	0.2384	-0.0	0.0	-0.0	0.0	-0.0	0.0	0.0
18.07771	0.074058	18.527591	0.077109	19.048826	0.071893	19.524714	0.071945	20.1162	0.2384	-0.0	0.0	-0.0	0.0	-0.0	0.0	0.0
18.089257	0.067449	18.467937	0.068809	18.991053	0.067606	19.471065	0.071532	20.127	0.2384	-0.0	0.0	-0.0	0.0	-0.0	0.0	0.0
18.132306	0.071589	18.429381	0.076034	18.933456	0.074472	19.413383	0.07487	20.1216	0.2385	-0.0	0.0	-0.0	0.0	-0.0	0.0	0.0
18.126105	0.070282	18.429454	0.072852	18.899971	0.075579	19.386139	0.075178	20.1108	0.2382	-0.0	0.0	-0.0	0.0	-0.0	0.0	0.0
18.163599	0.070595	18.429308	0.075297	18.859962	0.072804	19.356566	0.071253	20.1324	0.2383	-0.0	0.0	-0.0	0.0	-0.0	0.0	0.0
18.170819	0.073028	18.432334	0.073526	18.879681	0.071224	19.143216	0.074982	20.127	0.2384	-7123.665693549836	2822.882821396816	-766.25311511878	175.3417335114261	-7069.057693716125	2774.0523874547785	11.7052196
18.439267	0.073093	18.489513	0.07193	18.867803	0.071249	17.230409	0.083905	20.127	0.2384	-37079.174227678166	75677.74986454795	-906.1936123345391	242.52949582061655	1137.8245844496644	76.4910396489593	11.706
18.842039	0.07468	18.533997	0.075432	18.629371	0.076507	14.892175	0.094792	20.0946	0.2368	6048.104864227649	2084.084487747085	-3594.333420186352	4049.057496570967	498.52028021387235	16.249426124798095	11.706
19.263481	0.075204	18.508503	0.0733	18.032554	0.076875	12.687762	0.089645	20.0838	0.2377	2467.7131398305123	343.2590547164962	720.2549060945868	160.74292536968923	348.57625846854864	7.7017767544856985	11.706
19.685548	0.074526	18.405486	0.072511	17.239125	0.075334	10.679502	0.097079	20.0838	0.2377	1455.450514026325	118.22741094964239	293.90954668682576	26.34818033332313	284.0205459211394	5.320520465203009	11.706
20.090859	0.071177	18.241124	0.074548	16.34784	0.076419	8.881627	0.087765	20.0515	0.2376	1007.2080019643935	56.123514529340454	181.06335709552368	10.209756797732929	249.53316983198044	3.889357316322554	11.706
20.389976	0.068516	17.989959	0.070654	15.35933	0.074344	7.160308	0.078232	20.0407	0.2366	776.2727873927702	31.833316996955343	130.312739499742	5.080593160231417	227.2304902678251	2.99100851802011	11.706
20.680831	0.075228	17.709695	0.075307	14.403533	0.077864	5.64577	0.082988	20.0245	0.2378	627.0556510324172	22.46495267730859	103.68653963240496	3.3972036434870976	212.7332967882358	2.764235234156205	11.706
20.950494	0.079249	17.445795	0.07851	13.481408	0.084529	4.235891	0.088617	20.0191	0.2379	531.591412718986	16.92042371632703	86.47099265852367	2.516331758137958	201.51038127429518	2.669222307428	11.706
21.105285	0.074415	17.102673	0.073536	12.605721	0.073179	2.943644	0.073131	19.9867	0.2363	465.463031837299	12.166151106085724	76.23041255677701	1.7586144139240878	192.8227006827051	2.0646394208857335	11.706
21.251665	0.073714	16.763806	0.079535	11.736582	0.077762	1.764228	0.07431	19.9867	0.2363	415.13503237205	10.03104422696976	68.1896206179713	1.5087715316373138	186.82327236317894	2.015021854205836	11.706
21.40339	0.070161	16.474391	0.069707	10.965331	0.075186	0.687798	0.08236	19.9652	0.2377	377.98094205493624	7.584344239660598	62.22558058325369	1.158067975709725	181.27576947613673	1.9669447577044115	11.706
21.473054	0.074759	16.154606	0.070658	10.215052	0.076025	-0.290739	0.080667	19.9328	0.2361	350.3029106994962	6.775336432420418	57.715515488326986	1.008544865318794	177.33722396975193	1.8710884023078362	11.706
21.554018	0.073848	15.825385	0.077611	9.529996	0.079086	-1.168775	0.076489	19.9328	0.2361	325.2202943423902	6.081942208216532	54.45326239574136	0.9584425466714951	174.13849740405578	1.7907983974577228	11.706
21.590826	0.080559	15.529931	0.080765	8.863102	0.084046	-1.997469	0.081827	19.9004	0.2374	307.3915227495761	5.785468631813775	51.41941954546192	0.899007175522761	171.5441704998009	1.8527667340835625	11.706
21.657246	0.073473	15.238886	0.073521	8.260208	0.073917	-2.738953	0.06736	19.8789	0.2358	290.2716085279692	4.7007391629215	49.12168749212541	0.7338307545838435	169.38272604690297	1.5400363766691736	11.706
21.678799	0.079247	14.976831	0.078232	7.690697	0.073294	-3.426488	0.077204	19.8789	0.2358	277.9881842083739	4.618929390881782	47.0488825298656	0.6922369812177254	167.5844852519786	1.60472576229434	11.706
21.661488	0.079525	14.687784	0.076623	7.154243	0.072511	-4.06807	0.08112	19.8573	0.2372	267.1561417941498	4.230570077770491	45.50376038277175	0.6371994580229478	166.01459177071376	1.609568746078293	11.706
21.650455	0.074724	14.419624	0.075617	6.644897	0.077578	-4.643205	0.069639	19.8465	0.2371	257.72212892194534	3.7890737666783174	44.1034547154806	0.6145452474948131	165.0893371191497	1.524653515305054	11.709
21.61552	0.079441	14.165105	0.078844	6.198854	0.07781	-5.173607	0.079905	19.8249	0.2356	250.06229373586373	3.7565988675046604	43.03209593526391	0.5983784117722176	163.82274000265184	1.6066380520409642	11.706
21.554957	0.074398	13.899085	0.073128	5.76482	0.070732	-5.666319	0.072809	19.8141	0.2365	243.35146354781438	3.31595740182148	42.143263420669946	0.5271039608837952	162.9818136872364	1.4472955498148599	11.706
21.537743	0.07787	13.658601	0.078437	5.359655	0.072711	-6.120392	0.071946	19.7926	0.2369	236.45567534618723	3.3169343173500616	41.306989065583885	0.5323531716729181	162.28746766049002	1.4460097811043515	11.706
21.516888	0.074552	13.457698	0.075674	5.002884	0.073048	-6.511474	0.07513	19.771	0.2353	231.17308602571214	3.0471022559345373	40.54547678215785	0.5043883859805846	161.80386952348974	1.4725194614775523	11.706
21.445089	0.067233	13.230258	0.070192	4.638698	0.075977	-6.909429	0.066573	19.7602	0.2362	226.79319170178863	2.6833988600195133	39.90014191800927	0.48037898592271866	161.33073168115652	1.4112418383976173	11.706
21.422291	0.073695	13.076901	0.075125	4.340306	0.074216	-7.231549	0.07532	19.7386	0.2366	223.24514772251018	2.8151468148619605	39.237765028368656	0.47427686056858653	160.9999268395488	1.4711775574450803	11.706
21.354667	0.076943	12.866124	0.067535	4.044168	0.070218	-7.586949	0.069257	19.717	0.2351	219.48026255814375	2.647085342081474	38.858103428331404	0.4291258865492924	160.17960225939487	1.35824535005531	11.706
21.307817	0.070262	12.690041	0.072143	3.762097	0.083176	-7.870378	0.070045	19.717	0.2351	216.18893233345847	2.5263035304169223	38.3968000970725	0.4735272727730041	160.16090775256689	1.4971897714485163	11.706
21.260796	0.073819	12.525428	0.074373	3.490601	0.068223	-8.159767	0.068934	19.7063	0.236	213.27868223498444	2.5584594140271504	37.94256213787491	0.42384015429800037	159.9149187492208	1.3312495248513214	11.706
21.208635	0.07477	12.375509	0.068295	3.264029	0.073667	-8.402799	0.070396	19.6847	0.2364	210.91826753614492	2.4180331199295355	37.62335992640315	0.4147975867041509	159.68931192587087	1.3946769248189521	11.706
21.15098	0.070139	12.207806	0.071657	3.035887	0.078708	-8.649606	0.072938	19.6631	0.2348	208.32287283948722	2.3357180268254325	37.37543791943569	0.43374721361234103	159.43423861498368	1.4640809520843696	11.706
21.102222	0.073792	12.083293	0.068707	2.821787	0.067055	-8.849596	0.07155	19.6523	0.2357	206.57306196685553	2.309374164570373	37.013901211590934	0.3836881461666982	159.62698904862748	1.3411454168004078	11.706
21.006603	0.077854	11.930118	0.076598	2.621556	0.069011	-9.067948	0.070878	19.6307	0.2361	205.26314615026646	2.4699396729007934	36.82679234576228	0.4078902080634083	159.37952755667666	1.3487953447819503	11.706
20.97666	0.076561	11.805614	0.073354	2.435233	0.073956	-9.245089	0.07284	19.6307	0.2361	203.14671059341686	2.3486669294510882	36.58383556807789	0.40668137186852077	159.50482695290842	1.4175244873492725	11.706
20.924041	0.069508	11.681495	0.068701	2.284402	0.079342	-9.396235	0.069595	19.6146	0.2351	201.5751588901681	2.131443553252447	36.47984204785801	0.40742605384536573	159.50053157858352	1.4411487053564924	11.706
20.878105	0.075781	11.561686	0.075039	2.118049	0.071895	-9.573507	0.069871	19.6038	0.2351	199.97681249024032	2.2891800642910285	36.30004779402031	0.3994612026056554	159.351560204333	1.366417964849365	11.706
20.812191	0.073655	11.473075	0.082406	1.967611	0.072835	-9.704612	0.075499	19.5876	0.2359	199.4907949725306	2.3609106125256196	36.063938398581975	0.41726906522711116	159.61550897854258	1.4345577670642162	11.706
20.75488	0.079892	11.361046	0.06923	1.822853	0.072961	-9.844102	0.067599	19.593	0.2358	198.32878642852083	2.231915892568491	35.940191200719	0.37898426805605645	159.68756855556668	1.3613686142458763	11.706
20.705953	0.071417	11.259193	0.073109	1.687946	0.068377	-9.976031	0.0677	19.566	0.2354	197.21764249877566	2.133661767232599	35.81607445120228	0.3745847782626912	159.72833971801535	1.3176752964718088	11.706
20.708147	0.082953	11.177925	0.079171	1.58637	0.075713	-10.096915	0.073576	19.5606	0.2349	195.5405812296954	2.3528025509296273	35.749397220713625	0.40830066795045195	159.50525376747729	1.4413474657715584	11.709
20.619751	0.075874	11.086654	0.079197	1.475102	0.071404	-10.195554	0.071858	19.5498	0.2348	195.4315371492607	2.2484197685650336	35.665879377102655	0.39568773483500136	159.63693115701113	1.385656238931359	11.706
20.571096	0.074397	10.993171	0.072012	1.363838	0.066571	-10.316251	0.068771	19.5552	0.2343	194.5168395586599	2.1027899642800434	35.600023538030214	0.3625617489872494	159.50800018991055	1.307105194971229	11.706
20.489812	0.076646	10.905307	0.07981	1.233023	0.07343	-10.414154	0.071498	19.5283	0.2357	194.38330501724923	2.244163158040013	35.44193517161654	0.39739282937074033	159.95873978514274	1.4075463020759404	11.706
20.438671	0.08072	10.807631	0.075808	1.11989	0.074348	-10.521552	0.071629	19.5175	0.2354	193.44408228946375	2.2241882837350606	35.38538793100029	0.38783592966580205	160.03754577411553	1.4192501336995218	11.706
20.432492	0.071731	10.782423	0.070266	1.083077	0.071754	-10.559736	0.06539	19.5067	0.2346	193.06263519562464	2.008878274231901	35.34304858097675	0.365947175176856	160.01870534405955	1.3342636979603208	11.706
20.400755	0.074108	10.719483	0.076185	0.995374	0.073221	-10.637598	0.073824	19.5067	0.2346	192.44039962587422	2.1126576722729657	35.253045471007454	0.38307561228569903	160.15407147050894	1.431489182152788	11.706
20.293658	0.07395	10.601025	0.072001	0.888094	0.072778	-10.729516	0.069066	19.5013	0.2341	192.21482805997906	2.0467974040907935	35.29361463116067	0.37200021118267507	160.3658379029634	1.3849682702172914	11.706
20.260794	0.076218	10.554846	0.072256	0.82002	0.069417	-10.798524	0.072925	19.5013	0.2341	191.95113671610005	2.0770292861317183	35.214236462127786	0.36244989483785295	160.35294693683616	1.3895464650475378	11.706
20.259086	0.075085	10.512481	0.073857	0.775278	0.072778	-10.845046	0.071682	19.4959	0.2346	191.15044376844975	2.0655694197754775	35.205641772465576	0.37489735583208134	160.3283786242423	1.409414083099183	11.706
20.210502	0.074679	10.449614	0.071416	0.6838	0.070537	-10.928366	0.06675	19.4905	0.235	190.87071083486083	2.0206001486648186	35.10250111397974	0.36080224192407157	160.44101397992873	1.3417829878943168	11.706
20.160139	0.074107	10.393001	0.07289	0.619615	0.072081	-10.987747	0.070596	19.4851	0.2353	190.7485891801262	2.0300268999565136	35.07530018841603	0.36789886121782844	160.50742696664437	1.3951535687925252	11.706
20.112888	0.07692	10.341917	0.074457	0.572867	0.074981	-11.016928	0.070996	19.4635	0.2352	190.67375139816912	2.089078863103827	35.090870602988005	0.37956956879543857	160.750711976125	1.432222246274129	11.706
20.083699	0.075428	10.28537	0.081829	0.514551	0.073414	-11.076326	0.076905	19.4528	0.2344	190.1413782697684	2.1596292859362007	35.0845160247001	0.3947466898269976	160.73570868162483	1.47438972477588	11.706
20.06497	0.092433	10.226771	0.06781	0.442635	0.067062	-11.130118	0.066032	19.4474	0.2338	189.37081139804286	2.206622906071246	35.036763597568665	0.3415196612670146	160.9874353722216	1.3092169828579263	11.706
19.976002	0.074218	10.16783	0.074772	0.390126	0.074652	-11.17243	0.070646	19.4474	0.2338	189.95055383356055	2.040319733684456	35.05981089285535	0.378860491003758	161.1294104348586	1.4322921162487185	11.706
19.956492	0.076849	10.139221	0.07078	0.355112	0.070972	-11.210992	0.071246	19.442	0.2343	189.77450225059277	2.0196255486320887	35.0368625023808	0.35893797021931373	161.0799760784899	1.400539543088408	11.706
19.938559	0.073873	10.111399	0.072709	0.320204	0.07238	-11.241121	0.071358	19.4312	0.235	189.583536851867	1.9996442219633443	35.01150312718266	0.36685554109741836	161.14655961483695	1.4167112167679767	11.706
19.873115	0.072126	10.052645	0.071541	0.271628	0.068338	-11.274329	0.065587	19.442	0.2343	189.7126731540887	1.9624978756176872	35.04793934390652	0.3545098028426532	161.36104373274281	1.323746124676598	11.706
19.846213	0.074203	9.990169	0.072318	0.230868	0.075243	-11.313411	0.073134	19.4312	0.235	189.02795978539172	1.9872125395910305	35.12592345133575	0.3756221449079042	161.38451101014778	1.4668677998699127	11.706
19.839818	0.075449	9.996199	0.078766	0.178432	0.074871	-11.355894	0.072012	19.4204	0.2352	189.2665416796852	2.0971491371216477	34.916745424174664	0.38649149651744086	161.52377644655348	1.4547283994562406	11.706
19.800051	0.066414	9.945753	0.066184	0.139613	0.067474	-11.372656	0.068708	19.4096	0.2349	189.06143814829292	1.7988765101715656	34.958145992299436	0.33693781981519483	161.83322865244875	1.353713370115164	11.706
19.721627	0.071173	9.882804	0.072125	0.087173	0.069433	-11.414878	0.069609	19.3988	0.2342	189.35880591711458	1.9501891888231562	34.99564934976018	0.35766709488495746	161.97700847889456	1.384553739088684	11.706
19.71126	0.078541	9.852557	0.078563	0.065831	0.074552	-11.429747	0.076478	19.415	0.2352	188.97695528079876	2.129422169258257	35.0274938791347	0.3876347767829217	162.06820766103206	1.5057398010265517	11.706
19.69653	0.073139	9.820216	0.067691	0.02896	0.067362	-11.464859	0.068638	19.3988	0.2342	188.63998865355222	1.9034535920856304	35.011284433302905	0.3414739797549216	162.09302796796902	1.3562513288915408	11.706
19.658812	0.073944	9.806144	0.075558	0.007623	0.071202	-11.487116	0.068966	19.4042	0.2346	189.09272987628285	2.0289727369664123	34.98532594003049	0.3706867998207712	162.0800504529942	1.397719530253336	11.706
19.633333	0.070165	9.767634	0.072601	-0.015671	0.070286	-11.499923	0.06974	19.3934	0.2336	188.8429525480192	1.932619978304304	35.0397424370149	0.36191745764384897	162.2280476185082	1.3986831437242309	11.706
19.590875	0.075283	9.716933	0.078671	-0.058367	0.079316	-11.521881	0.073558	19.3934	0.2336	188.68529592437952	2.0807909855084277	35.06843644801049	0.40077017695915645	162.5215108263476	1.533626096387796	11.706
19.595856	0.067346	9.72337	0.066678	-0.06997	0.067673	-11.542624	0.064571	19.388	0.2341	188.71313878520326	1.8115454376696378	35.003835221595025	0.33956635405164665	162.39205432248468	1.3239810371488676	11.706
19.561431	0.076972	9.692691	0.075979	-0.122368	0.0749	-11.560672	0.070196	19.3934	0.2336	188.78476948215842	2.068963690839113	34.92637689094936	0.3796527014098218	162.87972213337545	1.4617603259519227	11.706
19.538298	0.078832	9.662392	0.071149	-0.126247	0.070557	-11.582836	0.070933	19.3826	0.2345	188.64777952857662	2.028452317458235	35.02064705215239	0.35849202540476527	162.61976205469878	1.4201444457402892	11.706
19.506911	0.075	9.64025	0.075049	-0.168898	0.077224	-11.595848	0.070731	19.3934	0.2336	188.82453636019716	2.0305048455544856	34.94742458752582	0.3836503776406978	163.0415632131738	1.4941733758188853	11.706
19.466581	0.069525	9.599675	0.068259	-0.180546	0.069793	-11.606716	0.069056	19.3934	0.2336	188.81985903993365	1.8645263820334728	35.05078986103455	0.3498684181924454	163.0526890625915	1.4010772552579842	11.706
19.45653	0.072627	9.59384	0.072582	-0.163079	0.086754	-11.597737	0.088979	19.388	0.2341	188.90055794166977	1.9665953170268031	35.13450145499718	0.40731499529034176	162.93164663386176	1.7707417220697481	11.706
19.432564	0.06902	9.542958	0.068008	-0.221269	0.068906	-11.647126	0.073117	19.3826	0.2345	188.3864465669897	1.8457700114873503	35.10820334373555	0.34810844621520387	163.05716653263988	1.433789324908935	11.706
19.416209	0.070429	9.539141	0.068923	-0.242573	0.069788	-11.66769	0.066648	19.388	0.2341	188.62560121620893	1.8819084604837144	35.04543643655885	0.3514164699222359	163.06772137636003	1.377320568958694	11.706
19.398629	0.075435	9.516568	0.071061	-0.256168	0.070071	-11.685724	0.068582	19.3826	0.2345	188.53027724116905	1.9771344942231706	35.07763640817728	0.3582074340132415	163.00438594179923	1.3983304610414113	11.706
19.3916	0.077429	9.51723	0.07846	-0.271623	0.07419	-11.686493	0.074701	19.3826	0.2345	188.6771279665034	2.1062997562408854	35.01987810925071	0.38630886317994045	163.2141033521357	1.505364427525018	11.706
19.349418	0.075185	9.472751	0.072241	-0.308448	0.069399	-11.717789	0.073323	19.388	0.2341	188.6332503039286	1.9913768434825123	35.047284930461004	0.3589406224562528	163.29319873836366	1.4449306654671572	11.706
19.312556	0.070534	9.443949	0.068149	-0.322048	0.06655	-11.720837	0.070412	19.3772	0.2348	188.78732528092607	1.8762430270043684	35.1018374669525	0.34236808378074735	163.44436404650932	1.3892110164779996	11.706
19.298535	0.07602	9.44226	0.073988	-0.329776	0.071175	-11.735988	0.071722	19.3718	0.235	189.02351473449178	2.034437594646946	35.08014664868958	0.36855257395139124	163.33798871534484	1.4469617223944509	11.706
19.31851	0.076685	9.444789	0.077281	-0.327805	0.076066	-11.723669	0.072681	19.3772	0.2348	188.68952922883153	2.080560606543002	35.07814540556849	0.3892259249139809	163.48630052609738	1.5093122881446703	11.706
19.273631	0.080355	9.404067	0.077221	-0.368514	0.075983	-11.761998	0.070786	19.3611	0.2349	188.76901318576364	2.131531035193769	35.0781917185413	0.38886300772707544	163.52045698052294	1.490421732456288	11.706
19.259459	0.069933	9.410375	0.079459	-0.383995	0.072374	-11.758608	0.070486	19.3718	0.235	189.1615347104934	2.032971723187363	35.000154401788215	0.384075256821302	163.79174812795512	1.4547464776949302	11.706
19.20852	0.070237	9.353631	0.073486	-0.401444	0.06899	-11.754616	0.068146	19.3665	0.235	189.0501023614593	1.950048185797234	35.141143098305875	0.36310083801219567	164.1010726637807	1.4016502200724346	11.706
19.205001	0.073451	9.337818	0.072321	-0.409172	0.07486	-11.769767	0.073748	19.3665	0.235	188.81455086451422	1.9724897134917143	35.17028945083108	0.37558517431163196	163.99385277689433	1.5169359154148832	11.706
19.185117	0.074347	9.325247	0.078796	-0.424694	0.073924	-11.798731	0.06694	19.3665	0.235	188.95458746503863	2.076125517498486	35.1596464298455	0.38962433673326535	163.80003977635482	1.4362132883948688	11.706
19.179272	0.070696	9.311344	0.070238	-0.432428	0.070148	-11.784228	0.072792	19.3611	0.2349	188.80031037640052	1.9066955240235872	35.181903546284374	0.35842638666394055	164.1209104593411	1.4615351646649062	11.706
19.156779	0.074783	9.307598	0.07363	-0.426602	0.072877	-11.79749	0.069595	19.3718	0.235	189.15967112916778	2.0155743631673424	35.21650161027589	0.3747952612101306	163.84539641302595	1.4520043612406932	11.706
19.136901	0.071619	9.290996	0.06564	-0.471169	0.065951	-11.82645	0.070395	19.3611	0.2349	189.2226111342593	1.8670491359473167	35.11561964253695	0.3347084410750125	164.07059583193205	1.393770703465367	11.706
19.143652	0.076122	9.291212	0.071439	-0.473093	0.070239	-11.832244	0.072904	19.3611	0.2349	189.09708377469445	2.0036241496451552	35.107921879327925	0.36021836941417923	164.0147063827551	1.4617314793610716	11.706
19.114637	0.077641	9.269208	0.072569	-0.478893	0.073925	-11.830616	0.07179	19.3611	0.2349	189.23174001193217	2.042632658330866	35.166282552866164	0.3737069120729062	164.12203207899415	1.4898451304104978	11.706
19.069126	0.068976	9.222153	0.068477	-0.519586	0.069467	-11.857464	0.062688	19.3557	0.2347	189.20207542011514	1.8675184862546985	35.18924937904706	0.35234889041602707	164.32243210117196	1.3561389186275565	11.706
19.080824	0.070955	9.224739	0.077822	-0.498261	0.070882	-11.8434	0.07	19.3718	0.235	189.0271638051959	2.0197764877416007	35.257065236572934	0.3817039666273994	164.21727501217563	1.4419751095081053	11.706
19.052712	0.07455	9.204187	0.07129	-0.535064	0.07286	-11.872438	0.065281	19.3611	0.2349	189.17226237994976	1.9813259040314348	35.198238384968654	0.3684010985795207	164.32974731532084	1.4179639234044075	11.706
19.044017	0.076765	9.189933	0.079028	-0.538942	0.085758	-11.868575	0.074263	19.3772	0.2348	189.06555755124592	2.113864243321089	35.235775179610506	0.422366713471705	164.44202412208728	1.6465561680294234	11.706
19.022807	0.071608	9.181764	0.072094	-0.556368	0.071581	-11.881356	0.066718	19.3557	0.2347	189.31609305483838	1.9547621336286927	35.202283505472934	0.3672502789015272	164.50946669543794	1.421430607980095	11.706
19.060662	0.079594	9.200937	0.075656	-0.531156	0.073524	-11.869704	0.075667	19.3718	0.235	188.95738712441943	2.1045331205721682	35.22412697884358	0.38183324375429206	164.31272445402638	1.528924569803947	11.706
18.992456	0.078764	9.164154	0.077527	-0.564087	0.07515	-11.883852	0.073098	19.3665	0.235	189.5615179510823	2.1316016158363578	35.23807369524319	0.39110165495941496	164.5853649272251	1.5242931824027772	11.706
18.984213	0.070598	9.127945	0.071968	-0.56989	0.071137	-11.885784	0.064589	19.3503	0.2344	189.02366012622727	1.9334108538727008	35.34855500074782	0.3688454192061557	164.6416857828969	1.3979885991409817	11.706
18.993429	0.073333	9.148489	0.074053	-0.567938	0.071587	-11.882573	0.071236	19.3557	0.2347	189.2411396783129	2.003312183323615	35.28091943253226	0.37399085351997563	164.6599972866297	1.4697034917039158	11.706
18.973722	0.072429	9.12996	0.07219	-0.591181	0.07123	-11.898695	0.069843	19.3557	0.2347	189.26380963376985	1.9661503082051712	35.26380893314021	0.36788795569925026	164.76369266419718	1.4535953515766813	11.706
18.940005	0.072702	9.107721	0.070517	-0.616343	0.074756	-11.911518	0.068941	19.3718	0.235	189.48475168324617	1.9518934855618337	35.253210043348055	0.37256790020463026	164.9436748663972	1.4850167679978155	11.706
18.946522	0.072666	9.119919	0.066739	-0.602792	0.066861	-11.904272	0.064085	19.3557	0.2347	189.59427291619676	1.9036096515367886	35.258117856443725	0.3425816915717888	164.8516638366418	1.3509287830376027	11.706
18.950643	0.069435	9.107792	0.06797	-0.606664	0.070867	-11.922671	0.071953	19.3718	0.235	189.28130029061012	1.8685234563465056	35.28807884342857	0.3566915428274222	164.64003207148568	1.469361198144776	11.706
18.91955	0.077676	9.079756	0.076047	-0.627944	0.072015	-11.921045	0.071555	19.3826	0.2345	189.3401183513438	2.0917311455599927	35.31263603340142	0.3809807358217983	164.97398604024025	1.4830340555925547	11.706
18.898424	0.071744	9.071625	0.070728	-0.629882	0.076019	-11.906203	0.08967	19.3665	0.235	189.59050204543064	1.9436996226753025	35.33517584146057	0.3781858151965166	165.21946880496225	1.7224300604346088	11.706
18.88584	0.080315	9.051477	0.072663	-0.647297	0.069846	-11.943087	0.070312	19.3665	0.235	189.44467951574785	2.086371678620343	35.34513420796259	0.36730281141407944	164.93470781386068	1.4471042555914486	11.706
18.888309	0.078416	9.037548	0.071067	-0.649226	0.071224	-11.946994	0.068023	19.3557	0.2347	189.12931688098146	2.031846490733644	35.38891878330261	0.3675805195805294	164.90583506253577	1.4375780378519616	11.706
18.869433	0.069347	9.035533	0.072037	-0.641486	0.070127	-11.94515	0.068939	19.3557	0.2347	189.453607581089	1.9263772722811625	35.42459216719701	0.36802555593672115	164.81981956201628	1.4338784694787172	11.706
18.82391	0.06883	8.998576	0.067437	-0.699551	0.065932	-11.986683	0.065792	19.3826	0.2345	189.61878193624625	1.8596615191815415	35.3474899385291	0.3437472346622841	165.06123175912325	1.3621121289134666	11.706
18.84217	0.069905	9.02546	0.070608	-0.668575	0.07122	-11.937773	0.068577	19.3557	0.2347	189.78536093864884	1.9208965851280921	35.36241128752343	0.3658386004831178	165.32390367292496	1.4504471686235736	11.706
18.850855	0.082304	9.033658	0.072987	-0.674375	0.074754	-11.950857	0.073505	19.3611	0.2349	189.77593769171722	2.1264962187401446	35.31142185274943	0.38001584684451056	165.2171205395945	1.5360452799697584	11.706
18.83072	0.070021	8.978677	0.072579	-0.699544	0.069742	-11.979615	0.072006	19.3611	0.2349	189.10473025499795	1.9357536627097789	35.42019202000414	0.3683798992851326	165.16454944581452	1.4677883153808657	11.706
18.854678	0.075529	9.00528	0.073288	-0.691793	0.072262	-11.972765	0.070626	19.3718	0.235	189.1554953213524	2.0211436818844017	35.35133308902142	0.375209060330156	165.1513524851536	1.4792553505429562	11.706
18.812071	0.074993	8.994895	0.073802	-0.709213	0.07148	-11.972371	0.068481	19.3718	0.235	189.77634974474202	2.0339726560376215	35.325703826048766	0.37401560567414693	165.41256166354734	1.4537856673699516	11.706
18.772236	0.074673	8.976767	0.072905	-0.715017	0.071216	-11.990808	0.068392	19.3934	0.2336	190.19689556176303	2.02636816752114	35.37062610028844	0.37194896981453013	165.22722569968082	1.4468411400986323	11.706
18.765651	0.067903	8.966558	0.074091	-0.724692	0.069254	-11.97404	0.065446	19.3665	0.235	190.12655361644886	1.9499467337082925	35.37257334795556	0.3701705974365348	165.61562796461814	1.402820561363455	11.706
18.761533	0.073545	8.950481	0.06907	-0.734362	0.071565	-11.988833	0.069979	19.3665	0.235	189.8948141874653	1.952817712288387	35.395973141654125	0.36350337708886554	165.54023913326202	1.4722542853232237	11.706
18.771866	0.069603	8.942357	0.0673	-0.716956	0.071655	-11.983214	0.070716	19.3718	0.235	189.53822352828163	1.8669233550497306	35.48953013950854	0.3611819312279977	165.36703412268602	1.477693890941754	11.706
18.774037	0.071475	8.946419	0.074089	-0.722758	0.067724	-11.99432	0.066197	19.3611	0.2349	189.57471042951676	1.9858189538660684	35.45332486327011	0.3680488522133097	165.28922367676626	1.3887526197864881	11.706
18.75771	0.075312	8.934543	0.069262	-0.753699	0.071563	-12.000114	0.068587	19.3665	0.235	189.6606126177214	1.975513327904902	35.383554674569645	0.3637304853958223	165.65882000634764	1.4600843043333382	11.706
18.747007	0.072014	8.930412	0.067699	-0.742097	0.070116	-11.985233	0.070696	19.3772	0.2348	189.7875826764759	1.910888543517249	35.44110920763718	0.35712073761660723	165.70712565291026	1.4675090794171215	11.706
18.736157	0.073695	8.918158	0.073864	-0.753706	0.070489	-12.007137	0.068465	19.3665	0.235	189.76043190572102	2.016669904910626	35.443474846190014	0.37415711015136155	165.55553550100944	1.44563968267525	11.706
18.739139	0.075985	8.922599	0.078609	-0.73242	0.077354	-11.987384	0.072844	19.3718	0.235	189.78862736468747	2.113732936709371	35.505313886688036	0.40556446259682755	165.53298297916913	1.5627287802866228	11.706
18.724098	0.072309	8.920413	0.07056	-0.759502	0.070941	-12.001914	0.065961	19.3665	0.235	190.0374984036176	1.9584185927954343	35.41399518658094	0.36605679341238484	165.71780937967364	1.427873328160517	11.706
18.689975	0.07521	8.900002	0.070131	-0.771112	0.066045	-12.01631	0.0691	19.3718	0.235	190.30366662993796	1.9989634211605207	35.44622261867423	0.353081552751608	165.67674621418317	1.4082867851729028	11.706
18.722666	0.075371	8.9026	0.074189	-0.759495	0.072839	-12.01337	0.070156	19.3772	0.2348	189.7204950870743	2.0432134778370252	35.479310518701	0.3817750036267632	165.54900045882047	1.4876675159619979	11.706
18.666483	0.0794	8.86557	0.077923	-0.796255	0.077686	-12.025263	0.072852	19.3772	0.2348	190.09126005143767	2.1577036382112067	35.4802991545636	0.40406387771376645	165.91562132899054	1.5736255993134103	11.706
18.67321	0.072777	8.873828	0.072205	-0.784649	0.07156	-12.019997	0.070061	19.3826	0.2345	190.1209487944486	1.9889942483112275	35.49259838343747	0.37356948453944033	165.82199434792545	1.478053569831258	11.706
18.67799	0.082047	8.86001	0.079059	-0.803981	0.076858	-12.031409	0.076161	19.3826	0.2345	189.76080225688207	2.2021959686124855	35.47234977080023	0.40472141698211417	165.93896539060265	1.599205170775266	11.706
18.679718	0.076737	8.881984	0.072096	-0.782713	0.072835	-12.027502	0.071761	19.3772	0.2348	190.15293827262605	2.0434872824845796	35.46975603520491	0.3761162597780967	165.68276891741797	1.5065408267880487	11.706
18.68413	0.075813	8.876047	0.070623	-0.778843	0.074276	-12.022104	0.068893	19.3772	0.2348	189.9522967384567	2.006617799698373	35.505784089676766	0.37691168175289064	165.7052901104347	1.4930791567519275	11.706
18.654572	0.069648	8.8538	0.068784	-0.805918	0.069635	-12.034875	0.067014	19.3718	0.235	190.09397404914148	1.8986209670415755	35.4880432351408	0.35958913882443355	165.91635927212064	1.4279699971719142	11.706
18.638324	0.079183	8.839947	0.077158	-0.807847	0.074197	-12.029653	0.071143	19.388	0.2341	190.1404601864747	2.145436806212396	35.53190006799539	0.3942346709218097	166.02208997985088	1.5207828344692231	11.706
18.633693	0.07566	8.865913	0.084344	-0.803983	0.072916	-12.034919	0.070238	19.3826	0.2345	190.73604927453388	2.2125371748416476	35.450687670677105	0.40874296393551157	165.8871339487948	1.4954127306140448	11.706
18.643875	0.073532	8.849671	0.06863	-0.817521	0.069442	-12.045802	0.066318	19.3772	0.2348	190.2214573428748	1.9535163126939443	35.46060454296611	0.35813197281695514	165.92634822855882	1.4189718681334726	11.706
18.627187	0.07215	8.847692	0.072546	-0.81172	0.072247	-12.029257	0.069186	19.3772	0.2348	190.50756669697853	1.9931435047114399	35.48916569628483	0.3761627946694114	166.0852676267069	1.48104584611923	11.706
18.614837	0.075572	8.825652	0.076322	-0.829119	0.072995	-12.038606	0.074495	19.3826	0.2345	190.31899846322912	2.088174859999306	35.50622224826883	0.38838880852124075	166.20455996788434	1.546423726326904	11.706
18.604215	0.07391	8.809482	0.072695	-0.844587	0.072328	-12.056949	0.070553	19.3826	0.2345	190.21118139903368	2.0132247580988714	35.50880566787893	0.3771806206374998	166.16193435388126	1.4973636184326669	11.706
18.625165	0.083144	8.82961	0.072697	-0.832987	0.079075	-12.045891	0.073919	19.3826	0.2345	190.19521376574764	2.1444370861155133	35.47746688990778	0.39438329133560424	166.15391329551701	1.6039716870070782	11.706
18.584995	0.07566	8.795224	0.074534	-0.854256	0.071899	-12.054886	0.073712	19.3934	0.2336	190.30757928390227	2.0645881511307733	35.5256956951876	0.3812701357031144	166.33597924825565	1.5291731766349912	11.706
18.593594	0.073285	8.7913	0.07253	-0.867786	0.068238	-12.06239	0.071846	19.3934	0.2348	190.0644692646021	1.9992427889296165	35.49036001281383	0.36590063981911025	166.42551974098387	1.4730833969591446	11.706
18.564341	0.072002	8.797372	0.0701	-0.844588	0.069244	-12.064277	0.069874	19.388	0.2341	190.7518777576054	1.9626091652585687	35.55340144969273	0.3633284119628642	166.05341367006832	1.4559293725435325	11.706
18.558204	0.075127	8.795427	0.066604	-0.860053	0.069242	-12.058837	0.071982	19.3934	0.2336	190.8337995045436	1.962532097685105	35.50361722018498	0.3532750714402288	166.36340108540128	1.4837601354289494	11.706
18.565851	0.071759	8.785025	0.068341	-0.869722	0.07155	-12.082353	0.068539	19.3934	0.2336	190.48164649217995	1.9298791671345688	35.50631068469995	0.3638756205799246	166.15794653210548	1.4682576502940008	11.706
18.582901	0.082445	8.775099	0.077736	-0.860055	0.070751	-12.077002	0.070487	19.388	0.2341	189.95773221439623	2.194663107538271	35.57851397388705	0.38813623095214017	166.09402593998487	1.4788271818389591	11.706
18.557181	0.07679	8.774828	0.074301	-0.87359	0.071551	-12.09139	0.074711	19.388	0.2341	190.45191111290524	2.080289329589945	35.529605088702915	0.3798455927346426	166.08137549141455	1.5315439253661554	11.706
18.555305	0.075465	8.76688	0.078561	-0.860057	0.073315	-12.060194	0.068547	19.3934	0.2336	190.33376052325414	2.118218121839736	35.60887995596634	0.3974703128735251	166.34330058377986	1.4906609146927103	11.706
18.544322	0.074002	8.768656	0.069591	-0.873591	0.066838	-12.074629	0.065369	19.388	0.2341	190.5821719364965	1.9804362359583012	35.5523431869285	0.3557717799635295	166.3299280999115	1.3882862366185311	11.706
18.549095	0.06726	8.776976	0.068777	-0.856191	0.065801	-12.056553	0.070625	19.388	0.2341	190.65134887933488	1.8768126148977755	35.58585521339391	0.35162073295186574	166.3399627902279	1.4335723818411414	11.706
18.549534	0.07277	8.777179	0.071688	-0.861988	0.077401	-12.062346	0.068123	19.388	0.2341	190.6467628075521	1.99282332845561	35.563703858680036	0.3892410273419242	166.3400095081145	1.531318964084655	11.706
18.525693	0.075828	8.748635	0.072993	-0.885188	0.072237	-12.076604	0.071814	19.3934	0.2336	190.55505294306076	2.051344990979396	35.583430418439555	0.3793122938763133	166.4729180719556	1.5151740450589568	11.706
18.547732	0.075801	8.763228	0.073244	-0.869718	0.069726	-12.073581	0.068823	19.3934	0.2336	190.41004574068685	2.0512459033718957	35.586668514135376	0.3735847969418956	166.28799237337728	1.4540932323343476	11.706
18.543177	0.07704	8.746961	0.073197	-0.896782	0.069723	-12.089946	0.071336	19.3826	0.2345	190.18238212354382	2.0630842634263633	35.546829046028485	0.3726153000723754	166.4469275204491	1.4833279441707032	11.706
18.518557	0.073749	8.751222	0.074299	-0.890981	0.071108	-12.073669	0.069483	19.388	0.2341	190.7447423467464	2.044404225959104	35.55250588655205	0.37920122965028163	166.60285445851554	1.4811825951371578	11.706
18.512764	0.070338	8.722311	0.069374	-0.898719	0.067169	-12.092968	0.068815	19.388	0.2341	190.29434193027942	1.9202224127540068	35.6307459708422	0.35761365473014006	166.4307915208747	1.429700281668586	11.706
18.536529	0.075493	8.756853	0.072863	-0.873588	0.076562	-12.076825	0.071759	19.388	0.2341	190.50403185102365	2.0437920877024074	35.5959255669912	0.39065645926690196	166.29727894241358	1.5576057265709748	11.706
18.506336	0.074893	8.728279	0.072738	-0.896786	0.068129	-12.096565	0.066912	19.388	0.2341	190.53558299346784	2.03438935906361	35.61580507252062	0.368780317255007	166.34862994602315	1.418339589182202	11.706
18.502513	0.081335	8.70833	0.073797	-0.919977	0.076271	-12.087572	0.07515	19.3934	0.2336	190.22186263933503	2.1329894870712316	35.603817737372815	0.39244308984988385	166.82801189937368	1.599522970757194	11.706
18.476021	0.071769	8.724761	0.071157	-0.90258	0.070194	-12.082486	0.0722	19.3826	0.2345	191.05918638078788	1.980187436690395	35.607386459042445	0.36968166122334606	166.64432226726433	1.5009738655063978	11.706
18.516244	0.074368	8.74106	0.071462	-0.887116	0.072322	-12.090122	0.070374	19.3934	0.2336	190.59157908526458	2.010934700604949	35.60430195714399	0.37597711791714594	166.30069397605612	1.4979476642386973	11.706
18.499928	0.07403	8.733214	0.069909	-0.910309	0.075766	-12.097759	0.070689	19.3934	0.2336	190.75685809328564	1.988720895000445	35.547641360224134	0.38001142621350165	166.53193554214064	1.5424729312440622	11.706
18.506794	0.07163	8.731471	0.070998	-0.883245	0.071983	-12.08337	0.067091	19.3826	0.2345	190.58888142485446	1.9663556762715597	35.65414255060506	0.37492834090967897	166.3434878337565	1.461453032142194	11.706
18.500074	0.069545	8.723221	0.073519	-0.906443	0.066035	-12.094162	0.073198	19.3934	0.2336	190.5590401659847	1.9724834815552352	35.59880198842402	0.3653212537718282	166.52793205888867	1.4673959749139682	11.706
18.490113	0.08018	8.735529	0.077831	-0.908374	0.07874	-12.1	0.072847	19.3934	0.2336	190.99407650595276	2.1879183224295766	35.54623808380696	0.4080797380000371	166.46979620318436	1.5955767811502195	11.706
18.473216	0.074702	8.717353	0.070134	-0.91224	0.070837	-12.096226	0.070247	19.3934	0.2336	190.9690396448583	2.0057407951034563	35.59906245534856	0.36851010007252016	166.58352051566257	1.4859378596881758	11.706
18.497834	0.067924	8.721141	0.071028	-0.90451	0.068541	-12.095916	0.071961	19.3934	0.2336	190.56216735498043	1.915590823778062	35.613638653808614	0.36519695621870607	166.47307399493596	1.4782675052571217	11.706
18.462019	0.080641	8.698909	0.0739	-0.910309	0.071106	-12.114211	0.066549	19.3934	0.2336	190.82728726211195	2.1379329918201195	35.67454163633001	0.38073332532300197	166.28741230465013	1.4454532469548014	11.706
18.476094	0.071297	8.68657	0.078539	-0.937368	0.070742	-12.100958	0.06838	19.3934	0.2336	190.3124119951519	2.062112269062839	35.61997846767544	0.39122071992758906	166.88786940903356	1.4708435614511375	11.706
18.472415	0.07074	8.688817	0.071063	-0.935434	0.070833	-12.101268	0.065011	19.3988	0.2342	190.42766126413932	1.9516511413803093	35.61882010325067	0.37133792872793076	166.85434122300958	1.4367207320668742	11.706
18.472415	0.072756	8.696864	0.070676	-0.933502	0.076054	-12.093896	0.066314	19.3988	0.2342	190.5844167819569	1.977523543622033	35.5962053045283	0.38375632962549394	166.93565015472004	1.5093176674133173	11.706
18.485124	0.075237	8.704978	0.071026	-0.916107	0.071893	-12.090299	0.06906	19.3934	0.2336	190.49488592070202	2.0152961434239662	35.63053878381665	0.3742663092439715	166.72953025268578	1.487454896992364	11.706
18.460419	0.07189	8.708229	0.072013	-0.910315	0.076485	-12.092968	0.068815	19.3934	0.2336	191.04094967543153	1.9933251033630737	35.639956783937215	0.3892499490169302	166.6033736847532	1.5328297762667935	11.706
18.473272	0.075215	8.70434	0.072365	-0.902583	0.069625	-12.100515	0.068467	19.3934	0.2336	190.71354975587218	2.037646421992598	35.683067229534636	0.37299483546540085	166.3760496760361	1.450856880386388	11.706
18.46417	0.068376	8.691934	0.067946	-0.948964	0.072481	-12.116655	0.069968	19.3988	0.2342	190.64907528981746	1.8805915745624167	35.557315540042694	0.36641676795034167	166.82658382534177	1.5049304282577305	11.706
18.451755	0.074837	8.67591	0.069652	-0.948964	0.074098	-12.114901	0.0699	19.3934	0.2336	190.57868911735378	1.9930591690492296	35.616516772614396	0.3763196218528791	166.85278478744462	1.5221690154216763	11.706
18.443817	0.070866	8.668065	0.073352	-0.945099	0.0711	-12.096742	0.06964	19.3988	0.2342	190.58050396270008	1.9883636074662863	35.65990189835118	0.37894383904141865	167.06666514004843	1.4909941971314227	11.706
18.446056	0.078572	8.690258	0.076275	-0.931572	0.076554	-12.111571	0.0713	19.3988	0.2342	190.97032245225878	2.143582094652906	35.62778299405313	0.4001506134386671	166.64292574780302	1.559324128953493	11.706
18.409237	0.071253	8.659518	0.06904	-0.954761	0.067703	-12.121872	0.069004	19.388	0.2341	191.08938266086358	1.944554352053874	35.65576390549694	0.35861240931130123	166.8352513215321	1.4442546437385453	11.706
18.433132	0.081806	8.67601	0.080491	-0.960557	0.078266	-12.131616	0.079688	19.3934	0.2336	190.94439316201343	2.2459238984657173	35.5732972237336	0.4144420946704744	166.77629055299622	1.667532216356916	11.706
18.420645	0.069893	8.647885	0.072006	-0.968286	0.069999	-12.127976	0.070622	19.3934	0.2336	190.6388489085158	1.9575276928747884	35.648750527038125	0.3722839043115694	166.94619529268576	1.4875160107993142	11.706
18.450679	0.076126	8.696495	0.074507	-0.927706	0.069719	-12.117364	0.069176	19.3934	0.2336	191.0019091561919	2.085818112014507	35.61900829530694	0.3776459438075133	166.4990724372416	1.461405674842578	11.706
18.444471	0.073603	8.690493	0.069774	-0.910312	0.071633	-12.095297	0.067808	19.3934	0.2336	191.0059525152778	1.9860258024627229	35.70580472875967	0.3719002539457113	166.5686417221416	1.46891770779836	11.706
18.424904	0.073638	8.659986	0.072243	-0.950896	0.069716	-12.116965	0.07305	19.3988	0.2342	190.79194679856764	2.015550127316727	35.66836839171275	0.37259450541527034	166.8508105294651	1.508888238305498	11.706
18.412562	0.079959	8.664109	0.075831	-0.948963	0.072482	-12.100515	0.071692	19.3988	0.2342	191.11418731575725	2.1604067851050073	35.66024091785337	0.38913395542803253	167.06802436772676	1.527349867239015	11.706
18.435298	0.078188	8.676043	0.070877	-0.947031	0.067705	-12.111394	0.068814	19.3934	0.2336	190.90267103413473	2.064326350827332	35.62317401996049	0.3628469721677737	166.87632555214637	1.4429471634984758	11.706
18.425557	0.073527	8.672355	0.06884	-0.94703	0.067705	-12.124734	0.071901	19.3934	0.2336	191.02114486483578	1.972717316304196	35.63683555143877	0.3577073437233593	166.67714444723083	1.4726838457130873	11.706
18.435879	0.07724	8.666254	0.070584	-0.960557	0.071099	-12.115433	0.070541	19.3934	0.2336	190.7000322109558	2.0424097021114074	35.60934909002514	0.3705846866355053	167.0182364913405	1.4995925024050714	11.706
18.404117	0.072275	8.645974	0.068457	-0.956693	0.072648	-12.131794	0.067081	19.3934	0.2336	190.92440652235425	1.9477540310776111	35.69888398656555	0.37109265438264766	166.71596660359333	1.4751639229860618	11.706
18.429599	0.074133	8.686369	0.07052	-0.931571	0.069718	-12.108063	0.063931	19.3988	0.2342	191.21665611406715	2.00803592733641	35.64219143801224	0.36748562392910583	166.6952214936961	1.410831568498745	11.706
18.433931	0.079288	8.660287	0.075474	-0.95476	0.071541	-12.102623	0.069177	19.3988	0.2342	190.62161210446524	2.1349844840513525	35.652918377463266	0.3856077729193657	167.12330024181225	1.4919142787545352	11.706
18.408666	0.077747	8.662231	0.073231	-0.952828	0.075018	-12.122803	0.06836	19.3988	0.2342	191.15377215722398	2.094745013898486	35.652872620725475	0.3887329994502003	166.79246655130916	1.5155184774943835	11.706
18.406573	0.069334	8.666254	0.070584	-0.958625	0.069716	-12.111748	0.068814	19.3988	0.2342	191.27379871977286	1.9429309151956276	35.616497951245535	0.36711862019633096	167.04448523881615	1.4671458799569925	11.706
18.427142	0.077745	8.672121	0.075275	-0.947031	0.068536	-12.098628	0.066584	19.3988	0.2342	190.98551158703143	2.1186603754601747	35.63770127576683	0.3771598553532641	167.06734475152984	1.4315385372301077	11.706
18.406428	0.070159	8.658142	0.068484	-0.958625	0.071188	-12.128242	0.066644	19.3934	0.2336	191.1174669110612	1.922144894936129	35.64654264422569	0.3661551960144508	166.797817418385	1.4562130064889964	11.706
18.431837	0.071483	8.682413	0.07486	-0.941233	0.069622	-12.121049	0.072514	19.4042	0.2346	191.09515925402002	2.0288200371712333	35.621058879759175	0.3783991006194508	166.64565344614272	1.4984338576859049	11.706
18.397476	0.071742	8.617652	0.067069	-0.97215	0.065792	-12.144468	0.069946	19.3988	0.2342	190.5011569703097	1.9130313882432635	35.74677228286114	0.35021178805701686	166.75750014367063	1.4332774987993333	11.706
18.393724	0.068201	8.654052	0.066576	-0.952828	0.069233	-12.118941	0.068553	19.3988	0.2342	191.28649512771352	1.8718562889274655	35.68322558080875	0.35676048566392293	166.85016280012002	1.4558589977644267	11.706
18.384846	0.080408	8.645773	0.070571	-0.966354	0.074483	-12.144423	0.069003	19.4042	0.2346	191.29828082166077	2.1014395983214142	35.66374643221634	0.38069919129456864	166.67169126438588	1.5139316739196629	11.706
18.408086	0.077968	8.645874	0.075017	-0.970218	0.07793	-12.127976	0.074888	19.3988	0.2342	190.84482902855441	2.115186989476704	35.64904367181229	0.4010101114480686	166.97510454186238	1.6174155704116162	11.706
18.46961	0.073534	8.703538	0.069374	-0.923835	0.07684	-12.115008	0.070293	19.3988	0.2342	190.7694054448931	1.9747702462699805	35.60727049532508	0.382886884362774	166.47653946705793	1.549181004542991	11.706
18.436823	0.084471	8.652609	0.070276	-0.960556	0.068228	-12.134435	0.067124	19.3934	0.2336	190.41567830664775	2.1384701663529744	35.65989684365283	0.3633377400680833	166.73420906132978	1.4281875433432454	11.706
18.388532	0.069294	8.644496	0.073203	-0.98954	0.070092	-12.15277	0.064636	19.3934	0.2336	191.2008463462149	1.9779100092311435	35.58264314278071	0.37432434197000236	166.89325223745436	1.425432872197125	11.706
18.378139	0.077572	8.622406	0.075016	-0.98954	0.076547	-12.13439	0.071283	19.4042	0.2346	190.97158988972282	2.1123870346728273	35.6644196691222	0.3976720432845947	167.16848551918608	1.5689291247741468	11.706
18.393297	0.071561	8.642752	0.069771	-0.964421	0.073625	-12.132858	0.071913	19.3988	0.2342	191.0731877685057	1.9585290067426107	35.68213861073659	0.3767333138942753	166.81543496534377	1.5372162929940374	11.706
18.39936	0.080092	8.648686	0.078322	-0.974082	0.07655	-12.147465	0.074836	19.415	0.2352	191.0706743708832	2.195150930222159	35.624308319389684	0.40544502597444965	166.7416090414842	1.597558564987804	11.706
18.388604	0.072379	8.634473	0.068944	-0.98954	0.070092	-12.13439	0.068075	19.3934	0.2336	191.00295314719045	1.957387102196025	35.61970117883384	0.3638818619807878	167.16848551918608	1.4656035359071395	11.706
18.402395	0.070734	8.661189	0.071061	-0.947028	0.071192	-12.09829	0.07039	19.3988	0.2342	191.25638697127798	1.9685680927076394	35.67825950821317	0.37351416349839134	167.07236755941352	1.4999604346136282	11.706
18.416179	0.072121	8.646708	0.071371	-0.962488	0.070466	-12.125399	0.070271	19.4042	0.2346	190.70304436976394	1.9806379157237144	35.67462383791545	0.372353075262855	166.89802332659787	1.4878822822309863	11.706
18.418997	0.073692	8.647042	0.076499	-0.958623	0.073865	-12.120315	0.070936	19.3988	0.2342	190.65454912608433	2.072388945981498	35.687739446891094	0.39508107289627126	166.91625502125282	1.5314885040825086	11.706
18.412499	0.074374	8.654988	0.071831	-0.945096	0.072817	-12.114654	0.07471	19.3988	0.2342	190.93676884827408	2.0233234795886688	35.708488778739884	0.38045753337255994	166.79870107215805	1.5579372739209867	11.706
18.388532	0.076999	8.624384	0.069473	-0.970218	0.068124	-12.123291	0.072586	19.3988	0.2342	190.8070048132546	2.0266132968421644	35.7288898463654	0.3623316099171808	167.04524206471962	1.490962103553215	11.706
18.38189	0.072778	8.646341	0.072148	-0.962489	0.069716	-12.113856	0.070561	19.3934	0.2336	191.36749909141375	2.0143823427469525	35.67598550179967	0.3724993729462465	167.0707891618175	1.486114154615002	11.706
18.379725	0.079985	8.640274	0.073214	-0.976014	0.066942	-12.123025	0.065518	19.3934	0.2336	191.29083308742582	2.129734595321515	35.64831506871075	0.3677581858113443	167.13609445346376	1.404452652634738	11.706
18.380087	0.073392	8.636418	0.067882	-0.976015	0.068019	-12.123246	0.061818	19.4096	0.2349	191.20803040782286	1.9618218876984284	35.6626142115619	0.3565231657291097	167.1327721612276	1.3780749148730986	11.706
18.405204	0.070328	8.658543	0.079337	-0.950894	0.071542	-12.099292	0.070293	19.3934	0.2336	191.1493206624703	2.079257561397752	35.67373006527631	0.3965915563271597	167.11529601375773	1.5034573255670605	11.706
18.396397	0.069223	8.64024	0.06542	-0.970218	0.064422	-12.134035	0.072837	19.4042	0.2346	190.96328895993145	1.8642856878636103	35.66994020604936	0.3407789798847328	166.88447247840838	1.4535988787303007	11.706
18.360311	0.070892	8.611852	0.073613	-0.989539	0.070091	-12.148463	0.069672	19.3988	0.2342	191.11408452286327	2.0035585754237566	35.703627025505455	0.37797469800177064	166.9576478801285	1.4786410297838743	11.706
18.37756	0.074368	8.638229	0.077117	-0.970218	0.074175	-12.141405	0.071387	19.4042	0.2346	191.29320470870243	2.1042544510289587	35.67740662403291	0.39730401939114296	166.77437988883406	1.5368912574309006	11.706
18.371787	0.076554	8.640474	0.069405	-0.981811	0.067702	-12.132503	0.0671	19.4042	0.2346	191.45080046481434	2.0329316879387913	35.62609835189673	0.35897912330514276	167.08090699864144	1.4282777203027857	11.706
18.382904	0.071068	8.626695	0.072461	-0.97215	0.07	-12.132903	0.068903	19.4042	0.2346	190.9622636102416	1.9865995366063174	35.71309601683076	0.3748471539061559	166.93029952741014	1.4691053839015868	11.706
18.389038	0.070843	8.632662	0.074806	-0.968285	0.072482	-12.140184	0.067736	19.4042	0.2346	190.95898651188494	2.016534759052039	35.70527504431893	0.3873690264813717	166.7637579128264	1.4808536844524753	11.706
18.385214	0.075422	8.61875	0.072511	-0.974082	0.072565	-12.131193	0.068188	19.4096	0.2349	190.76174097998214	2.0435639450096073	35.735480820213105	0.3821500180611482	166.98478720743393	1.4903136722594355	11.706
18.376046	0.075317	8.620395	0.070083	-0.977947	0.070464	-12.130705	0.07054	19.4042	0.2346	190.97319239132338	2.0139311021166257	35.714968311127095	0.3697957597921396	167.0499526548639	1.4934172282944393	11.706
18.39337	0.069287	8.636751	0.070017	-0.962488	0.07223	-12.132903	0.064987	19.4042	0.2346	190.95425127440447	1.9279107213942883	35.711627548541344	0.3742432587809784	166.78591430213854	1.4507334129072218	11.706
18.393152	0.070366	8.642685	0.069385	-0.970218	0.068124	-12.134612	0.070685	19.4042	0.2346	191.07471905626565	1.9365421567350598	35.66086820235409	0.3607210629388755	166.87584858601187	1.4673561472690426	11.706
18.371787	0.071177	8.636451	0.070683	-0.966353	0.072896	-12.132503	0.068898	19.4042	0.2346	191.3716944533718	1.9718514228684276	35.69837014830395	0.37746621031453026	166.84960840239032	1.4987836548758962	11.706
18.380304	0.071559	8.620428	0.068169	-0.985676	0.071539	-12.139962	0.065781	19.4096	0.2349	190.89051821745585	1.9330210225769855	35.68610947421589	0.3670993254661265	167.02706957761004	1.4552714376257267	11.706
18.382108	0.072339	8.626328	0.072571	-0.974082	0.073222	-12.12136	0.072683	19.4042	0.2346	190.97068039247318	2.005803819077928	35.707270844296225	0.3834348417937762	167.13209226979941	1.5468467426990737	11.706
18.365942	0.074143	8.610506	0.072534	-0.985676	0.069714	-12.143824	0.068429	19.3934	0.2336	190.97737918172487	2.030521353189559	35.72300865235018	0.3745119834732013	166.96925513666673	1.4617695059099884	11.706
18.364066	0.074382	8.630717	0.071035	-0.974082	0.075092	-12.140273	0.069175	19.3988	0.2342	191.4107615368983	2.02264888651033	35.69095436766649	0.38410951274808064	166.8490074692875	1.5255819580913141	11.706
18.346384	0.072545	8.602129	0.073239	-0.9992	0.072309	-12.134168	0.070606	19.4042	0.2346	191.19653548670797	2.0226976342603713	35.70385644137679	0.3827225867718452	167.31683911346832	1.51860787639186	11.706
18.37294	0.075199	8.619929	0.073232	-0.987607	0.072478	-12.148508	0.073725	19.4042	0.2346	191.0248874321676	2.0558757169251405	35.68078989464465	0.382649446972504	166.92808297929213	1.5462699824212391	11.706
18.391639	0.074274	8.65301	0.083612	-0.94123	0.073629	-12.098113	0.07555	19.4042	0.2346	191.30698441344674	2.196956271180916	35.73023708375539	0.4149066986818542	166.98820331791535	1.5789574247164482	11.706
18.365581	0.071065	8.624417	0.07237	-0.991472	0.069998	-12.139918	0.069258	19.3988	0.2342	191.25720870510517	1.991433516002087	35.64979444381959	0.37327047733860674	167.11457564315222	1.4760629066850834	11.706
18.382469	0.070861	8.642585	0.067509	-0.970218	0.07083	-12.127109	0.063976	19.4042	0.2346	191.28232986811597	1.9221072509193322	35.661239430300036	0.3629953202609649	166.9880754562537	1.4285540389663092	11.706
18.382831	0.069823	8.632695	0.068096	-0.976015	0.065553	-12.121803	0.065885	19.4042	0.2346	191.08120511380156	1.9113899296400592	35.67642999538116	0.35094879166610243	167.15442133851838	1.3938369566935496	11.706
18.384925	0.072995	8.616605	0.070992	-0.979879	0.067381	-12.140228	0.071358	19.4204	0.2352	190.72552239874753	1.9881043857708338	35.72187951380727	0.36433978551380686	166.93633424542907	1.4680348276612085	11.706
18.355116	0.075556	8.604306	0.074219	-0.987608	0.075015	-12.147287	0.073551	19.3934	0.2336	191.06799635562228	2.075345829437283	35.73890165788305	0.39318392705512717	166.94635074870735	1.571633131107015	11.706
18.348694	0.076695	8.608262	0.074497	-0.991472	0.073462	-12.136144	0.07021	19.4042	0.2346	191.27158052055813	2.099566496935684	35.70978974593591	0.38919055310397516	167.1711592917485	1.524264024284044	11.706
18.363633	0.068759	8.620461	0.067851	-0.970218	0.068936	-12.128951	0.069724	19.4042	0.2346	191.21780207554798	1.8958517913242308	35.74350261148497	0.36048868478553947	166.96050228931864	1.467047839897086	11.706
18.367529	0.074382	8.610273	0.071032	-0.985675	0.075388	-12.141671	0.070125	19.4042	0.2346	190.9417700245143	2.012704413820979	35.72387610346563	0.3856121555118802	167.00147674050865	1.541287327938594	11.706
18.340612	0.073129	8.594318	0.071762	-1.004996	0.071184	-12.151061	0.068486	19.4096	0.2349	191.1565371591993	2.0095256114288564	35.71134981126539	0.37603390888838367	167.1502801434848	1.4813388894573802	11.706
18.381245	0.073868	8.626895	0.070171	-0.991473	0.067162	-12.160806	0.07022	19.4042	0.2346	190.99864987391618	1.9949919317840925	35.64060833363983	0.35992347994319673	166.8020610717449	1.4511046447499032	11.706
18.343427	0.071255	8.600683	0.07204	-0.989541	0.068935	-12.138608	0.067251	19.4042	0.2346	191.2261865851055	1.9887871624229896	35.74520216929885	0.37163987332838666	167.10525944153386	1.4434543391034163	11.706
18.366159	0.081902	8.610605	0.081928	-0.995337	0.077861	-12.13106	0.074691	19.4042	0.2346	190.97508369164663	2.267803918814184	35.68671013731365	0.41989553831728077	167.3055002411599	1.6210284785769185	11.706
18.377421	0.082156	8.637118	0.07761	-0.970218	0.076552	-12.116807	0.074619	19.4096	0.2349	191.27411570596433	2.2193708141293054	35.681533229008686	0.40486802056994	167.14241278593866	1.6029963674025116	11.706
18.332457	0.072112	8.594417	0.070983	-1.001133	0.072225	-12.149352	0.069673	19.4042	0.2346	191.31855622481677	1.9879704439216193	35.72535882624389	0.3770308944698263	167.1179748343843	1.5043576879478564	11.706
18.349633	0.077487	8.592605	0.072237	-0.985676	0.071539	-12.134878	0.06892	19.4204	0.2352	190.9462450237925	2.0731848985134738	35.7897677807697	0.37988255050829617	167.10323547163776	1.488858860188989	11.706
18.369337	0.072275	8.607081	0.068456	-0.974083	0.070095	-12.12804	0.067182	19.4096	0.2349	190.84397710375347	1.9460873785734576	35.77900037847299	0.3658763555617255	167.03199119109723	1.4539546181290808	11.706
18.366376	0.073354	8.624783	0.074656	-0.977947	0.071188	-12.131193	0.069969	19.4096	0.2349	191.24877950805234	2.054757871617554	35.698645335697016	0.3834888329477714	167.04264761389595	1.4949638367020923	11.706
18.353168	0.072883	8.600351	0.0721	-0.993404	0.074788	-12.154745	0.07178	19.415	0.2352	191.0286710356768	2.008066964437442	35.73204390719107	0.3869130572206066	166.92149474115564	1.5502821513872995	11.706
18.349561	0.075228	8.60665	0.071351	-0.993405	0.071539	-12.140361	0.069259	19.4096	0.2349	191.2229050354587	2.0349732377020486	35.70859687800696	0.37582447671623576	167.13689802693122	1.4929754400375121	11.706
18.352446	0.083897	8.616107	0.079972	-1.003063	0.075899	-12.157985	0.079127	19.4042	0.2346	191.3519827651044	2.277950424947715	35.63763563230747	0.4084780579678171	167.01754939070588	1.6416397430637097	11.706
18.366015	0.074241	8.622606	0.071765	-0.977947	0.072895	-12.125444	0.068488	19.4096	0.2349	191.21313301216944	2.0264065680798664	35.70674322642988	0.3804542173612812	167.12880086427455	1.4995789060805622	11.706
18.335199	0.070889	8.593754	0.068957	-1.006926	0.070915	-12.146621	0.068879	19.4366	0.2348	191.25168601422644	1.9415971681304398	35.70626933679783	0.36787513586852183	167.24585511290735	1.484231399347016	11.706
18.348332	0.076127	8.600052	0.076668	-1.008859	0.077655	-12.163557	0.073535	19.4042	0.2346	191.11758079533914	2.118220553387516	35.67568327965753	0.40515717520697947	167.02091544624008	1.601331721859395	11.706
18.340323	0.081524	8.602229	0.078109	-1.003064	0.076188	-12.143514	0.076414	19.4042	0.2346	191.3175001862658	2.218129600542035	35.68912210583302	0.40541672990578675	167.23452217687594	1.6198353477024088	11.706
18.340034	0.080828	8.608129	0.069661	-0.983743	0.071451	-12.145178	0.069537	19.415	0.2352	191.43916752369427	2.0990109796187846	35.73905767989858	0.3718108877198723	166.920089800775	1.4910600220219932	11.706
18.331663	0.068197	8.594052	0.066572	-1.003063	0.069616	-12.145178	0.06578	19.4042	0.2346	191.32698722630272	1.8725269778345643	35.7195299056198	0.3585065710477939	167.20952875792835	1.4373413867777542	11.706
18.356703	0.072893	8.606085	0.068527	-0.995335	0.07425	-12.15803	0.067379	19.4096	0.2349	191.07175152083684	1.9604965194524042	35.70351696586156	0.3757218041580727	166.90125964229625	1.499123354684865	11.706
18.344147	0.072368	8.598041	0.06931	-1.004995	0.068531	-12.167241	0.067951	19.4204	0.2352	191.1602215457743	1.9654246579696655	35.69750823765368	0.36232659329739814	166.90797161245936	1.4430761718586842	11.706
18.346312	0.07541	8.592042	0.070133	-1.008859	0.070089	-12.156232	0.078518	19.4096	0.2349	191.0002190980153	2.016506243242864	35.70544826883156	0.3687435553222214	167.13065939219229	1.5779991115522236	11.706
18.334045	0.077309	8.594185	0.070577	-1.006928	0.069228	-12.149041	0.070538	19.4042	0.2346	191.28281519831748	2.0558196651505205	35.704659261865984	0.3676492012622416	167.2095596968361	1.4832031555523826	11.706
18.339817	0.075621	8.595964	0.077494	-1.018518	0.073617	-12.170836	0.07363	19.4042	0.2346	191.2044122040131	2.1247227235992323	35.655012083340466	0.39638734456292557	167.05654923786474	1.5596625154623567	11.706
18.36356	0.0717	8.596296	0.072598	-1.003064	0.074558	-12.141804	0.068186	19.415	0.2352	190.7461127047104	1.9926670654949197	35.711180030178205	0.3871338068108144	167.26018894832453	1.5171608967806707	11.706
18.348332	0.074012	8.604074	0.07108	-1.016587	0.071535	-12.148819	0.067862	19.415	0.2352	191.19646316048485	2.0134788149417098	35.63211384117163	0.3734971314506527	167.35797346223427	1.4823585127162713	11.706
18.343786	0.071617	8.589832	0.076169	-1.004995	0.072224	-12.154123	0.070207	19.4096	0.2349	191.0064126905108	2.0473528399648715	35.728053023561074	0.3908625910035824	167.10434081039284	1.5096593063712411	11.706
18.329138	0.073647	8.591843	0.070933	-1.018518	0.071093	-12.161492	0.072437	19.4042	0.2346	191.33319127815184	2.009196653666693	35.670303911639266	0.37275270605292204	167.19663026604618	1.522903598144451	11.706
18.340106	0.079982	8.596096	0.079863	-0.9992	0.086409	-12.161803	0.075876	19.415	0.2352	191.2013483228168	2.217879154956324	35.726304257056334	0.43809658044569844	166.9026176501556	1.7193874298085496	11.706
18.331519	0.074595	8.5779	0.075522	-1.006927	0.072809	-12.157985	0.067734	19.4096	0.2349	191.01296778224392	2.0788315594500077	35.76532725509345	0.39144052886984426	167.07542125619605	1.489951455324669	11.706
18.363416	0.075096	8.608295	0.070745	-0.98954	0.071885	-12.134346	0.073401	19.4042	0.2346	190.98357270345804	2.019857207265094	35.71685443265752	0.3753267545837265	167.169150098548	1.5410474147087696	11.706
18.366087	0.07206	8.616605	0.071056	-0.991472	0.06738	-12.145756	0.072296	19.4042	0.2346	191.0940332105676	1.983584882371342	35.67877719743227	0.3636310795352108	167.02711616487682	1.4798564593854269	11.706
18.340756	0.08355	8.596395	0.073415	-1.016589	0.069326	-12.154834	0.071601	19.4042	0.2346	191.1944545903622	2.182304824174049	35.66056929861375	0.3745773917837459	167.26761147951578	1.4966863987162362	11.706
18.330726	0.07251	8.586539	0.071412	-1.024317	0.071535	-12.158786	0.072439	19.4204	0.2352	191.1978802822104	1.996927201943269	35.668461553091085	0.3751298791339027	167.32435666108762	1.5299142572191007	11.706
18.332313	0.078049	8.580275	0.069483	-1.032043	0.070088	-12.167686	0.072866	19.4096	0.2349	191.04393515115785	2.0470960664640696	35.663038973696985	0.36616091122036276	167.30671316262408	1.5190084140835285	11.706
18.357209	0.069778	8.598273	0.070578	-0.997268	0.076829	-12.149129	0.068811	19.415	0.2352	190.90890352842564	1.9415352972343094	35.72539088028442	0.38841820251179704	167.0633897165971	1.5450986127703106	11.706
18.332024	0.073747	8.566067	0.070247	-1.022383	0.072307	-12.163823	0.073398	19.4258	0.2352	190.77165002341528	1.9895612509202827	35.75181139336487	0.37588915344183915	167.21965419571404	1.5463791413316559	11.706
18.336426	0.077838	8.578231	0.07861	-1.022384	0.072807	-12.169483	0.073216	19.4258	0.2352	190.9233931436492	2.1644506027355357	35.70651267422177	0.3984974568198398	167.1347542399406	1.5481539734637253	11.706
18.315933	0.073794	8.58044	0.070478	-1.016589	0.071536	-12.182646	0.069862	19.4096	0.2349	191.36861854851767	2.0058366138014536	35.719851387405356	0.3737671832922364	166.85100357427922	1.4941322334104485	11.706
18.317088	0.074045	8.571967	0.071891	-1.014655	0.073618	-12.165488	0.07052	19.4258	0.2352	191.17954172108105	2.0246566924796836	35.75862994111464	0.3838158881409977	167.07880401400527	1.5274928504208687	11.706
18.301937	0.071327	8.569725	0.074464	-1.014654	0.065789	-12.172545	0.066699	19.4096	0.2349	191.433126102587	2.028246244985772	35.766999729914716	0.3708044419963682	166.97311404759256	1.401961976423374	11.706
18.360531	0.081501	8.624983	0.078841	-0.985676	0.08001	-12.144357	0.076814	19.4258	0.2352	191.36752779229462	2.228954303007779	35.669192768852675	0.4168956363400918	166.96129033086052	1.6595555341931958	11.706
18.33823	0.073649	8.576088	0.073823	-1.012724	0.073539	-12.163779	0.071431	19.415	0.2352	190.84619840136213	2.038603773413594	35.75046552961228	0.3884980774020802	167.07546792855888	1.5360486003860268	11.706
18.34256	0.077101	8.608328	0.073827	-1.014656	0.069228	-12.149129	0.070459	19.4096	0.2349	191.3934104004503	2.09885820622718	35.623509219570316	0.37466092260036044	167.32427944265106	1.4843833879933717	11.706
18.311099	0.069558	8.578131	0.070182	-1.032042	0.07188	-12.176719	0.068531	19.415	0.2352	191.41826725184754	1.943344262745274	35.67099592138243	0.3728891296859312	167.17109597018361	1.4897199328587998	11.706
18.349922	0.079484	8.602793	0.073298	-1.003066	0.075164	-12.153481	0.070527	19.415	0.2352	191.14016588986863	2.1202623076053264	35.687017359836254	0.39004069519504064	167.08506288657614	1.5444843084491118	11.706
18.322427	0.06683	8.590594	0.071654	-1.012726	0.066829	-12.162515	0.064541	19.415	0.2352	191.44058649611773	1.927469357836563	35.69645344441504	0.3642050491635686	167.09443964826193	1.3923302262046653	11.706
18.318025	0.075432	8.60055	0.074164	-1.012725	0.07009	-12.166066	0.070207	19.4204	0.2352	191.72343112406105	2.0870879582470145	35.65948794944745	0.3785197064822064	167.0412308679609	1.4857698793944971	11.706
18.341045	0.074877	8.598539	0.07135	-1.024317	0.07046	-12.166066	0.066603	19.4042	0.2346	191.23085572770054	2.030138687043844	35.62398506758166	0.3712263665070958	167.21501678445716	1.4551222420027452	11.706
18.311387	0.072888	8.582286	0.069379	-1.012724	0.06812	-12.151105	0.06888	19.4204	0.2352	191.49432430020494	1.980636793027874	35.72736935171618	0.36204043071656794	167.26558572429371	1.4547730407685617	11.706
18.317665	0.073418	8.570221	0.066606	-1.022384	0.066488	-12.025791	0.073465	19.4366	0.2348	0.0	0.0	0.0	0.0	0.0	0.0	0.0
18.099852	0.06881	8.566067	0.070114	-1.020451	0.069711	-10.555523	0.094823	19.4258	0.2352	0.0	0.0	0.0	0.0	0.0	0.0	0.0
17.774625	0.078699	8.568409	0.068547	-0.790442	0.068652	-8.642886	0.082758	19.442	0.2343	0.0	0.0	0.0	0.0	0.0	0.0	0.0
17.369206	0.068747	8.616339	0.06855	-0.304585	0.069777	-6.76473	0.083031	19.4528	0.2344	0.0	0.0	0.0	0.0	0.0	0.0	0.0
