22.58053972018441	0.18911316595000988	11.211888592404954	0.3302505637573799	2.0352223430603082	0.18838669639084618	-10.204534070780817	0.18797755548460165	20.0407	0.2366	186.67435998443622	6.248903730776721	41.72008712491094	1.7285295249807857	173.3887179948021	3.770002911576894	13.3344
22.58053972018441	0.18911316595000988	11.277362240171495	0.3439369994588738	2.0352223430603082	0.18838669639084618	-10.204534070780817	0.18797755548460165	20.0407	0.2366	187.75567108605148	6.519772750618238	41.42453151553744	1.7576731238550727	173.3887179948021	3.770002911576894	13.3344
22.58053972018441	0.18911316595000988	11.211888592404954	0.3302505637573799	2.0352223430603082	0.18838669639084618	-10.204534070780817	0.18797755548460165	20.0407	0.2366	186.67435998443622	6.248903730776721	41.72008712491094	1.7285295249807857	173.3887179948021	3.770002911576894	13.3344
22.58053972018441	0.18911316595000988	11.34285351465486	0.33033146962486415	2.0352223430603082	0.18838669639084618	-10.204534070780817	0.18797755548460165	20.0407	0.2366	188.8498783780165	6.396582830229992	41.13305613218658	1.6805390720126565	173.3887179948021	3.770002911576894	13.3344
22.58053972018441	0.18911316595000988	11.310105673626722	0.3406558377902653	2.0352223430603082	0.18838669639084618	-10.204534070780817	0.18797755548460165	20.0407	0.2366	188.3011483317948	6.509727176337754	41.27828909471659	1.732491318309722	173.3887179948021	3.770002911576894	13.3344
22.58053972018441	0.18911316595000988	11.211888592404954	0.3302505637573799	2.0352223430603082	0.18838669639084618	-10.204534070780817	0.18797755548460165	20.0407	0.2366	186.67435998443622	6.248903730776721	41.72008712491094	1.7285295249807857	173.3887179948021	3.770002911576894	13.3344
22.58053972018441	0.18911316595000988	11.211888592404954	0.3302505637573799	2.0352223430603082	0.18838669639084618	-10.204534070780817	0.18797755548460165	20.0407	0.2366	186.67435998443622	6.248903730776721	41.72008712491094	1.7285295249807857	173.3887179948021	3.770002911576894	13.3344
22.58053972018441	0.18911316595000988	11.244623213396196	0.34061260047304237	2.0352223430603082	0.18838669639084618	-10.204534070780817	0.18797755548460165	19.9544	0.3504	187.2134178029385	6.4341125929603615	41.57179395589985	1.7570455016426325	173.3887179948021	3.770002911576894	13.3344
22.58053972018441	0.18911316595000988	11.211888592404954	0.3302505637573799	2.0352223430603082	0.18838669639084618	-10.204534070780817	0.18797755548460165	20.0407	0.2366	186.67435998443622	6.248903730776721	41.72008712491094	1.7285295249807857	173.3887179948021	3.770002911576894	13.3344
22.58053972018441	0.18911316595000988	11.211888592404954	0.3302505637573799	2.0352223430603082	0.18838669639084618	-10.204534070780817	0.18797755548460165	20.0407	0.2366	186.67435998443622	6.248903730776721	41.72008712491094	1.7285295249807857	173.3887179948021	3.770002911576894	13.3344
22.58053972018441	0.18911316595000988	11.211888592404954	0.3302505637573799	2.0352223430603082	0.18838669639084618	-10.204534070780817	0.18797755548460165	20.0407	0.2366	186.67435998443622	6.248903730776721	41.72008712491094	1.7285295249807857	173.3887179948021	3.770002911576894	13.3344
22.58053972018441	0.18911316595000988	11.310105673626722	0.3406558377902653	2.0352223430603082	0.18838669639084618	-10.204534070780817	0.18797755548460165	20.0407	0.2366	188.3011483317948	6.509727176337754	41.27828909471659	1.732491318309722	173.3887179948021	3.770002911576894	13.3344
22.58053972018441	0.18911316595000988	11.34285351465486	0.33033146962486415	2.0352223430603082	0.18838669639084618	-10.204534070780817	0.18797755548460165	20.0407	0.2366	188.8498783780165	6.396582830229992	41.13305613218658	1.6805390720126565	173.3887179948021	3.770002911576894	13.3344
22.58053972018441	0.18911316595000988	11.34285351465486	0.33033146962486415	2.0352223430603082	0.18838669639084618	-10.204534070780817	0.18797755548460165	20.0407	0.2366	188.8498783780165	6.396582830229992	41.13305613218658	1.6805390720126565	173.3887179948021	3.770002911576894	13.3344
22.546258383135868	0.28323981724662173	11.244623213396196	0.34061260047304237	2.0352223430603082	0.18838669639084618	-10.174619564998272	0.27010324258691254	20.0407	0.2366	187.78129370578986	7.360490110569426	41.57179395589985	1.7570455016426325	173.81352593630876	4.6879062095481085	13.3344
22.58053972018441	0.18911316595000988	11.211888592404954	0.3302505637573798	2.0352223430603082	0.18838669639084618	-10.204534070780817	0.18797755548460165	20.0407	0.2366	186.67435998443622	6.248903730776721	41.72008712491094	1.7285295249807855	173.3887179948021	3.770002911576894	13.3344
22.58053972018441	0.18911316595000988	11.310105673626722	0.3406558377902653	2.0352223430603082	0.18838669639084618	-10.204534070780817	0.18797755548460165	20.0407	0.2366	188.3011483317948	6.509727176337754	41.27828909471659	1.732491318309722	173.3887179948021	3.770002911576894	13.3344
22.58053972018441	0.18911316595000988	11.34285351465486	0.33033146962486415	2.0352223430603082	0.18838669639084618	-10.144701206046381	0.29994686640373014	20.0407	0.2366	188.8439768193172	6.396382937016547	41.13177072418245	1.680486555166656	174.2350306833764	5.06686721048393	13.3339833
22.58053972018441	0.18911316595000988	11.277362240171975	0.3439369994588739	2.0352223430603082	0.18838669639084618	-10.204534070780817	0.18797755548460165	20.0407	0.2366	187.75567108605944	6.5197727506187935	41.42453151553529	1.7576731238548906	173.3887179948021	3.770002911576894	13.3344
22.58053972018441	0.18911316595000988	11.244623213396196	0.3406126004730425	2.0352223430603082	0.18838669639084618	-10.174619564998272	0.27010324258691254	20.0407	0.2366	187.21926822224484	6.434313658978892	41.57309307446097	1.7571004093145595	173.81895760899425	4.688052706617156	13.3348167
22.58053972018441	0.18911316595000988	11.179158376305267	0.3112003919034215	2.0352223430603082	0.18838669639084618	-10.204534070780817	0.18797755548460165	20.0407	0.2366	186.13846946746466	5.9451927850060144	41.869421882102095	1.6657181789239675	173.3887179948021	3.770002911576894	13.3344
22.58053972018441	0.18911316595000988	11.179158376305267	0.31120039190342164	2.0352223430603082	0.18838669639084618	-10.174619564998272	0.27010324258691254	20.0407	0.2366	186.13846946746466	5.945192785006016	41.869421882102095	1.6657181789239681	173.81352593630876	4.6879062095481085	13.3344
22.58053972018441	0.18911316595000988	11.34285351465486	0.33033146962486415	2.0352223430603082	0.18838669639084618	-10.174619564998272	0.27010324258691254	20.0407	0.2366	188.8498783780165	6.396582830229992	41.13305613218658	1.6805390720126565	173.81352593630876	4.6879062095481085	13.3344
22.58053972018441	0.18911316595000988	11.277362240171975	0.3439369994588739	2.0352223430603082	0.18838669639084618	-10.204534070780817	0.18797755548460165	20.0407	0.2366	187.75567108605944	6.5197727506187935	41.42453151553529	1.7576731238548906	173.3887179948021	3.770002911576894	13.3344
22.58053972018441	0.18911316595000988	11.310105673626722	0.3406558377902653	2.0352223430603082	0.18838669639084618	-10.144701206046381	0.29994686640373014	20.0407	0.2366	188.3011483317948	6.509727176337754	41.27828909471659	1.732491318309722	174.24047569824197	5.067025555032526	13.3344
22.58053972018441	0.18911316595000988	11.310105673626722	0.3406558377902653	2.0352223430603082	0.18838669639084618	-10.204534070780817	0.18797755548460165	20.0407	0.2366	188.3011483317948	6.509727176337754	41.27828909471659	1.732491318309722	173.3887179948021	3.770002911576894	13.3344
22.58053972018441	0.18911316595000988	11.310105673626722	0.3406558377902653	2.0352223430603082	0.18838669639084618	-10.204534070780817	0.18797755548460165	20.0407	0.2366	188.3011483317948	6.509727176337754	41.27828909471659	1.732491318309722	173.3887179948021	3.770002911576894	13.3344
22.58053972018441	0.18911316595000988	11.310105673626722	0.3406558377902653	2.0352223430603082	0.18838669639084618	-10.204534070780817	0.18797755548460165	20.0407	0.2366	188.3011483317948	6.509727176337754	41.27828909471659	1.732491318309722	173.3887179948021	3.770002911576894	13.3344
22.58053972018441	0.18911316595000988	11.34285351465486	0.33033146962486415	2.0352223430603082	0.18838669639084618	-10.204534070780817	0.18797755548460165	20.0407	0.2366	188.8498783780165	6.396582830229992	41.13305613218658	1.6805390720126565	173.3887179948021	3.770002911576894	13.3344
22.58053972018441	0.18911316595000988	11.310105673626722	0.3406558377902653	2.0352223430603082	0.18838669639084618	-10.204534070780817	0.18797755548460165	20.0407	0.2366	188.3011483317948	6.509727176337754	41.27828909471659	1.732491318309722	173.3887179948021	3.770002911576894	13.3344
22.58053972018441	0.18911316595000988	11.375605764151299	0.31130637573163616	2.0352223430603082	0.18838669639084618	-10.204534070780817	0.18797755548460165	20.0407	0.2366	189.4018904075634	6.157016131926762	40.98882221198687	1.5967859662297845	173.3887179948021	3.770002911576894	13.3344
22.58053972018441	0.18911316595000988	11.211888592404954	0.3302505637573799	2.0352223430603082	0.18838669639084618	-10.174619564998272	0.27010324258691254	20.0407	0.2366	186.67435998443622	6.248903730776721	41.72008712491094	1.7285295249807857	173.81352593630876	4.6879062095481085	13.3344
22.58053972018441	0.18911316595000988	11.211888592404954	0.3302505637573799	2.0352223430603082	0.18838669639084618	-10.174619564998272	0.27010324258691254	20.0407	0.2366	186.67435998443622	6.248903730776721	41.72008712491094	1.7285295249807857	173.81352593630876	4.6879062095481085	13.3344
22.58053972018441	0.18911316595000988	11.244623213396196	0.34061260047304237	2.0352223430603082	0.18838669639084618	-10.204534070780817	0.18797755548460165	20.0407	0.2366	187.2134178029385	6.4341125929603615	41.57179395589985	1.7570455016426325	173.3887179948021	3.770002911576894	13.3344
22.58053972018441	0.18911316595000988	11.277362240171495	0.3439369994588738	2.0352223430603082	0.18838669639084618	-10.204534070780817	0.18797755548460165	19.9544	0.3504	187.75567108605148	6.519772750618238	41.42453151553744	1.7576731238550727	173.3887179948021	3.770002911576894	13.3344
22.58053972018441	0.18911316595000988	11.310105673626722	0.3406558377902653	2.0352223430603082	0.18838669639084618	-10.114778993177785	0.3173616713693494	20.0407	0.2366	188.3011483317948	6.509727176337754	41.27828909471659	1.732491318309722	174.6695835197052	5.305694400579556	13.3344
22.58053972018441	0.18911316595000988	11.310105673626722	0.3406558377902653	2.0352223430603082	0.18838669639084618	-10.204534070780817	0.18797755548460165	20.0407	0.2366	188.3011483317948	6.509727176337754	41.27828909471659	1.732491318309722	173.3887179948021	3.770002911576894	13.3344
22.58053972018441	0.18911316595000988	11.310105673626722	0.3406558377902653	2.0352223430603082	0.18838669639084618	-10.204534070780817	0.18797755548460165	20.0407	0.2366	188.3011483317948	6.509727176337754	41.27828909471659	1.732491318309722	173.3887179948021	3.770002911576894	13.3344
22.58053972018441	0.18911316595000988	11.310105673626722	0.3406558377902653	2.0352223430603082	0.18838669639084618	-10.204534070780817	0.18797755548460165	20.0407	0.2366	188.3011483317948	6.509727176337754	41.27828909471659	1.732491318309722	173.3887179948021	3.770002911576894	13.3344
22.58053972018441	0.18911316595000988	11.277362240171975	0.3439369994588739	2.0352223430603082	0.18838669639084618	-10.174619564998272	0.27010324258691254	20.0407	0.2366	187.75567108605944	6.5197727506187935	41.42453151553529	1.7576731238548906	173.81352593630876	4.6879062095481085	13.3344
22.58053972018441	0.18911316595000988	11.34285351465486	0.33033146962486415	2.0352223430603082	0.18838669639084618	-10.204534070780817	0.18797755548460165	20.0407	0.2366	188.8498783780165	6.396582830229992	41.13305613218658	1.6805390720126565	173.3887179948021	3.770002911576894	13.3344
22.58053972018441	0.18911316595000988	11.375605764151299	0.31130637573163616	2.0352223430603082	0.18838669639084618	-10.144701206046381	0.29994686640373014	20.0407	0.2366	189.4018904075634	6.157016131926762	40.98882221198687	1.5967859662297845	174.24047569824197	5.067025555032526	13.3344
22.58053972018441	0.18911316595000988	11.244623213396196	0.34061260047304237	2.0352223430603082	0.18838669639084618	-10.204534070780817	0.18797755548460165	20.0407	0.2366	187.20756738363215	6.433911526941831	41.57049483733873	1.756990593970706	173.38329959736478	3.7698850989859065	13.3339833
22.58053972018441	0.18911316595000988	11.277362240171975	0.3439369994588739	2.0352223430603082	0.18838669639084618	-10.174619564998272	0.27010324258691254	20.0407	0.2366	187.75567108605944	6.5197727506187935	41.42453151553529	1.7576731238548906	173.81352593630876	4.6879062095481085	13.3344
22.58053972018441	0.18911316595000988	11.277362240171975	0.3439369994588739	2.0352223430603082	0.18838669639084618	-10.204534070780817	0.18797755548460165	20.0407	0.2366	187.75567108605944	6.5197727506187935	41.42453151553529	1.7576731238548906	173.3887179948021	3.770002911576894	13.3344
22.58053972018441	0.18911316595000988	11.375605764151299	0.31130637573163616	2.0352223430603082	0.18838669639084618	-10.174619564998272	0.27010324258691254	20.0407	0.2366	189.4018904075634	6.157016131926762	40.98882221198687	1.5967859662297845	173.81352593630876	4.6879062095481085	13.3344
22.58053972018441	0.18911316595000988	11.375605764151299	0.31130637573163616	2.0352223430603082	0.18838669639084618	-10.174619564998272	0.27010324258691254	20.0407	0.2366	189.4018904075634	6.157016131926762	40.98882221198687	1.5967859662297845	173.81352593630876	4.6879062095481085	13.3344
22.58053972018441	0.18911316595000988	11.408362423010464	0.27866105906648786	2.0352223430603082	0.18838669639084618	-10.174619564998272	0.27010324258691254	20.0407	0.2366	189.9572139533982	5.726044321236175	40.84557706097189	1.465787313150276	173.81352593630876	4.6879062095481085	13.3344
22.58053972018441	0.18911316595000988	11.375605764151299	0.31130637573163616	2.0352223430603082	0.18838669639084618	-10.204534070780817	0.18797755548460165	20.0407	0.2366	189.4018904075634	6.157016131926762	40.98882221198687	1.5967859662297845	173.3887179948021	3.770002911576894	13.3344
22.58053972018441	0.18911316595000988	11.375605764151299	0.31130637573163616	2.0352223430603082	0.18838669639084618	-10.174619564998272	0.27010324258691254	20.0407	0.2366	189.4018904075634	6.157016131926762	40.98882221198687	1.5967859662297845	173.81352593630876	4.6879062095481085	13.3344
22.58053972018441	0.18911316595000988	11.441123492128222	0.1887026495315418	2.0352223430603082	0.18838669639084618	-10.174619564998272	0.27010324258691254	20.0407	0.2366	190.51587890390698	4.569136568136299	40.70331054636135	1.1538749363740755	173.81352593630876	4.6879062095481085	13.3344
22.58053972018441	0.18911316595000988	11.375605764151299	0.31130637573163616	2.0352223430603082	0.18838669639084618	-10.204534070780817	0.18797755548460165	20.0407	0.2366	189.4018904075634	6.157016131926762	40.98882221198687	1.5967859662297845	173.3887179948021	3.770002911576894	13.3344
22.58053972018441	0.18911316595000988	11.441123492128222	0.1887026495315418	2.0352223430603082	0.18838669639084618	-10.204534070780817	0.18797755548460165	20.0407	0.2366	190.51587890390698	4.569136568136299	40.70331054636135	1.1538749363740755	173.3887179948021	3.770002911576894	13.3344
22.58053972018441	0.18911316595000988	11.34285351465486	0.33033146962486415	2.0352223430603082	0.18838669639084618	-10.204534070780817	0.18797755548460165	20.0407	0.2366	188.8498783780165	6.396582830229992	41.13305613218658	1.6805390720126565	173.3887179948021	3.770002911576894	13.3344
22.58053972018441	0.18911316595000988	11.277362240171975	0.3439369994588739	2.0352223430603082	0.18838669639084618	-10.204534070780817	0.18797755548460165	20.0407	0.2366	187.75567108605944	6.5197727506187935	41.42453151553529	1.7576731238548906	173.3887179948021	3.770002911576894	13.3344
22.58053972018441	0.18911316595000988	11.34285351465486	0.33033146962486415	2.0352223430603082	0.18838669639084618	-10.204534070780817	0.18797755548460165	20.0407	0.2366	188.8498783780165	6.396582830229992	41.13305613218658	1.6805390720126565	173.3887179948021	3.770002911576894	13.3344
22.58053972018441	0.18911316595000988	11.277362240171495	0.3439369994588738	2.0352223430603082	0.18838669639084618	-10.204534070780817	0.18797755548460165	20.0407	0.2366	187.75567108605148	6.519772750618238	41.42453151553744	1.7576731238550727	173.3887179948021	3.770002911576894	13.3344
22.58053972018441	0.18911316595000988	11.277362240171975	0.3439369994588739	2.0352223430603082	0.18838669639084618	-10.174619564998272	0.27010324258691254	20.0407	0.2366	187.75567108605944	6.5197727506187935	41.42453151553529	1.7576731238548906	173.81352593630876	4.6879062095481085	13.3344
22.58053972018441	0.18911316595000988	11.375605764151299	0.31130637573163616	2.0352223430603082	0.18838669639084618	-10.204534070780817	0.18797755548460165	20.0407	0.2366	189.4018904075634	6.157016131926762	40.98882221198687	1.5967859662297845	173.3887179948021	3.770002911576894	13.3344
22.58053972018441	0.18911316595000988	11.408362423010464	0.27866105906648786	2.0352223430603082	0.18838669639084618	-10.174619564998272	0.27010324258691254	20.0407	0.2366	189.9572139533982	5.726044321236175	40.84557706097189	1.465787313150276	173.81352593630876	4.6879062095481085	13.3344
22.58053972018441	0.18911316595000988	11.34285351465486	0.33033146962486415	2.0352223430603082	0.18838669639084618	-10.204534070780817	0.18797755548460165	20.0407	0.2366	188.8498783780165	6.396582830229992	41.13305613218658	1.6805390720126565	173.3887179948021	3.770002911576894	13.3344
22.58053972018441	0.18911316595000988	11.441123492128222	0.1887026495315418	2.0352223430603082	0.18838669639084618	-10.174619564998272	0.27010324258691254	20.0407	0.2366	190.51587890390698	4.569136568136299	40.70331054636135	1.1538749363740755	173.81352593630876	4.6879062095481085	13.3344
22.58053972018441	0.18911316595000988	11.375605764151299	0.31130637573163616	2.0352223430603082	0.18838669639084618	-10.204534070780817	0.18797755548460165	20.0407	0.2366	189.40780921663864	6.157208538680883	40.990103112681	1.5968358657912294	173.39413639223946	3.7701207241678802	13.3348167
22.58053972018441	0.18911316595000988	11.441123492128222	0.1887026495315418	2.0352223430603082	0.18838669639084618	-10.204534070780817	0.18797755548460165	20.0407	0.2366	190.52183252512273	4.569279353654053	40.70458252481592	1.153910994965837	173.39413639223946	3.7701207241678802	13.3348167
22.58053972018441	0.18911316595000988	11.310105673626722	0.3406558377902653	2.0352223430603082	0.18838669639084618	-10.204534070780817	0.18797755548460165	20.0407	0.2366	188.30703274268012	6.509930605312014	41.2795790412508	1.732545458663419	173.39413639223946	3.7701207241678802	13.3348167
22.58053972018441	0.18911316595000988	11.408362423010464	0.27866105906648786	2.0352223430603082	0.18838669639084618	-10.05492300269576	0.3298720028924509	20.0407	0.2366	189.9572139533982	5.726044321236175	40.84557706097189	1.465787313150276	175.53433912269097	5.515328505197542	13.3344
22.58053972018441	0.18911316595000988	11.375605764151299	0.31130637573163616	2.0352223430603082	0.18838669639084618	-10.204534070780817	0.18797755548460165	20.0407	0.2366	189.4018904075634	6.157016131926762	40.98882221198687	1.5967859662297845	173.3887179948021	3.770002911576894	13.3344
22.58053972018441	0.18911316595000988	11.441123492128222	0.1887026495315418	2.0352223430603082	0.18838669639084618	-10.05492300269576	0.3298720028924509	20.0407	0.2366	190.51587890390698	4.569136568136299	40.70331054636135	1.1538749363740755	175.53433912269097	5.515328505197542	13.3344
22.58053972018441	0.18911316595000988	11.375605764151299	0.31130637573163616	2.0352223430603082	0.18838669639084618	-10.204534070780817	0.18797755548460165	20.0407	0.2366	189.40780921663864	6.157208538680883	40.990103112681	1.5968358657912294	173.39413639223946	3.7701207241678802	13.3348167
22.58053972018441	0.18911316595000988	11.408362423010464	0.27866105906648786	2.0352223430603082	0.18838669639084618	-10.174619564998272	0.27010324258691254	20.0407	0.2366	189.96315011633422	5.7262232601212135	40.84685348525504	1.4658331190038116	173.81895760899425	4.688052706617156	13.3348167
22.58053972018441	0.18911316595000988	11.34285351465486	0.33033146962486415	2.0352223430603082	0.18838669639084618	-10.05492300269576	0.3298720028924509	20.0407	0.2366	188.8498783780165	6.396582830229992	41.13305613218658	1.6805390720126565	175.53433912269097	5.515328505197542	13.3344
22.58053972018441	0.18911316595000988	11.375605764151299	0.31130637573163616	2.0352223430603082	0.18838669639084618	-10.174619564998272	0.27010324258691254	20.0407	0.2366	189.4018904075634	6.157016131926762	40.98882221198687	1.5967859662297845	173.81352593630876	4.6879062095481085	13.3344
22.58053972018441	0.18911316595000988	11.375605764151299	0.31130637573163616	2.0352223430603082	0.18838669639084618	-10.144701206046381	0.29994686640373014	19.9544	0.3504	189.4018904075634	6.157016131926762	40.98882221198687	1.5967859662297845	174.24047569824197	5.067025555032526	13.3344
22.58053972018441	0.18911316595000988	11.375605764151299	0.31130637573163616	2.0352223430603082	0.18838669639084618	-10.144701206046381	0.29994686640373014	20.0407	0.2366	189.4018904075634	6.157016131926762	40.98882221198687	1.5967859662297845	174.24047569824197	5.067025555032526	13.3344
22.58053972018441	0.18911316595000988	11.408362423010464	0.27866105906648786	2.0352223430603082	0.18838669639084618	-10.144701206046381	0.29994686640373014	20.0407	0.2366	189.9572139533982	5.726044321236175	40.84557706097189	1.465787313150276	174.24047569824197	5.067025555032526	13.3344
22.58053972018441	0.18911316595000988	11.375605764151299	0.31130637573163616	2.0352223430603082	0.18838669639084618	-10.144701206046381	0.29994686640373014	20.0407	0.2366	189.40780921663864	6.157208538680883	40.990103112681	1.5968358657912294	174.24592071310755	5.067183899581121	13.3348167
22.58053972018441	0.18911316595000988	11.310105673626722	0.3406558377902653	2.0352223430603082	0.18838669639084618	-10.204534070780817	0.18797755548460165	20.0407	0.2366	188.3011483317948	6.509727176337754	41.27828909471659	1.732491318309722	173.3887179948021	3.770002911576894	13.3344
22.58053972018441	0.18911316595000988	11.408362423010464	0.27866105906648786	2.0352223430603082	0.18838669639084618	-10.204534070780817	0.18797755548460165	20.0407	0.2366	189.9572139533982	5.726044321236175	40.84557706097189	1.465787313150276	173.3887179948021	3.770002911576894	13.3344
22.58053972018441	0.18911316595000988	11.441123492128222	0.1887026495315418	2.0352223430603082	0.18838669639084618	-10.144701206046381	0.29994686640373014	20.0407	0.2366	190.51587890390698	4.569136568136299	40.70331054636135	1.1538749363740755	174.24047569824197	5.067025555032526	13.3344
22.58053972018441	0.18911316595000988	11.310105673626722	0.3406558377902653	2.0352223430603082	0.18838669639084618	-10.174619564998272	0.27010324258691254	20.0407	0.2366	188.29526392090938	6.5095237473634935	41.27699914818238	1.7324371779560248	173.80809426362322	4.6877597124790595	13.3339833
22.58053972018441	0.18911316595000988	11.34285351465486	0.33033146962486415	2.0352223430603082	0.18838669639084618	-10.204534070780817	0.18797755548460165	20.0407	0.2366	188.85577993671578	6.396782723443437	41.13434154019071	1.6805915888586564	173.39413639223946	3.7701207241678802	13.3348167
22.58053972018441	0.18911316595000988	11.244623213396196	0.34061260047304237	2.0352223430603082	0.18838669639084618	-10.204534070780817	0.18797755548460165	20.0407	0.2366	187.2134178029385	6.4341125929603615	41.57179395589985	1.7570455016426325	173.3887179948021	3.770002911576894	13.3344
22.58053972018441	0.18911316595000988	11.441123492128222	0.1887026495315418	2.0352223430603082	0.18838669639084618	-10.174619564998272	0.27010324258691254	20.0407	0.2366	190.52183252512273	4.569279353654053	40.70458252481592	1.153910994965837	173.81895760899425	4.688052706617156	13.3348167
22.58053972018441	0.18911316595000988	11.375605764151299	0.31130637573163616	2.0352223430603082	0.18838669639084618	-10.174619564998272	0.27010324258691254	20.0407	0.2366	189.4018904075634	6.157016131926762	40.98882221198687	1.5967859662297845	173.81352593630876	4.6879062095481085	13.3344
22.58053972018441	0.18911316595000988	11.408362423010464	0.27866105906648786	2.0352223430603082	0.18838669639084618	-10.144701206046381	0.29994686640373014	20.0407	0.2366	189.9572139533982	5.726044321236175	40.84557706097189	1.465787313150276	174.24047569824197	5.067025555032526	13.3344
22.58053972018441	0.18911316595000988	11.408362423010464	0.27866105906648786	2.0352223430603082	0.18838669639084618	-10.204534070780817	0.18797755548460165	20.0407	0.2366	189.9572139533982	5.726044321236175	40.84557706097189	1.465787313150276	173.3887179948021	3.770002911576894	13.3344
22.58053972018441	0.18911316595000988	11.34285351465486	0.33033146962486415	2.0352223430603082	0.18838669639084618	-10.174619564998272	0.27010324258691254	20.0407	0.2366	188.8498783780165	6.396582830229992	41.13305613218658	1.6805390720126565	173.81352593630876	4.6879062095481085	13.3344
22.58053972018441	0.18911316595000988	11.441123492128222	0.1887026495315418	2.0352223430603082	0.18838669639084618	-10.144701206046381	0.29994686640373014	20.0407	0.2366	190.50992528269126	4.568993782618546	40.702038567906776	1.1538388777823136	174.2350306833764	5.06686721048393	13.3339833
22.58053972018441	0.18911316595000988	11.310105673626722	0.3406558377902653	2.0352223430603082	0.18838669639084618	-10.144701206046381	0.29994686640373014	20.0407	0.2366	188.3011483317948	6.509727176337754	41.27828909471659	1.732491318309722	174.24047569824197	5.067025555032526	13.3344
22.58053972018441	0.18911316595000988	11.34285351465486	0.33033146962486415	2.0352223430603082	0.18838669639084618	-10.174619564998272	0.27010324258691254	20.0407	0.2366	188.8498783780165	6.396582830229992	41.13305613218658	1.6805390720126565	173.81352593630876	4.6879062095481085	13.3344
22.58053972018441	0.18911316595000988	11.375605764151299	0.31130637573163616	2.0352223430603082	0.18838669639084618	-10.114778993177785	0.3173616713693494	20.0407	0.2366	189.4018904075634	6.157016131926762	40.98882221198687	1.5967859662297845	174.6695835197052	5.305694400579556	13.3344
22.58053972018441	0.18911316595000988	11.441123492128222	0.1887026495315418	2.0352223430603082	0.18838669639084618	-10.174619564998272	0.27010324258691254	20.0407	0.2366	190.51587890390698	4.569136568136299	40.70331054636135	1.1538749363740755	173.81352593630876	4.6879062095481085	13.3344
22.58053972018441	0.18911316595000988	11.441123492128222	0.1887026495315418	2.0352223430603082	0.18838669639084618	-10.114778993177785	0.31736167136934945	20.0407	0.2366	190.51587890390698	4.569136568136299	40.70331054636135	1.1538749363740755	174.6695835197052	5.305694400579558	13.3344
22.58053972018441	0.18911316595000988	11.441123492128222	0.1887026495315418	2.0352223430603082	0.18838669639084618	-10.144701206046381	0.29994686640373014	20.0407	0.2366	190.52183252512273	4.569279353654053	40.70458252481592	1.153910994965837	174.24592071310755	5.067183899581121	13.3348167
22.546258383135868	0.28323981724662173	11.408362423010464	0.27866105906648786	2.0352223430603082	0.18838669639084618	-10.084852925643686	0.326833734200634	20.0407	0.2366	190.54188338285348	6.797456339287789	40.84557706097189	1.465787313150276	175.10086580440034	5.450049383476066	13.3344
22.58053972018441	0.18911316595000988	11.408362423010464	0.27866105906648786	2.0352223430603082	0.18838669639084618	-10.05492300269576	0.3298720028924509	20.0407	0.2366	189.9572139533982	5.726044321236175	40.84557706097189	1.465787313150276	175.53433912269097	5.515328505197542	13.3344
22.58053972018441	0.18911316595000988	11.375605764151299	0.31130637573163616	2.0352223430603082	0.18838669639084618	-10.144701206046381	0.29994686640373014	20.0407	0.2366	189.4018904075634	6.157016131926762	40.98882221198687	1.5967859662297845	174.24047569824197	5.067025555032526	13.3344
22.58053972018441	0.18911316595000988	11.408362423010464	0.27866105906648786	2.0352223430603082	0.18838669639084618	-10.144701206046381	0.29994686640373014	20.0407	0.2366	189.9572139533982	5.726044321236175	40.84557706097189	1.465787313150276	174.24047569824197	5.067025555032526	13.3344
22.58053972018441	0.18911316595000988	11.408362423010464	0.27866105906648786	2.0352223430603082	0.18838669639084618	-10.174619564998272	0.27010324258691254	20.0407	0.2366	189.9572139533982	5.726044321236175	40.84557706097189	1.465787313150276	173.81352593630876	4.6879062095481085	13.3344
22.58053972018441	0.18911316595000988	11.441123492128222	0.1887026495315418	2.0352223430603082	0.18838669639084618	-10.114778993177785	0.3173616713693494	20.0407	0.2366	190.51587890390698	4.569136568136299	40.70331054636135	1.1538749363740755	174.6695835197052	5.305694400579556	13.3344
