19.889491	0.069222	10.046342	0.069907	-1.529909	0.066781	-12.64957	0.066676	19.1129	0.2333	189.3241019202094	1.892261309695534	29.620325560100312	0.24737327346408344	167.59010380924593	1.4222802975563287	11.709
19.892838	0.07292	10.043891	0.071448	-1.512536	0.070314	-12.647224	0.074154	19.1022	0.2337	189.21264727580137	1.9612717148673111	29.671134103723002	0.2573773904258906	167.36395069878273	1.5360118014470745	11.709
19.858364	0.071153	10.01923	0.078578	-1.560703	0.066779	-12.666981	0.06608	19.0968	0.2338	189.4013606531926	2.0405917282134434	29.610906375903262	0.26368958583086355	167.79205471317496	1.4193309708323383	11.709
19.858756	0.075769	10.03156	0.070334	-1.551077	0.069374	-12.65986	0.06462	19.1075	0.2336	189.63776257203872	1.9949927465323296	29.60497950577634	0.25250694099196774	167.75981687618895	1.431739142987267	11.709390299999999
19.884101	0.078249	10.047782	0.07227	-1.533732	0.071473	-12.658068	0.071406	19.1075	0.2336	189.4555469735912	2.051601740068623	29.60686530987258	0.2598396569459388	167.5196839978054	1.5214048991024447	11.709
19.888469	0.07516	10.057974	0.072306	-1.537592	0.071124	-12.671028	0.073208	19.1075	0.2336	189.5677884940245	2.011164908370935	29.570986913213808	0.2586508730258352	167.38275745198155	1.5345329127192593	11.709
19.914368	0.076969	10.048171	0.07227	-1.518332	0.073155	-12.651178	0.068343	19.1129	0.2333	188.88180291174044	2.021271917489764	29.645289652030893	0.2635642538438423	167.39163685251742	1.5052685249431896	11.709
19.877627	0.077939	10.031522	0.072225	-1.5318	0.071736	-12.670842	0.070066	19.1022	0.2337	189.267243754968	2.0425699737872516	29.653444158389235	0.26104999891109476	167.29851866287956	1.506057277265325	11.709
19.877941	0.071704	10.043814	0.073918	-1.541447	0.07148	-12.672866	0.066577	19.1022	0.2337	189.49777470651534	1.9843989572518748	29.597291083432655	0.2626925684730322	167.413086137232	1.4691076115569348	11.709
19.860704	0.073315	10.011256	0.073412	-1.551073	0.071909	-12.665282	0.070562	19.1022	0.2337	189.2030127028609	1.993010084482303	29.655989958915992	0.2635735976038079	167.6723228693261	1.5198894952927369	11.709
19.892759	0.075045	10.025647	0.073055	-1.539521	0.072245	-12.65453	0.072361	19.1129	0.2333	188.86430528842962	2.004652193673182	29.648709003184134	0.26339825281541224	167.6602513072192	1.5423798193417484	11.709
19.91429	0.075825	10.074431	0.073801	-1.514474	0.072498	-12.640101	0.071703	19.1183	0.2329	189.38740532656047	2.0365449861235585	29.58798038938339	0.2641288349700235	167.50024709180846	1.535144668109318	11.709
19.895258	0.071737	10.048093	0.072883	-1.520256	0.073079	-12.64557	0.070486	19.1075	0.2336	189.24687432180548	1.9653705268678328	29.640559596754297	0.264447428275546	167.50494849020322	1.5286913094199102	11.709
19.886442	0.071929	10.037784	0.075096	-1.526028	0.071476	-12.658207	0.070131	19.1075	0.2336	189.2181872999701	1.9978494717664828	29.65218684769936	0.26584202786902833	167.4016638551173	1.5058039009963744	11.709
19.867335	0.076753	10.035684	0.07485	-1.547227	0.070122	-12.663629	0.071194	19.1022	0.2337	189.5455020007967	2.066876581115071	29.603295670483647	0.26213398361987383	167.6392441764941	1.5069643115093794	11.709
19.852361	0.071577	10.021408	0.066203	-1.560712	0.070408	-12.674519	0.06389	19.1183	0.2329	189.55896009469612	1.879966874414581	29.605315887536822	0.2470344589470119	167.67839212643185	1.4344213331629598	11.709
19.866628	0.071026	10.015108	0.068429	-1.554917	0.066672	-12.672403	0.066677	19.1129	0.2333	189.16320383446543	1.8937651766289474	29.636266329657396	0.24471850374099213	167.6228981740252	1.421679312084167	11.709
19.860704	0.078688	10.019347	0.072842	-1.56071	0.073147	-12.679986	0.071991	19.0914	0.2337	189.35855174842894	2.063178076882924	29.610591760752666	0.26396235625935965	167.59590527046996	1.5469193713972367	11.709
19.895415	0.073254	10.050194	0.070295	-1.529898	0.070773	-12.662207	0.071246	19.1075	0.2336	189.28423453047213	1.9519406215585118	29.61050108452365	0.2550632198731451	167.39970540059412	1.510091948346246	11.709
19.850413	0.071311	10.025531	0.073711	-1.549152	0.074105	-12.665421	0.068433	19.1075	0.2336	189.67610237365622	1.979988984796132	29.624337639249326	0.26751432810651354	167.64125576534	1.521177790525773	11.709
19.872409	0.0728	10.04218	0.079231	-1.539541	0.074648	-12.660461	0.067665	19.1075	0.2336	189.57291314326264	2.0749965581494916	29.60633792148539	0.278270418740361	167.5711264711131	1.5181303619163384	11.709
19.871624	0.076531	10.023586	0.07221	-1.543374	0.074643	-12.67838	0.071069	19.1075	0.2336	189.2300975812077	2.0218000987434643	29.6441173875205	0.266162389134948	167.35916077107356	1.549062325397054	11.709
19.897128	0.079587	10.049999	0.078889	-1.52796	0.079226	-12.663814	0.07284	19.0806	0.2331	189.2538777537924	2.153718869676366	29.616942698253947	0.2860008122344874	167.35199297693782	1.6173548999197542	11.709390299999999
19.866236	0.072395	10.020981	0.07304	-1.564542	0.071119	-12.679523	0.070477	19.1075	0.2336	189.28359755279493	1.9771704694034131	29.59661939219627	0.2604306239497367	167.66067355309738	1.510307035840143	11.709
19.877548	0.069425	10.047665	0.068674	-1.526016	0.067225	-12.645062	0.065054	19.0914	0.2337	0.0	0.0	0.0	0.0	0.0	0.0	0.0
19.63186	0.073131	10.0358	0.068052	-1.529886	0.069661	-12.656415	0.069153	19.0914	0.2337	0.0	0.0	0.0	0.0	0.0	0.0	0.0
19.263633	0.084366	9.972908	0.075387	-1.560714	0.077032	-12.308504	0.078553	19.1022	0.2337	0.0	0.0	0.0	0.0	0.0	0.0	0.0
18.88615	0.081781	9.878034	0.074893	-1.549159	0.073469	-10.708891	0.094649	19.086	0.2335	0.0	0.0	0.0	0.0	0.0	0.0	0.0
18.46244	0.077442	9.756549	0.072742	-1.379473	0.076495	-8.855039	0.09428	19.1183	0.2329	0.0	0.0	0.0	0.0	0.0	0.0	0.0
18.079258	0.08762	9.695756	0.081259	-0.98181	0.080256	-7.110733	0.085706	19.1237	0.2323	0.0	0.0	0.0	0.0	0.0	0.0	0.0
17.698911	0.071988	9.661308	0.0743	-0.42475	0.074852	-5.472903	0.077049	19.1237	0.2323	0.0	0.0	0.0	0.0	0.0	0.0	0.0
17.39904	0.070966	9.724186	0.068058	0.281222	0.074936	-3.936363	0.088448	19.1399	0.2337	0.0	0.0	0.0	0.0	0.0	0.0	0.0
17.041024	0.079081	9.81122	0.075413	1.067251	0.07443	-2.49717	0.08529	19.1669	0.2335	0.0	0.0	0.0	0.0	0.0	0.0	0.0
16.766477	0.074547	9.950741	0.073419	1.851967	0.072539	-1.137947	0.084344	19.1777	0.2326	0.0	0.0	0.0	0.0	0.0	0.0	0.0
16.571886	0.073695	10.147434	0.066735	2.680632	0.070913	0.124287	0.084541	19.1777	0.2326	0.0	0.0	0.0	0.0	0.0	0.0	0.0
16.340536	0.071038	10.314948	0.070299	3.458678	0.08849	1.28592	0.079181	19.1831	0.2332	0.0	0.0	0.0	0.0	0.0	0.0	0.0
16.172783	0.078928	10.531935	0.077145	4.225721	0.07487	2.390585	0.082173	19.2154	0.2341	0.0	0.0	0.0	0.0	0.0	0.0	0.0
16.008092	0.067711	10.75239	0.067853	4.96907	0.073861	3.415522	0.072679	19.2208	0.2338	0.0	0.0	0.0	0.0	0.0	0.0	0.0
15.86706	0.068263	10.955257	0.072424	5.675224	0.07557	4.383704	0.084012	19.2316	0.2328	0.0	0.0	0.0	0.0	0.0	0.0	0.0
15.78891	0.069938	11.195349	0.068097	6.35985	0.072979	5.272711	0.07935	19.2424	0.2339	0.0	0.0	0.0	0.0	0.0	0.0	0.0
15.697558	0.075066	11.435116	0.075791	7.012111	0.073046	6.099083	0.078965	19.264	0.2345	0.0	0.0	0.0	0.0	0.0	0.0	0.0
15.665051	0.066059	11.690004	0.063504	7.664587	0.066923	6.912679	0.071767	19.2855	0.2331	0.0	0.0	0.0	0.0	0.0	0.0	0.0
15.617691	0.079332	11.914319	0.071308	8.248373	0.071034	7.648775	0.075632	19.2909	0.2337	0.0	0.0	0.0	0.0	0.0	0.0	0.0
15.555915	0.067306	12.132774	0.074956	8.819538	0.071423	8.340969	0.074468	19.3233	0.2346	0.0	0.0	0.0	0.0	0.0	0.0	0.0
15.534251	0.067763	12.356551	0.072871	9.320631	0.076657	8.961923	0.074606	19.3395	0.2333	0.0	0.0	0.0	0.0	0.0	0.0	0.0
15.542405	0.071248	12.585279	0.075957	9.831373	0.072611	9.578867	0.07718	19.3395	0.2333	0.0	0.0	0.0	0.0	0.0	0.0	0.0
15.521596	0.073798	12.791714	0.075108	10.310781	0.07501	10.136659	0.077087	19.3611	0.2349	0.0	0.0	0.0	0.0	0.0	0.0	0.0
15.534434	0.068548	13.009014	0.066514	10.779367	0.067865	10.677851	0.072665	19.388	0.2341	0.0	0.0	0.0	0.0	0.0	0.0	0.0
15.53559	0.072555	13.180305	0.070318	11.182793	0.075087	11.129894	0.078088	19.3934	0.2336	0.0	0.0	0.0	0.0	0.0	0.0	0.0
15.564798	0.070323	13.397798	0.06838	11.604061	0.068766	11.632452	0.067782	19.3988	0.2342	0.0	0.0	0.0	0.0	-0.0	0.0	0.0
15.612635	0.068132	13.594966	0.072828	11.99752	0.069284	12.068743	0.072695	19.4312	0.235	0.0	0.0	0.0	0.0	-0.0	0.0	0.0
15.648063	0.071701	13.790245	0.071211	12.365076	0.073789	12.509918	0.07814	19.4366	0.2348	0.0	0.0	0.0	0.0	-0.0	0.0	0.0
15.680629	0.071972	13.956198	0.068897	12.685464	0.066996	12.867327	0.070417	19.4528	0.2344	0.0	0.0	0.0	0.0	-0.0	0.0	0.0
15.730252	0.069636	14.147376	0.073153	13.016927	0.072681	13.22975	0.073339	19.4528	0.2344	0.0	0.0	0.0	0.0	-0.0	0.0	0.0
15.809992	0.070858	14.352064	0.074811	13.360099	0.075407	13.597778	0.067443	19.4689	0.2354	0.0	0.0	0.0	0.0	-0.0	0.0	0.0
15.823561	0.074849	14.476842	0.073271	13.628046	0.074965	13.890658	0.074888	19.5013	0.2341	0.0	0.0	0.0	0.0	-0.0	0.0	0.0
15.887963	0.079887	14.664533	0.072932	13.917857	0.074318	14.188977	0.074239	19.5013	0.2341	0.0	0.0	0.0	0.0	-0.0	0.0	0.0
15.948052	0.073139	14.800627	0.071584	14.170802	0.071227	14.485435	0.070245	19.5175	0.2354	0.0	0.0	0.0	0.0	-0.0	0.0	0.0
15.997854	0.07186	14.938919	0.073983	14.405533	0.081098	14.765811	0.071744	19.5337	0.2357	0.0	0.0	0.0	0.0	-0.0	0.0	0.0
16.074745	0.075828	15.157955	0.070858	14.665353	0.077393	15.096188	0.075304	19.5391	0.2355	0.0	0.0	0.0	0.0	-0.0	0.0	0.0
16.262984	0.073311	15.593705	0.078301	15.075477	0.074726	15.480118	0.088274	19.5444	0.2353	0.0	0.0	0.0	0.0	-0.0	0.0	0.0
16.414498	0.071248	15.771725	0.066654	15.393712	0.068541	15.71602	0.068491	19.5013	0.2341	0.0	0.0	0.0	0.0	-0.0	0.0	0.0
16.505737	0.072422	15.868945	0.076476	15.608727	0.07658	15.958241	0.075932	12.8184	0.3108	0.0	0.0	0.0	0.0	-0.0	0.0	0.0
16.618504	0.073428	16.064315	0.079611	15.791512	0.074971	16.174434	0.071472	1.3187	0.2014	0.0	0.0	0.0	0.0	-0.0	0.0	0.0
16.691636	0.073707	16.243064	0.07366	15.918287	0.069197	16.369877	0.072085	4.0588	0.2089	0.0	0.0	0.0	0.0	-0.0	0.0	0.0
16.751594	0.075346	16.377643	0.076947	16.063059	0.073623	16.546068	0.073844	0.0728	0.1833	0.0	0.0	0.0	0.0	-0.0	0.0	0.0
16.821303	0.074223	16.461803	0.072033	16.219684	0.086549	16.723795	0.079169	0.0836	0.182	0.0	0.0	0.0	0.0	-0.0	0.0	0.0
16.928533	0.068706	16.616678	0.066204	16.393067	0.069655	16.864258	0.0768	0.0836	0.182	0.0	0.0	0.0	0.0	-0.0	0.0	0.0
16.986456	0.07711	16.697395	0.075338	16.51732	0.079046	17.005391	0.076729	0.0836	0.182	0.0	0.0	0.0	0.0	-0.0	0.0	0.0
17.079571	0.077025	16.840284	0.080385	16.737113	0.078453	17.202648	0.080458	0.0836	0.182	0.0	0.0	0.0	0.0	-0.0	0.0	0.0
17.150092	0.070095	16.906579	0.075487	16.861612	0.071928	17.321124	0.073326	0.0836	0.182	0.0	0.0	0.0	0.0	-0.0	0.0	0.0
17.225676	0.075249	17.015379	0.072596	17.022473	0.071223	17.465572	0.072275	0.0836	0.182	0.0	0.0	-0.0	0.0	-0.0	0.0	0.0
17.319703	0.070054	17.111404	0.072092	17.197675	0.073078	17.588903	0.070628	0.0836	0.182	0.0	0.0	-0.0	0.0	-0.0	0.0	0.0
17.349736	0.069787	17.14559	0.07145	17.304725	0.075654	17.694059	0.073737	0.089	0.1827	0.0	0.0	-0.0	0.0	-0.0	0.0	0.0
17.389061	0.070657	17.205713	0.073022	17.425329	0.073261	17.81276	0.073201	0.1051	0.1839	0.0	0.0	-0.0	0.0	-0.0	0.0	0.0
17.473065	0.070799	17.327154	0.077917	17.65543	0.073589	17.938706	0.069452	0.1105	0.184	0.0	0.0	-0.0	0.0	-0.0	0.0	0.0
17.540003	0.064938	17.389881	0.07077	17.881139	0.072627	18.072656	0.069205	0.1051	0.1839	0.0	0.0	-0.0	0.0	-0.0	0.0	0.0
17.588531	0.07092	17.434205	0.067262	18.107437	0.092024	18.192403	0.070461	1.761	0.1851	0.0	0.0	-0.0	0.0	-0.0	0.0	0.0
17.6594	0.077147	17.5238	0.081917	18.214015	0.076465	18.336671	0.078821	3.363	0.3193	0.0	0.0	-0.0	0.0	-0.0	0.0	0.0
17.758403	0.070097	18.057119	0.071079	18.505932	0.075401	18.475766	0.066991	12.4624	0.2223	-0.0	0.0	-0.0	0.0	0.0	0.0	0.0
17.855981	0.075254	18.014752	0.069408	18.409002	0.069548	18.579887	0.070358	15.1269	0.216	-0.0	0.0	-0.0	0.0	-0.0	0.0	0.0
17.952208	0.076178	18.056693	0.076192	18.434277	0.07392	18.668024	0.086146	16.6426	0.2215	-0.0	0.0	-0.0	0.0	-0.0	0.0	0.0
17.993926	0.071137	18.087976	0.069535	18.444669	0.074478	18.724531	0.071738	17.6135	0.2256	-0.0	0.0	-0.0	0.0	-0.0	0.0	0.0
18.069305	0.078723	18.157111	0.074816	18.520208	0.073632	18.806431	0.075613	18.5843	0.2299	-0.0	0.0	-0.0	0.0	-0.0	0.0	0.0
18.152786	0.071009	18.223889	0.071016	18.572418	0.069403	18.871283	0.06705	19.3125	0.2348	-0.0	0.0	-0.0	0.0	-0.0	0.0	0.0
18.180845	0.071642	18.268684	0.075373	18.587864	0.07519	18.909854	0.076484	19.5552	0.2355	-0.0	0.0	-0.0	0.0	-0.0	0.0	0.0
18.275679	0.085571	18.348908	0.080624	18.695498	0.080495	18.979827	0.084467	19.5498	0.2348	-0.0	0.0	-0.0	0.0	-0.0	0.0	0.0
18.293787	0.070682	18.39841	0.068455	18.721967	0.071661	19.010543	0.07355	19.4474	0.2338	-0.0	0.0	-0.0	0.0	-0.0	0.0	0.0
18.342341	0.069167	18.432334	0.07144	18.749682	0.069748	19.048766	0.073472	19.442	0.2343	-0.0	0.0	-0.0	0.0	-0.0	0.0	0.0
18.434717	0.070591	18.507993	0.068934	18.823373	0.070838	19.107834	0.070776	19.442	0.2343	-0.0	0.0	-0.0	0.0	-0.0	0.0	0.0
18.447205	0.075166	18.510014	0.073367	18.846362	0.07427	19.124551	0.073735	19.4474	0.2338	-0.0	0.0	-0.0	0.0	-0.0	0.0	0.0
18.409019	0.069301	18.419484	0.069861	18.780815	0.071698	19.086239	0.069491	19.4474	0.2338	-0.0	0.0	-0.0	0.0	-0.0	0.0	0.0
18.432261	0.077206	18.451101	0.076966	18.770567	0.07715	19.090664	0.075648	19.4474	0.2338	-0.0	0.0	-0.0	0.0	-0.0	0.0	0.0
18.454779	0.073058	18.461059	0.069896	18.784696	0.07253	19.100627	0.069862	19.4474	0.2338	-0.0	0.0	-0.0	0.0	-0.0	0.0	0.0
18.497305	0.073764	18.518244	0.073767	18.808461	0.077381	19.14959	0.075554	19.4474	0.2338	-0.0	0.0	-0.0	0.0	-0.0	0.0	0.0
18.51116	0.076131	18.519535	0.072135	18.845344	0.080006	19.144555	0.080864	19.4474	0.2338	-0.0	0.0	-0.0	0.0	-0.0	0.0	0.0
18.563584	0.074008	18.597095	0.072503	18.893657	0.070051	19.18662	0.073255	19.4474	0.2338	-0.0	0.0	-0.0	0.0	-0.0	0.0	0.0
18.563511	0.075715	18.592832	0.071643	18.906163	0.072693	19.220139	0.075899	19.4528	0.2344	-0.0	0.0	-0.0	0.0	-0.0	0.0	0.0
18.626787	0.073185	18.668687	0.07319	18.980058	0.073347	19.256298	0.07871	19.4474	0.2338	-0.0	0.0	-0.0	0.0	-0.0	0.0	0.0
18.64476	0.07732	18.688757	0.074532	19.014781	0.081994	19.265881	0.076774	19.4528	0.2344	-0.0	0.0	-0.0	0.0	-0.0	0.0	0.0
18.683575	0.073799	18.777884	0.077653	19.099918	0.077438	18.947984	0.085687	19.4474	0.2338	-0.0	0.0	-0.0	0.0	0.0	0.0	0.0
18.755197	0.072887	18.795024	0.074289	19.110811	0.076873	17.009356	0.094609	19.442	0.2343	-0.0	0.0	-0.0	0.0	0.0	0.0	0.0
18.805357	0.077911	18.740377	0.078448	18.898715	0.080783	14.755208	0.104122	19.415	0.2352	28678.743527767307	48796.830922778754	-2165.5788111908932	1540.0977890762888	449.7507542446491	14.304401750606045	11.709
19.100676	0.075413	18.628882	0.077433	18.412118	0.080582	12.635899	0.097099	19.4096	0.2349	3948.9030545899536	904.6933300870428	1581.4654465955957	815.347123947906	322.54103227345666	7.045878689099895	11.706
19.466609	0.076081	18.457599	0.075688	17.716473	0.080352	10.713856	0.097837	19.3826	0.2345	1846.432317632429	196.38477555274864	462.545327820774	68.8931604010719	266.0530744717589	4.810094532215687	11.706
19.831455	0.077722	18.205437	0.077107	16.834011	0.084186	8.926851	0.082834	19.3934	0.2336	1145.785191681503	77.1472791581216	249.96202744223476	20.807540552290074	235.61781616898557	3.519294721450322	11.706
20.192071	0.074598	17.94035	0.075638	15.929195	0.079086	7.309643	0.088652	19.3718	0.235	827.3973540495724	39.03615619345399	170.4515061481083	9.274778802172095	216.1443823447899	2.979067102173506	11.706
20.488597	0.068093	17.657452	0.067973	15.001457	0.075391	5.836512	0.083808	19.3395	0.2333	658.2521702031852	22.369877350176104	129.10556266721198	4.934248762455593	203.34081258712445	2.5010721310230073	11.709390299999999
20.679768	0.076318	17.3084	0.078957	14.071413	0.081209	4.440872	0.07753	19.3341	0.2339	552.7564188018765	18.00425399976578	105.92947688275105	3.7065884525889023	193.50368290102537	2.255928930030416	11.709
20.917118	0.074391	17.017393	0.072723	13.203457	0.082116	3.16963	0.091074	19.3341	0.2339	477.86578575530376	12.747935162170407	89.905113031798	2.585682003790784	185.72625356684867	2.2698321103628367	11.709
21.115614	0.077842	16.715531	0.073895	12.368537	0.079246	2.024249	0.081307	19.3017	0.2345	423.41649989086096	10.328281920898092	78.86012162404839	1.9656649398854353	180.10595669758789	1.9768183494355145	11.706
21.271575	0.07263	16.41379	0.069564	11.542405	0.069221	0.956409	0.071732	19.2855	0.2343	383.62034499479654	7.94198602365651	70.38908825102062	1.4180180731166199	176.03872367171056	1.6577020836518277	11.709
21.372208	0.075399	16.101322	0.072495	10.807319	0.081946	-0.013506	0.080274	19.2855	0.2331	353.55441402184806	7.016000176148969	64.76995620269022	1.3385922225695799	172.21841160609546	1.825707388590984	11.709
21.47645	0.077889	15.807364	0.078088	10.104387	0.073243	-0.909987	0.075948	19.2748	0.234	328.7205796837617	6.395322081078829	60.125144339830925	1.1287313275478181	169.19212208825573	1.6207572143888982	11.709
21.530701	0.07394	15.475604	0.070956	9.402857	0.071903	-1.7626	0.076416	19.237	0.2334	307.7647101172147	5.2087247796331635	56.4641211687535	0.9392713434018357	166.90272532479008	1.5684534819969518	11.709
21.61567	0.07398	15.194604	0.073632	8.786352	0.069058	-2.493214	0.073668	19.2316	0.2328	290.2236856587754	4.7177517036591645	53.50792957872977	0.8429106222923463	165.21425992976418	1.479005167496076	11.709
21.624494	0.076163	14.922293	0.074333	8.185528	0.071896	-3.215873	0.074422	19.2208	0.2338	278.04973733527726	4.4151780056794205	50.89866132328988	0.781328101801461	163.44879930592194	1.4834423560361196	11.709
21.60736	0.077118	14.639625	0.069064	7.636045	0.0746	-3.829391	0.073208	19.21	0.2342	267.4535321520838	3.9736759727433006	48.95957702810174	0.7106770329906892	162.5359241761761	1.4817055033150806	11.709
21.63756	0.072163	14.394799	0.073624	7.14203	0.072455	-4.42811	0.076067	19.1831	0.2332	257.2976478813533	3.6623182680437316	47.27743564881406	0.6733423258085635	161.06505126290415	1.462408707314549	11.709
21.634005	0.070804	14.164718	0.07046	6.673001	0.070982	-4.96649	0.069228	19.1777	0.2326	249.49440737712678	3.336561069979809	45.76952382333006	0.6110285327543179	160.10538759013227	1.3638540171871012	11.709
21.621196	0.071363	13.911741	0.070693	6.206598	0.076777	-5.480746	0.070198	19.1777	0.2326	241.72205776477037	3.1494999624345508	44.501745584956886	0.6027712813249078	159.4498442486863	1.4192889951653047	11.709
21.634776	0.077282	13.702734	0.072991	5.814928	0.071895	-5.914659	0.07128	19.1561	0.234	234.938881847328	3.1485502246704393	43.47119260087809	0.564633790406308	158.87559885617043	1.3712907783883328	11.709
21.572857	0.071334	13.476687	0.074665	5.40762	0.077095	-6.358788	0.07749	19.1453	0.2339	230.17613194576722	2.9358001366059527	42.494671764438	0.5652058024868521	158.37842820839353	1.4713069275966797	11.709
21.493233	0.075096	13.233996	0.073701	5.008736	0.07109	-6.777331	0.068381	19.1345	0.2334	225.6316268517429	2.874457444661991	41.68771823696216	0.5189846772532319	158.11426162569785	1.323282597248058	11.709
21.494255	0.075539	13.066609	0.072277	4.708052	0.076404	-7.122367	0.079273	19.1129	0.2333	221.12285536922525	2.7430892843751353	41.02290692805453	0.5161843552641959	157.52149420791773	1.4659697315494018	11.709
21.445344	0.072744	12.855641	0.072292	4.36593	0.071486	-7.464664	0.067825	19.086	0.2335	216.95107846273012	2.590274946569746	40.38916315718255	0.4836761285732239	157.51915805542123	1.3120408298259678	11.709
21.393137	0.073638	12.678928	0.075491	4.081257	0.072202	-7.779778	0.072637	19.0752	0.2327	213.85132834473913	2.5880000806614403	39.88200074976382	0.4845623865703481	157.1148887474513	1.3566523263850616	11.709
21.347044	0.077844	12.517738	0.073705	3.822985	0.07279	-8.059465	0.071722	19.0698	0.2321	211.06361207698868	2.562637921183359	39.43669260921058	0.46984813295936945	156.8317410953753	1.348735389657819	11.709
21.306889	0.072919	12.344154	0.071989	3.543231	0.069361	-8.336805	0.066017	19.0428	0.2335	207.9215115763176	2.377087011827664	38.96094844496641	0.4425443105010128	156.86360509640377	1.2643638697663977	11.709
21.255647	0.074282	12.213264	0.06938	3.308944	0.070616	-8.574347	0.068135	19.0428	0.2335	206.09003869622097	2.3166093029301047	38.5085383293044	0.42812860941744635	156.8206244754363	1.2949670814023453	11.709
21.202638	0.071706	12.068358	0.06735	3.067097	0.07194	-8.821113	0.073829	19.0212	0.2324	204.01665208679555	2.1972429637520725	38.09381046279986	0.41705450814001765	156.75574769210016	1.3592306242046317	11.709
21.132208	0.071178	11.927338	0.072189	2.864674	0.071324	-9.035681	0.07322	19.0159	0.2318	202.45209907554337	2.229721866789997	37.835708328691226	0.42367401078315203	156.595773303083	1.3450627169121132	11.709
21.092172	0.076012	11.788857	0.070216	2.670405	0.070467	-9.239154	0.068801	19.0105	0.2324	200.30980556355783	2.228040782521663	37.60422538609554	0.4102471950571621	156.47475059178495	1.2939520640276845	11.709
21.035301	0.073871	11.670859	0.075848	2.488065	0.076926	-9.397755	0.070423	18.9889	0.2333	199.00227220043803	2.2499628263005786	37.34074066071029	0.4392927163783538	156.7872669700489	1.3757396176695873	11.709
21.008635	0.074111	11.575621	0.078425	2.335334	0.075448	-9.580712	0.073211	18.9781	0.233	197.55565245434497	2.259804816371522	37.10840820435191	0.43703468924043903	156.38955787457644	1.3797490999116282	11.709
20.951116	0.068058	11.451259	0.064761	2.160973	0.071834	-9.748113	0.069345	18.9619	0.2316	196.16560145807236	1.93993324851985	36.90869526026736	0.3842382866152316	156.48095525615307	1.3119121326932188	11.709
20.89672	0.080382	11.345795	0.076578	1.988838	0.076679	-9.880481	0.07407	18.9619	0.2316	195.11673787946955	2.2680422799059006	36.645707365680934	0.42441929572799647	157.00523432930626	1.4102439647691234	11.709
20.865173	0.073509	11.246252	0.0774	1.850001	0.073136	-10.038626	0.067454	18.9511	0.2326	193.73745450616448	2.1499670807858116	36.492458560982975	0.41356963098190114	156.7502593214277	1.3118047542049789	11.709
20.792813	0.07327	11.140306	0.07622	1.740472	0.07314	-10.140627	0.069696	18.9457	0.2328	193.06333954220491	2.1146594886354877	36.478550323785896	0.40994965364070135	156.84955984967877	1.3337622149537829	11.709
20.72698	0.070814	11.036528	0.073315	1.595862	0.071359	-10.283513	0.069733	18.9242	0.2327	192.30735692358442	2.0228085987855247	36.32077488046974	0.3936113440350976	156.87233931185617	1.317556435974976	11.709
20.694243	0.079882	10.951791	0.074894	1.484686	0.07072	-10.384264	0.067249	18.9188	0.2324	191.2809373684685	2.1498933042878727	36.21934058074263	0.39408478348698234	157.01011624520206	1.2909854079481544	11.709
20.62616	0.074241	10.864245	0.070811	1.369478	0.068861	-10.504662	0.069057	18.908	0.2314	190.89956601333296	2.006323603164951	36.1138218216985	0.3756862288738296	156.9414879063829	1.2889696324608626	11.709
20.597891	0.073395	10.798886	0.068275	1.277702	0.072127	-10.578474	0.067147	18.908	0.2314	190.17698429578905	1.945460352820364	36.013621286699255	0.37566332409270325	157.17927654648454	1.30642203094198	11.709
20.552415	0.091072	10.728379	0.07127	1.164702	0.073459	-10.656825	0.066335	18.9026	0.2319	189.6924302163812	2.232971941619902	35.85360794961878	0.3837043269891401	157.6399759395462	1.3198590061611544	11.709
20.494038	0.068562	10.62019	0.074405	1.047626	0.068309	-10.797021	0.069047	18.9026	0.2319	188.73547371042798	1.9339730303644447	35.82031835870422	0.37796341092575725	157.33227332260518	1.2901342025217408	11.709
20.452231	0.069766	10.563632	0.07038	0.975579	0.068822	-10.847242	0.069469	18.8756	0.2327	188.4539000224669	1.888602716832957	35.7624586394764	0.36716029778201476	157.62272049938093	1.3037146716934178	11.709
20.438348	0.072041	10.531649	0.066741	0.919175	0.074065	-10.903249	0.070063	18.8594	0.2317	188.10960908306728	1.8647353068026142	35.671597494961844	0.3699826450401553	157.62801330812718	1.3593418691677133	11.709
20.398174	0.071899	10.442442	0.074064	0.81013	0.070273	-11.001351	0.069008	18.854	0.2311	187.1831463946156	1.9407466642223108	35.598131697928835	0.37732056289046023	157.77405679279343	1.3156120388354098	11.709
20.337152	0.073861	10.397951	0.071977	0.75175	0.069114	-11.049562	0.069652	18.854	0.2311	187.49448067573348	1.9454959387446211	35.54687577687656	0.3677225307990878	157.91000542956908	1.3129613803508542	11.709
20.258952	0.068158	10.296603	0.068585	0.648612	0.072478	-11.132759	0.065171	18.8433	0.2321	187.05882109409816	1.815558037374922	35.540278988642164	0.36757558451214345	158.1772856644427	1.3086242954007958	11.709
20.257564	0.076484	10.270639	0.075738	0.601982	0.073007	-11.18308	0.070905	18.8433	0.2321	186.59849525752534	2.0111374674412326	35.4643178612701	0.38585590560197763	158.1277416433751	1.3655449753448257	11.709
20.186943	0.076666	10.187124	0.071148	0.518287	0.07339	-11.249134	0.067464	18.8379	0.2324	186.35789121055166	1.9492032451336474	35.46365609324617	0.3749106379495994	158.36480371523092	1.3415771810416364	11.709
20.192117	0.067618	10.171405	0.077159	0.498912	0.067826	-11.279217	0.071442	18.8001	0.2309	185.96934387147178	1.904006384788299	35.4502522906905	0.3765190415377278	158.2208218142446	1.323335197831831	11.709
20.169325	0.074983	10.131126	0.070223	0.442565	0.068551	-11.320102	0.064628	18.8109	0.2319	185.6453677360748	1.8999094366081413	35.391459502889546	0.35848093786323143	158.42880053479928	1.268934382017394	11.709
20.096864	0.071851	10.057896	0.076019	0.380322	0.070883	-11.397326	0.06856	18.8163	0.2323	185.6311594991574	1.9341921706080334	35.43163774293567	0.38054174191903894	158.22729359682953	1.3248507972121568	11.709
20.065175	0.075498	9.991109	0.084044	0.322029	0.075334	-11.421309	0.07314	18.8001	0.2309	184.98442352689142	2.0744982509842913	35.46276489113854	0.41395114134856736	158.68956780532517	1.418855719826435	11.709
20.048001	0.077055	9.974776	0.074148	0.259852	0.07312	-11.469185	0.07199	18.8001	0.2309	184.9998628369615	1.9639506963928122	35.29542091123898	0.3783408923122022	158.88305605369263	1.389982705149627	11.709
20.0125	0.074916	9.942576	0.07048	0.23074	0.073362	-11.495218	0.071674	18.8001	0.2309	185.0605040151678	1.8902856332985838	35.306641675626885	0.36983967261444783	158.92477396871814	1.390061488440757	11.709
19.994093	0.077679	9.912517	0.075128	0.221062	0.07296	-11.501055	0.071828	18.8001	0.2309	184.8466093085147	1.9813863482095841	35.380893675511594	0.3823222906397255	158.97684824087992	1.3885417767392985	11.709
19.939227	0.072541	9.850803	0.069483	0.127752	0.071211	-11.581141	0.075417	18.7893	0.2318	184.72114047711855	1.8392441208274892	35.265917300432655	0.36086509301877084	159.15640321437806	1.4098987121441937	11.709
19.88627	0.074415	9.79811	0.069939	0.100564	0.072261	-11.599436	0.073126	18.7893	0.2318	184.72596950196976	1.869983332686089	35.35867115045457	0.36666907507024704	159.27736885491254	1.3995378774608538	11.709
19.880346	0.071298	9.770012	0.069878	0.069535	0.072081	-11.623651	0.070098	18.7893	0.2318	184.32082881954435	1.8200230816127423	35.34798580144391	0.3658235075120231	159.37019047569785	1.3703693017224101	11.709
19.844164	0.072522	9.7476	0.078019	0.028769	0.06943	-11.649284	0.070871	18.7893	0.2318	184.57221377585506	1.9472424711118874	35.28123302707642	0.3791330476190746	159.5767011535398	1.3557151187424037	11.709
19.831377	0.069435	9.737424	0.072922	0.005482	0.069809	-11.669504	0.067069	18.7893	0.2318	184.61995655788826	1.8416672608411213	35.233699846692936	0.3654802576448749	159.61862930913625	1.3235179543549562	11.709
19.785462	0.077371	9.691154	0.07344	-0.033295	0.071644	-11.701095	0.070335	18.7731	0.2323	184.56616208292644	1.9504701577319496	35.25181407967103	0.37192271036732094	159.67600971027292	1.3739690677606977	11.706
19.753349	0.071658	9.644443	0.072175	-0.072108	0.069018	-11.722942	0.067379	18.7623	0.232	184.3468863296194	1.854718765314436	35.28950745415975	0.3626933569765735	159.94952280279222	1.3241777811493187	11.709
19.702228	0.071271	9.579538	0.07105	-0.124488	0.068914	-11.785332	0.070254	18.7623	0.232	184.09585450830303	1.8302180011249296	35.335056652477775	0.3604173531064446	159.81220663728828	1.3487251733250976	11.709
19.704954	0.072991	9.58791	0.067582	-0.120585	0.068502	-11.774607	0.07001	18.7516	0.2312	184.19858098119704	1.8110909569873794	35.31879466281975	0.3500687543283947	159.90574929096772	1.3439603959713975	11.709
19.686486	0.076279	9.571982	0.074361	-0.147708	0.074505	-11.793315	0.07147	18.7516	0.2312	184.24484076915218	1.9404807964471615	35.278112446094575	0.3820610559260247	160.02130340804615	1.4186418682588708	11.709
19.624709	0.075152	9.519133	0.074353	-0.186508	0.071183	-11.822399	0.069816	18.7623	0.232	184.40760939414116	1.9291468720850722	35.32917863690317	0.3746869288378369	160.15492500370172	1.372335807046457	11.709
19.616451	0.073935	9.517188	0.070961	-0.221389	0.069303	-11.828019	0.068566	18.7462	0.2306	184.47560700623418	1.8718956653681618	35.200672706076695	0.3585232328635295	160.51754310113571	1.3482614270267204	11.706
19.594323	0.08199	9.465196	0.075223	-0.231043	0.080866	-11.848872	0.076306	18.7516	0.2312	183.97884671916387	2.0210139712861435	35.363437937878665	0.40280093029915925	160.40390561825123	1.5350797729098646	11.709
19.594169	0.069365	9.459069	0.07058	-0.246552	0.064473	-11.876451	0.068292	18.7462	0.2306	183.87043856887593	1.7953120559436957	35.32925163372632	0.3479704424001634	160.23743915399487	1.2940010557961805	11.709
19.514752	0.075006	9.409882	0.078014	-0.285361	0.068597	-11.901355	0.07031	18.7462	0.2306	184.42051993267188	1.9751312816210214	35.367066040909606	0.37895255485074525	160.42925802804166	1.356651754254683	11.709
19.530238	0.075664	9.398143	0.074551	-0.300835	0.066429	-11.903634	0.072226	18.7462	0.2306	183.92495637404969	1.9281917850143646	35.35345199571629	0.36397223371209714	160.61169067122515	1.3583553989862807	11.709
19.522907	0.073383	9.402686	0.070318	-0.325985	0.073214	-11.922683	0.072703	18.7462	0.2306	184.14075798788724	1.849274262699736	35.24554767295315	0.36776520910756794	160.69618595259232	1.429764128877734	11.709
19.49932	0.073313	9.37221	0.076189	-0.324062	0.068599	-11.913202	0.071849	18.7462	0.2306	184.01550547739006	1.9212340114465667	35.36331498822172	0.3739046725724703	160.80099434404	1.378337756636206	11.709
19.471608	0.076283	9.347826	0.077855	-0.351194	0.074864	-11.944329	0.071274	18.7462	0.2306	184.07597868092924	1.9818431949905042	35.35329829362689	0.3936971699538925	160.74558422723382	1.4332388868845427	11.709
19.442106	0.071627	9.321572	0.070221	-0.380249	0.068484	-11.955346	0.071555	18.7408	0.2324	184.1350642813832	1.8250018379615895	35.343088721776866	0.3573262112295089	160.99607021263841	1.3776211196241348	11.709
19.414786	0.074225	9.295358	0.069293	-0.399615	0.0722	-11.982998	0.068586	18.7462	0.2306	184.15518464805425	1.8478800692726374	35.36805267061238	0.36507011078376067	160.88091518121777	1.3831112115999757	11.709
19.389647	0.077864	9.273214	0.066749	-0.426724	0.073683	-11.995945	0.068982	18.73	0.2319	184.2097236054268	1.8674812068363396	35.349948991156715	0.36232597818578977	161.0778448914439	1.4053016740655728	11.709
19.4	0.072994	9.271127	0.069174	-0.426728	0.071685	-12.00323	0.070649	18.73	0.2319	183.9834615125081	1.8266671881823557	35.35754441724436	0.3631990152934562	160.9765364673049	1.3995577062313995	11.709
19.357672	0.073606	9.228648	0.072512	-0.463523	0.071237	-12.023328	0.06856	18.7408	0.2312	183.9335857366442	1.876262568154683	35.36921254045486	0.3709453515662832	161.16775163499403	1.3784481381083777	11.706
19.344609	0.06951	9.212309	0.071776	-0.482894	0.067745	-12.021222	0.070724	18.7408	0.2312	183.92123222467126	1.813684927606378	35.36721612366675	0.36003827479829265	161.5091273317297	1.3708570244849654	11.709
19.324212	0.083012	9.212593	0.076358	-0.461584	0.07553	-12.03816	0.074895	18.73	0.2319	184.25019225496862	2.0552191009911143	35.43500121102228	0.3933996959662575	160.9342629815255	1.4786915420606375	11.706
19.315962	0.068405	9.192508	0.065083	-0.480939	0.067419	-12.010603	0.068372	18.73	0.2319	184.08195885568514	1.7168878481935	35.446753169699534	0.34337610420127485	161.63049929752933	1.3460921179302376	11.709
19.295566	0.075771	9.188762	0.075563	-0.494476	0.069374	-12.027542	0.070294	18.7138	0.232	184.3852003531664	1.9522434988001063	35.41091753098378	0.37512531153067913	161.58281037232044	1.3837059233648912	11.709
19.272082	0.074729	9.152307	0.072922	-0.529327	0.073593	-12.060494	0.068103	18.7354	0.2316	184.10170633989065	1.8995053764210952	35.40770570170447	0.37889545561773247	161.5680201155612	1.4049126498892408	11.706
19.260013	0.071897	9.140464	0.077439	-0.54867	0.078519	-12.05896	0.070644	18.7408	0.2312	184.15299287351812	1.9229491352026138	35.389366866220676	0.4028035322850847	161.9025538902538	1.4856558205531918	11.709
19.232332	0.070617	9.122152	0.071212	-0.564161	0.062785	-12.084536	0.067439	18.73	0.2319	184.3236317152687	1.8284123256505371	35.399674945043174	0.34695786480815843	161.76080685826633	1.293781776601457	11.709
19.226336	0.079046	9.132368	0.079036	-0.558349	0.078723	-12.088398	0.076095	18.73	0.2319	184.619685742201	2.04449212847388	35.3835870763308	0.4073108227072632	161.6250851165933	1.534782167661813	11.709
19.200078	0.072159	9.103666	0.069722	-0.571917	0.067302	-12.08778	0.063482	18.7192	0.2321	184.57498830271274	1.834334545234813	35.438931247159324	0.3549369647331103	161.82419977463653	1.3000829332970831	11.709
19.206226	0.083359	9.099566	0.081573	-0.59127	0.078787	-12.122695	0.077995	18.7246	0.232	184.3878494919105	2.1278453792455885	35.383149582249956	0.4140778788008477	161.60581040195234	1.5536751273875504	11.709
19.196182	0.069693	9.085674	0.072352	-0.583522	0.071922	-12.11375	0.068164	18.7354	0.2316	184.31766701258815	1.8313939067158131	35.462340697240705	0.3741564822467799	161.62258086540382	1.3889946466836636	11.709
19.156898	0.068112	9.045665	0.072047	-0.622209	0.073258	-12.134369	0.066604	18.7354	0.2316	184.30444181659357	1.8072140838864965	35.46719063860063	0.37694372796364184	161.87624620866112	1.3921981382043096	11.709
19.136132	0.071634	9.045769	0.07294	-0.616401	0.067412	-12.130818	0.072821	18.7192	0.2321	184.6383305200961	1.8707123628428963	35.47903484083098	0.3646997768366321	161.80304651708258	1.3944463751476108	11.706
19.150465	0.067398	9.048588	0.070141	-0.612499	0.067626	-12.120783	0.066722	18.7192	0.2321	184.42788593886772	1.7759125897055121	35.48301135998016	0.35784435726377795	161.88927726826503	1.3363906731258146	11.706
19.125272	0.073061	9.014342	0.065465	-0.643459	0.06926	-12.146576	0.065007	18.7246	0.232	184.30997179106083	1.788233538646884	35.504181735816495	0.3503543059660519	162.00348880903076	1.3377706540649887	11.709
19.12707	0.076672	9.014203	0.072769	-0.633789	0.072263	-12.135345	0.067404	18.73	0.2319	184.27467293851657	1.9261700629578116	35.540276404302475	0.37777919151603134	162.0254925512956	1.392096549750875	11.709
19.116348	0.078335	9.01007	0.070706	-0.645402	0.067732	-12.142581	0.068181	18.7246	0.232	184.39481657893694	1.9253773809628523	35.512744617904474	0.36012351539993076	162.08717131267318	1.3548913770975162	11.709
19.089061	0.080452	8.989929	0.079127	-0.664749	0.079036	-12.162845	0.076163	18.73	0.2319	184.52528430771162	2.061811533026302	35.51566685144549	0.4114085902652945	162.07424334665836	1.547169775775299	11.709
19.089362	0.071323	8.99611	0.070607	-0.664744	0.068965	-12.148285	0.070047	18.7246	0.232	184.58547895322369	1.8353955532239765	35.48386669341624	0.36251524443423266	162.23808611852064	1.3887522709431475	11.706
19.059979	0.067526	8.955831	0.066107	-0.693762	0.071302	-12.172233	0.068267	18.7354	0.2316	184.43367987827335	1.7249086434969383	35.53438198581923	0.3580564300157296	162.351340632508	1.3962036232485915	11.709
19.049111	0.084866	8.965727	0.083959	-0.666685	0.078712	-12.1628	0.078898	18.7246	0.232	184.8134814793789	2.1880331583908688	35.597764227788524	0.4253119148442328	162.10216079004007	1.5714721272683476	11.709
19.013813	0.06897	8.929653	0.072867	-0.713105	0.069449	-12.179601	0.064539	18.7192	0.2321	184.79925467473439	1.8386608986308124	35.559568339987216	0.3712105440907976	162.52089251068543	1.3437566141865593	11.709
19.030375	0.068764	8.919482	0.069321	-0.709239	0.064827	-12.18131	0.069942	18.7192	0.2321	184.31065778674045	1.7798934465398817	35.611406025028735	0.3510210096548233	162.44192956212737	1.35034881637295	11.709
19.023032	0.077904	8.948156	0.070586	-0.686012	0.087581	-12.192985	0.070892	18.7192	0.2321	184.969560423781	1.9300544483641444	35.59127301879531	0.41554723930630544	161.94921377766553	1.5858154133071138	11.709
18.975748	0.073422	8.901328	0.071149	-0.740186	0.071301	-12.210734	0.073112	18.7192	0.2321	184.97790618759734	1.877238340734668	35.56415860831781	0.3715476752379559	162.46348479349328	1.4464263053777322	11.709
18.977921	0.071493	8.897335	0.070039	-0.759524	0.070018	-12.207095	0.066998	18.7246	0.232	184.86478009844404	1.8354058010072047	35.50764255675247	0.3641475819428021	162.78957366464357	1.3780830432589353	11.709
18.986912	0.080312	8.90365	0.073641	-0.73631	0.072508	-12.203769	0.072312	18.703	0.2314	184.8157238116114	1.9971801170749481	35.5698889548628	0.3813289254380633	162.50725240513526	1.4511787866227166	11.709
18.952971	0.070786	8.869254	0.07108	-0.763389	0.068246	-12.223805	0.067796	18.7408	0.2312	184.76001696912525	1.8380317724184196	35.587787358286164	0.36405058879693797	162.56547038908454	1.3645378027916795	11.706
18.993506	0.071129	8.889694	0.072033	-0.738241	0.070117	-12.192896	0.066497	18.73	0.2319	184.43983320898	1.8479469835300548	35.61431634047797	0.37184353613923765	162.68889429194724	1.3724856129798162	11.709
18.933719	0.066162	8.859018	0.068427	-0.753724	0.06772	-12.212531	0.065902	18.7192	0.2321	184.9253616493298	1.7471115733030875	35.66146497475452	0.35714886262134127	162.58828488738985	1.3407616136096734	11.706
18.906154	0.075229	8.830702	0.07592	-0.802069	0.072499	-12.256548	0.072682	18.703	0.2314	184.95896144260342	1.962029971270697	35.59643857265071	0.3879218170949775	162.69139080203496	1.4580942469185791	11.709
18.931771	0.076428	8.838958	0.078093	-0.780795	0.076575	-12.238403	0.073178	18.7246	0.232	184.64081180875954	1.9990015195851687	35.64460790898199	0.4052622938922179	162.64697793355856	1.5035668752052378	11.709
18.938437	0.076634	8.83309	0.071921	-0.778858	0.07094	-12.23126	0.073877	18.73	0.2319	184.4118005039692	1.9178985556443031	35.67355197710128	0.3749238983172825	162.72090172236312	1.455264972278443	11.709
18.911318	0.074348	8.841209	0.072944	-0.80206	0.070204	-12.238716	0.075053	18.7138	0.232	185.0571106836758	1.9140536108167914	35.55768329393919	0.37329841739938924	162.94494128407376	1.4642165582712177	11.709
18.903376	0.066875	8.821286	0.070224	-0.80979	0.067394	-12.246351	0.074598	18.7084	0.2318	184.8372002565033	1.7778197108217406	35.602699820515156	0.35980057849890396	162.9463039685465	1.432374245332875	11.709
18.897232	0.06856	8.829405	0.06769	-0.790453	0.068652	-12.220657	0.066671	18.7138	0.232	185.09904714439463	1.7713246412852885	35.64421726648379	0.3572265214490234	163.03691402404618	1.3650025984386327	11.709
18.888918	0.078976	8.799249	0.07725	-0.815589	0.077955	-12.246485	0.074268	18.7192	0.2321	184.6983536223712	2.022337488565212	35.6628292826375	0.40707004618150044	163.0270490012692	1.5355708783239657	11.709
18.850277	0.067892	8.780729	0.067939	-0.842662	0.065441	-12.273568	0.066113	18.7408	0.2312	185.06741468426162	1.7652515769677548	35.631130245156015	0.34926477249724697	163.02690954672707	1.3267061731912784	11.709
18.849906	0.071298	8.764462	0.070286	-0.85233	0.070198	-12.273344	0.064996	18.7246	0.232	184.77572622388612	1.8342602487019342	35.65558153537396	0.3683050556285229	163.1681155125913	1.366761547059492	11.709
18.846381	0.070201	8.794952	0.07057	-0.827194	0.068949	-12.264541	0.068192	18.7246	0.232	185.40102631322648	1.8360463095433714	35.63574256992687	0.3653941818743515	162.93509846994607	1.3814913755664977	11.709
18.820849	0.073909	8.770634	0.073638	-0.84073	0.075182	-12.266158	0.072133	18.73	0.2319	185.42342602448858	1.924898915222469	35.675720385371456	0.39062459575688696	163.10506295779268	1.487381537643101	11.709
18.853266	0.071039	8.775099	0.070906	-0.831057	0.064945	-12.257534	0.067113	18.7192	0.2321	184.90914310561	1.8415402637205647	35.695062509126295	0.35729385803470726	163.09008899105595	1.332985825368227	11.709
18.793594	0.076484	8.730392	0.078261	-0.861994	0.06934	-12.282729	0.071507	18.7246	0.232	185.1841303371157	2.013715500113437	35.74630061027034	0.3896456536562887	163.17208723709214	1.4230969215074474	11.709
18.862026	0.080838	8.773256	0.079335	-0.848454	0.075482	-12.255917	0.073176	18.7192	0.2321	184.7148111165026	2.0737477802700273	35.63735847585825	0.4055935675717122	163.36193816891168	1.505525280278647	11.709
18.781238	0.085919	8.722446	0.083058	-0.881322	0.081254	-12.288387	0.079277	18.73	0.2319	185.2653102305876	2.201019270492701	35.703936073171796	0.4319730453734143	163.36763156980555	1.6258139197160006	11.709
18.776675	0.077367	8.718254	0.070195	-0.887122	0.068643	-12.288163	0.067482	18.7192	0.2321	185.27213589983236	1.924215652731811	35.69795830359723	0.36487851935417226	163.45396200144708	1.3800322876914766	11.709
18.789623	0.075241	8.742565	0.074308	-0.875523	0.071109	-12.290228	0.072962	18.7246	0.232	185.43416155840515	1.95176031936006	35.64164073417585	0.3811302472275546	163.2164609956502	1.456791015548934	11.706
18.791794	0.069921	8.718456	0.066123	-0.885188	0.066384	-12.288432	0.070747	18.7462	0.2306	184.9977874828853	1.7673737421739448	35.70439945954469	0.3483471605053552	163.42236528579	1.3903465370833712	11.709
18.770313	0.07928	8.722244	0.075082	-0.875526	0.076491	-12.288118	0.074456	18.73	0.2319	185.46302198592232	2.0154048638906397	35.72625085064495	0.3989725951209853	163.2885146632033	1.5272869981467645	11.709
18.770091	0.064652	8.700014	0.06893	-0.896787	0.065435	-12.293506	0.069037	18.7246	0.232	185.05769806112508	1.7367210451193733	35.72985495230057	0.353853193161142	163.51594104503215	1.3647480956319658	11.709
18.773001	0.06849	8.71849	0.066153	-0.883254	0.06924	-12.295842	0.065246	18.7354	0.2316	185.29670028891852	1.7548505823092293	35.702313220103164	0.3560728937293604	163.24674727273808	1.3608574851755428	11.706
18.762446	0.067575	8.708397	0.066738	-0.881322	0.070473	-12.288432	0.067166	18.7408	0.2312	185.35271123163116	1.7509325914098866	35.756243991163615	0.3618931027327088	163.36698325568506	1.3942487873966243	11.709
18.739315	0.073158	8.69227	0.075413	-0.87359	0.082896	-12.284705	0.070206	18.73	0.2319	185.38686842986922	1.9386992532111291	35.82705614126606	0.4197229259146771	163.225974818912	1.5538674370179915	11.703
18.752113	0.069456	8.704441	0.068176	-0.898717	0.069817	-12.297728	0.071893	18.73	0.2319	185.42282093281202	1.796057255937525	35.69705882212487	0.36273607171266103	163.44117394018022	1.4369038189403063	11.706
18.760941	0.070402	8.700619	0.07147	-0.890984	0.071981	-12.303521	0.06707	18.7408	0.2312	185.1896674308691	1.8467144814743506	35.7400627744426	0.37796861279912447	163.24746443489207	1.4073227520130567	11.706
18.713575	0.077331	8.653785	0.077464	-0.918046	0.075909	-12.304597	0.074059	18.7408	0.2312	185.1994631138362	2.0150870895337465	35.81388806523032	0.40580099304055073	163.62001843079688	1.5239140748421212	11.706
18.696368	0.073689	8.651573	0.070939	-0.937371	0.072815	-12.324576	0.07294	18.73	0.2319	185.47593536458066	1.8886900073402946	35.74997013400037	0.3790061993384332	163.61062056580798	1.4808243577513043	11.706
18.711258	0.078206	8.669775	0.072895	-0.918046	0.074257	-12.304462	0.072401	18.7354	0.2316	185.5371045524101	1.9753859250029373	35.75415742614559	0.3880395749364657	163.62196634034385	1.4903250300457864	11.706
18.743581	0.079463	8.696327	0.076932	-0.902583	0.073948	-12.308684	0.073222	18.7462	0.2306	185.43053451054004	2.041271463024057	35.712856395388606	0.39701433323705365	163.33957613574108	1.49026695106904	11.706
18.7099	0.072052	8.660053	0.076523	-0.912246	0.067708	-12.293866	0.071864	18.7408	0.2312	185.38269445268426	1.938818651869255	35.812135014500875	0.3822678805388407	163.690922138634	1.4200231760343938	11.706
18.724423	0.071953	8.653952	0.066084	-0.923842	0.064425	-12.308504	0.06453	18.7246	0.232	185.00304549906193	1.794743173756304	35.79158858944058	0.34488743428320895	163.6471775802274	1.3107228750298692	11.706
18.706741	0.075706	8.664544	0.075731	-0.921907	0.074568	-12.294495	0.074045	18.7462	0.2306	185.5239236237403	1.9782770278230402	35.75927028090466	0.39644581737974527	163.82090949340878	1.5137454324956587	11.706
18.707657	0.075765	8.637862	0.074186	-0.939302	0.069332	-12.319549	0.068164	18.7354	0.2316	185.0154689995488	1.9482462753572292	35.7939432970061	0.3794985513807724	163.71065224901213	1.398670132015329	11.706
18.677731	0.0724	8.625529	0.07415	-0.9451	0.068636	-12.328393	0.067162	18.7408	0.2312	185.33928350189368	1.910775326521141	35.818384011724895	0.37814755796557026	163.66684981054757	1.3806999549793013	11.706
18.691629	0.071135	8.620095	0.072117	-0.941233	0.070189	-12.332886	0.064174	18.7354	0.2316	184.98353057423853	1.8605173556282537	35.85322595255405	0.37736284108448864	163.5467447850705	1.3653827704254837	11.706
18.645162	0.073026	8.617918	0.068481	-0.968286	0.068836	-12.341864	0.06962	18.7408	0.2312	185.80057775102205	1.8550323617818933	35.76019002884558	0.3622117215779917	163.80664533287793	1.4100662444270988	11.706
18.645015	0.072669	8.595732	0.069659	-0.976014	0.066718	-12.356499	0.069945	18.7354	0.2316	185.39308941368893	1.8570803869145411	35.814204986551076	0.3609027671186663	163.70723688387335	1.3904785359877783	11.706
18.67299	0.080475	8.620195	0.074154	-0.937368	0.06884	-12.323817	0.070205	18.7462	0.2319	185.32834791134414	2.0174016165506266	35.867351416924585	0.3797116464342015	163.62148945995477	1.4129062972686586	11.706
18.645676	0.074765	8.614129	0.068528	-0.956692	0.072649	-12.338499	0.070248	18.7408	0.2312	185.72087037436967	1.8776504777411807	35.81766691886028	0.37374998193262826	163.68822734879106	1.4533691497974814	11.706
18.636635	0.069323	8.611819	0.070067	-0.97215	0.071098	-12.33073	0.0689	18.7462	0.2306	185.84557761385207	1.8272633381954473	35.76852977077579	0.37254575539345447	164.0229535478165	1.4296818062834387	11.706
18.649867	0.073197	8.604074	0.077807	-0.979879	0.076619	-12.34218	0.073796	18.7462	0.2306	185.4575082623233	1.9721300317278978	35.76858976318237	0.4075455874817845	163.96922527083595	1.5351371580814326	11.706
18.631157	0.072044	8.590064	0.068526	-0.977947	0.068533	-12.344111	0.067066	18.7354	0.2316	185.54431567279778	1.8373013207558224	35.8281867525881	0.3629077194367056	163.91349554262385	1.3828322019937176	11.706
18.616345	0.072396	8.598041	0.074809	-0.960557	0.06603	-12.340339	0.072318	18.7354	0.2316	185.96638560368575	1.9324424641566291	35.86346898905082	0.37437733525396766	163.7173384802143	1.4088515359097162	11.706
18.617853	0.072576	8.601797	0.073238	-0.974082	0.073221	-12.34366	0.070582	18.7246	0.232	186.00812429084434	1.9148008224896438	35.79874510794133	0.38715915585990895	163.86428786700492	1.4657688135713267	11.706
18.613737	0.073627	8.585744	0.070219	-0.995335	0.071095	-12.35843	0.069793	18.7462	0.2306	185.78670987384965	1.8849743092898985	35.7793185432217	0.3731610040714051	163.95776647634082	1.4375244209900893	11.706
18.613957	0.082999	8.569758	0.079234	-1.004995	0.075971	-12.353044	0.074789	18.7462	0.2306	185.48694503812047	2.1190322346271495	35.80295857282403	0.4104648923894056	164.17515811482676	1.5423043868186297	11.706
18.58419	0.077481	8.575591	0.076257	-0.995335	0.069032	-12.361976	0.072471	18.7408	0.2312	186.14671080153653	2.0219074496195373	35.81727415178809	0.3849394463704954	163.90661937946345	1.4432483687571085	11.706
18.59084	0.076725	8.559672	0.075777	-1.01079	0.069995	-12.376926	0.069758	18.7408	0.2312	185.7278912192662	1.9966045895963558	35.81900927644673	0.38608127232236045	163.9139114474455	1.4251150720844623	11.706
18.578053	0.074527	8.555552	0.076863	-0.995335	0.075163	-12.362066	0.06886	18.7462	0.2306	185.88850934761186	1.9856962784009526	35.89242473144888	0.40400768161023753	163.9053186863678	1.4699070590152907	11.706
18.605211	0.07428	8.55954	0.074257	-1.00113	0.077655	-12.363862	0.071348	18.7462	0.2319	185.45976405316077	1.939046411455697	35.8556951359206	0.4029537603600795	163.96302281741322	1.5217108327223816	11.706
18.575226	0.077908	8.543159	0.07949	-1.026242	0.077171	-12.383699	0.071148	18.7462	0.2306	185.7112565290021	2.060415483403764	35.82297988467479	0.41473403973380546	164.03916057225433	1.5160195026931989	11.706
18.59878	0.072385	8.569526	0.075835	-0.991471	0.073779	-12.356409	0.066525	18.7462	0.2306	185.7633553079586	1.9417866877281154	35.854469687202666	0.39676882294912585	163.9311785137103	1.4329455353292406	11.706
18.574083	0.075375	8.545598	0.07251	-1.024313	0.072221	-12.376926	0.06796	18.7462	0.2306	185.77759632225997	1.9375337163986492	35.821070911710684	0.38307116048276363	164.10915643001235	1.433553110199152	11.706
18.563537	0.069438	8.541545	0.071709	-1.006926	0.068223	-12.354794	0.068622	18.7462	0.2306	185.8979394023408	1.8515374779339855	35.90150396656511	0.3721479022118969	164.17778126170455	1.3999636868469667	11.706
18.59106	0.077424	8.563792	0.076338	-1.012723	0.074169	-12.364178	0.074593	18.7462	0.2306	185.80013856545298	2.01469409087458	35.79637080477621	0.3978485947348199	164.1258935990342	1.5209111646244307	11.706
18.559787	0.071635	8.519629	0.073259	-1.024314	0.068529	-12.377152	0.068946	18.7462	0.2306	185.56159358727896	1.8936861025844418	35.918538946959885	0.377532878056051	164.10590065061888	1.4051767837333298	11.706
18.574156	0.074246	8.545631	0.070112	-1.016586	0.071183	-12.384333	0.06869	18.7462	0.2306	185.7768518278634	1.8917247251292273	35.84989326163351	0.3745866565809052	163.89067721646742	1.4261554138821544	11.706
18.554648	0.068058	8.531262	0.068826	-1.028175	0.070087	-12.383926	0.068787	18.73	0.2319	185.87210882549311	1.7949118049589785	35.86031987127288	0.3684903809159682	164.063809702061	1.4187983241544695	11.706
18.557619	0.072242	8.533668	0.073482	-1.028177	0.070823	-12.382628	0.06621	18.7462	0.2306	185.8554161107813	1.9105962853486	35.850093986936265	0.38263989237431817	164.07712090015318	1.4009969129386288	11.7056098
18.538843	0.075366	8.535711	0.069058	-1.014655	0.070915	-12.36795	0.066559	18.7408	0.2312	186.24845189999428	1.9032417074800247	35.89438064395011	0.37202572652096066	164.09930300744065	1.4057511421859126	11.706
18.527422	0.075591	8.513171	0.070957	-1.037833	0.069612	-12.387606	0.068787	18.7462	0.2306	186.04163539446972	1.9260761866816052	35.89198434836252	0.37354486253897573	164.15021451216782	1.4153971209088434	11.706
18.535799	0.075247	8.497091	0.070566	-1.049422	0.069991	-12.398648	0.069839	18.7408	0.2312	185.58838964813523	1.9071198511246132	35.90886945940471	0.37385030654076185	164.1581333724406	1.4301446706557128	11.706
18.516514	0.066114	8.516994	0.065473	-1.043626	0.07118	-12.387335	0.064051	18.7462	0.2306	186.31570706689797	1.733687413657044	35.85588425389583	0.3627055396073221	164.23797435307185	1.3863805505050195	11.706
18.526058	0.069747	8.529581	0.070505	-1.010791	0.068016	-12.35677	0.067478	18.7462	0.2306	186.3724390249505	1.8489991051124235	35.931981818281635	0.36896568462268214	164.20510130044153	1.3866036935764874	11.706
18.544322	0.070172	8.527308	0.06746	-1.045559	0.069224	-12.372974	0.069531	18.7462	0.2306	185.99032368415885	1.8073365288114547	35.81001001535957	0.3615769393259171	164.4742324316315	1.424623625343789	11.706
18.500419	0.078807	8.497189	0.0693	-1.047491	0.071531	-12.389582	0.067058	18.7462	0.2306	186.24661831110177	1.9539038193740217	35.915762776449164	0.3747692522598832	164.2613986730766	1.4199887723445344	11.706
18.543031	0.077363	8.519629	0.073259	-1.022382	0.072307	-12.36979	0.065826	18.7462	0.2306	185.87178488537955	1.9757424959108625	35.92581068525955	0.3875417376924501	164.18443359295736	1.4147997945754518	11.706
18.528298	0.074847	8.501504	0.07169	-1.035904	0.073214	-12.397351	0.069615	18.7462	0.2306	185.8089186807426	1.920599476030293	35.94314731499785	0.3861675467360653	163.98155021130745	1.4581531235036733	11.706
18.506628	0.068818	8.499166	0.067914	-1.049422	0.070364	-12.384016	0.073034	18.7462	0.2306	186.16786204872025	1.7986532210322947	35.90106178202917	0.3676837456416604	164.3700531621358	1.470688370357664	11.706
18.513347	0.072391	8.495343	0.071991	-1.051356	0.070085	-12.382447	0.070922	18.7462	0.2306	185.97194243571457	1.895244287421365	35.908169182836744	0.37790532004170774	164.4208548349514	1.4468342457153929	11.706
18.524183	0.076464	8.503547	0.076198	-1.030109	0.070913	-12.391876	0.067839	18.7462	0.2306	185.923111144264	2.0028783703304702	35.957292737522536	0.3925885935395259	163.97694418814723	1.416337973485537	11.706
18.492116	0.077096	8.485162	0.078511	-1.064875	0.072469	-12.396989	0.068442	18.7462	0.2306	186.17730509556318	2.0471816898380473	35.89561809656646	0.4015944024886987	164.4060155882426	1.446150840822893	11.706
18.479553	0.074006	8.475113	0.07512	-1.055218	0.071177	-12.396989	0.070197	18.7462	0.2306	186.2240812900333	1.9628805951996582	35.969841430527566	0.39058032617475524	164.2660297149449	1.4478802306859226	11.706
18.513785	0.069265	8.49755	0.072011	-1.045563	0.070731	-12.364314	0.064057	18.7516	0.2312	186.00479189340723	1.8554681923008267	35.92166309333312	0.37994523023894616	164.60012166226392	1.3877201299485336	11.706
18.468357	0.069307	8.448661	0.070938	-1.07839	0.071527	-12.392855	0.066187	18.7516	0.2312	185.940531895667	1.840429677063581	35.98222431150025	0.38047456706464033	164.66246396420655	1.4182472705819524	11.706
18.486764	0.072387	8.466551	0.068819	-1.072594	0.071788	-12.398104	0.06842	18.7462	0.2306	185.93096106154582	1.8533238446810707	35.93660366612144	0.3746413076008147	164.50188420126563	1.4404452150575888	11.706
18.515296	0.071021	8.495277	0.071595	-1.037834	0.067157	-12.374995	0.073109	18.7462	0.2306	185.93456643876087	1.8713226473991829	35.95934746690064	0.37027504361403263	164.33283303423883	1.4389597001063605	11.706
18.483668	0.071626	8.485129	0.072459	-1.055217	0.069706	-12.382221	0.067357	18.7462	0.2306	186.33400278380105	1.8987390408370717	35.93207743511146	0.3786825379821705	164.48019191922904	1.4075645781132018	11.706
18.51191	0.072075	8.497648	0.070161	-1.035905	0.069709	-12.381014	0.067101	18.7462	0.2306	186.04145217542575	1.8686304234144986	35.9576812575309	0.373033278208901	164.21770524709893	1.400533335249175	11.706
18.500783	0.077555	8.489313	0.076207	-1.05715	0.072802	-12.387969	0.071954	18.7462	0.2306	186.0933201314452	2.021082461774943	35.90905484079697	0.3964359497447177	164.42482084775048	1.4853719338672613	11.706
18.439412	0.077742	8.460881	0.078892	-1.078392	0.074774	-12.417004	0.072331	18.7462	0.2306	186.7076201664165	2.072428534246453	35.93612039048048	0.4094822166310599	164.3117980685507	1.5075821385052037	11.706
18.4667	0.071588	8.452875	0.070951	-1.082255	0.071527	-12.407849	0.070261	18.7462	0.2306	186.04956481471743	1.872630203014009	35.95173464339036	0.37986536662092985	164.50066461785627	1.4562887380213514	11.706
18.487419	0.075208	8.462826	0.07565	-1.07646	0.072963	-12.398512	0.072117	18.7408	0.2312	185.8497117232105	1.9776508295815032	35.93607397729872	0.39593859621797817	164.55212779129747	1.4910049437258104	11.706
18.468721	0.076217	8.454852	0.075921	-1.093841	0.074468	-12.415164	0.068417	18.7516	0.2312	186.0487491359406	1.9987113057652492	35.900666730976944	0.39983490513363174	164.56272857738932	1.4699267507155427	11.706
18.471615	0.074266	8.475309	0.074426	-1.057151	0.069611	-12.39174	0.066063	18.7462	0.2306	186.37562311727893	1.9602951275794371	35.9618055428408	0.38444597709893563	164.3701218118313	1.391696845277677	11.706
18.48873	0.066732	8.477482	0.066022	-1.051358	0.071532	-12.395647	0.065602	18.7462	0.2306	186.09747012202772	1.744977585949045	35.975465925501204	0.36751366645433486	164.2295721287444	1.4051162948705838	11.706
18.477823	0.07542	8.469247	0.068931	-1.074533	0.071176	-12.395375	0.065411	18.7462	0.2306	186.1471233446712	1.9003218213112518	35.919150015749494	0.3729126040974649	164.56971810827852	1.4052451630423572	11.706
18.470249	0.076594	8.475636	0.070858	-1.06488	0.071791	-12.403235	0.066885	18.7462	0.2306	186.40719971310935	1.9460806386213914	35.931437891973495	0.37989631483622455	164.31552806862294	1.4219587144776182	11.706
18.446709	0.070218	8.443251	0.06898	-1.091917	0.066932	-12.413959	0.065051	18.7462	0.2306	186.2423677096132	1.8325741436396494	35.95159325941519	0.36239435223922506	164.5522649410194	1.3565216136883596	11.706
18.447713	0.07134	8.446781	0.07079	-1.084185	0.071086	-12.407758	0.070672	18.7462	0.2319	186.28941984744722	1.8720677996810366	35.96743993760242	0.3785898739488437	164.53002511833364	1.4564588043232274	11.706
18.460565	0.08084	8.450931	0.080701	-1.091912	0.07408	-12.4153	0.072591	18.7462	0.2306	186.1274627506987	2.1240287792159163	35.922678920392066	0.41237289819886913	164.53270493679773	1.507047981891441	11.706
18.478333	0.073144	8.471485	0.071279	-1.062947	0.07153	-12.408575	0.072738	18.7462	0.2306	186.17928970816115	1.9001560951645409	35.95436412722308	0.38079929324677725	164.21020405134377	1.4765319265420929	11.706
18.492772	0.074173	8.477417	0.07129	-1.05522	0.067696	-12.395556	0.067158	18.7462	0.2306	186.02114550360858	1.9108076887090752	35.96113610184725	0.3708683850184197	164.28682065359854	1.3814231090849691	11.706
18.450751	0.07838	8.423091	0.081911	-1.089984	0.075667	-12.412028	0.0728	18.7516	0.2312	185.792864939272	2.100530197089521	36.03508457324723	0.4224031576494829	164.5522477793389	1.526073572166053	11.706
18.465261	0.07554	8.457188	0.070235	-1.074533	0.072883	-12.406417	0.070591	18.7516	0.2312	186.1564946387243	1.9185944520417788	35.96459106629953	0.38190571082039715	164.40936311600763	1.472103580524823	11.706
18.435225	0.071835	8.446814	0.07592	-1.080323	0.073926	-12.409644	0.079748	18.7516	0.2312	186.52293018421287	1.9517803383177477	35.98189690631814	0.4002122146373573	164.4465572944986	1.5784034681987262	11.706
18.445983	0.070217	8.446944	0.067657	-1.107361	0.069022	-12.428226	0.067927	18.757	0.2317	186.32469103136484	1.816993871443713	35.87958123991324	0.36295687069459437	164.5693779024319	1.407755764745649	11.706
18.454648	0.06684	8.439036	0.066685	-1.089983	0.071528	-12.417367	0.067194	18.7408	0.2312	186.01638371320175	1.753554216734557	35.9747906195071	0.36918857873265826	164.4746626464488	1.4249844506066454	11.706
18.446128	0.080403	8.44299	0.075084	-1.101569	0.074771	-12.404395	0.074835	18.7462	0.2306	186.24833594852458	2.048283487697442	35.916218576061105	0.39874283418703305	164.83202056863342	1.5427225278151255	11.706
18.451042	0.070371	8.451355	0.078268	-1.089986	0.069703	-12.41221	0.06921	18.7462	0.2306	186.31260856097728	1.9610395877934599	35.92833171272093	0.3946540790609109	164.54963617297616	1.4275600712952219	11.706
18.460783	0.070754	8.455048	0.075197	-1.099637	0.070174	-12.426477	0.068577	18.7516	0.2312	186.1999919797113	1.9214182279133591	35.878152820820056	0.3862196474649899	164.4825793842917	1.4248249499055505	11.706
18.453208	0.074963	8.457417	0.074207	-1.064879	0.07247	-12.401213	0.06846	18.7462	0.2306	186.38521760420437	1.9668374055164686	36.00019197457438	0.3921407503090725	164.34481100688782	1.4452654413274395	11.706
18.441869	0.07196	8.436929	0.072064	-1.093844	0.071174	-12.40803	0.07638	18.7462	0.2306	186.21479820818456	1.895480334914803	35.96817074432537	0.3822448981879632	164.66652088708875	1.519458799742704	11.706
18.461437	0.068848	8.47142	0.071976	-1.078398	0.071529	-12.399282	0.066499	18.7462	0.2319	186.49294593158913	1.8593701602769204	35.896439948096706	0.38142637955740233	164.5690993216754	1.4197340810586498	11.706
18.442159	0.075566	8.439069	0.074198	-1.093845	0.071525	-12.422933	0.073226	18.7462	0.2306	186.24922305974923	1.9718357867789023	35.96009039642083	0.3887578174924835	164.4499399498157	1.4858436620467643	11.706
18.42736	0.074247	8.422928	0.073782	-1.115086	0.071082	-12.428362	0.072958	18.7462	0.2306	186.22424264206623	1.9483956464755057	35.9408620854502	0.38605730795235593	164.67977675135106	1.4827140474631395	11.706
18.426925	0.075008	8.428761	0.074225	-1.105428	0.073527	-12.43361	0.073869	18.7462	0.2306	186.34099936896422	1.9667251024681731	35.95528128115749	0.39400302953261845	164.46309221015645	1.5131440554323763	11.706
18.424832	0.07144	8.422733	0.070396	-1.107359	0.069986	-12.43177	0.070256	18.7516	0.2312	186.267692373361	1.8677975846100863	35.97073888476514	0.37467041989425154	164.5178576910974	1.440657970051539	11.706
18.435661	0.076139	8.418877	0.074757	-1.099637	0.075148	-12.417276	0.074901	18.7516	0.2312	185.99460231018998	1.9813052854839477	36.014492453095116	0.4010608169063739	164.61629175181528	1.5432476834694135	11.706
18.441869	0.069864	8.420854	0.075776	-1.10543	0.06811	-12.428272	0.065653	18.7462	0.2306	185.91607768586837	1.912179908041595	35.98511910646104	0.38487407533243545	164.54065874941548	1.3747114863411987	11.706
18.441723	0.081487	8.41677	0.078722	-1.10736	0.079417	-12.428181	0.076464	18.7516	0.2312	185.84303904271147	2.1003919077865154	35.993256144921276	0.4225946231088889	164.57003081048933	1.6026089471903364	11.706
18.420935	0.073999	8.408798	0.074543	-1.122809	0.070721	-12.437471	0.068066	18.7516	0.2312	186.0809261259368	1.95214610362334	35.96502305502648	0.38771100946892045	164.65959828407483	1.428437224149356	11.706
18.446709	0.072419	8.439232	0.071442	-1.084192	0.068216	-12.404758	0.068491	18.7462	0.2306	186.1675691179756	1.8924224021478084	35.99592859813081	0.3733596958295062	164.57372181383766	1.4052961045823875	11.706
18.435153	0.07558	8.430706	0.068816	-1.095772	0.072798	-12.416959	0.066477	18.757	0.2317	186.22396037579279	1.9026492596841578	35.984387912685115	0.37839459183662977	164.5647044646319	1.4330068605432673	11.706
18.421806	0.069225	8.43531	0.069563	-1.105436	0.069703	-12.423296	0.06455	18.7462	0.2306	186.55871687481118	1.8333323478509593	35.930570212234954	0.37086269943107847	164.6130775417714	1.3817513812342774	11.706
18.415091	0.074759	8.406983	0.067862	-1.132467	0.066365	-12.435904	0.066161	18.7462	0.2306	186.15585489409125	1.8780315532647969	35.935452498894875	0.35756208180673776	164.82311876105035	1.3664516583599813	11.706
18.406935	0.074507	8.419137	0.071501	-1.109297	0.073527	-12.41948	0.07082	18.7462	0.2306	186.53437927010978	1.9286107592612465	35.97700035331243	0.3872430620959061	164.72481482561128	1.4868178740677316	11.706
18.415018	0.076968	8.425035	0.072018	-1.111226	0.069797	-12.428499	0.064615	18.7462	0.2306	186.49358803234102	1.9677447234386072	35.94747080551162	0.3780513595935747	164.6216198351765	1.3835337044548524	11.706
18.391776	0.071258	8.4169	0.072472	-1.117017	0.070813	-12.437562	0.068456	18.7516	0.2312	186.7760311923773	1.903099096486842	35.95630739135828	0.38213560948871034	164.57403428763322	1.4318403106981497	11.706
18.410904	0.073564	8.419039	0.073804	-1.113158	0.070449	-12.441424	0.0721	18.7462	0.2306	186.4584652584484	1.944569082356102	35.962797478231785	0.3849340793671792	164.46185635293708	1.4634533643277399	11.706
18.440138	0.071954	8.429054	0.07274	-1.099639	0.068624	-12.415618	0.066674	18.7462	0.2306	186.10049750717343	1.901998172730592	35.97602008535262	0.37756128006804096	164.64044794042934	1.3920835412559625	11.706
18.42108	0.075515	8.410872	0.083182	-1.109293	0.070813	-12.435722	0.069001	18.7462	0.2306	186.11678614035478	2.0888308350983675	36.00824664599395	0.41318580545123185	164.48853857291553	1.435866462089393	11.706
18.422241	0.072852	8.425458	0.070599	-1.103508	0.071085	-12.430929	0.068457	18.7516	0.2312	186.36672528711745	1.891252799808989	35.974991556334565	0.37823491297055706	164.47413062590135	1.4329579102868955	11.706
18.425775	0.076034	8.403062	0.071058	-1.11509	0.080549	-12.408439	0.068854	18.7516	0.2312	185.88458157612553	1.9301151232922351	36.01586307314317	0.4064395487409058	164.97036149290446	1.547935265902006	11.706
18.416676	0.072021	8.42484	0.068509	-1.115085	0.080548	-12.420866	0.068941	18.757	0.2317	186.45899999541817	1.8549250236233563	35.93366534461126	0.39829586174887394	164.78894656656337	1.5453532007611823	11.706
18.433495	0.073259	8.418845	0.075748	-1.111223	0.072464	-12.419071	0.069856	18.7462	0.2306	186.03422605649195	1.957535366329922	35.9708318897208	0.3956665071509499	164.75882791678984	1.4665304046036058	11.706
18.40621	0.079698	8.42484	0.077512	-1.10543	0.07477	-12.419026	0.075038	18.757	0.2317	186.65450924743155	2.07899331907856	35.970069422239796	0.406478601860733	164.6751174277075	1.541867872857916	11.706
18.423246	0.07609	8.42497	0.078879	-1.12088	0.072875	-12.432088	0.071415	18.7623	0.232	186.33890159512887	2.0425687159877155	35.911361316215036	0.40400049394638965	164.70988431342371	1.4857828494849603	11.706
18.423464	0.077239	8.406983	0.076934	-1.126674	0.071783	-12.432224	0.068418	18.7462	0.2306	186.0002400679211	2.024373869155774	35.95728706885951	0.39685643753227884	164.79231841714488	1.4454710859694628	11.706
18.413215	0.075351	8.403062	0.071058	-1.111228	0.066929	-12.42684	0.068852	18.7516	0.2312	186.11781385697472	1.9256935435863884	36.030482901816626	0.36966982912260354	164.64577686463764	1.3971420876457676	11.706
18.397766	0.077955	8.398687	0.078557	-1.109291	0.073202	-12.43922	0.074184	18.7516	0.2312	186.3239467130156	2.0622650687330295	36.05440137786385	0.40717450875015687	164.43772328229102	1.5126018863566002	11.706
18.380805	0.078756	8.386535	0.070719	-1.136322	0.07152	-12.446444	0.070254	18.7462	0.2306	186.41360461306547	1.9742821767306244	35.99806833578828	0.38021071098042003	164.72570547455425	1.4601404648903114	11.706
18.414583	0.070897	8.39872	0.076491	-1.109292	0.068109	-12.431906	0.067057	18.7516	0.2312	186.01169665640492	1.936921085715985	36.054276534527695	0.3883732943164552	164.54395712576436	1.389002506360526	11.706
18.427288	0.07566	8.420886	0.069294	-1.105431	0.0659	-12.409916	0.067156	18.7516	0.2312	186.1875928167392	1.9089983154551418	35.98499446810455	0.3612224095453409	164.80783853420687	1.3717218220494323	11.706
18.415598	0.071664	8.417257	0.073825	-1.105437	0.066819	-12.439903	0.067096	18.7516	0.2312	186.3376914641426	1.9175066235427118	35.9986850404612	0.3764205130770072	164.3719089104345	1.3732275342490685	11.706
18.424189	0.077353	8.423383	0.068454	-1.107369	0.071785	-12.423478	0.073587	18.7516	0.2312	186.29175912854785	1.9241083955526554	35.96824702005517	0.37434286188322713	164.6385567740224	1.495662009155551	11.706
18.37496	0.069483	8.382711	0.069462	-1.138256	0.073604	-12.452236	0.070895	18.7462	0.2306	186.4512973364304	1.8332850399114426	36.00521228725992	0.38272422154970526	164.66953479775574	1.4873826911805768	11.706
18.380949	0.077168	8.388609	0.071753	-1.140185	0.073201	-12.444695	0.074161	18.7516	0.2312	186.44959170195412	1.9661729768272025	35.97564113852193	0.38699628474539866	164.8074767183437	1.5191614415901875	11.706
18.408159	0.072747	8.41071	0.072155	-1.126669	0.069411	-12.429975	0.066179	18.757	0.2317	186.3543228834	1.9099172726560625	35.943257280387016	0.3773228134136991	164.82502928971388	1.3984709698355542	11.706
18.414656	0.076465	8.422863	0.0758	-1.115085	0.071435	-12.419071	0.077017	18.757	0.2317	186.45981747393245	2.009236061046186	35.941111088073086	0.3924838355679847	164.81511738230807	1.5315872669123496	11.706
18.405993	0.075006	8.406659	0.075441	-1.126669	0.071782	-12.43729	0.070176	18.7623	0.232	186.31918689404418	1.9822422299551288	35.95853253044992	0.3927824408186719	164.71843117346643	1.4619309727017036	11.706
18.3956	0.073016	8.390618	0.075641	-1.120876	0.078967	-12.439175	0.071804	18.7516	0.2312	186.21400673121303	1.956738282247089	36.04107241940851	0.4143480340140249	164.60669914860057	1.5522349836116507	11.706
18.37835	0.073993	8.384365	0.072117	-1.136319	0.069696	-12.448056	0.07947	18.757	0.2317	186.4189008339802	1.9273162823405299	36.00628783290084	0.37929345771573963	164.70218048373954	1.5390644583843107	11.706
18.386866	0.070692	8.384429	0.068016	-1.13632	0.072545	-12.444467	0.071268	18.7516	0.2312	186.26138699223404	1.8267767600696694	36.00603847030943	0.3760794454526533	164.75446712753646	1.4816486723311075	11.706
18.422593	0.07107	8.422668	0.071982	-1.11122	0.068005	-12.418799	0.069229	18.757	0.2317	186.3081751887925	1.8846168917935546	35.95641706273981	0.3734696692475581	164.76275025323275	1.414017786207138	11.706
18.38268	0.080123	8.38242	0.073776	-1.124735	0.073203	-12.427908	0.07143	18.757	0.2317	186.30193099859895	2.0290635704645026	36.05752141363421	0.39417463558467336	164.82697406347125	1.491461466747228	11.706
18.386432	0.070325	8.368164	0.070553	-1.153692	0.071431	-12.453393	0.069833	18.7623	0.232	185.96705883371484	1.849142660586598	36.001853319298014	0.3796083396430792	164.87761327489042	1.457602345911825	11.706
18.415961	0.078271	8.429477	0.075972	-1.103508	0.07439	-12.418048	0.072744	18.7462	0.2306	186.55892899623208	2.0377100182642547	35.959824494657916	0.4010830727321036	164.66137955236908	1.5141796050464396	11.706
18.370919	0.075297	8.392822	0.071693	-1.136327	0.075664	-12.428408	0.070355	18.757	0.2317	186.71572878998973	1.9455230998418749	35.97430217905827	0.3935078791176607	164.9888790189984	1.509598344515465	11.706
18.423464	0.077465	8.406983	0.072101	-1.103502	0.073447	-12.415663	0.070761	18.7462	0.2306	186.0002400679211	1.965140350328932	36.044896699726756	0.390075753475324	164.69600686211817	1.4848575642421042	11.706
18.389828	0.075127	8.398882	0.074192	-1.128604	0.073523	-12.433973	0.070758	18.7462	0.2306	186.47560208921803	1.9707278801167316	35.980580993610886	0.39446325216677675	164.79495089793576	1.4874247901676942	11.706
18.357929	0.078976	8.368519	0.078351	-1.144046	0.078962	-12.435495	0.074307	18.7516	0.2312	186.5042957657814	2.0770242158360657	36.03701550215824	0.42140869634742584	164.99811243348887	1.5844081695037473	11.706
18.380805	0.069406	8.390553	0.070981	-1.134391	0.066478	-12.437244	0.064022	18.7516	0.2312	186.4885807644689	1.8531703660769314	35.99017955935268	0.3674638168901814	164.83163733367275	1.3459407472765161	11.706
18.352948	0.066858	8.368164	0.068414	-1.136316	0.068518	-12.446034	0.068136	18.757	0.2317	186.59068827015747	1.7876192943518603	36.067670244307536	0.3674357686730719	164.7315869414328	1.4074532058289804	11.706
18.352804	0.073887	8.3681	0.070941	-1.14983	0.079157	-12.460661	0.072094	18.7516	0.2312	186.5921824875196	1.9141999214824668	36.01670752427108	0.40222756465125	164.71536860543895	1.5591809284245408	11.706
18.369834	0.075265	8.360194	0.071674	-1.167207	0.067684	-12.435086	0.069868	18.757	0.2317	186.12733735442447	1.9326019366078961	35.98090247412367	0.3723000068146014	165.34325136135018	1.427419888170454	11.706
18.370775	0.07241	8.378693	0.074592	-1.118948	0.070171	-12.433837	0.067353	18.7516	0.2312	186.45442551675595	1.9398746276251608	36.09364329050175	0.38918858201922235	164.65629763188537	1.4154069709625277	11.706
18.368392	0.077487	8.382582	0.071093	-1.140185	0.069696	-12.441015	0.071802	18.757	0.2317	186.57151451378581	1.9647546833811886	35.99841080157878	0.37635309022350705	164.86114134997305	1.4597947259602375	11.706
18.379001	0.075346	8.374611	0.072892	-1.145978	0.0709	-12.439266	0.06894	18.7516	0.2312	186.22501240475705	1.9514157244493313	36.00664547750017	0.38457328325365975	164.97124746836081	1.4445940810596647	11.706
18.391704	0.077773	8.400794	0.081989	-1.126671	0.072628	-12.426477	0.070157	18.7462	0.2306	186.4762781342463	2.109254307766812	35.98065907548169	0.41364769305949695	164.8760920051688	1.4733958502211357	11.706
18.371064	0.075218	8.374805	0.072641	-1.132466	0.072875	-12.437699	0.072926	18.7516	0.2312	186.37649342191528	1.94963309264367	36.0570839872535	0.3902387557892088	164.79694667995398	1.5028511872574566	11.706
18.372867	0.077866	8.380702	0.080826	-1.126671	0.078506	-12.435677	0.076161	18.7516	0.2312	186.4528614233645	2.0942430294889247	36.05669421217897	0.4273285308743449	164.74196274398577	1.5933614770499622	11.706
18.421516	0.081386	8.413076	0.079782	-1.134399	0.080666	-12.452555	0.07528	18.7516	0.2312	186.14967855779219	2.1197333504885902	35.905247551907124	0.42667144334011164	164.60877881089812	1.6047053280319856	11.706
18.391849	0.075542	8.392822	0.073592	-1.124742	0.075664	-12.430248	0.071728	18.7516	0.2312	186.32490498867088	1.9652195240807333	36.01809177884169	0.3994414904797808	164.79295513465834	1.5197096337200584	11.706
18.374888	0.075755	8.384688	0.072118	-1.130533	0.070721	-12.431952	0.070109	18.757	0.2317	186.4895399402309	1.9524666491238085	36.026959402263984	0.382436188450182	164.85255281742246	1.4525971961924817	11.706
18.355764	0.071879	8.368487	0.070553	-1.153699	0.0696	-12.457528	0.070505	18.7462	0.2306	186.5441218511071	1.88125050626858	36.0006067439184	0.37469025062863326	164.81740454615053	1.4445273831769998	11.706
18.373084	0.075694	8.384817	0.07422	-1.134397	0.07108	-12.448693	0.070175	18.7516	0.2312	186.52562819950657	1.9796807868748214	36.011845300162996	0.3887725464305429	164.6649275478177	1.45368709926772	11.706
18.360238	0.070614	8.366607	0.069637	-1.163355	0.070073	-12.466909	0.066181	18.7516	0.2312	186.42550993499103	1.8500445184033651	35.97123167263241	0.37288843466892213	164.82141357987516	1.4054419713269573	11.706
18.390407	0.068809	8.385076	0.070133	-1.122816	0.066706	-12.430657	0.069955	18.7462	0.2306	186.20750717708356	1.8285368202603591	36.0547281782478	0.36703691059996285	164.75893061892452	1.40838428886237	11.706
18.362548	0.073125	8.376749	0.068034	-1.124742	0.070813	-12.437608	0.068153	18.7623	0.232	186.57172706765076	1.8661153222282283	36.079019834726374	0.37288205419117976	164.6857429383488	1.4307282707365758	11.706
18.347682	0.080372	8.374643	0.075264	-1.138256	0.076168	-12.444831	0.076123	18.7516	0.2312	186.81043351040518	2.062531416966582	36.03575257305579	0.40562902538425766	164.7773720253076	1.5693716554892148	11.706
18.381456	0.07488	8.394863	0.07006	-1.117018	0.070449	-12.426613	0.073655	18.7462	0.2306	186.55689453926243	1.915602058001102	36.03960633735388	0.37644663072082396	164.73338016098026	1.484582648490756	11.706
18.376691	0.069778	8.380541	0.073141	-1.128599	0.067688	-12.450169	0.066474	18.7516	0.2312	186.37852013886433	1.8847720475820349	36.04999694039651	0.3778024469585232	164.55914373096644	1.3789410793390113	11.706
18.396325	0.072882	8.39697	0.074214	-1.120882	0.073204	-12.421229	0.07338	18.7462	0.2306	186.31879409656705	1.9381469165154595	36.01700072702253	0.3944687429777217	164.86819053113527	1.512228346112252	11.706
18.364496	0.072114	8.360613	0.071339	-1.149841	0.070168	-12.446717	0.068939	18.7462	0.2306	186.23445627068057	1.888398105085309	36.04501715574511	0.3792459671011228	164.9188531694244	1.4360240936927178	11.706
18.385714	0.070441	8.380832	0.072436	-1.132466	0.07117	-12.454258	0.06931	18.7462	0.2306	186.2158515584208	1.8805892777095103	36.03424010477644	0.3846439566299951	164.55591427863922	1.443898955780007	11.706
18.396035	0.073635	8.392822	0.079612	-1.124742	0.070812	-12.437608	0.06985	18.7462	0.2306	186.24693251520785	2.019101125584063	36.01809177884169	0.40321786137833804	164.68574293835576	1.4479527297968848	11.706
18.368537	0.076011	8.382647	0.074699	-1.142117	0.071951	-12.431906	0.074965	18.7516	0.2312	186.57002029879587	1.9911212955231496	35.99086433496201	0.39190393207484536	165.02236730286918	1.5188041696772698	11.706
18.366878	0.075442	8.372796	0.072849	-1.14019	0.071168	-12.441379	0.072096	18.757	0.2317	186.41708605514413	1.9561845808636333	36.035424907863124	0.3857826560364825	164.85590874938438	1.477789251061555	11.706
18.377198	0.071395	8.390812	0.073961	-1.128604	0.071522	-12.441288	0.072716	18.7516	0.2312	186.56077169428573	1.9204331482844788	36.011081970736086	0.389209659453216	164.68839079637	1.484825865805388	11.706
18.343786	0.078594	8.354683	0.072035	-1.151774	0.071519	-12.441333	0.070176	18.757	0.2317	186.5100194799384	1.990586322132484	36.060172734777744	0.3850458941720801	165.02572643225668	1.4646483148242555	11.706
18.34624	0.070208	8.376943	0.06707	-1.145985	0.070902	-12.45076	0.069026	18.7677	0.2322	186.88055963927476	1.8201197592698923	35.99780257728774	0.36893369994224023	164.80360514445417	1.4425605030439042	11.706
18.364568	0.064995	8.364663	0.065531	-1.151772	0.07117	-12.46516	0.068171	18.7623	0.232	186.30853600218006	1.7195817681789405	36.022361598754436	0.3662033131432913	164.67814784257766	1.434525945493814	11.706
18.34126	0.068919	8.366543	0.067446	-1.145978	0.073762	-12.44842	0.066616	18.7677	0.2322	186.77900590337293	1.8056809387350237	36.03718693527984	0.3786450896602134	164.83762578814634	1.4495418978073524	11.706
18.364568	0.070155	8.380735	0.073465	-1.149842	0.069214	-12.443082	0.069174	18.7462	0.2306	186.6084525586056	1.8986666606002884	35.9689129343641	0.3809319860535354	164.9719361736083	1.429469087243807	11.706
18.370847	0.074917	8.368681	0.073464	-1.144049	0.067687	-12.437562	0.070291	18.7516	0.2312	186.26642804428752	1.9539981414106575	36.03639163731899	0.37841515223957833	164.96795768208122	1.4254161045757603	11.706
18.345156	0.074251	8.356369	0.071323	-1.155628	0.072207	-12.459277	0.070255	18.7623	0.232	186.51592301344195	1.92246742459082	36.03916707223407	0.38453644530878456	164.82003711404312	1.4689798062717345	11.706
