20.232709019498976	0.1890304822791677	10.153844615498752	0.1886575658762176	2.040425814120306	0.18838687840606183	-9.620367845793496	0.18799795893335725	19.9544	0.3504	184.9910945901354	4.901823566226436	41.548653764460475	1.3653082749342202	159.89479041474925	3.6494175578489525	11.715
20.16197660587628	0.3217151647738512	10.087243940591527	0.3134477638561203	1.976958347140436	0.30717921695652284	-9.679446641386987	0.2983984374158731	20.0407	0.2366	185.06696110619387	8.250918431273268	41.56470505758026	2.2491911250530516	159.9549912821878	5.876701900722471	11.715
20.232709019498976	0.1890304822791677	10.153844615498752	0.1886575658762176	2.040425814120306	0.18838687840606183	-9.620367845793496	0.18799795893335725	20.0407	0.2366	184.9910945901354	4.901823566226436	41.548653764460475	1.3653082749342202	159.89479041474925	3.6494175578489525	11.715
20.232709019498976	0.1890304822791677	10.153844615498752	0.1886575658762176	2.040425814120306	0.18838687840606183	-9.620367845793496	0.18799795893335725	20.0407	0.2366	184.9910945901354	4.901823566226436	41.548653764460475	1.3653082749342202	159.89479041474925	3.6494175578489525	11.715
20.232709019498976	0.1890304822791677	10.153844615498752	0.1886575658762176	2.040425814120306	0.18838687840606183	-9.620367845793496	0.18799795893335725	20.0407	0.2366	184.9910945901354	4.901823566226436	41.548653764460475	1.3653082749342202	159.89479041474925	3.6494175578489525	11.715
20.197338122085466	0.286482129880698	10.12053995687137	0.2802753468709777	2.0086880289329616	0.27556981418801074	-9.649910926410763	0.26897828272410007	19.9544	0.3504	185.02902685477576	7.359115288157339	41.55667924158101	2.0136093281694767	159.92489024309043	5.28229630900149	11.715
20.232709019498976	0.1890304822791677	10.153844615498752	0.1886575658762176	2.040425814120306	0.18838687840606183	-9.620367845793496	0.18799795893335725	20.0407	0.2366	184.9910945901354	4.901823566226436	41.548653764460475	1.3653082749342202	159.89479041474925	3.6494175578489525	11.715
20.232709019498976	0.1890304822791677	10.153844615498752	0.1886575658762176	2.040425814120306	0.18838687840606183	-9.620367845793496	0.18799795893335725	20.0407	0.2366	184.9910945901354	4.901823566226436	41.548653764460475	1.3653082749342202	159.89479041474925	3.6494175578489525	11.715
20.232709019498976	0.1890304822791677	10.153844615498752	0.1886575658762176	2.040425814120306	0.18838687840606183	-9.620367845793496	0.18799795893335725	20.0407	0.2366	184.9910945901354	4.901823566226436	41.548653764460475	1.3653082749342202	159.89479041474925	3.6494175578489525	11.715
20.232709019498976	0.1890304822791677	10.153844615498752	0.1886575658762176	2.040425814120306	0.18838687840606183	-9.620367845793496	0.18799795893335725	20.0407	0.2366	184.9910945901354	4.901823566226436	41.548653764460475	1.3653082749342202	159.89479041474925	3.6494175578489525	11.715
20.232709019498976	0.1890304822791677	10.153844615498752	0.1886575658762176	2.040425814120306	0.18838687840606183	-9.620367845793496	0.18799795893335725	20.0407	0.2366	184.9910945901354	4.901823566226436	41.548653764460475	1.3653082749342202	159.89479041474925	3.6494175578489525	11.715
20.232709019498976	0.1890304822791677	10.153844615498752	0.1886575658762176	2.040425814120306	0.18838687840606183	-9.620367845793496	0.18799795893335725	20.0407	0.2366	184.9910945901354	4.901823566226436	41.548653764460475	1.3653082749342202	159.89479041474925	3.6494175578489525	11.715
20.232709019498976	0.1890304822791677	10.153844615498752	0.1886575658762176	2.040425814120306	0.18838687840606183	-9.620367845793496	0.18799795893335725	19.9544	0.3504	184.9910945901354	4.901823566226436	41.548653764460475	1.3653082749342202	159.89479041474925	3.6494175578489525	11.715
20.232709019498976	0.1890304822791677	10.153844615498752	0.1886575658762176	2.040425814120306	0.18838687840606183	-9.620367845793496	0.18799795893335725	20.0407	0.2366	184.9910945901354	4.901823566226436	41.548653764460475	1.3653082749342202	159.89479041474925	3.6494175578489525	11.715
20.232709019498976	0.1890304822791677	10.153844615498752	0.1886575658762176	2.040425814120306	0.18838687840606183	-9.620367845793496	0.18799795893335725	19.9544	0.3504	184.9910945901354	4.901823566226436	41.548653764460475	1.3653082749342202	159.89479041474925	3.6494175578489525	11.715
20.232709019498976	0.1890304822791677	10.153844615498752	0.1886575658762176	2.040425814120306	0.18838687840606183	-9.620367845793496	0.18799795893335725	20.0407	0.2366	184.9910945901354	4.901823566226436	41.548653764460475	1.3653082749342202	159.89479041474925	3.6494175578489525	11.715
20.232709019498976	0.1890304822791677	10.153844615498752	0.1886575658762176	2.040425814120306	0.18838687840606183	-9.620367845793496	0.18799795893335725	19.9544	0.3504	184.9910945901354	4.901823566226436	41.548653764460475	1.3653082749342202	159.89479041474925	3.6494175578489525	11.715
20.232709019498976	0.1890304822791677	10.153844615498752	0.1886575658762176	2.040425814120306	0.18838687840606183	-9.620367845793496	0.18799795893335725	19.9544	0.3504	184.9910945901354	4.901823566226436	41.548653764460475	1.3653082749342202	159.89479041474925	3.6494175578489525	11.715
20.232709019498976	0.1890304822791677	10.153844615498752	0.1886575658762176	1.977298030721843	0.369543834460888	-9.620367845793496	0.18799795893335725	20.0407	0.2366	184.9910945901354	4.901823566226436	41.22787354408922	2.092088180893285	160.76512103155758	5.747336199908434	11.715
20.232709019498976	0.1890304822791677	10.153844615498752	0.1886575658762176	2.040425814120306	0.18838687840606183	-9.620367845793496	0.18799795893335725	20.0407	0.2366	184.9910945901354	4.901823566226436	41.548653764460475	1.3653082749342202	159.89479041474925	3.6494175578489525	11.715
20.232709019498976	0.1890304822791677	10.153844615498752	0.1886575658762176	2.040425814120306	0.18838687840606183	-9.620367845793496	0.18799795893335725	20.0407	0.2366	184.9910945901354	4.901823566226436	41.548653764460475	1.3653082749342202	159.89479041474925	3.6494175578489525	11.715
20.232709019498976	0.1890304822791677	10.153844615498752	0.1886575658762176	2.040425814120306	0.18838687840606183	-9.620367845793496	0.18799795893335725	20.0407	0.2366	184.9910945901354	4.901823566226436	41.548653764460475	1.3653082749342202	159.89479041474925	3.6494175578489525	11.715
20.197338122085466	0.2864821298806979	10.12053995687137	0.2802753468709776	2.008688028932481	0.27556981418801063	-9.649910926410763	0.26897828272409996	20.0407	0.2366	185.02902685477576	7.359115288157336	41.55667924157854	2.013609328169237	159.92489024309705	5.282296309001925	11.715
20.232709019498976	0.1890304822791677	10.153844615498752	0.1886575658762176	1.977298030721843	0.369543834460888	-9.620367845793496	0.18799795893335725	20.0407	0.2366	184.9910945901354	4.901823566226436	41.22787354408922	2.092088180893285	160.76512103155758	5.747336199908434	11.715
20.232709019498976	0.1890304822791677	10.153844615498752	0.1886575658762176	2.040425814120306	0.18838687840606183	-9.620367845793496	0.18799795893335725	20.0407	0.2366	184.9910945901354	4.901823566226436	41.548653764460475	1.3653082749342202	159.89479041474925	3.6494175578489525	11.715
20.232709019498976	0.1890304822791677	10.153844615498752	0.1886575658762176	1.9141869510272163	0.4325500709655186	-9.620367845793496	0.18799795893335725	20.0407	0.2366	184.9910945901354	4.901823566226436	40.91209153968626	2.3431175768481065	161.64474408977355	6.60952005282799	11.715
20.232709019498976	0.1890304822791677	10.153844615498752	0.1886575658762176	2.040425814120306	0.18838687840606183	-9.620367845793496	0.18799795893335725	20.0407	0.2366	184.9910945901354	4.901823566226436	41.548653764460475	1.3653082749342202	159.89479041474925	3.6494175578489525	11.715
20.232709019498976	0.1890304822791677	10.153844615498752	0.1886575658762176	2.040425814120306	0.18838687840606183	-9.620367845793496	0.18799795893335725	20.0407	0.2366	184.9910945901354	4.901823566226436	41.548653764460475	1.3653082749342202	159.89479041474925	3.6494175578489525	11.715
20.232709019498976	0.1890304822791677	10.153844615498752	0.1886575658762176	1.977298030721843	0.369543834460888	-9.620367845793496	0.18799795893335725	20.0407	0.2366	184.9910945901354	4.901823566226436	41.22787354408922	2.092088180893285	160.76512103155758	5.747336199908434	11.715
20.16197660587628	0.3217151647738512	10.087243940591527	0.3134477638561203	1.976958347140436	0.30717921695652284	-9.679446641386987	0.2983984374158731	19.9544	0.3504	185.06696110619387	8.250918431273268	41.56470505758026	2.2491911250530516	159.9549912821878	5.876701900722471	11.715
20.232709019498976	0.1890304822791677	10.153844615498752	0.1886575658762176	1.977298030721843	0.369543834460888	-9.620367845793496	0.18799795893335725	19.9544	0.3504	184.9910945901354	4.901823566226436	41.22787354408922	2.092088180893285	160.76512103155758	5.747336199908434	11.715
20.232709019498976	0.1890304822791677	10.153844615498752	0.1886575658762176	1.9141869510272163	0.4325500709655186	-9.620367845793496	0.18799795893335725	19.8681	0.418	184.9849282203157	4.901660172107562	40.9107278033016	2.3430394729288784	161.63935593163725	6.609299735492896	11.7146095
20.197338122085466	0.2864821298806979	10.12053995687137	0.2802753468709776	1.8824736762691519	0.44982598426624687	-9.649910926410763	0.26897828272409996	20.0407	0.2366	185.02902685477576	7.359115288157336	40.91999471020208	2.6325969148003834	161.67516281830197	7.347638385165635	11.715
20.232709019498976	0.1890304822791677	10.153844615498752	0.1886575658762176	2.040425814120306	0.18838687840606183	-9.620367845793496	0.18799795893335725	20.0407	0.2366	184.9910945901354	4.901823566226436	41.548653764460475	1.3653082749342202	159.89479041474925	3.6494175578489525	11.715
20.232709019498976	0.1890304822791677	10.153844615498752	0.1886575658762176	1.977298030721843	0.369543834460888	-9.620367845793496	0.18799795893335725	20.0407	0.2366	184.9910945901354	4.901823566226436	41.22787354408922	2.092088180893285	160.76512103155758	5.747336199908434	11.715
20.232709019498976	0.1890304822791677	10.153844615498752	0.1886575658762176	1.9141869510272163	0.43255007096551856	-9.620367845793496	0.18799795893335725	20.0407	0.2366	184.9910945901354	4.901823566226436	40.91209153968626	2.3431175768481065	161.64474408977355	6.60952005282799	11.715
20.232709019498976	0.1890304822791677	10.153844615498752	0.1886575658762176	2.040425814120306	0.18838687840606183	-9.620367845793496	0.18799795893335725	20.0407	0.2366	184.9910945901354	4.901823566226436	41.548653764460475	1.3653082749342202	159.89479041474925	3.6494175578489525	11.715
20.232709019498976	0.1890304822791677	10.153844615498752	0.1886575658762176	2.040425814120306	0.18838687840606183	-9.620367845793496	0.18799795893335725	20.0407	0.2366	184.9910945901354	4.901823566226436	41.548653764460475	1.3653082749342202	159.89479041474925	3.6494175578489525	11.715
20.232709019498976	0.1890304822791677	10.153844615498752	0.1886575658762176	1.9141869510272163	0.43255007096551856	-9.620367845793496	0.18799795893335725	19.8681	0.418	184.9910945901354	4.901823566226436	40.91209153968626	2.3431175768481065	161.64474408977355	6.60952005282799	11.715
20.232709019498976	0.1890304822791677	10.153844615498752	0.1886575658762176	2.040425814120306	0.18838687840606183	-9.620367845793496	0.18799795893335725	19.8681	0.418	184.9910945901354	4.901823566226436	41.548653764460475	1.3653082749342202	159.89479041474925	3.6494175578489525	11.715
20.232709019498976	0.1890304822791677	10.153844615498752	0.1886575658762176	1.8510925683750874	0.46921797371526924	-9.620367845793496	0.18799795893335725	20.0407	0.2366	184.9910945901354	4.901823566226436	40.601191835099975	2.4730371178485973	162.53380921043674	7.161893896694487	11.715
20.232709019498976	0.1890304822791677	10.153844615498752	0.1886575658762176	2.040425814120306	0.18838687840606183	-9.620367845793496	0.18799795893335725	20.0407	0.2366	184.9910945901354	4.901823566226436	41.548653764460475	1.3653082749342202	159.89479041474925	3.6494175578489525	11.715
20.232709019498976	0.1890304822791677	10.153844615498752	0.1886575658762176	2.040425814120306	0.18838687840606183	-9.620367845793496	0.18799795893335725	20.0407	0.2366	184.9910945901354	4.901823566226436	41.548653764460475	1.3653082749342202	159.89479041474925	3.6494175578489525	11.715
20.232709019498976	0.1890304822791677	10.153844615498752	0.1886575658762176	1.9141869510272163	0.4325500709655186	-9.620367845793496	0.18799795893335725	20.0407	0.2366	184.9910945901354	4.901823566226436	40.91209153968626	2.3431175768481065	161.64474408977355	6.60952005282799	11.715
20.232709019498976	0.1890304822791677	10.153844615498752	0.1886575658762176	1.9141869510272163	0.4325500709655186	-9.620367845793496	0.18799795893335725	19.9544	0.3504	184.9910945901354	4.901823566226436	40.91209153968626	2.3431175768481065	161.64474408977355	6.60952005282799	11.715
20.197338122085466	0.2864821298806979	10.12053995687137	0.2802753468709776	1.9455725034453946	0.3920594095755705	-9.649910926410763	0.26897828272409996	20.0407	0.2366	185.02902685477576	7.359115288157336	41.23583739569066	2.430975220432776	160.7953794768765	6.593203313816409	11.715
20.232709019498976	0.1890304822791677	10.153844615498752	0.1886575658762176	1.977298030721843	0.369543834460888	-9.620367845793496	0.18799795893335725	20.0407	0.2366	184.9910945901354	4.901823566226436	41.22787354408922	2.092088180893285	160.76512103155758	5.747336199908434	11.715
20.197338122085466	0.2864821298806979	10.12053995687137	0.2802753468709776	1.8824736762691519	0.44982598426624687	-9.649910926410763	0.26897828272409996	20.0407	0.2366	185.02902685477576	7.359115288157336	40.91999471020208	2.6325969148003834	161.67516281830197	7.347638385165635	11.715
20.232709019498976	0.1890304822791677	10.153844615498752	0.1886575658762176	1.977298030721843	0.369543834460888	-9.620367845793496	0.18799795893335725	20.0407	0.2366	184.9910945901354	4.901823566226436	41.22787354408922	2.092088180893285	160.76512103155758	5.747336199908434	11.715
20.232709019498976	0.1890304822791677	10.153844615498752	0.1886575658762176	2.040425814120306	0.18838687840606183	-9.620367845793496	0.18799795893335725	20.0407	0.2366	184.9910945901354	4.901823566226436	41.548653764460475	1.3653082749342202	159.89479041474925	3.6494175578489525	11.715
20.197338122085466	0.2864821298806979	10.12053995687137	0.2802753468709776	1.8824736762691519	0.44982598426624687	-9.649910926410763	0.26897828272409996	20.0407	0.2366	185.02902685477576	7.359115288157336	40.91999471020208	2.6325969148003834	161.67516281830197	7.347638385165635	11.715
20.232709019498976	0.1890304822791677	10.153844615498752	0.1886575658762176	1.977298030721843	0.369543834460888	-9.620367845793496	0.18799795893335725	20.0407	0.2366	184.9910945901354	4.901823566226436	41.22787354408922	2.092088180893285	160.76512103155758	5.747336199908434	11.715
20.197338122085466	0.2864821298806979	10.12053995687137	0.2802753468709776	1.9455725034453946	0.3920594095755705	-9.649910926410763	0.26897828272409996	20.0407	0.2366	185.02902685477576	7.359115288157336	41.23583739569066	2.430975220432776	160.7953794768765	6.593203313816409	11.715
20.232709019498976	0.1890304822791677	10.153844615498752	0.1886575658762176	2.040425814120306	0.18838687840606183	-9.620367845793496	0.18799795893335725	20.0407	0.2366	184.9910945901354	4.901823566226436	41.548653764460475	1.3653082749342202	159.89479041474925	3.6494175578489525	11.715
20.232709019498976	0.1890304822791677	10.153844615498752	0.1886575658762176	1.977298030721843	0.369543834460888	-9.620367845793496	0.18799795893335725	20.0407	0.2366	184.9910945901354	4.901823566226436	41.22787354408922	2.092088180893285	160.76512103155758	5.747336199908434	11.715
20.232709019498976	0.1890304822791677	10.153844615498752	0.1886575658762176	2.040425814120306	0.18838687840606183	-9.620367845793496	0.18799795893335725	19.9544	0.3504	184.9910945901354	4.901823566226436	41.548653764460475	1.3653082749342202	159.89479041474925	3.6494175578489525	11.715
20.232709019498976	0.1890304822791677	10.153844615498752	0.1886575658762176	1.7880148761065218	0.4890890153446323	-9.620367845793496	0.18799795893335725	20.0407	0.2366	184.9910945901354	4.901823566226436	40.295062071036966	2.524939450128679	163.43246924407435	7.506301603191033	11.715
20.232709019498976	0.1890304822791677	10.153844615498752	0.1886575658762176	1.8510925683750874	0.46921797371526924	-9.620367845793496	0.18799795893335725	20.0407	0.2366	184.9910945901354	4.901823566226436	40.601191835099975	2.4730371178485973	162.53380921043674	7.161893896694487	11.715
20.232709019498976	0.1890304822791677	10.153844615498752	0.1886575658762176	1.8510925683750874	0.46921797371526924	-9.620367845793496	0.18799795893335725	20.0407	0.2366	184.9910945901354	4.901823566226436	40.601191835099975	2.4730371178485973	162.53380921043674	7.161893896694487	11.715
20.232709019498976	0.1890304822791677	10.153844615498752	0.1886575658762176	1.9141869510272163	0.43255007096551856	-9.620367845793496	0.18799795893335725	20.0407	0.2366	184.9910945901354	4.901823566226436	40.91209153968626	2.3431175768481065	161.64474408977355	6.60952005282799	11.715
20.232709019498976	0.1890304822791677	10.153844615498752	0.1886575658762176	1.6619095361050051	0.4889255544994888	-9.620367845793496	0.18799795893335725	19.9544	0.3504	184.9910945901354	4.901823566226436	39.696679905447795	2.4497925885398213	165.25920212819736	7.67280481577125	11.715
20.232709019498976	0.1890304822791677	10.153844615498752	0.1886575658762176	1.788014876106041	0.4890890153446321	-9.620367845793496	0.18799795893335725	20.0407	0.2366	184.9910945901354	4.901823566226436	40.29506207103466	2.5249394501283895	163.43246924408126	7.506301603191662	11.715
20.232709019498976	0.1890304822791677	10.153844615498752	0.1886575658762176	1.8510925683750874	0.46921797371526924	-9.620367845793496	0.18799795893335725	20.0407	0.2366	184.9910945901354	4.901823566226436	40.601191835099975	2.4730371178485973	162.53380921043674	7.161893896694487	11.715
20.232709019498976	0.1890304822791677	10.153844615498752	0.1886575658762176	1.9141869510272163	0.4325500709655186	-9.620367845793496	0.18799795893335725	19.8681	0.418	184.9910945901354	4.901823566226436	40.91209153968626	2.3431175768481065	161.64474408977355	6.60952005282799	11.715
20.232709019498976	0.1890304822791677	10.153844615498752	0.1886575658762176	1.9141869510272163	0.4325500709655186	-9.620367845793496	0.18799795893335725	20.0407	0.2366	184.9910945901354	4.901823566226436	40.91209153968626	2.3431175768481065	161.64474408977355	6.60952005282799	11.715
20.232709019498976	0.1890304822791677	10.153844615498752	0.1886575658762176	1.788014876106041	0.4890890153446321	-9.620367845793496	0.18799795893335725	20.0407	0.2366	184.9910945901354	4.901823566226436	40.29506207103466	2.5249394501283895	163.43246924408126	7.506301603191662	11.715
20.232709019498976	0.1890304822791677	10.153844615498752	0.1886575658762176	1.9141869510272163	0.43255007096551856	-9.620367845793496	0.18799795893335725	20.0407	0.2366	184.9910945901354	4.901823566226436	40.91209153968626	2.3431175768481065	161.64474408977355	6.60952005282799	11.715
20.232709019498976	0.1890304822791677	10.153844615498752	0.1886575658762176	1.9141869510272163	0.4325500709655186	-9.620367845793496	0.18799795893335725	20.0407	0.2366	184.9910945901354	4.901823566226436	40.91209153968626	2.3431175768481065	161.64474408977355	6.60952005282799	11.715
20.197338122085466	0.2864821298806979	10.12053995687137	0.2802753468709776	1.9455725034453946	0.3920594095755705	-9.649910926410763	0.26897828272409996	19.9544	0.3504	185.02902685477576	7.359115288157336	41.23583739569066	2.430975220432776	160.7953794768765	6.593203313816409	11.715
20.197338122085466	0.2864821298806979	10.12053995687137	0.2802753468709776	1.75632609022307	0.5033175818306834	-9.649910926410763	0.26897828272409996	20.0407	0.2366	185.02902685477576	7.359115288157336	40.30284662718936	2.7758948030091455	163.46321364377525	8.178464797055593	11.715
20.197338122085466	0.286482129880698	10.12053995687137	0.2802753468709777	1.5672297821407033	0.4840596294826101	-9.649910926410763	0.26897828272410007	20.0407	0.2366	185.02902685477576	7.359115288157339	39.4118325815481	2.5773474971891583	166.2188437112266	8.20594890480628	11.715
20.232709019498976	0.1890304822791677	10.153844615498752	0.1886575658762176	1.788014876106041	0.4890890153446321	-9.620367845793496	0.18799795893335725	20.0407	0.2366	184.9910945901354	4.901823566226436	40.29506207103466	2.5249394501283895	163.43246924408126	7.506301603191662	11.715
20.232709019498976	0.1890304822791677	10.153844615498752	0.1886575658762176	1.977298030721843	0.369543834460888	-9.620367845793496	0.18799795893335725	19.9544	0.3504	184.9910945901354	4.901823566226436	41.22787354408922	2.092088180893285	160.76512103155758	5.747336199908434	11.715
20.232709019498976	0.1890304822791677	10.153844615498752	0.1886575658762176	1.788014876106041	0.4890890153446321	-9.620367845793496	0.18799795893335725	20.0407	0.2366	184.9910945901354	4.901823566226436	40.29506207103466	2.5249394501283895	163.43246924408126	7.506301603191662	11.715
20.197338122085466	0.2864821298806979	10.12053995687137	0.2802753468709776	1.9455725034453946	0.3920594095755705	-9.649910926410763	0.26897828272409996	20.0407	0.2366	185.02902685477576	7.359115288157336	41.23583739569066	2.430975220432776	160.7953794768765	6.593203313816409	11.715
20.232709019498976	0.1890304822791677	10.153844615498752	0.1886575658762176	1.8510925683750874	0.46921797371526924	-9.620367845793496	0.18799795893335725	20.0407	0.2366	184.9910945901354	4.901823566226436	40.601191835099975	2.4730371178485973	162.53380921043674	7.161893896694487	11.715
20.232709019498976	0.1890304822791677	10.153844615498752	0.1886575658762176	1.9772980307223238	0.369543834460888	-9.620367845793496	0.18799795893335725	20.0407	0.2366	184.9910945901354	4.901823566226436	41.227873544091636	2.0920881808935308	160.76512103155096	5.747336199907959	11.715
20.232709019498976	0.1890304822791677	10.153844615498752	0.1886575658762176	1.977298030721843	0.369543834460888	-9.620367845793496	0.18799795893335725	20.0407	0.2366	184.9910945901354	4.901823566226436	41.22787354408922	2.092088180893285	160.76512103155758	5.747336199908434	11.715
20.197338122085466	0.2864821298806979	10.12053995687137	0.2802753468709776	1.8824736762691519	0.44982598426624687	-9.649910926410763	0.26897828272409996	20.0407	0.2366	185.02902685477576	7.359115288157336	40.91999471020208	2.6325969148003834	161.67516281830197	7.347638385165635	11.715
20.232709019498976	0.1890304822791677	10.153844615498752	0.1886575658762176	1.9141869510272163	0.4325500709655186	-9.620367845793496	0.18799795893335725	20.0407	0.2366	184.9910945901354	4.901823566226436	40.91209153968626	2.3431175768481065	161.64474408977355	6.60952005282799	11.715
20.197338122085466	0.2864821298806979	10.12053995687137	0.2802753468709776	2.008688028932481	0.27556981418801063	-9.649910926410763	0.26897828272409996	19.9544	0.3504	185.02902685477576	7.359115288157336	41.55667924157854	2.013609328169237	159.92489024309705	5.282296309001925	11.715
20.232709019498976	0.1890304822791677	10.153844615498752	0.1886575658762176	1.9141869510272163	0.4325500709655186	-9.620367845793496	0.18799795893335725	19.9544	0.3504	184.9910945901354	4.901823566226436	40.91209153968626	2.3431175768481065	161.64474408977355	6.60952005282799	11.715
20.232709019498976	0.1890304822791677	10.153844615498752	0.1886575658762176	1.788014876106041	0.4890890153446321	-9.620367845793496	0.18799795893335725	20.0407	0.2366	184.9910945901354	4.901823566226436	40.29506207103466	2.5249394501283895	163.43246924408126	7.506301603191662	11.715
20.232709019498976	0.1890304822791677	10.153844615498752	0.1886575658762176	1.8510925683750874	0.46921797371526924	-9.620367845793496	0.18799795893335725	20.0407	0.2366	184.9910945901354	4.901823566226436	40.601191835099975	2.4730371178485973	162.53380921043674	7.161893896694487	11.715
20.232709019498976	0.1890304822791677	10.153844615498752	0.1886575658762176	1.9772980307223238	0.369543834460888	-9.620367845793496	0.18799795893335725	20.0407	0.2366	184.9910945901354	4.901823566226436	41.227873544091636	2.0920881808935308	160.76512103155096	5.747336199907959	11.715
20.232709019498976	0.1890304822791677	10.153844615498752	0.1886575658762176	2.040425814120306	0.18838687840606183	-9.620367845793496	0.18799795893335725	20.0407	0.2366	184.9910945901354	4.901823566226436	41.548653764460475	1.3653082749342202	159.89479041474925	3.6494175578489525	11.715
20.232709019498976	0.1890304822791677	10.153844615498752	0.1886575658762176	1.977298030721843	0.369543834460888	-9.620367845793496	0.18799795893335725	20.0407	0.2366	184.9910945901354	4.901823566226436	41.22787354408922	2.092088180893285	160.76512103155758	5.747336199908434	11.715
20.197338122085466	0.2864821298806979	10.12053995687137	0.2802753468709776	1.75632609022307	0.5033175818306834	-9.649910926410763	0.26897828272409996	20.0407	0.2366	185.02902685477576	7.359115288157336	40.30284662718936	2.7758948030091455	163.46321364377525	8.178464797055593	11.715
20.232709019498976	0.1890304822791677	10.153844615498752	0.1886575658762176	1.788014876106041	0.4890890153446321	-9.620367845793496	0.18799795893335725	20.0407	0.2366	184.9910945901354	4.901823566226436	40.29506207103466	2.5249394501283895	163.43246924408126	7.506301603191662	11.715
20.197338122085466	0.286482129880698	10.12053995687137	0.2802753468709777	1.819391540747221	0.48439590291732476	-9.649910926410763	0.26897828272410007	20.0407	0.2366	185.02902685477576	7.359115288157339	40.609035247430434	2.737732269161492	162.56438991477435	7.853253427578876	11.715
20.197338122085466	0.2864821298806979	10.12053995687137	0.2802753468709776	1.819391540747221	0.48439590291732443	-9.649910926410763	0.26897828272409996	19.9544	0.3504	185.02902685477576	7.359115288157336	40.609035247430434	2.7377322691614907	162.56438991477435	7.853253427578871	11.715
20.197338122085466	0.2864821298806979	10.12053995687137	0.2802753468709776	1.819391540747221	0.48439590291732443	-9.649910926410763	0.26897828272409996	20.0407	0.2366	185.02902685477576	7.359115288157336	40.609035247430434	2.7377322691614907	162.56438991477435	7.853253427578871	11.715
20.232709019498976	0.1890304822791677	10.153844615498752	0.1886575658762176	1.5988818750738896	0.4689121505402525	-9.620367845793496	0.18799795893335725	20.0407	0.2366	184.9910945901354	4.901823566226436	39.4042193815324	2.328063380961355	166.18759762996032	7.483309553960857	11.715
20.232709019498976	0.1890304822791677	10.153844615498752	0.1886575658762176	1.6619095361050051	0.4889255544994891	-9.620367845793496	0.18799795893335725	19.8681	0.418	184.9910945901354	4.901823566226436	39.696679905447795	2.449792588539822	165.25920212819736	7.672804815771253	11.715
20.232709019498976	0.1890304822791677	10.153844615498752	0.1886575658762176	1.5358708778290457	0.43214960231581523	-9.620367845793496	0.18799795893335725	20.0407	0.2366	184.9910945901354	4.901823566226436	39.116112311997945	2.1402482910259786	167.12623353725908	7.059886113995366	11.715
20.232709019498976	0.1890304822791677	10.153844615498752	0.1886575658762176	1.5358708778290457	0.43214960231581523	-9.620367845793496	0.18799795893335725	20.0407	0.2366	184.9910945901354	4.901823566226436	39.116112311997945	2.1402482910259786	167.12623353725908	7.059886113995366	11.715
20.232709019498976	0.1890304822791677	10.153844615498752	0.1886575658762176	1.7249538675664287	0.4953745885797675	-9.620367845793496	0.18799795893335725	20.0407	0.2366	184.9910945901354	4.901823566226436	39.99359330968085	2.515148461565762	164.34088035828654	7.6750344710168275	11.715
20.232709019498976	0.1890304822791677	10.153844615498752	0.1886575658762176	1.7249538675664287	0.4953745885797672	-9.620367845793496	0.18799795893335725	20.0407	0.2366	184.9910945901354	4.901823566226436	39.99359330968085	2.5151484615657607	164.34088035828654	7.675034471016823	11.715
20.232709019498976	0.1890304822791677	10.153844615498752	0.1886575658762176	1.4728765377298025	0.3691431957274711	-9.620367845793496	0.18799795893335725	20.0407	0.2366	184.9910945901354	4.901823566226436	38.83226220907539	1.8544276077529678	168.07528022107584	6.276484670010041	11.715
20.232709019498976	0.1890304822791677	10.153844615498752	0.1886575658762176	1.5358708778290457	0.43214960231581523	-9.620367845793496	0.18799795893335725	20.0407	0.2366	184.9910945901354	4.901823566226436	39.116112311997945	2.1402482910259786	167.12623353725908	7.059886113995366	11.715
