8.332237130359145	0.18861233506772337	0.5577743617249303	0.18832206829299217	-8.498368943837844	0.18801884874702174	-16.2163993090614	0.18776779364193455	20.0407	0.2366	239.82366548127436	8.221906947434926	37.8823542821407	1.1131668307269529	241.57719911581972	8.317176093847065	11.715
8.365408615682012	0.2798994371644453	0.5893823137728454	0.27520052180224314	-8.468475789835672	0.27004856629446117	-16.187922040934826	0.2657948229534688	20.0407	0.2366	239.77544390041257	12.103716407829237	37.87518254392754	1.61223579007889	241.5328894939935	11.855686108935094	11.715
8.530801567962898	0.3729676895666901	0.7158950264409863	0.3384408458756214	-8.348828068386602	0.329849792425148	-16.07394253457929	0.32275662162018787	20.0407	0.2366	238.64362462198235	15.379456984945861	37.856190318219475	1.9736431253810829	241.41747430572133	14.422009256662944	11.718
8.431189888557682	0.34512794387841544	0.6209983531591593	0.30675397054202636	-8.438575128122357	0.299886285303545	-16.159437732038647	0.2942159049276382	20.0407	0.2366	238.7265600172526	14.113806552210374	37.86801109787317	1.793117711641663	241.48858151883377	13.140040764492161	11.715
8.398588737647989	0.3130170170807871	0.6209983531591593	0.3067539705420265	-8.438575128121878	0.29988628530354516	-16.159437732038647	0.29421590492763827	20.0407	0.2366	239.78861459073903	13.512070736662467	37.87770841185671	1.7935768967152574	241.5504223847647	13.143405691702952	11.718
8.46379543874149	0.3663319226983689	0.6209983531591593	0.30675397054202636	-8.438575128122357	0.299886285303545	-16.159437732038647	0.29421590492763816	20.0407	0.2366	237.79496049684602	14.487112823395002	37.8777084118547	1.793576896715067	241.5504223847797	13.143405691704578	11.718
8.430602351190199	0.34429595328630075	0.5893823137728454	0.27520052180224314	-8.468475789835672	0.27004856629446117	-16.187922040934826	0.2657948229534688	20.0407	0.2366	237.7818948358017	13.366067055206058	37.87518254392754	1.61223579007889	241.5328894939935	11.855686108935094	11.715
8.36482531940974	0.2781498445081334	0.5577743617249303	0.18832206829299217	-8.498368943837844	0.18801884874702174	-16.2163993090614	0.18776779364193455	20.0407	0.2366	238.8837517853081	10.278193144638763	37.89205526915278	1.1134518926554364	241.63906267513235	8.319305972488255	11.718
8.596056001301685	0.403698869329553	0.7158950264409863	0.3384408458756214	-8.348828068386602	0.329849792425148	-16.07394253457929	0.3227566216201878	20.0407	0.2366	236.66745249246608	15.82146390338753	37.856190318219475	1.9736431253810829	241.41747430572133	14.422009256662943	11.718
8.431189888557682	0.34512794387841544	0.6209983531591593	0.30675397054202636	-8.438575128122357	0.299886285303545	-16.159437732038647	0.2942159049276382	20.0407	0.2366	238.78769357935693	14.117420843260875	37.8777084118547	1.793576896715067	241.5504223847797	13.14340569170458	11.718
8.431189888557682	0.34512794387841544	0.6209983531591593	0.30675397054202636	-8.438575128122357	0.299886285303545	-16.159437732038647	0.2942159049276382	20.0407	0.2366	238.78769357935693	14.117420843260875	37.8777084118547	1.793576896715067	241.5504223847797	13.14340569170458	11.718
8.594859692124905	0.40331755852107093	0.6526224829924965	0.325177422226627	-8.408666955865629	0.31730821120631736	-16.130946379757834	0.310810934729395	20.0407	0.2366	234.8176683776681	15.317346939193277	37.8705354216117	1.8988577800249116	241.506104710575	13.890979421716466	11.718
8.36482531940974	0.2781498445081334	0.5577743617249303	0.18832206829299217	-8.498368943837844	0.18801884874702174	-16.2163993090614	0.18776779364193455	20.0407	0.2366	238.8837517853081	10.278193144638763	37.89205526915278	1.1134518926554364	241.63906267513235	8.319305972488255	11.718
8.398003284524778	0.3198098344086643	0.5893823137728454	0.27520052180224314	-8.468475789835672	0.27004856629446117	-16.187922040934826	0.2657948229534688	20.0407	0.2366	238.77457560115278	12.901505759883173	37.87518254392754	1.61223579007889	241.5328894939935	11.855686108935094	11.715
8.462616268367352	0.33995653704221007	0.5577743617249303	0.18832206829299217	-8.498368943837844	0.18801884874702174	-16.2163993090614	0.18776779364193455	20.0407	0.2366	235.86811480123575	11.596202203439812	37.8823542821407	1.1131668307269529	241.57719911581972	8.317176093847065	11.715
8.496405389095282	0.3801220880117079	0.6209983531591593	0.30675397054202636	-8.438575128122357	0.299886285303545	-16.159437732038647	0.2942159049276382	20.0407	0.2366	236.7496879607223	14.683962031322226	37.86801109787317	1.793117711641663	241.48858151883377	13.140040764492161	11.715
8.4632058165727	0.3597701044029872	0.5893823137728454	0.27520052180224314	-8.468475789835672	0.27004856629446117	-16.187922040934826	0.2657948229534688	20.0407	0.2366	236.85794106099308	13.625707136204959	37.884881694386934	1.6126486545577834	241.59474170641192	11.858722136107676	11.718
8.46379543874149	0.36633192269836906	0.6209983531591593	0.3067539705420265	-8.438575128121878	0.29988628530354516	-16.159437732038647	0.29421590492763827	20.0407	0.2366	237.79496049684602	14.487112823395009	37.87770841185671	1.7935768967152574	241.5504223847647	13.143405691702952	11.718
8.430014887519416	0.3296364624002157	0.5577743617249303	0.18832206829299217	-8.498368943837844	0.18801884874702174	-16.2163993090614	0.18776779364193455	20.0407	0.2366	236.84491755711238	11.421837462404717	37.8823542821407	1.1131668307269529	241.57719911581972	8.317176093847065	11.715
8.59426165013043	0.38804070573921967	0.6209983531591593	0.30675397054202636	-8.438575128122357	0.299886285303545	-16.159437732038647	0.2942159049276382	20.0407	0.2366	233.90393038434604	14.510920367878755	37.8777084118547	1.793576896715067	241.5504223847797	13.14340569170458	11.718
8.593065791259628	0.31076924671199163	0.5577743617249303	0.18832206829299217	-8.498368943837844	0.18801884874702174	-16.2163993090614	0.18776779364193455	20.0407	0.2366	232.03889674347784	10.493404158331776	37.8823542821407	1.1131668307269529	241.57719911581972	8.317176093847065	11.715
8.495222048270243	0.34326750857291355	0.5577743617249303	0.18832206829299217	-8.468010837960211	0.271432649317925	-16.15767483989229	0.297720671908407	20.0407	0.2366	234.95935933059872	11.589903276453816	38.01950468217695	1.3916024844174744	242.5304438116206	12.706792171954467	11.718
8.46379543874149	0.3663319226983689	0.6209983531591593	0.30675397054202636	-8.438575128122357	0.299886285303545	-16.159437732038647	0.29421590492763816	20.0407	0.2366	237.79496049684602	14.487112823395002	37.8777084118547	1.793576896715067	241.5504223847797	13.143405691704578	11.718
8.462616268367352	0.33995653704221007	0.5577743617249303	0.18832206829299217	-8.468010837960211	0.271432649317925	-16.2163993090614	0.18776779364193455	20.0407	0.2366	235.92851636712595	11.599171781468863	38.01950468217695	1.3916024844174744	240.6923233271733	10.25249210564891	11.718
8.625689176334769	0.27825583880986665	0.5577743617249303	0.18832206829299217	-8.468010837960211	0.271432649317925	-16.18703895433627	0.26842862564470077	20.0407	0.2366	231.15980597286705	9.626793686450531	38.01950468217695	1.3916024844174744	241.60782873613917	11.948744679334116	11.718
8.528425947070977	0.3712902245400885	0.5893823137728454	0.27520052180224314	-8.377372348296506	0.345806944868991	-16.099813335088854	0.3396563641051476	20.0407	0.2366	234.85198525694224	13.671566902842702	38.25999952718597	1.885734523163476	241.4392238814643	15.154441160871157	11.715
8.59426165013043	0.38804070573921967	0.6209983531591593	0.30675397054202636	-8.40820550682167	0.3305993222436401	-16.130066469985085	0.3242750717639144	20.0407	0.2366	233.90393038434604	14.510920367878755	38.005109639919155	1.898285385062942	241.51919233557456	14.484147283667033	11.718
8.626289155578544	0.34445092669500676	0.5893823137728454	0.27520052180224314	-8.438111927215195	0.30810393082981835	-16.070436242767805	0.3475917208178433	20.0407	0.2366	232.05166612729008	12.729856873709746	38.012307014465065	1.7395108955284078	244.35251255643186	14.870768704003453	11.718
8.59426165013043	0.38804070573921967	0.6209983531591593	0.30675397054202636	-8.377831933303401	0.3507236553248584	-16.130066469985085	0.3242750717639144	20.0407	0.2366	233.84404714564033	14.507205334502439	38.123624761238375	1.97398168364416	240.5113196071654	14.819368882652826	11.715
8.626289155578544	0.34445092669500676	0.5893823137728454	0.27520052180224314	-8.377372348296506	0.345806944868991	-16.041055387382823	0.350171837243623	20.0407	0.2366	232.05166612729008	12.729856873709746	38.26979722232737	1.886217425730227	243.35265611052424	15.627449314334342	11.718
8.660725686884243	0.4083840410642352	0.6842547063824426	0.3352089497066669	-8.378751270232256	0.3267941513993561	-16.014290157806133	0.3742180989426682	20.0407	0.2366	233.75000835322513	15.482955941109356	37.85366908246396	1.955310907838503	244.18710791400105	15.888583444304025	11.715
8.594859692124905	0.40331755852107076	0.6526224829924965	0.325177422226627	-8.378291573945447	0.3448206784428154	-16.013416923847686	0.3745972421979033	20.0407	0.2366	234.75755120706444	15.313425447401364	37.988184470386585	1.9937099446408684	244.20033370446592	16.284259542309304	11.715
8.59426165013043	0.38804070573921967	0.6209983531591593	0.30675397054202636	-8.256298101555123	0.3712411472549775	-15.89496087866566	0.3244687484710862	20.0407	0.2366	233.84404714564033	14.507205334502439	38.64555283033044	2.096457285543586	244.0872457295248	15.755064706653451	11.715
8.625689176334769	0.27825583880986665	0.5577743617249303	0.18832206829299217	-8.34653890951212	0.3320912477167014	-15.981411158491262	0.29781118348968794	20.0407	0.2366	231.15980597286705	9.626793686450531	38.538163719848434	1.6523215518020902	244.2709664723199	14.271529872542775	11.718
8.625689176334769	0.27825583880986665	0.5577743617249303	0.18832206829299217	-8.376912818914667	0.32900762990557314	-15.922626487362333	0.18777803456747627	20.0407	0.2366	231.15980597286705	9.626793686450531	38.40715133299021	1.629589005887036	247.15722131747683	12.408204330830813	11.718
8.625689176334769	0.27825583880986665	0.5577743617249303	0.18832206829299217	-8.285779231477695	0.3194671757478796	-15.981411158491262	0.29781118348968794	20.0407	0.2366	231.15980597286705	9.626793686450531	38.8029403613849	1.6271508839927835	242.34236263357374	13.753657594757621	11.718
8.658316964942282	0.18862377143464062	0.5893221596011583	0.2750149175240447	-8.225003735965595	0.2715278944773902	-15.922626487362333	0.18777803456747627	20.0407	0.2366	231.06969372286397	9.549917858108738	38.92164110969792	1.7065541298783822	242.21765843009644	10.38815677708665	11.715
8.758051992396444	0.3326513030637599	0.6526224829924965	0.325177422226627	-8.195956232469753	0.3757374646665297	-15.866420377018212	0.3379695722692188	20.0407	0.2366	230.08991947768789	13.205274182862189	38.78090410837535	2.177818407344566	243.13751919123484	16.019263565425085	11.718
8.724798321565057	0.31327680297957455	0.6209983531591593	0.30675397054202636	-8.16510619145976	0.3308037743063309	-15.865555731987314	0.2944345248546076	20.0407	0.2366	230.1361867792611	12.451408422161974	39.056658262724596	2.0054507877269314	242.19074657075942	13.928538161801095	11.718
8.658316964942282	0.18862377143464062	0.6208741397807597	0.3064904915443287	-8.194610054716549	0.1880294393245088	-15.922626487362333	0.18777803456747627	20.0407	0.2366	231.97678650785113	10.386931099483549	38.91652705194702	1.5873506641342168	241.26503541649677	8.296155105678011	11.715
8.658316964942282	0.18862377143464062	0.6524303030995254	0.3248575323652156	-8.194610054716549	0.1880294393245088	-15.922626487362333	0.18777803456747627	20.0407	0.2366	232.89115085878473	10.927593037988329	38.77771720890551	1.645206592793988	241.26503541649677	8.296155105678011	11.715
8.658316964942282	0.18862377143464062	0.5577743617249303	0.18832206829299217	-8.194610054716549	0.1880294393245088	-15.922626487362333	0.18777803456747627	20.0407	0.2366	230.2287284323526	7.575468560842971	39.20713103221671	1.192113135825036	241.3268190363217	8.29827960122364	11.718
8.691553313543437	0.28009432279030483	0.652494355166687	0.3381357040066287	-8.16465927705721	0.27022172281554385	-15.89409463908247	0.26595884532299385	20.0407	0.2366	231.98954415025293	12.670794706399546	38.91912253923159	1.910591734781419	241.28251751912836	11.835534725315183	11.718
8.658316964942282	0.18862377143464062	0.6208741397807597	0.3064904915443287	-8.194610054716549	0.1880294393245088	-15.922626487362333	0.18777803456747627	20.0407	0.2366	231.97678650785113	10.386931099483549	38.91652705194702	1.5873506641342168	241.26503541649677	8.296155105678011	11.715
8.758051992396444	0.3326513030637599	0.6526224829924965	0.325177422226627	-8.1047351375486	0.31757266613024066	-15.837009763454143	0.311061425941338	20.0407	0.2366	230.0310126882671	13.201893416302315	39.17483377936649	2.0332539280582673	241.13216983717757	13.862900652742237	11.715
8.658316964942282	0.18862377143464062	0.7155551824986771	0.3380526606673429	-8.194610054716549	0.1880294393245088	-15.922626487362333	0.18777803456747627	20.0407	0.2366	234.7420468334803	11.440897153378582	38.50299292972349	1.671571079875651	241.26503541649677	8.296155105678011	11.715
8.658316964942282	0.18862377143464062	0.7471239002520873	0.33488884156033627	-8.194610054716549	0.1880294393245088	-15.922626487362333	0.18777803456747627	20.0407	0.2366	235.73911139581864	11.453104388621945	38.37688354271286	1.6483605937927577	241.3268190363217	8.29827960122364	11.718
8.658316964942282	0.18862377143464062	0.6208741397807597	0.3064904915443287	-8.194610054716549	0.1880294393245088	-15.922626487362333	0.18777803456747627	20.0407	0.2366	232.03619157481853	10.389591005014788	38.92649287193472	1.5877571559816261	241.3268190363217	8.29827960122364	11.718
8.658316964942282	0.18862377143464062	0.6208741397807597	0.3064904915443287	-8.194610054716549	0.1880294393245088	-15.922626487362333	0.18777803456747627	20.0407	0.2366	231.97678650785113	10.386931099483549	38.91652705194702	1.5873506641342168	241.26503541649677	8.296155105678011	11.715
8.758051992396444	0.3326513030637599	0.7789123932419872	0.39223947043962304	-8.1047351375486	0.31757266613024066	-15.837009763454143	0.311061425941338	20.0407	0.2366	233.7316699344952	15.065427931329157	38.627813797247086	2.19445593093031	241.19391943252643	13.866450691321683	11.718
8.791314329428344	0.34320099239802676	0.8737515459025516	0.3993270361219048	-8.074761770015565	0.32707693835722795	-15.808456730858314	0.3201143038835632	20.0407	0.2366	235.48915358158592	15.66081608381115	38.33799168861908	2.2114612202968584	241.08788460908954	14.266949142393251	11.715
8.658316964942282	0.18862377143464062	0.6524303030995254	0.32485753236521564	-8.194610054716549	0.1880294393245088	-15.922626487362333	0.18777803456747627	20.0407	0.2366	232.9507900779547	10.930391397281028	38.787647482198444	1.6456279005002092	241.3268190363217	8.29827960122364	11.718
8.691553313543437	0.28009432279030483	0.8735183554591656	0.31444642376106474	-8.16465927705721	0.27022172281554385	-15.89409463908247	0.26595884532299385	20.0407	0.2366	238.48705823367544	12.845693636550974	37.95765508048001	1.7412126292346173	241.2207452412176	11.832504634499694	11.715
8.758051992396444	0.3326513030637599	0.9052693254638654	0.3726564068654368	-8.1047351375486	0.31757266613024066	-15.837009763454143	0.311061425941338	20.0407	0.2366	237.43177895051275	15.103457549677001	38.07634397291544	2.069126659771281	241.13216983717757	13.862900652742237	11.715
8.658316964942282	0.18862377143464062	0.7155551824986771	0.33805266066734296	-8.194610054716549	0.1880294393245088	-15.922626487362333	0.18777803456747627	20.0407	0.2366	234.7420468334803	11.440897153378582	38.50299292972349	1.6715710798756511	241.26503541649677	8.296155105678011	11.715
8.658316964942282	0.18862377143464062	0.5893221596011583	0.2750149175240447	-8.194610054716549	0.1880294393245088	-15.922626487362333	0.18777803456747627	20.0407	0.2366	231.06969372286397	9.549917858108738	39.056315640957365	1.4812925781833703	241.26503541649677	8.296155105678011	11.715
8.658316964942282	0.18862377143464062	0.7786968044902303	0.3249343830854847	-8.194610054716549	0.1880294393245088	-15.922626487362333	0.18777803456747627	20.0407	0.2366	236.62310115905234	11.282612010537449	38.23206255107299	1.5995152027499753	241.26503541649677	8.296155105678011	11.715
8.658316964942282	0.18862377143464062	0.8418551757686855	0.2751157591997672	-8.194610054716549	0.1880294393245088	-15.922626487362333	0.18777803456747627	20.0407	0.2366	238.53505698755296	10.179498491331833	37.96484802196755	1.4000068016168132	241.26503541649677	8.296155105678011	11.715
8.658316964942282	0.18862377143464062	0.810273896050339	0.30659116447297174	-8.194610054716549	0.1880294393245088	-15.922626487362333	0.18777803456747627	20.0407	0.2366	237.63600770021566	10.899710080974552	38.10775180845371	1.5220321168313997	241.3268190363217	8.29827960122364	11.718
8.758051992396444	0.3326513030637599	0.9368690369861546	0.35360359560858257	-8.1047351375486	0.31757266613024066	-15.837009763454143	0.311061425941338	20.0407	0.2366	238.39106807133172	14.797567050307551	37.94327007782542	1.994507857957902	241.13216983717757	13.862900652742237	11.715
8.658316964942282	0.18862377143464062	0.8418551757686855	0.2751157591997672	-8.194610054716549	0.1880294393245088	-15.922626487362333	0.18777803456747627	20.0407	0.2366	238.53505698755296	10.179498491331833	37.96484802196755	1.4000068016168132	241.26503541649677	8.296155105678011	11.715
8.691553313543437	0.28009432279030483	0.9051099673493785	0.27538492461105946	-8.16465927705721	0.27022172281554385	-15.89409463908247	0.26595884532299385	20.0407	0.2366	239.45466183002597	12.079601756995935	37.82544184822995	1.6090586427852245	241.2207452412176	11.832504634499694	11.715
8.658316964942282	0.18862377143464062	0.810273896050339	0.30659116447297174	-8.194610054716549	0.1880294393245088	-15.922626487362333	0.18777803456747627	20.0407	0.2366	237.63600770021566	10.899710080974552	38.10775180845371	1.5220321168313997	241.3268190363217	8.29827960122364	11.718
8.691553313543437	0.28009432279030483	0.9051099673493785	0.27538492461105946	-8.16465927705721	0.27022172281554385	-15.89409463908247	0.26595884532299385	20.0407	0.2366	239.45466183002597	12.079601756995935	37.82544184822995	1.6090586427852245	241.2207452412176	11.832504634499694	11.715
8.658316964942282	0.18862377143464062	0.8418551757686855	0.2751157591997672	-8.194610054716549	0.1880294393245088	-15.922626487362333	0.18777803456747627	20.0407	0.2366	238.53505698755296	10.179498491331833	37.96484802196755	1.4000068016168132	241.26503541649677	8.296155105678011	11.715
8.691553313543437	0.28009432279030483	0.9051099673493785	0.27538492461105946	-8.16465927705721	0.27022172281554385	-15.89409463908247	0.26595884532299385	20.0407	0.2366	239.45466183002597	12.079601756995935	37.82544184822995	1.6090586427852245	241.2207452412176	11.832504634499694	11.715
8.691553313543437	0.28009432279030483	0.9051099673493785	0.27538492461105946	-8.16465927705721	0.27022172281554385	-15.89409463908247	0.26595884532299385	20.0407	0.2366	239.5159818458595	12.082695124923461	37.835128260995184	1.6094706936540555	241.28251751912836	11.835534725315183	11.718
8.691553313543437	0.28009432279030483	0.9051099673493785	0.27538492461105946	-8.16465927705721	0.27022172281554385	-15.89409463908247	0.26595884532299385	20.0407	0.2366	239.45466183002597	12.079601756995935	37.82544184822995	1.6090586427852245	241.2207452412176	11.832504634499694	11.715
8.691553313543437	0.28009432279030483	0.9051099673493785	0.27538492461105946	-8.16465927705721	0.27022172281554385	-15.89409463908247	0.26595884532299385	20.0407	0.2366	239.45466183002597	12.079601756995935	37.82544184822995	1.6090586427852245	241.2207452412176	11.832504634499694	11.715
8.658316964942282	0.18862377143464062	0.8734406444839447	0.188333088384155	-8.194610054716549	0.1880294393245088	-15.922626487362333	0.18777803456747627	20.0407	0.2366	239.50286190439837	8.20041388510846	37.83261039347887	1.11030907266999	241.26503541649677	8.296155105678011	11.715
8.691553313543437	0.28009432279030483	0.9051099673493785	0.27538492461105946	-8.16465927705721	0.27022172281554385	-15.89409463908247	0.26595884532299385	20.0407	0.2366	239.45466183002597	12.079601756995935	37.82544184822995	1.6090586427852245	241.2207452412176	11.832504634499694	11.715
8.724798321565057	0.31327680297957455	0.9367873986724408	0.3069997744418047	-8.134700972281372	0.3001170886011884	-15.865555731987314	0.2944345248546076	20.0407	0.2366	239.40646421551796	13.48347832499747	37.81827359550419	1.7898158727913362	241.1764567146614	13.116011713687524	11.715
8.658316964942282	0.18862377143464062	0.8734406444839447	0.188333088384155	-8.194610054716549	0.1880294393245088	-15.922626487362333	0.18777803456747627	20.0407	0.2366	239.50286190439837	8.20041388510846	37.83261039347887	1.11030907266999	241.26503541649677	8.296155105678011	11.715
8.691553313543437	0.28009432279030483	0.9051099673493785	0.27538492461105946	-8.16465927705721	0.27022172281554385	-15.89409463908247	0.26595884532299385	20.0407	0.2366	239.45466183002597	12.079601756995935	37.82544184822995	1.6090586427852245	241.2207452412176	11.832504634499694	11.715
8.658316964942282	0.18862377143464062	0.8734406444839447	0.188333088384155	-8.194610054716549	0.1880294393245088	-15.922626487362333	0.18777803456747627	20.0407	0.2366	239.50286190439837	8.20041388510846	37.83261039347887	1.11030907266999	241.26503541649677	8.296155105678011	11.715
8.658316964942282	0.18862377143464062	0.8734406444839447	0.188333088384155	-8.194610054716549	0.1880294393245088	-15.922626487362333	0.18777803456747627	20.0407	0.2366	239.50286190439837	8.20041388510846	37.83261039347887	1.11030907266999	241.26503541649677	8.296155105678011	11.715
8.691553313543437	0.28009432279030483	0.9051099673493785	0.27538492461105946	-8.16465927705721	0.27022172281554385	-15.89409463908247	0.26595884532299385	20.0407	0.2366	239.45466183002597	12.079601756995935	37.82544184822995	1.6090586427852245	241.2207452412176	11.832504634499694	11.715
8.658316964942282	0.18862377143464062	0.8734406444839447	0.188333088384155	-8.194610054716549	0.1880294393245088	-15.922626487362333	0.18777803456747627	20.0407	0.2366	239.50286190439837	8.20041388510846	37.83261039347887	1.11030907266999	241.26503541649677	8.296155105678011	11.715
8.691553313543437	0.28009432279030483	0.9051099673493785	0.27538492461105946	-8.16465927705721	0.27022172281554385	-15.89409463908247	0.26595884532299385	20.0407	0.2366	239.45466183002597	12.079601756995935	37.82544184822995	1.6090586427852245	241.2207452412176	11.832504634499694	11.715
8.724798321565057	0.3132768029795747	0.9051896414925634	0.33845272469159343	-8.134700972281372	0.3001170886011886	-15.894960878665179	0.32446874847108637	20.0407	0.2366	238.43906192813074	14.062695620851432	37.95046243241469	1.899015380441576	240.2625918221842	13.684119574859134	11.715
8.758051992396444	0.3326513030637599	0.9684729415723292	0.32545906990600226	-8.1047351375486	0.31757266613024066	-15.925230297765795	0.3679106775276683	20.0407	0.2366	239.3582690613167	14.300266074775974	37.811105635351474	1.8949972127734453	238.41203403670056	14.81643337408408	11.715
8.691553313543437	0.28009432279030483	0.9051099673493785	0.27538492461105946	-8.16465927705721	0.27022172281554385	-15.98228238451861	0.33974981178387187	20.0407	0.2366	239.45466183002597	12.079601756995935	37.82544184822995	1.6090586427852245	238.49962228826465	13.24374188782456	11.715
8.658316964942282	0.18862377143464062	0.8734406444839447	0.188333088384155	-8.194610054716549	0.1880294393245088	-16.18703895433627	0.26842862564470077	20.0407	0.2366	239.50286190439837	8.20041388510846	37.83261039347887	1.11030907266999	233.28329619676273	9.565885811739367	11.715
8.658316964942282	0.18862377143464062	0.8734406444839447	0.188333088384155	-8.194610054716549	0.1880294393245088	-16.18703895433627	0.26842862564470077	20.0407	0.2366	239.5641942634008	8.20251386305599	37.84229864197912	1.1105934027782283	233.3430358372741	9.568335462395384	11.718
8.658316964942282	0.18862377143464062	0.8734406444839447	0.188333088384155	-8.194610054716549	0.1880294393245088	-16.2163993090614	0.18776779364193455	20.0407	0.2366	239.50286190439837	8.20041388510846	37.83261039347887	1.11030907266999	232.42946170789543	7.699430687735701	11.715
8.691553313543437	0.28009432279030483	0.9051099673493785	0.27538492461105946	-8.16465927705721	0.27022172281554385	-16.187922040934826	0.2657948229534688	20.0407	0.2366	239.45466183002597	12.079601756995935	37.82544184822995	1.6090586427852245	232.3867749559342	10.978383611288127	11.715
8.691553313543437	0.28009432279030483	0.9051099673493785	0.27538492461105946	-8.16465927705721	0.27022172281554385	-16.187922040934826	0.2657948229534688	20.0407	0.2366	239.45466183002597	12.079601756995935	37.82544184822995	1.6090586427852245	232.3867749559342	10.978383611288127	11.715
8.658316964942282	0.18862377143464062	0.8734406444839447	0.188333088384155	-8.194610054716549	0.1880294393245088	-16.2163993090614	0.18776779364193455	20.0407	0.2366	239.50286190439837	8.20041388510846	37.83261039347887	1.11030907266999	232.42946170789543	7.699430687735701	11.715
8.658316964942282	0.18862377143464062	0.8734406444839447	0.188333088384155	-8.194610054716549	0.1880294393245088	-16.2163993090614	0.18776779364193455	20.0407	0.2366	239.50286190439837	8.20041388510846	37.83261039347887	1.11030907266999	232.42946170789543	7.699430687735701	11.715
8.658316964942282	0.18862377143464062	0.8734406444839447	0.188333088384155	-8.194610054716549	0.1880294393245088	-16.2163993090614	0.18776779364193455	20.0407	0.2366	239.50286190439837	8.20041388510846	37.83261039347887	1.11030907266999	232.42946170789543	7.699430687735701	11.715
8.691553313543437	0.28009432279030483	0.8735183554591656	0.31444642376106474	-8.22545421836926	0.33137356738158247	-16.187922040934826	0.2657948229534688	20.0407	0.2366	238.48705823367544	12.845693636550974	37.704040357033286	1.8929587351227024	234.16109174564906	12.492573114409483	11.715
8.658316964942282	0.18862377143464062	0.8734406444839447	0.188333088384155	-8.194610054716549	0.1880294393245088	-16.2163993090614	0.18776779364193455	20.0407	0.2366	239.50286190439837	8.20041388510846	37.83261039347887	1.11030907266999	232.42946170789543	7.699430687735701	11.715
8.658316964942282	0.18862377143464062	0.8418551757686855	0.2751157591997672	-8.225003735965595	0.2715278944773902	-16.2163993090614	0.18776779364193455	20.0407	0.2366	238.53505698755296	10.179498491331833	37.83758327673645	1.6131145144819334	233.3134608676693	9.638264081536066	11.715
8.658316964942282	0.18862377143464062	0.8734406444839447	0.188333088384155	-8.285779231477695	0.3194671757478796	-16.2163993090614	0.18776779364193455	20.0407	0.2366	239.50286190439837	8.20041388510846	37.45603160281669	1.5165608276360794	235.1014347026479	10.985219495742973	11.715
8.691553313543437	0.28009432279030483	0.9051099673493785	0.27538492461105946	-8.316616959306911	0.3566364890953506	-16.187922040934826	0.2657948229534688	20.0407	0.2366	239.45466183002597	12.079601756995935	37.20214574338508	1.8177411295467167	236.8730647568732	13.385115235313565	11.715
8.658316964942282	0.18862377143464062	0.8418551757686855	0.2751157591997672	-8.376912818914667	0.32900762990557314	-16.245755904792937	0.2684059790735384	20.0407	0.2366	238.53505698755296	10.179498491331833	37.21408645157575	1.7312760164373142	236.94717736431397	12.78567945502984	11.715
8.658316964942282	0.18862377143464062	0.8734406444839447	0.188333088384155	-8.407282776273135	0.31939459567979656	-16.304457822175728	0.3147097389117751	20.0407	0.2366	239.50286190439837	8.20041388510846	36.96565597072603	1.4768620073808076	236.09710402569078	13.405297981862573	11.715
8.658316964942282	0.18862377143464062	0.8418551757686855	0.2751157591997672	-8.498368943837844	0.18801884874702174	-16.421816580911347	0.3146407805000532	20.0407	0.2366	238.53505698755296	10.179498491331833	36.73017100424975	1.3104031449707843	235.3142525480487	10.8856089102594	11.715
8.658316964942282	0.18862377143464062	0.7786968044902303	0.3249343830854847	-8.498368943837844	0.18801884874702174	-16.480473433853263	0.2683154799057	20.0407	0.2366	236.62310115905234	11.282612010537449	36.98023043471413	1.4964630780592596	233.58503520641742	9.587758130001687	11.715
8.658316964942282	0.18862377143464062	0.6839906503932471	0.33484777157111184	-8.498368943837844	0.18801884874702174	-16.509796231251258	0.18775756676124494	20.0407	0.2366	233.81287456468922	11.26853721162955	37.36164170119212	1.5625342945814993	232.73008559296684	7.718932807571705	11.715
