23.93969601817455	0.10916105985335223	12.417982604498267	0.10873687385939937	2.664126846930011	0.10840869737709863	-9.660507101924987	0.22012402818957572	17.4516	0.2249	184.14449285632907	2.4625247466780333	40.02370582548432	0.6300535215645848	172.1479179180403	3.4272939919179857
23.93969601817455	0.10916105985335223	12.417982604498267	0.10873687385939937	2.695702351649312	0.19510532852621565	-9.690469564036674	0.2375290181771463	17.4516	0.2249	184.14449285632907	2.4625247466780333	40.15369268857709	0.9224933056263708	171.2926389073035	4.250946240504573
23.93969601817455	0.10916105985335223	12.417982604498267	0.10873687385939937	2.664126846930011	0.10840869737709863	-9.720428165577527	0.24697470352597595	17.4516	0.2249	184.15024755156506	2.4626017029812517	40.02495660537824	0.6300732113524395	171.32035629894492	3.731143278513654
24.011810908524865	0.2445589823902816	12.485354481122698	0.2350618498867772	2.72771370780148	0.22748393566535613	-9.841239803095462	0.21801795287156323	17.4516	0.2249	184.07447169128548	5.4170883096453775	40.009430814382014	1.3412679694104743	168.8069237830497	4.231786039005574
23.905248023068285	0.20374201714930307	12.417982604498267	0.10873687385939937	2.664126846930011	0.10840869737709863	-9.900098744807341	0.10798818817279798	17.4516	0.2249	184.70247705052125	3.713301803010012	40.02495660537824	0.6300732113524395	168.8704458428375	2.056623303750228
23.93969601817455	0.10916105985335223	12.417982604498267	0.10873687385939937	2.664126846930011	0.10840869737709863	-9.78033378994674	0.24693683466167593	17.4516	0.2249	184.15024755156506	2.4626017029812517	40.02495660537824	0.6300732113524395	170.49564776309788	3.694832432528455
23.906843257995604	0.27539249740561406	12.45166416061578	0.2014348815881026	2.695916221578294	0.19575032412748541	-9.750885501380063	0.2714797027534507	17.4516	0.2249	185.21983456653103	5.516884390526388	40.01719354285668	1.1521488688114896	170.4635796867489	4.583745427172787
23.941293575647105	0.2498782078169377	12.45166416061578	0.2014348815881026	2.695916221578294	0.19575032412748541	-9.87067293280913	0.18864914621148463	17.4516	0.2249	184.66447443212775	5.158552337034688	40.01719354285668	1.1521488688114896	168.83868417118646	3.6525520847006305
23.905248023068285	0.20374201714930307	12.417982604498267	0.10873687385939937	2.664126846930011	0.10840869737709863	-9.900098744807341	0.10798818817279798	17.4516	0.2249	184.70247705052125	3.713301803010012	40.02495660537824	0.6300732113524395	168.8704458428375	2.056623303750228
23.906843257995604	0.27539249740561406	12.45166416061578	0.2014348815881026	2.695916221578294	0.19575032412748541	-9.840731861624953	0.22621772207825	17.4516	0.2249	185.21983456653103	5.516884390526388	40.01719354285668	1.1521488688114896	169.2419188339019	4.038500890870667
23.8723977014524	0.29153152694347856	12.45166416061578	0.2014348815881026	2.695916221578294	0.19575032412748541	-9.87067293280913	0.18864914621148463	17.4516	0.2249	185.77846771051185	5.764193068027827	40.01719354285668	1.1521488688114896	168.83868417118646	3.6525520847006305
23.905248023068285	0.20374201714930307	12.417982604498267	0.10873687385939937	2.664126846930011	0.10840869737709863	-9.900098744807341	0.10798818817279798	17.4516	0.2249	184.70247705052125	3.713301803010012	40.02495660537824	0.6300732113524395	168.8704458428375	2.056623303750228
23.905248023068285	0.20374201714930307	12.417982604498267	0.10873687385939937	2.664126846930011	0.10840869737709863	-9.900098744807341	0.10798818817279798	17.4516	0.2249	184.70247705052125	3.713301803010012	40.02495660537824	0.6300732113524395	168.8704458428375	2.056623303750228
23.76908958855071	0.30051405700536943	12.45166416061578	0.2014348815881026	2.695916221578294	0.19575032412748541	-9.87067293280913	0.18864914621148463	17.4516	0.2249	187.47429712323034	5.99292096140157	40.01719354285668	1.1521488688114896	168.83868417118646	3.6525520847006305
23.941293575647105	0.2498782078169377	12.45166416061578	0.2014348815881026	2.695916221578294	0.19575032412748541	-9.840731861624953	0.22621772207825	17.4516	0.2249	184.70880099824205	5.159790587715688	40.026799206213106	1.152425428789601	169.28254339435168	4.0394702861877265
23.93969601817455	0.10916105985335223	12.417982604498267	0.10873687385939937	2.664126846930011	0.10840869737709863	-9.900098744807341	0.10798818817279798	17.4516	0.2249	184.15024755156506	2.4626017029812517	40.02495660537824	0.6300732113524395	168.8704458428375	2.056623303750228
23.76908958855071	0.30051405700536943	12.45166416061578	0.2014348815881026	2.695916221578294	0.19575032412748541	-9.87067293280913	0.18864914621148463	17.4516	0.2249	187.47429712323034	5.99292096140157	40.01719354285668	1.1521488688114896	168.83868417118646	3.6525520847006305
23.837956905025496	0.3005762689518997	12.45166416061578	0.2014348815881026	2.695916221578294	0.19575032412748541	-9.87067293280913	0.18864914621148463	17.4516	0.2249	186.34040288384216	5.921492374643296	40.01719354285668	1.1521488688114896	168.83868417118646	3.6525520847006305
23.73307943491973	0.26888007581871654	12.417982604498267	0.10873687385939937	2.664126846930011	0.10840869737709863	-9.900098744807341	0.10798818817279798	17.4516	0.2249	187.51287851485807	4.806433984045968	40.02495660537824	0.6300732113524395	168.8704458428375	2.056623303750228
23.767503637538056	0.272376188449192	12.417982604498267	0.10873687385939937	2.664126846930011	0.10840869737709863	-9.900098744807341	0.10798818817279798	17.4516	0.2249	186.9499756966994	4.830906741999237	40.026207385272166	0.6300929011402943	168.87572304427007	2.0566875732284706
23.905248023068285	0.20374201714930307	12.417982604498267	0.10873687385939937	2.664126846930011	0.10840869737709863	-9.870163290954679	0.19016678600745152	17.4516	0.2249	184.70247705052125	3.713301803010012	40.02495660537824	0.6300732113524395	169.2737565515411	2.956170624489535
23.803520867721943	0.30347982167375803	12.45166416061578	0.2014348815881026	2.695916221578294	0.19575032412748541	-9.87067293280913	0.18864914621148463	17.4516	0.2249	186.90566945039865	5.9972448739160615	40.01719354285668	1.1521488688114896	168.83868417118646	3.6525520847006305
23.837956905025496	0.3005762689518997	12.45166416061578	0.2014348815881026	2.695916221578294	0.19575032412748541	-9.87067293280913	0.18864914621148463	17.4516	0.2249	186.34040288384216	5.921492374643296	40.01719354285668	1.1521488688114896	168.83868417118646	3.6525520847006305
23.73307943491973	0.26888007581871654	12.417982604498267	0.10873687385939937	2.664126846930011	0.10840869737709863	-9.900098744807341	0.10798818817279798	17.4516	0.2249	187.51287851485807	4.806433984045968	40.02495660537824	0.6300732113524395	168.8704458428375	2.056623303750228
23.80193259666999	0.2689267429728518	12.417982604498267	0.10873687385939937	2.664126846930011	0.10840869737709863	-9.900098744807341	0.10798818817279798	17.4516	0.2249	186.37875068018573	4.7491769431640805	40.02495660537824	0.6300732113524395	168.8704458428375	2.056623303750228
23.73307943491973	0.26888007581871654	12.417982604498267	0.10873687385939937	2.664126846930011	0.10840869737709863	-9.900098744807341	0.10798818817279798	17.4516	0.2249	187.51287851485807	4.806433984045968	40.02495660537824	0.6300732113524395	168.8704458428375	2.056623303750228
23.76908958855071	0.30051405700536943	12.45166416061578	0.2014348815881026	2.695916221578294	0.19575032412748541	-9.87067293280913	0.18864914621148463	17.4516	0.2249	187.47429712323034	5.99292096140157	40.01719354285668	1.1521488688114896	168.83868417118646	3.6525520847006305
23.6658242899163	0.2496762783052132	12.45166416061578	0.2014348815881026	2.695916221578294	0.19575032412748541	-9.87067293280913	0.18864914621148463	17.4516	0.2249	189.20656177827502	5.412615899475707	40.0184440801549	1.15218487346364	168.84396038006682	3.652666226953278
23.629835356244737	0.20362744959701537	12.417982604498267	0.10873687385939937	2.664126846930011	0.10840869737709863	-9.900098744807341	0.10798818817279798	17.4516	0.2249	189.23958638470114	3.8962667953667096	40.02495660537824	0.6300732113524395	168.8704458428375	2.056623303750228
23.629835356244737	0.20362744959701537	12.385109960600309	0.19899746533170568	2.664126846930011	0.10840869737709863	-9.900098744807341	0.10798818817279798	17.4516	0.2249	188.68636651353998	4.777558668380669	40.16030568788716	0.9361972257724632	168.8704458428375	2.056623303750228
23.664245295263623	0.23795313228770718	12.352241748295011	0.2317538335595928	2.664126846930011	0.10840869737709863	-9.900098744807341	0.10798818817279798	17.4516	0.2249	187.56415417808591	5.507571395166684	40.29655484131215	1.0642023586763258	168.8704458428375	2.056623303750228
23.59543016977678	0.10914892665174776	12.385109960600309	0.19899746533170568	2.664126846930011	0.10840869737709863	-9.900098744807341	0.10798818817279798	17.4516	0.2249	189.26545698577695	3.8318966052729166	40.16030568788716	0.9361972257724632	168.8704458428375	2.056623303750228
23.631412033361645	0.20834704482348637	12.353039886567174	0.281558903076183	2.695916221578294	0.19575032412748541	-9.87067293280913	0.18864914621148463	17.4516	0.2249	188.1234587519539	5.842387160801771	40.4258728556147	1.4355008887602507	168.83868417118646	3.6525520847006305
23.6658242899163	0.2496762783052132	12.45166416061578	0.2014348815881026	2.695916221578294	0.19575032412748541	-9.87067293280913	0.18864914621148463	17.4516	0.2249	189.2006492579857	5.412446760514443	40.01719354285668	1.1521488688114896	168.83868417118646	3.6525520847006305
23.70182281647568	0.2774465733666601	12.485354481122698	0.23506184988677714	2.7277137078009996	0.22748393566535607	-9.841239803095462	0.21801795287156311	17.4516	0.2249	189.16171417871743	6.132579863435333	40.00943081438004	1.3412679694103418	168.8069237830562	4.231786039005897
23.59543016977678	0.10914892665174776	12.22081319699701	0.26115967927243616	2.664126846930011	0.10840869737709863	-9.900098744807341	0.10798818817279798	17.4516	0.2249	186.53167684011783	4.6417366860382545	40.850734148981594	1.2087049479593015	168.8704458428375	2.056623303750228
23.59543016977678	0.10914892665174776	12.417982604498267	0.10873687385939937	2.664126846930011	0.10840869737709863	-9.900098744807341	0.10798818817279798	17.4516	0.2249	189.82208281053184	2.616488319853432	40.02495660537824	0.6300732113524395	168.8704458428375	2.056623303750228
23.629835356244737	0.20362744959701537	12.286518614862576	0.2612031255645175	2.664126846930011	0.10840869737709863	-9.900098744807341	0.10798818817279798	17.4516	0.2249	187.0463838505269	5.461289174254975	40.57178951420596	1.1924234861294096	168.8704458428375	2.056623303750228
23.59543016977678	0.10914892665174776	12.352241748295011	0.2317538335595928	2.664126846930011	0.10840869737709863	-9.900098744807341	0.10798818817279798	17.4516	0.2249	188.71216044843692	4.299713533431921	40.29655484131215	1.0642023586763258	168.8704458428375	2.056623303750228
23.59543016977678	0.10914892665174776	12.385109960600309	0.19899746533170568	2.664126846930011	0.10840869737709863	-9.900098744807341	0.10798818817279798	17.4516	0.2249	189.26545698577695	3.8318966052729166	40.16030568788716	0.9361972257724632	168.8704458428375	2.056623303750228
23.631412033361645	0.20834704482348637	12.38591021212673	0.26604433253419085	2.695916221578294	0.19575032412748541	-9.87067293280913	0.18864914621148463	17.4516	0.2249	188.67333900032926	5.66946497363814	40.28874051032229	1.3733085768373565	168.83868417118646	3.6525520847006305
23.59543016977678	0.10914892665174776	12.352241748295011	0.2317538335595928	2.664126846930011	0.10840869737709863	-9.900098744807341	0.10798818817279798	17.4516	0.2249	188.71216044843692	4.299713533431921	40.29655484131215	1.0642023586763258	168.8704458428375	2.056623303750228
23.59543016977678	0.10914892665174776	12.417982604498267	0.10873687385939937	2.664126846930011	0.10840869737709863	-9.900098744807341	0.10798818817279798	17.4516	0.2249	189.82208281053184	2.616488319853432	40.02495660537824	0.6300732113524395	168.8704458428375	2.056623303750228
23.59543016977678	0.10914892665174776	12.253663691933612	0.2644954231853951	2.664126846930011	0.10840869737709863	-9.900098744807341	0.10798818817279798	17.4516	0.2249	187.07195051948895	4.719476868914027	40.710793413885845	1.2135293072178839	168.8704458428375	2.056623303750228
23.59543016977678	0.10914892665174776	12.319377966682659	0.2508436485376564	2.664126846930011	0.10840869737709863	-9.900098744807341	0.10798818817279798	17.4516	0.2249	188.16216341783863	4.564892696601012	40.43371307382314	1.1443730289385843	168.8704458428375	2.056623303750228
23.59543016977678	0.10914892665174776	12.286518614862576	0.2612031255645175	2.664126846930011	0.10840869737709863	-9.900098744807341	0.10798818817279798	17.4516	0.2249	187.6154364674198	4.696495922381374	40.57178951420596	1.1924234861294096	168.8704458428375	2.056623303750228
23.59543016977678	0.10914892665174776	12.286518614862576	0.2612031255645175	2.664126846930011	0.10840869737709863	-9.900098744807341	0.10798818817279798	17.4516	0.2249	187.6154364674198	4.696495922381374	40.57178951420596	1.1924234861294096	168.8704458428375	2.056623303750228
23.59543016977678	0.10914892665174776	12.155125487499646	0.2316473376611122	2.664126846930011	0.10840869737709863	-9.900098744807341	0.10798818817279798	17.4516	0.2249	185.46065303956192	4.151260208216675	41.133464266133025	1.108447665782677	168.8704458428375	2.056623303750228
23.59543016977678	0.10914892665174776	12.253663691933612	0.2644954231853951	2.664126846930011	0.10840869737709863	-9.900098744807341	0.10798818817279798	17.4516	0.2249	187.07195051948895	4.719476868914027	40.710793413885845	1.2135293072178839	168.8704458428375	2.056623303750228
23.59543016977678	0.10914892665174776	12.286518614862576	0.2612031255645175	2.664126846930011	0.10840869737709863	-9.900098744807341	0.10798818817279798	17.4516	0.2249	187.6154364674198	4.696495922381374	40.57178951420596	1.1924234861294096	168.8704458428375	2.056623303750228
23.59543016977678	0.10914892665174776	12.319377966682659	0.2508436485376564	2.664126846930011	0.10840869737709863	-9.900098744807341	0.10798818817279798	17.4516	0.2249	188.16216341783863	4.564892696601012	40.43371307382314	1.1443730289385843	168.8704458428375	2.056623303750228
23.59543016977678	0.10914892665174776	12.385109960600309	0.19899746533170568	2.664126846930011	0.10840869737709863	-9.900098744807341	0.10798818817279798	17.4516	0.2249	189.26545698577695	3.8318966052729166	40.16030568788716	0.9361972257724632	168.8704458428375	2.056623303750228
23.59543016977678	0.10914892665174776	12.22081319699701	0.2611596792724361	2.664126846930011	0.10840869737709863	-9.900098744807341	0.10798818817279798	17.4516	0.2249	186.53167684011783	4.641736686038254	40.850734148981594	1.2087049479593013	168.8704458428375	2.056623303750228
23.59543016977678	0.10914892665174776	12.122288271140418	0.19889079546015864	2.664126846930011	0.10840869737709863	-9.900098744807341	0.10798818817279798	17.4516	0.2249	184.92984712399073	3.6568412190738457	41.27627304313849	0.988541115965369	168.8704458428375	2.056623303750228
23.59543016977678	0.10914892665174776	12.22081319699701	0.2611596792724361	2.664126846930011	0.10840869737709863	-9.900098744807341	0.10798818817279798	17.4516	0.2249	186.53167684011783	4.641736686038254	40.850734148981594	1.2087049479593013	168.8704458428375	2.056623303750228
23.59543016977678	0.10914892665174776	12.122288271140418	0.19889079546015864	2.664126846930011	0.10840869737709863	-9.900098744807341	0.10798818817279798	17.4516	0.2249	184.92984712399073	3.6568412190738457	41.27627304313849	0.988541115965369	168.8704458428375	2.056623303750228
23.59543016977678	0.10914892665174776	12.187967129152101	0.2507623516728743	2.664126846930011	0.10840869737709863	-9.900098744807341	0.10798818817279798	17.4516	0.2249	185.99458703400617	4.459110452520369	40.99162122243205	1.175850045508565	168.8704458428375	2.056623303750228
23.59543016977678	0.10914892665174776	12.122288271140418	0.19889079546015864	2.664126846930011	0.10840869737709863	-9.900098744807341	0.10798818817279798	17.4516	0.2249	184.92984712399073	3.6568412190738457	41.27627304313849	0.988541115965369	168.8704458428375	2.056623303750228
23.59543016977678	0.10914892665174776	12.08945547917518	0.10872536270012736	2.664126846930011	0.10840869737709863	-9.900098744807341	0.10798818817279798	17.4516	0.2249	184.3963793115601	2.4689982454962225	41.41876307310532	0.6747051738291208	168.8651686414049	2.0565590342719857
23.59543016977678	0.10914892665174776	12.08945547917518	0.10872536270012736	2.664126846930011	0.10840869737709863	-9.900098744807341	0.10798818817279798	17.4516	0.2249	184.40790444542756	2.4691525627089783	41.42135182669594	0.6747473442203099	168.87572304427007	2.0566875732284706
23.631412033361645	0.20834704482348637	12.123071632370557	0.2012383762021256	2.695916221578294	0.19575032412748541	-9.87067293280913	0.18864914621148463	17.4516	0.2249	184.36423527791672	4.640436870583415	41.412031139834475	1.2332482491113235	168.83868417118646	3.6525520847006305
23.66740348728033	0.24427553473969427	12.156696526992949	0.23479990389176647	2.72771370780148	0.22748393566535613	-9.841239803095462	0.21801795287156323	17.4516	0.2249	184.37057606334764	5.427045418728013	41.41394372545535	1.4359186520714067	168.84744392798086	4.232801830181523
23.631412033361645	0.20834704482348637	12.123071632370557	0.2012383762021256	2.695916221578294	0.19575032412748541	-9.87067293280913	0.18864914621148463	17.4516	0.2249	184.36423527791672	4.640436870583415	41.412031139834475	1.2332482491113235	168.83868417118646	3.6525520847006305
23.59543016977678	0.10914892665174776	12.08945547917518	0.10872536270012736	2.664126846930011	0.10840869737709863	-9.900098744807341	0.10798818817279798	17.4516	0.2249	184.40214187849386	2.469075404102601	41.42005744990063	0.6747262590247153	168.8704458428375	2.056623303750228
23.631412033361645	0.20834704482348637	12.155910958050201	0.2412808685399396	2.695916221578294	0.19575032412748541	-9.87067293280913	0.18864914621148463	17.4516	0.2249	184.89182855042273	5.13625088461395	41.26827385290772	1.3553985456202773	168.83868417118646	3.6525520847006305
23.59543016977678	0.10914892665174776	12.08945547917518	0.10872536270012736	2.664126846930011	0.10840869737709863	-9.900098744807341	0.10798818817279798	17.4516	0.2249	184.40214187849386	2.469075404102601	41.42005744990063	0.6747262590247153	168.8704458428375	2.056623303750228
23.59543016977678	0.10914892665174776	12.08945547917518	0.10872536270012736	2.664126846930011	0.10840869737709863	-9.900098744807341	0.10798818817279798	17.4516	0.2249	184.40790444542756	2.4691525627089783	41.42135182669594	0.6747473442203099	168.87572304427007	2.0566875732284706
23.66740348728033	0.24427553473969427	12.189542388680017	0.267000102185618	2.72771370780148	0.22748393566535613	-9.841239803095462	0.21801795287156323	17.4516	0.2249	184.85381197071754	5.828222213611109	41.26027500590294	1.5295957267348979	168.8069237830497	4.231786039005574
23.59543016977678	0.10914892665174776	12.08945547917518	0.10872536270012736	2.664126846930011	0.10840869737709863	-9.900098744807341	0.10798818817279798	17.4516	0.2249	184.40214187849386	2.469075404102601	41.42005744990063	0.6747262590247153	168.8704458428375	2.056623303750228
23.59543016977678	0.10914892665174776	12.122288271140418	0.19889079546015864	2.664126846930011	0.10840869737709863	-9.900098744807341	0.10798818817279798	17.4516	0.2249	184.92984712399073	3.6568412190738457	41.27627304313849	0.988541115965369	168.8704458428375	2.056623303750228
23.66740348728033	0.24427553473969427	12.156696526992949	0.23479990389176647	2.72771370780148	0.22748393566535613	-9.841239803095462	0.21801795287156323	17.4516	0.2249	184.32057046689107	5.425573477548704	41.40271129888365	1.4355291974729933	168.8016485666815	4.231653795691854
23.59543016977678	0.10914892665174776	12.08945547917518	0.10872536270012736	2.664126846930011	0.10840869737709863	-9.900098744807341	0.10798818817279798	17.4516	0.2249	184.40214187849386	2.469075404102601	41.42005744990063	0.6747262590247153	168.8704458428375	2.056623303750228
23.59543016977678	0.10914892665174776	12.08945547917518	0.10872536270012736	2.664126846930011	0.10840869737709863	-9.900098744807341	0.10798818817279798	17.4516	0.2249	184.40214187849386	2.469075404102601	41.42005744990063	0.6747262590247153	168.8704458428375	2.056623303750228
23.59543016977678	0.10914892665174776	12.08945547917518	0.10872536270012736	2.664126846930011	0.10840869737709863	-9.900098744807341	0.10798818817279798	17.4516	0.2249	184.40214187849386	2.469075404102601	41.42005744990063	0.6747262590247153	168.8704458428375	2.056623303750228
23.59543016977678	0.10914892665174776	12.122288271140418	0.19889079546015864	2.664126846930011	0.10840869737709863	-9.900098744807341	0.10798818817279798	17.4516	0.2249	184.92984712399073	3.6568412190738457	41.27627304313849	0.988541115965369	168.8704458428375	2.056623303750228
23.66740348728033	0.24427553473969416	12.156696526992949	0.23479990389176641	2.6961301177988948	0.2588156716742618	-9.841239803095462	0.21801795287156311	17.4516	0.2249	184.32633066472434	5.4257430320184525	41.265780138955364	1.5242639512590401	169.2321747490818	4.567853811905128
23.66740348728033	0.24427553473969427	12.189542388680017	0.267000102185618	2.72771370780148	0.22748393566535613	-9.841239803095462	0.21801795287156323	17.4516	0.2249	184.85381197071754	5.828222213611109	41.26027500590294	1.5295957267348979	168.8069237830497	4.231786039005574
23.59543016977678	0.10914892665174776	12.08945547917518	0.10872536270012736	2.664126846930011	0.10840869737709863	-9.900098744807341	0.10798818817279798	17.4516	0.2249	184.40214187849386	2.469075404102601	41.42005744990063	0.6747262590247153	168.8704458428375	2.056623303750228
23.59543016977678	0.10914892665174776	12.08945547917518	0.10872536270012736	2.664126846930011	0.10840869737709863	-9.900098744807341	0.10798818817279798	17.4516	0.2249	184.40790444542756	2.4691525627089783	41.42135182669594	0.6747473442203099	168.87572304427007	2.0566875732284706
23.59543016977678	0.10914892665174776	12.08945547917518	0.10872536270012736	2.664126846930011	0.10840869737709863	-9.900098744807341	0.10798818817279798	17.4516	0.2249	184.40214187849386	2.469075404102601	41.42005744990063	0.6747262590247153	168.8704458428375	2.056623303750228
23.631412033361645	0.20834704482348637	12.123071632370557	0.2012383762021256	2.695916221578294	0.19575032412748541	-9.87067293280913	0.18864914621148463	17.4516	0.2249	184.35847389556426	4.640291856931208	41.41073701386135	1.2332097101035384	168.8334079623061	3.6524379424479836
23.59543016977678	0.10914892665174776	12.08945547917518	0.10872536270012736	2.664126846930011	0.10840869737709863	-9.900098744807341	0.10798818817279798	17.4516	0.2249	184.40214187849386	2.469075404102601	41.42005744990063	0.6747262590247153	168.8704458428375	2.056623303750228
23.59543016977678	0.10914892665174776	12.08945547917518	0.10872536270012736	2.664126846930011	0.10840869737709863	-9.900098744807341	0.10798818817279798	17.4516	0.2249	184.40214187849386	2.469075404102601	41.42005744990063	0.6747262590247153	168.8704458428375	2.056623303750228
23.59543016977678	0.10914892665174776	12.08945547917518	0.10872536270012736	2.664126846930011	0.10840869737709863	-9.900098744807341	0.10798818817279798	17.4516	0.2249	184.40214187849386	2.469075404102601	41.42005744990063	0.6747262590247153	168.8704458428375	2.056623303750228
23.59543016977678	0.10914892665174776	12.08945547917518	0.10872536270012736	2.6325555158437703	0.19508018946179936	-9.900098744807341	0.10798818817279798	17.4516	0.2249	184.40214187849386	2.469075404102601	41.281778906992024	0.9749040646233915	169.29585171820142	3.0120272704619446
23.59543016977678	0.10914892665174776	12.08945547917518	0.10872536270012736	2.664126846930011	0.10840869737709863	-9.900098744807341	0.10798818817279798	17.4516	0.2249	184.40214187849386	2.469075404102601	41.42005744990063	0.6747262590247153	168.8704458428375	2.056623303750228
23.59543016977678	0.10914892665174776	12.08945547917518	0.10872536270012736	2.664126846930011	0.10840869737709863	-9.900098744807341	0.10798818817279798	17.4516	0.2249	184.40214187849386	2.469075404102601	41.42005744990063	0.6747262590247153	168.8704458428375	2.056623303750228
23.59543016977678	0.10914892665174776	12.08945547917518	0.10872536270012736	2.6325555158437703	0.19508018946179936	-9.900098744807341	0.10798818817279798	17.4516	0.2249	184.40214187849386	2.469075404102601	41.281778906992024	0.9749040646233915	169.29585171820142	3.0120272704619446
23.59543016977678	0.10914892665174776	12.08945547917518	0.10872536270012736	2.664126846930011	0.10840869737709863	-9.900098744807341	0.10798818817279798	17.4516	0.2249	184.40214187849386	2.469075404102601	41.42005744990063	0.6747262590247153	168.8704458428375	2.056623303750228
23.59543016977678	0.10914892665174776	12.08945547917518	0.10872536270012736	2.6325555158437703	0.19508018946179936	-9.900098744807341	0.10798818817279798	17.4516	0.2249	184.40214187849386	2.469075404102601	41.281778906992024	0.9749040646233915	169.29585171820142	3.0120272704619446
23.59543016977678	0.10914892665174776	12.08945547917518	0.10872536270012736	2.6325555158437703	0.19508018946179936	-9.900098744807341	0.10798818817279798	17.4516	0.2249	184.40214187849386	2.469075404102601	41.281778906992024	0.9749040646233915	169.29585171820142	3.0120272704619446
23.631412033361645	0.20834704482348637	12.123071632370557	0.2012383762021256	2.695916221578294	0.19575032412748541	-9.87067293280913	0.18864914621148463	17.4516	0.2249	184.36423527791672	4.640436870583415	41.412031139834475	1.2332482491113235	168.83868417118646	3.6525520847006305
23.59543016977678	0.10914892665174776	12.08945547917518	0.10872536270012736	2.537866556071635	0.2548240444599434	-9.900098744807341	0.10798818817279798	17.4516	0.2249	184.40214187849386	2.469075404102601	40.87253509073111	1.185532675544173	170.58468375022204	3.7957346441985647
23.59543016977678	0.10914892665174776	12.08945547917518	0.10872536270012736	2.5063119112058616	0.2579864374385553	-9.900098744807341	0.10798818817279798	17.4516	0.2249	184.40214187849386	2.469075404102601	40.737953121839126	1.1901148384176516	171.0185513098671	3.8552422747144184
23.77543542946118	0.28035776946433355	12.25762369357671	0.2685039446962375	2.7599550582273946	0.3033373335318009	-9.752896480318508	0.24751054695324634	17.4516	0.2249	184.21262875276065	6.208670697158196	41.10457717789496	1.753226087049469	169.56377775367082	5.305330780317816
23.59543016977678	0.10914892665174776	12.08945547917518	0.10872536270012736	2.6009883575596047	0.22653983378832993	-9.900098744807341	0.10798818817279798	17.4516	0.2249	184.40214187849386	2.469075404102601	41.14443865673808	1.0896136485292167	169.72334965532312	3.4072277024636697
23.703404535374396	0.26525317870005183	12.190330166456171	0.25439568636174054	2.6331854759696816	0.31263718735786383	-9.811799352932594	0.2351663047033084	17.4516	0.2249	184.2826690258525	5.882784574633757	40.84749851006458	1.7226991039574886	170.48313859491677	5.35916242479298
23.66740348728033	0.24427553473969427	12.156696526992949	0.23479990389176647	2.72771370780148	0.22748393566535613	-9.841239803095462	0.21801795287156323	17.4516	0.2249	184.32057046689107	5.425573477548704	41.40271129888365	1.4355291974729933	168.8016485666815	4.231653795691854
23.59543016977678	0.10914892665174776	12.08945547917518	0.10872536270012736	2.664126846930011	0.10840869737709863	-9.900098744807341	0.10798818817279798	17.4516	0.2249	184.40214187849386	2.469075404102601	41.42005744990063	0.6747262590247153	168.8704458428375	2.056623303750228
23.59543016977678	0.10914892665174776	12.08945547917518	0.10872536270012736	2.6009883575596047	0.22653983378832993	-9.900098744807341	0.10798818817279798	17.4516	0.2249	184.40214187849386	2.469075404102601	41.14443865673808	1.0896136485292167	169.72334965532312	3.4072277024636697
