17.02476442414488	0.08292493088387813	7.215205224019647	0.06794170512378664	-1.0938597784472015	0.06931874238521803	-12.173924638302315	0.07158166785766636	19.7009	0.2363	190.06971875940678	2.0771743589491796	41.28840357240119	0.4823121487758514	168.27520252854683	1.5133210826182104	11.715
17.043634452548595	0.07307945293276061	7.2052627475599085	0.07091358028781494	-1.1054489273854478	0.06970342094043658	-12.166644342389292	0.07191001198964024	19.6955	0.2364	189.51308348881884	1.9615147443370917	41.280222747400465	0.49390421563583503	168.5622655027387	1.5261613926385011	11.715
17.041485639150576	0.0734981335556795	7.219232306135235	0.07778307269591295	-1.1054484220979572	0.070080331948692	-12.175811446164262	0.07174564200954404	19.7063	0.236	189.82407550561211	2.068160711085459	41.21095334835475	0.5182976782540528	168.4226754143692	1.5258414647869243	11.715
17.03550775431697	0.07338113291646682	7.223342900200944	0.07199042667906838	-1.0938620853219505	0.06931834351485602	-12.15756572555456	0.07176290720009898	19.6955	0.2364	190.01924509446349	1.9907516132310377	41.24799493679879	0.4956295454724197	168.5240511632462	1.5197804227668918	11.715
17.022615863232243	0.07174227860751185	7.205179546171369	0.07072939728131311	-1.103516101821106	0.0692201959719968	-12.159141380935623	0.06532731175375367	19.7063	0.236	189.91721444440645	1.9489053554749478	41.29023900569245	0.4918089635492334	168.64719192715694	1.451904889291046	11.715
17.03329211916351	0.0705633080892519	7.197292330729762	0.06992006056904615	-1.1073807559224131	0.06625202501419317	-12.14642188983263	0.06989956341323655	19.6955	0.2364	189.55878389851526	1.9144316718401553	41.31023889219286	0.47914367456389184	168.90055356294485	1.473544414940471	11.715
17.030742097806858	0.08446060676167491	7.193099547545628	0.07519024851496048	-1.1189644692265135	0.07660189100224472	-12.168219711614935	0.07117675527227954	19.6847	0.2364	189.52712998014385	2.1785499694378045	41.273506609058934	0.5329856950793953	168.74441918662035	1.5969288022347892	11.715
17.03107653754827	0.0798070165925777	7.207234577092655	0.07728173216780988	-1.093860239815038	0.07537525510447327	-12.172126851846777	0.07127938440578978	19.7063	0.236	189.79337878467678	2.1462775421944222	41.32804608283765	0.5374586450245371	168.3025173176986	1.5760461092765206	11.715
17.030942760075284	0.075300139117253	7.207179094090624	0.07603990199227065	-1.1208973224945245	0.07044856898072714	-12.166510867900977	0.07012736596647473	19.6955	0.2364	189.79489142002586	2.067524434212493	41.194150001788515	0.5127378995276151	168.80005358298502	1.5190772236903236	11.715
17.020066274446357	0.0763719209271686	7.20298594038902	0.07541057932902825	-1.1170310950005264	0.07081322638931858	-12.168041727653552	0.07447932677801153	19.7117	0.2356	189.9241011457597	2.076410184160778	41.23405368906234	0.5126836258406183	168.7176150941719	1.5690074231641826	11.715
17.007176178317827	0.08301782397322152	7.2048190290242085	0.07910211589817095	-1.1189589045080344	0.07929022619585492	-12.180670094167668	0.07452621394738138	19.6955	0.2364	190.2093680045023	2.225099612236079	41.215423077196746	0.5545730565925903	168.5544059462037	1.6581115896526768	11.715
17.04108405926483	0.06973121782442349	7.227064208243803	0.07081682668967126	-1.089994706106137	0.07008266619170306	-12.149751470170383	0.06383533169616673	19.6955	0.2364	189.98332860795833	1.9239391188090267	41.24871936872412	0.494129769660855	168.58419204839606	1.444998111626317	11.715
17.035240125392658	0.07674865483264358	7.201235936147453	0.0703397220181968	-1.1054484220984377	0.07187400571701195	-12.161072717509215	0.06986538717723269	19.7117	0.2356	189.5972507679663	2.007136327582758	41.30023657280401	0.5000076243520482	168.64720693299188	1.5290266522185285	11.715
17.01785100450773	0.07371207154570104	7.192933435555183	0.0724979269493639	-1.1093053046626034	0.07507479817896148	-12.169794998458665	0.07354573519874208	19.7009	0.2363	189.77260065911494	1.9970164500786765	41.32235170126732	0.5194540202076171	168.5730207196315	1.601771327999873	11.715
17.015903085209523	0.07101181973330818	7.1909894280379305	0.07714959216351826	-1.0938560876289878	0.07117587791038125	-12.162514817585414	0.07029976201622774	19.7009	0.2363	189.77267621691325	2.0253374086665095	41.40910394556094	0.5246432462248609	168.44860825597917	1.5224653814429339	11.715
17.005161511369888	0.07247245749225349	7.188851722436651	0.06909866850488858	-1.1170283492599027	0.07415922615303716	-12.177030313301353	0.06782401287457157	19.7063	0.236	189.9390095067664	1.937532021286668	41.30423581484378	0.5040612343364543	168.58045454091803	1.5318138274134077	11.715
17.041485639150096	0.07144331612096029	7.2252313942441475	0.07185828726185049	-1.093860239815038	0.0722164479516831	-12.138962867471344	0.06650358599042783	19.7063	0.236	189.94008425251604	1.9606889479331533	41.23864049370624	0.5050130556664743	168.8078618348871	1.5004277045021168	11.715
17.03550775431697	0.07683357188796498	7.217343768029154	0.07855599878153835	-1.1073817811532993	0.0692193420874936	-12.15756572555456	0.0701409652537909	19.7063	0.236	189.9031388073718	2.125374223424199	41.21073146547848	0.5183134436253373	168.73023722525727	1.5047245406612195	11.715
17.048200022751878	0.06753008797959029	7.2214265656399705	0.0737787740290841	-1.1035205836011324	0.07196063876595424	-12.159541574513273	0.06780400640271993	19.7117	0.2356	189.7367601338325	1.9311639050380942	41.20963448548016	0.5101678509191431	168.6411557877957	1.5081308421309223	11.715
17.01858619636558	0.07484021825301	7.195237444246088	0.07568620960103076	-1.1247607997334723	0.07007824021716322	-12.166599850564445	0.07054142086760348	19.6901	0.2365	189.80290788508026	2.0565909270995677	41.234146819611844	0.5112008564927466	168.85775546431623	1.5205930622031572	11.715
17.058744131365046	0.07104427639087263	7.213483262089699	0.07053988986902149	-1.0977273144457307	0.07321019015025634	-12.159630510035038	0.06853442172747776	19.6955	0.2364	189.3804728059775	1.9257965932207022	41.27774479685672	0.5049166481623244	168.5514802791786	1.5280249346931196	11.715
17.01214082628521	0.0747879585267093	7.185157322508297	0.07734538018117817	-1.1189655822207702	0.07514839037664763	-12.168308705568556	0.07297958786673206	19.7009	0.2363	189.73270460919667	2.0772689231454464	41.31297586356701	0.5365063706828902	168.74307707774744	1.5997722038425195	11.715
16.986762731135087	0.07128516743950872	7.178993511781924	0.06957170809207355	-1.1305488024483914	0.06821416663349746	-12.168041727653552	0.06836176992750238	19.7117	0.2356	190.10440770184846	1.9307103793036549	41.28603190859894	0.4841019344248585	168.9242449310016	1.4780223158766927	11.715
17.00985883555175	0.06917128648177762	7.193071861680964	0.07147512704300892	-1.1324816636566597	0.0711721323741594	-12.181070965480243	0.06818345321172359	19.7009	0.2363	189.92977674714442	1.9244011672063814	41.2066330589417	0.49923316338161655	168.75459005556627	1.5054211058347609	11.715
17.007510126639925	0.07349338790272468	7.180965151610718	0.0703916884948046	-1.1344102478989413	0.07143502073303157	-12.184577112457612	0.06881219598916367	19.7009	0.2363	189.74117180143597	1.964999163462325	41.2570705047659	0.497589613189862	168.7304980254721	1.5145371765509148	11.715
17.007643709641247	0.07111165826715968	7.195015892288452	0.0719762624481123	-1.117031644161051	0.07081457684049787	-12.168086223150786	0.06911696198216537	19.7117	0.2356	190.01027991954862	1.9592401591237156	41.273588442169526	0.5013764505316985	168.71694416081715	1.5107324105334277	11.715
17.02879412997893	0.08402322214022076	7.2071513529109	0.0814017143949686	-1.1093094638219119	0.08024070644498395	-12.164624033915146	0.07349520008198587	19.6847	0.2364	189.8358757941049	2.261177525766787	41.25168586628932	0.5669629854751121	168.65193174741384	1.6599621410024423	11.715
17.007443335926514	0.07300515737678531	7.172940563552222	0.07053447769524962	-1.1363406248808208	0.06969939269848893	-12.173479476164765	0.06816157089533224	19.7117	0.2356	189.5876386917137	1.9569456996277748	41.28732935512336	0.49271860189776373	168.9296640591468	1.4921165325031756	11.715
17.005495420032513	0.07152011792101905	7.188990067267673	0.0701321096576085	-1.1440657386127866	0.06768805321922819	-12.180937338746707	0.06854882922553437	19.7063	0.236	189.93522555319683	1.938107526338942	41.169534576867974	0.4815459186902729	168.93375458847686	1.474547651614081	11.715
17.01012604587488	0.07706052601042576	7.203180014812219	0.07728096915453854	-1.1054474115359527	0.07477356039453174	-12.17572239718299	0.07281970616914889	19.7063	0.236	190.1203649348033	2.115743436045862	41.29057803738253	0.5343983172635635	168.42401482699728	1.5879440811114076	11.715
16.98065218236825	0.0746885699515834	7.179048773109424	0.07474341272799787	-1.1247567505679479	0.0732047614469946	-12.169973006314835	0.07052083737115605	19.7009	0.2363	190.2239950414953	2.0506746480108315	41.314554893289085	0.5205278922885576	168.80612521746184	1.5534912673058978	11.715
17.00374781927288	0.06925417806248904	7.197126116059548	0.0829305396573169	-1.1189650257217194	0.06841981563660302	-12.16089483308389	0.06920252244667324	19.6955	0.2364	190.12665265864322	2.0947214197239004	41.25351962625104	0.5333313575179901	168.85636757792142	1.488172991105081	11.715
16.984748107968862	0.06868119459446018	7.175022620427375	0.07367646535751252	-1.12089393963055	0.06726023107375834	-12.164401617815658	0.06810915149099456	19.7117	0.2356	190.06649683413667	1.9515593474769852	41.35384277885872	0.49729051610164177	168.83224177084705	1.4633976035296474	11.715
17.016237218413554	0.07499462588357848	7.207123611943609	0.07508376616578183	-1.1189650257217194	0.07376572057928593	-12.14615537959499	0.07106841082830422	19.717	0.2351	190.07835296063422	2.056393121264566	41.20398473530588	0.5208918434090836	169.08206882151566	1.5705938896128406	11.715
16.993073534997738	0.07581817511138558	7.173023384305845	0.07188269760236979	-1.1402044725142004	0.06931304095183236	-12.166243927803245	0.06955643292844467	19.7063	0.236	189.86666358218002	2.0200270545004986	41.26772837697671	0.4957005271511067	169.09971761684366	1.505968193379995	11.715
16.991058876488452	0.07413055106937504	7.189045406690952	0.06975369564532796	-1.1286189347407125	0.07187076057498706	-12.169973006314835	0.07059971074223302	19.7009	0.2363	190.21603715058683	1.9752902713761085	41.24571695232846	0.4966486297454427	168.86517235433055	1.5407951281653058	11.715
16.99555539289346	0.07349259750696294	7.189183758976808	0.07432640076313492	-1.136346225947329	0.07044795168952317	-12.1683532030392	0.06872384930305578	19.7009	0.2363	190.131501020513	2.0265993314905266	41.206749570585075	0.5068610154887877	169.00824683969262	1.5077277962720983	11.715
17.008311656123883	0.07097812907876379	7.193293354565123	0.07183463332678183	-1.1305554068931363	0.07072439242810456	-12.183269562461966	0.0661229372813861	19.6955	0.2364	189.96400220929246	1.9545195974780087	41.215072373691676	0.49914276095670906	168.69161113536438	1.4777169340578793	11.715
17.004282053735224	0.07181431779231695	7.175354016279453	0.07368682957044595	-1.1266942940884743	0.06921851666682324	-12.16493543026493	0.06771222906197152	19.6955	0.2364	189.69516830486248	1.9858090939638549	41.32329954075658	0.5032171194272441	168.9127946490395	1.4817499477211167	11.715
17.03758960847453	0.07310164834493431	7.203346372642088	0.07536556079843523	-1.118969477833799	0.07143792872106333	-12.155723262770488	0.06988646403578533	19.7117	0.2356	189.59264211891636	2.0241680476694377	41.222663894875915	0.5143616935495543	168.93555792340703	1.529706157892017	11.715
16.970512493626412	0.08126664104584619	7.147172352601925	0.0839078797957011	-1.1421386607052444	0.07797335884888144	-12.184889003305535	0.07899940114921586	19.6955	0.2364	189.80307426544053	2.256979609126008	41.38679663248547	0.5718953102916531	168.84382064935022	1.6971744742087325	11.715
16.976422962414688	0.07455211202497598	7.177021873104685	0.07684992853927852	-1.1459973254479514	0.07376205338751267	-12.177297480285416	0.07414555064449979	19.6955	0.2364	190.2667460316024	2.078883247681684	41.219180317501255	0.5275385932042936	169.0190759159001	1.6024555265124862	11.715
16.989377810571874	0.07603440759826782	7.163220434599412	0.07199596556763987	-1.1344157831575805	0.07053989601577623	-12.184978117939918	0.06880836802193213	19.7117	0.2356	189.7486562632049	2.0220522985529557	41.34527233153439	0.5022307190765113	168.72445960988995	1.5045747102790306	11.715
16.980452136859473	0.0736462503691587	7.156975002237182	0.07185036208276514	-1.159512011200849	0.07320185250597488	-12.18089279716032	0.06853564664260617	19.7063	0.236	189.80042736092176	1.987938350772173	41.25155592461411	0.5087783660378059	169.17119501912202	1.5392012212509247	11.715
16.98293356159664	0.07151579840509246	7.195126666561804	0.07566847782548046	-1.130551804400133	0.06921669663625868	-12.166421886552953	0.06848483880362208	19.6901	0.2365	190.49212743126134	2.026333139258651	41.20601466027168	0.5075514740961464	168.94908552220264	1.4906620151852787	11.715
16.984548013300277	0.07546960268912048	7.1529493471566115	0.07580277917162272	-1.1672343562168224	0.07352015702608941	-12.191900986351685	0.07295854723586447	19.717	0.2351	189.6436400259291	2.0632879474458057	41.23322769809378	0.5233312592638105	169.12077443005148	1.5888912616367372	11.715
16.968098098321278	0.06867967835795455	7.139038903217511	0.07333249106346577	-1.1730287662777759	0.0752934790484749	-12.188350505746639	0.07192554997837197	19.7117	0.2356	189.6926370379714	1.9390189710247776	41.27348847149089	0.5218907631418827	169.26424869106515	1.6000391831615195	11.715
17.016705026946205	0.07352552020860438	7.197320033921114	0.07136504964793772	-1.1073812685359337	0.07423803000180322	-12.153836338960405	0.07279821587273771	19.717	0.2351	189.87952500548113	1.9813775887337013	41.310098537760176	0.5122386024769562	168.78719430213633	1.5887179133136702	11.715
16.96393577181809	0.07478750461148365	7.155031004232282	0.07372105339705737	-1.1344114779236814	0.06841686856500528	-12.17913968779317	0.06801795528072964	19.7063	0.236	190.08239987026087	2.0350218157027995	41.38614024642329	0.5021422326970304	168.813584444337	1.4745667991910905	11.715
16.982533415133297	0.07373789834475397	7.172968170257985	0.0725718204310005	-1.1382722307666437	0.0671487670429479	-12.182734962128748	0.06880838001412068	19.6901	0.2365	190.0696016365864	2.0046329974027235	41.27759667364112	0.4910444971621342	168.81764225860238	1.4695779790122805	11.715
17.00629685432662	0.06990190448036449	7.201319091949082	0.07445785914609307	-1.1209001416646263	0.07045077140778455	-12.170418048980855	0.06887898396494084	19.7009	0.2363	190.1585300352017	1.980690130355462	41.22314246967962	0.507746780157081	168.7404078586099	1.5046388601046576	11.715
16.96420223385523	0.07625592353674635	7.153142051978889	0.07334368219470937	-1.149861842933672	0.07279293592366012	-12.179317832222631	0.07073948891686524	19.7009	0.2363	190.04064023231516	2.0494072624188284	41.318543682891864	0.5142294005017188	169.04733652613757	1.555728130988813	11.715
16.968098098321757	0.0708699941900632	7.153031933666633	0.07358950281207917	-1.1595134314361109	0.0693124845055082	-12.184666222481926	0.06782364429573391	19.6955	0.2364	189.9630758512638	1.9773520768647925	41.271116615064095	0.5019146733752097	169.1133169452151	1.487495538388068	11.715
16.98884407064035	0.07111193953835536	7.182992084304076	0.07532021840830239	-1.1382728604096866	0.06941120929626089	-12.177252951631925	0.0678014928286024	19.7009	0.2363	190.14157677676513	2.0085955383600456	41.22786997055132	0.5074707937891325	168.9014875390645	1.4846146001851548	11.715
16.986762731135087	0.07141730415708025	7.1649990294879045	0.07090883271523546	-1.1479275787197458	0.07081211629626273	-12.179095152509099	0.06827220945950635	19.7117	0.2356	189.83353855365746	1.9451625387132663	41.26922386063683	0.49749819586768923	169.02110731702658	1.5071450657630805	11.715
16.975074975753003	0.07352056507072068	7.141340176128079	0.07280644445100595	-1.1614521329154068	0.08054477227314946	-12.179629597648036	0.07093025932818968	19.7117	0.2356	189.6024446777504	1.9949871921243898	41.31959663226704	0.5403266139893907	169.22037826033497	1.648321908757338	11.715
16.981118973554523	0.0736470943091527	7.161248805132699	0.0682648635256858	-1.128623086348582	0.06970089974986707	-12.186864877748913	0.06880856591950625	19.717	0.2351	189.87014352972884	1.941632584986881	41.38399647450578	0.4870398127332662	168.60728798420027	1.493357301516787	11.715
16.972727045967822	0.06788489579145965	7.171217365941164	0.07261402224263235	-1.136346848311442	0.0676902764700257	-12.188662494034658	0.06897989021095283	19.7009	0.2363	190.2258141030049	1.9292137155920712	41.29586245539845	0.49346468172698843	168.69769359537224	1.4751423285563	11.715
16.994475040025208	0.06742864303019949	7.1696044325698844	0.07163112959061213	-1.1363555619069439	0.07045099664221106	-12.181917336937051	0.06540522939522923	19.717	0.2351	189.77350774540795	1.9001745236753478	41.30383837139766	0.4996202216620596	168.8008447462123	1.4690977212334793	11.715
17.009246869346285	0.08171347195748588	7.17568544274581	0.0787687849956776	-1.126701324043255	0.07674172070901429	-12.172839078862477	0.07924793599282981	19.717	0.2351	189.60578751030627	2.188395828076787	41.321614948546525	0.5473384439965787	168.79204294805282	1.6856925404883933	11.715
16.962254280422233	0.07143499290303876	7.141202755581276	0.07184925471760883	-1.142139305014766	0.07108219577908267	-12.194144357747502	0.06986191618906733	19.717	0.2351	189.84730439562048	1.9585366838502822	41.41661984033531	0.5053451626608652	168.70243448364462	1.5213477319513071	11.715
16.991659421806112	0.07069608405903788	7.187295014516313	0.0756680342912188	-1.1382797867965198	0.06921625926825817	-12.183269562461966	0.06981417186663166	19.7117	0.2356	190.17042623744683	2.008600606377528	41.206527755545316	0.5075610333429831	168.8095866262783	1.5025560309766246	11.715
16.962320889831418	0.07550142680640248	7.15722290993588	0.07633238359376988	-1.1517948028893095	0.07117016338222001	-12.208925515892005	0.06669701127239791	19.7117	0.2356	190.15619855554144	2.0821813205758657	41.28863855972184	0.5185984379112386	168.6242305274536	1.4874825722998861	11.715
16.94547233094473	0.06924876228839717	7.153142051978889	0.06950998161236543	-1.140207020418368	0.06970000274899874	-12.184844446482177	0.06857061356430837	19.7117	0.2356	190.40413315373405	1.9078158384817505	41.36664526433583	0.4909939581630573	168.81497204440527	1.4944757940954077	11.715
16.962720557274377	0.07364767964361911	7.159387396459517	0.06918114608975445	-1.1517988883701806	0.06636422860082736	-12.196298661071497	0.0674705064568201	19.7117	0.2356	190.19043092141283	1.9603247358316944	41.277865442309185	0.4761213800279546	168.81707607347124	1.4465685057421467	11.715
16.968697801854383	0.07111056116242107	7.181269183005775	0.07091114474057156	-1.1286236794537525	0.06892234764902921	-12.172171363567687	0.06500630881296429	19.7117	0.2356	190.49948979764753	1.954633619662768	41.28429028020297	0.49128049927954115	168.83163016569614	1.4484025835408352	11.715
16.94170947459307	0.0725631890123253	7.153307235805583	0.06991582897627129	-1.1479349075047514	0.07320451715658206	-12.196164864329653	0.07129667480921557	19.7117	0.2356	190.48054144457743	1.9608739637384531	41.327312612803595	0.503958864825039	168.76007881875987	1.5608863962287944	11.715
16.981385722898157	0.07089908850102156	7.155361463037864	0.07368461174106233	-1.1575910404451282	0.07143491154853687	-12.185200910289664	0.06891623742722171	19.7063	0.236	189.75122684544067	1.9746570577211908	41.269095304878256	0.5094864919637366	169.075636545695	1.5218453842023358	11.715
16.95964032160948	0.07552033639861094	7.144980821518335	0.07189969552872019	-1.165304348094287	0.06997937947039572	-12.206681774651582	0.07181937233051776	19.7063	0.236	189.97094685803813	2.018293845598383	41.28234135521944	0.49841547772067657	168.86481516671654	1.533592173202833	11.715
16.96668318160598	0.07487586694676561	7.167301624003635	0.06841085984196986	-1.1575896347119745	0.06921427711747402	-12.19800699175476	0.07298742834433504	19.7063	0.236	190.26712526313233	1.9692355268941042	41.20991115313325	0.4817406288344857	168.87949957183204	1.5386295765413707	11.715
16.981919246726928	0.06773016394379008	7.1675774939611046	0.0683510057840494	-1.1363549394769863	0.07254914550012083	-12.191084195972726	0.07276297679784767	19.7117	0.2356	189.97709732250877	1.8626344307543368	41.31392347915877	0.4959087629947093	168.66086134366222	1.5676659351645787	11.715
16.965068293290557	0.0734681054727344	7.167494730743469	0.07266344046312855	-1.1460085277184238	0.07017113083540387	-12.203845668860769	0.06700038817156091	19.717	0.2351	190.30223620355628	2.0070626245413163	41.26636129984966	0.5014141046333509	168.6134579957233	1.4794046828219143	11.715
16.950566263016462	0.0742146188748308	7.151528298218158	0.07599098502981604	-1.1672498841291117	0.07152022123024811	-12.187310540288495	0.07045692960621218	19.7117	0.2356	190.27379677673608	2.062514687679641	41.24019436642366	0.5173334377459261	169.1914606004858	1.5413813233435023	11.715
16.966816438951973	0.07816400870934297	7.137369580676802	0.07559273417713055	-1.1479362400770916	0.07186878612776053	-12.185200910289664	0.07055544130308154	19.7117	0.2356	189.68515575745516	2.098380094397783	41.40680338821212	0.521273096861064	168.92773835110404	1.541440797147448	11.715
16.94137684760747	0.07259393972186866	7.123184924503734	0.07229236647819134	-1.1749633087227236	0.06891767227958012	-12.195941876353325	0.06961587388178272	19.7063	0.236	189.90259845441548	1.9815848505458842	41.34272122995993	0.49761381571880353	169.17736904032495	1.503722084847663	11.715
16.972727045967822	0.06788489579145965	7.163220434599412	0.06787486315950235	-1.1614492629672604	0.0697940909890864	-12.196031070555133	0.06669377433298089	19.7063	0.236	190.0707377230117	1.8600480257054095	41.21100795524004	0.4819582729580648	168.96881013102285	1.4782290171872927	11.715
16.95802536603377	0.0715458725169835	7.153169582086952	0.07447893952604638	-1.1575861204730507	0.07195292054321001	-12.194099767442028	0.07159782699911352	19.7009	0.2363	190.1608957241617	2.0029921760340743	41.28000405853453	0.5143803920548137	168.93923370752256	1.5537831398408928	11.715
16.947287169384435	0.07478552855766034	7.149033842197869	0.07113688457264078	-1.1575826063667767	0.07107939888839376	-12.199403004224886	0.06810996889787219	19.717	0.2351	190.28903377587196	2.0045081228352153	41.30057421761022	0.49999572927444047	168.858040716115	1.5054659553525023	11.715
16.964335468012944	0.06858895237351312	7.151198011549532	0.07037828800805708	-1.153725038171646	0.06479587138046963	-12.188617923290737	0.06498358511668884	19.717	0.2351	190.00041185538504	1.9027428276575724	41.30899552918599	0.47583648138885437	168.9640468405355	1.405133501255524	11.715
16.92687678255453	0.07539756741629594	7.12920899469735	0.0759952254208931	-1.190409455359108	0.07623578985869295	-12.194144357747502	0.07281731489224288	19.7063	0.236	190.3004060448281	2.0792685867116316	41.236029174972295	0.5335340204306712	169.44248247173405	1.6233882720221344	11.715
16.946337401267947	0.07312201517405664	7.129510811610322	0.07096972297116201	-1.1595255043055106	0.07446390360548778	-12.192792669745955	0.06986238909892485	19.7117	0.2356	189.92901028585666	1.9714815222099267	41.38816818457397	0.5136263670866429	168.9889431991402	1.5638865100323258	11.715
16.943391318567404	0.0745483218761571	7.147144845917164	0.07342839390296016	-1.1633779334176388	0.07151889831888623	-12.186686621956392	0.07073864321686633	19.7009	0.2363	190.32801629960818	2.03298344354899	41.281161034086715	0.5091624292869017	169.14160811446092	1.5434953294475418	11.715
16.965001670194386	0.07105888191260064	7.155471622756632	0.07629705962049405	-1.1498699261008043	0.06998217589473368	-12.179852297113447	0.07174575386929599	19.717	0.2351	190.07028362266558	2.0201931709516736	41.30691400383909	0.5149170213411259	169.03926911266473	1.5359845723509098	11.715
16.9541294343132	0.07309795894517718	7.143284248781299	0.0700838834817765	-1.1537271028212035	0.0719536429738894	-12.174013674678472	0.06988024239685406	19.7063	0.236	190.04480481163247	1.9616373925506185	41.348386134834556	0.5005674518272805	169.18799217825844	1.5398841550969546	11.715
16.910916637811443	0.07546218141515657	7.096655042912976	0.07456015812638976	-1.207765550251321	0.07630318715969042	-12.171103173065784	0.07327150442452389	19.7117	0.2356	189.97864895824017	2.053505881788092	41.31149491796683	0.5307124727958883	170.0668375332682	1.641002170357711	11.715
16.958774611180214	0.07498795687234844	7.162613953006232	0.07234483191001678	-1.1479182520581288	0.06969644355686132	-12.174787462352137	0.06996389690461992	19.7063	0.236	190.32968357514662	2.0244400155374462	41.28111421337174	0.49899663419729945	169.0869931223063	1.514317260789739	11.715
16.96413561756122	0.07457232555616798	7.151115444648644	0.06881743696095405	-1.1479302436616061	0.07152226213686647	-12.186642058831676	0.06967007940092511	19.717	0.2351	190.0026827080451	1.9647608014560827	41.338250446602515	0.49439051179688115	168.90559238617354	1.5277740927559682	11.715
16.947154076756608	0.07105574020484651	7.148978815542199	0.0743208963394031	-1.1672350955854656	0.07319974725776274	-12.206681774651582	0.06844520876681653	19.717	0.2351	190.29054988453672	1.996922217811967	41.25291061502366	0.5174629814823118	168.8943488315559	1.5331987407928804	11.715
16.972860350902494	0.07381099149550754	7.163275574382964	0.06792458076786698	-1.140210205407437	0.06768893073807704	-12.201646584542566	0.07198364337666709	19.7117	0.2356	190.0692231932659	1.9435658323350846	41.31614580061649	0.47714236014793715	168.55859351489894	1.5057078708554574	11.715
16.93480145626831	0.07795318773163483	7.13504104349747	0.07543447314981441	-1.1749594654507025	0.07565853077712555	-12.197560957739842	0.07284488501571618	19.7117	0.2356	190.25976960536474	2.1060344836945735	41.28375548975619	0.5307719728910507	169.1524600273234	1.611734840168672	11.715
16.95184860632304	0.07830411510664706	7.141202755581756	0.07537458678766817	-1.1691718010048786	0.07499153892148815	-12.19782857419265	0.07311267674145876	19.7117	0.2356	190.04866618242812	2.1054493916746146	41.28189731944839	0.5281721192631016	169.05958691673297	1.6054787040406437	11.715
16.958225143538073	0.07713333057408764	7.161248805132699	0.083758198327551	-1.1556573296692094	0.07536676521047887	-12.183180459113888	0.07190736457818993	19.717	0.2351	190.31383703689062	2.2118941513446875	41.249477097692065	0.5588342401147941	169.07696646249934	1.5971206209117281	11.715
16.97299365793025	0.07735211975301487	7.157333096647968	0.07482218947869228	-1.1440735580932992	0.07152205484395283	-12.18147186345932	0.07084872847965101	19.7224	0.2356	189.95157245718596	2.0826184595212003	41.32649361722642	0.5152854922479797	168.92569306075464	1.5407767904956613	11.715
16.947619910100126	0.06969663227158582	7.145173309216073	0.06609557428589548	-1.1730325729778008	0.06504658988654222	-12.192257643892127	0.06863546881392028	19.7117	0.2356	190.20763226125612	1.8638285386906568	41.243031729419506	0.45979279169008497	169.20429034914397	1.4520276687157412	11.715
16.917756261951222	0.07733215493533077	7.100897955525377	0.06779082221108423	-1.1961910234044912	0.070350781494056	-12.210187092738842	0.06819815854997212	19.7117	0.2356	189.92839665426396	1.9896430997671168	41.34799928051558	0.4868697664115206	169.2846217289633	1.50595922135583	11.715
16.94755336091117	0.08043274947669078	7.147144845917164	0.07160443259119399	-1.1575854176408378	0.07035390329564574	-12.177475598190641	0.06955551096473128	19.7063	0.236	190.24718770334798	2.0904501540256426	41.309954476978405	0.4993349183042476	169.19407796026974	1.5189619787023338	11.715
16.933053010517934	0.07876446302126942	7.157167817852027	0.08042398383119369	-1.1614478280261096	0.0751415095022542	-12.183046806560698	0.073492680683086	19.7117	0.2356	190.72443278285886	2.196192403014997	41.24100015381234	0.5456656815166259	169.16784596797717	1.6132573707560847	11.715
16.94292560721961	0.06942555987518904	7.126963240635559	0.07081966937453417	-1.1672343562168224	0.07186653528605247	-12.195585112730353	0.06659570441983126	19.7117	0.2356	189.9457321340973	1.9190717401789834	41.36241331667322	0.5031647049030695	169.06427801277076	1.5020074143138789	11.715
16.98326703138714	0.0714176194714772	7.1552788454747605	0.07042504993228524	-1.128623679454233	0.06892234764902072	-12.186909442520701	0.06827203550119379	19.7117	0.2356	189.7133088737493	1.936135303715901	41.41381771438777	0.49262835208179934	168.6066175418248	1.4791527314014674	11.715
16.932521104974754	0.07287442793285204	7.120966844071566	0.06926916107639865	-1.1730264823269696	0.06861828765782596	-12.20295318984079	0.06497669948291808	19.7117	0.2356	190.03107038312604	1.9473263105187106	41.36343202004177	0.48625878548148	169.04012218425865	1.4482836276076625	11.715
