15.993579	0.076211	15.902388	0.075197	16.062858	0.077562	16.68714	0.079423	20.2025	0.2373	20438.839261415167	23996.546203393005	-2137.128350247906	1438.7296971703156	-2985.571136865717	530.911420478586	11.7108288
16.12647	0.077043	15.973039	0.06922	16.160545	0.071058	15.90487	0.086327	20.2079	0.2379	12151.98051637244	8202.960915362537	-1829.6296385641624	967.9586825348664	7292.443074750463	3189.08865223396	11.715
16.323392	0.079354	15.908605	0.080718	16.089819	0.080426	14.334851	0.099908	20.2079	0.2379	4495.073003498998	1226.6692976781337	-1893.1652514115267	1190.4135629899642	1062.413052858098	77.64387182478507	11.715
16.589354	0.072979	15.921163	0.071748	15.9158	0.080256	12.748526	0.089604	20.2025	0.2373	2790.369371619299	427.37716712628526	63971.62982937925	1284145.6528883234	588.6766486652854	22.357625551422956	11.715
16.893253	0.070607	15.944272	0.069108	15.603376	0.068365	11.229468	0.090555	20.2025	0.2373	1964.737753610114	204.5489165997175	1006.3716972556365	286.9741632188734	426.27792485771	11.058057130897096	11.715
17.181946	0.073422	15.875265	0.06844	15.149852	0.07707	9.779822	0.085778	20.2025	0.2373	1426.8983730604627	109.60783009275089	472.9277646642912	67.19670204145343	347.20482318453105	7.4558365643426905	11.715
17.528366	0.070952	15.852848	0.070794	14.675499	0.073493	8.455962	0.090473	20.2025	0.2373	1112.7902681090338	66.56741921236618	291.3902814711245	25.255598061065722	299.78115199917676	5.618251020528654	11.715
17.799052	0.071382	15.742515	0.068484	14.092103	0.066475	7.22879	0.081183	20.1971	0.2378	906.6215601533096	43.6091997889797	207.8680975030021	12.0207276538513	271.6618327094453	4.153206340807404	11.715
18.056095	0.073929	15.599737	0.072451	13.498389	0.077761	6.043959	0.09475	20.2025	0.2373	759.0507117089801	31.986535099615946	163.26096268431306	8.257444271529566	250.11974512036758	4.112751328672756	11.715
18.307923	0.077303	15.474254	0.072081	12.92718	0.074132	4.974065	0.08268	20.1863	0.2385	657.9808659609638	24.542498122133196	134.69103756883487	5.467776339452305	234.43647180387822	3.273372967430496	11.715
18.493573	0.075428	15.252478	0.076364	12.290811	0.072676	3.916383	0.080264	20.1809	0.2387	575.2686479683509	19.05122391380389	115.8361248554374	4.1231470244073565	222.64207356101332	2.8786653960613173	11.715
18.705382	0.073258	15.110099	0.07666	11.723954	0.077842	2.997121	0.083807	20.1809	0.2387	518.5961890480768	15.294917114581812	101.31522828270111	3.2689057802290504	213.6514086531322	2.8002959459406718	11.715
18.856552	0.073105	14.881113	0.072008	11.154337	0.070943	2.130293	0.073476	20.1539	0.2376	469.0048671170437	12.105894096625889	92.05489190229261	2.496873444300934	206.6147129320809	2.3384806349406984	11.715
18.9992	0.066781	14.699587	0.073016	10.630519	0.073068	1.293874	0.081917	20.1486	0.2371	433.64370814188095	9.979686583424606	84.31119762092416	2.140319473707079	199.69702756329966	2.3478142135509676	11.715
19.152428	0.071661	14.497591	0.076838	10.103781	0.073091	0.528429	0.074485	20.1539	0.2376	400.5510557730199	9.041227873062434	78.07986047639328	1.8845381815967042	194.71869887480224	2.122128817484542	11.715
19.244072	0.078793	14.28491	0.072713	9.579796	0.074738	-0.205483	0.077854	20.1486	0.2371	375.9708113578969	8.128465848502698	72.91386543873999	1.615897796730858	190.54132623826078	2.1014705970771446	11.715
19.349647	0.078482	14.083648	0.074642	9.097945	0.077272	-0.86755	0.076242	20.1432	0.2376	354.06387713585076	7.282258372808894	68.81036549054005	1.4827738092131644	187.09559453898146	2.038018545011917	11.715
19.408491	0.07681	13.849281	0.079465	8.616766	0.076487	-1.535484	0.076425	20.1432	0.2376	335.38939474203636	6.667654678935718	65.5646581751964	1.3820193889205663	183.6538832693614	1.9559730641942443	11.715
19.494527	0.076583	13.64788	0.069565	8.170599	0.076893	-2.118852	0.071327	20.1324	0.2383	318.9007867705264	5.64323542761341	62.634734016201875	1.1857480810568342	181.20500562020203	1.847046780942158	11.715
19.515322	0.07704	13.43839	0.080093	7.743264	0.075965	-2.67583	0.075916	20.1	0.2374	306.81605882795844	5.610835988562555	60.23887775406049	1.1676047372856757	178.95031422280766	1.8445502000598164	11.715
19.572642	0.074033	13.243948	0.073329	7.343021	0.072791	-3.187578	0.081104	20.1	0.2374	294.6860459597875	4.85200693541813	58.15287805100085	1.018234386775957	177.1008012678029	1.832777497628564	11.718
19.596876	0.071798	13.040442	0.073975	6.944808	0.077788	-3.696068	0.076856	20.1054	0.2378	284.3771635443296	4.471347706468719	56.280947422733355	0.9911294188930936	175.22054245531004	1.8006673860155584	11.715
19.616659	0.078941	12.844464	0.077926	6.575906	0.076778	-4.14278	0.077402	20.0946	0.2368	275.3169640622162	4.5095144264754214	54.728383867522915	0.9550868293898733	173.9485777508248	1.7692757016802023	11.715
19.654293	0.070743	12.664296	0.072042	6.23503	0.081196	-4.596061	0.069186	20.0892	0.2373	266.738311685186	3.8529682359766175	53.360375706166096	0.9009123041280918	172.143335259988	1.6954317103893288	11.715
19.628738	0.069281	12.465827	0.076514	5.884675	0.069857	-4.999058	0.075907	20.073	0.2382	260.36586326104504	3.751933893591604	52.142223020827124	0.820869538472259	171.3545930722854	1.6241468128325172	11.718
19.639644	0.074068	12.306747	0.07288	5.59663	0.070388	-5.369291	0.07476	20.0676	0.2382	254.26516369359183	3.6030976637848044	51.12698137952912	0.7720081678736053	170.0267680098859	1.5920876779519977	11.715
19.657018	0.075415	12.143779	0.0705	5.301033	0.069833	-5.729529	0.072616	20.0461	0.2371	248.1619718620859	3.409867609505513	50.136014372652994	0.7270577797755846	169.03038950985635	1.543811553802667	11.715
19.6331	0.078099	11.974002	0.071659	5.0153	0.074493	-6.064273	0.071485	20.0407	0.2366	243.43599157303936	3.368864455121617	49.30057600872997	0.7323115665872665	168.2826760193476	1.568127460684826	11.715
19.643619	0.075325	11.831306	0.076859	4.732126	0.072212	-6.377977	0.077795	20.0407	0.2366	238.66173971750595	3.2876133368497507	48.32502221506971	0.7178852036473533	167.82023867194079	1.6033346859003523	11.715
19.60116	0.078746	11.659955	0.076141	4.464997	0.078792	-6.693025	0.073916	20.0353	0.2371	234.84818221805455	3.239388291901128	47.69393764462245	0.7263190483044683	167.1423133051604	1.6183277613965643	11.718
19.605676	0.071011	11.527801	0.077755	4.2497	0.076938	-6.947592	0.070872	20.0245	0.2378	230.87476409044746	3.00964288711022	47.149094684872104	0.7086248841464148	166.55612735671428	1.5559673616799803	11.718
19.578024	0.069928	11.372985	0.067751	4.008785	0.071307	-7.224261	0.06392	20.0137	0.238	227.23842951936948	2.6965547828754306	46.58591730290799	0.6222316376521095	165.98349038853954	1.4150136717773365	11.715
19.578565	0.081736	11.255345	0.081957	3.801831	0.081023	-7.472703	0.08225	20.0029	0.2377	224.0692367078767	3.1160557960640505	46.039475827614396	0.7118590215152876	165.41505254270433	1.6938978882733864	11.718
19.551842	0.077331	11.129669	0.075584	3.61082	0.075378	-7.679608	0.070325	19.9867	0.2363	221.4366484092132	2.8430778850312204	45.639416577566884	0.647950574073984	165.1821769660516	1.5082236405554137	11.718
19.535095	0.075743	11.024064	0.075291	3.419833	0.074188	-7.895523	0.073262	19.9867	0.2363	219.12477155607053	2.7496115197825786	45.126967593770594	0.6272762220543376	164.81828311208378	1.5187120000315255	11.718
19.466888	0.081479	10.855023	0.077631	3.207156	0.076655	-8.123975	0.07254	19.9813	0.2368	216.50365396811839	2.829286024968744	44.858000329188805	0.6399118648228903	164.5466935199231	1.5325677241063798	11.715
19.487193	0.079249	10.784745	0.086777	3.075716	0.077997	-8.298786	0.076186	19.9706	0.2375	214.30493165190182	2.894001426879392	44.51350235613656	0.6737230322070332	163.9612607851678	1.5716687909969789	11.718
19.421485	0.080592	10.656643	0.075895	2.86932	0.077886	-8.485814	0.073346	19.9544	0.2376	212.77937117871278	2.6874802878247253	44.065960759961285	0.6153746554255444	164.2409142490222	1.5474384703056596	11.718
19.374253	0.07364	10.520263	0.070777	2.700311	0.070936	-8.678103	0.072664	19.9436	0.2371	210.63697744665092	2.4298700213867126	43.882094249521856	0.5623137934594125	163.9048926153056	1.462789805507258	11.718
19.364051	0.079926	10.437334	0.075294	2.572849	0.076749	-8.825918	0.0751	19.9382	0.2366	208.9208859892966	2.56989993784076	43.63360877296037	0.596517806192776	163.61222419027018	1.5412783268381467	11.718
19.311217	0.080622	10.346008	0.078083	2.404185	0.07676	-8.993925	0.073846	19.9328	0.2373	208.023896670013	2.604260725055928	43.208706023334535	0.595723194865649	163.62164757295582	1.529029553911305	11.718
19.29036	0.078277	10.240785	0.074164	2.282729	0.075211	-9.137746	0.073425	19.9328	0.2361	206.08453420602567	2.455633660722253	43.12056684645967	0.5723373537029232	163.30123502499384	1.50295599258784	11.718
19.284286	0.072881	10.157907	0.074338	2.161344	0.073916	-9.260996	0.069759	19.9112	0.2374	204.35021526996417	2.3310224661962575	42.91292169517418	0.562571998568764	163.27456979273384	1.452822454581238	11.718
19.220893	0.069481	10.054512	0.068565	2.034056	0.066736	-9.411872	0.068495	19.922	0.237	203.4584433345941	2.1667001684032403	42.78508114502725	0.5104114293938113	162.93808789663257	1.3613501869308013	11.718
19.202371	0.071225	10.002112	0.071097	1.926509	0.070383	-9.501509	0.067267	19.9058	0.2375	202.65734669230253	2.2167554407009757	42.48203363450695	0.5262789918688141	163.1516595954195	1.3899284046956715	11.715
19.176945	0.071641	9.902906	0.072315	1.805236	0.069203	-9.637398	0.070975	19.8897	0.2368	201.09659987315123	2.207260874530201	42.37711355669748	0.5238091086991248	162.98498730324854	1.4119566291550927	11.718
19.161205	0.075568	9.836729	0.073387	1.701788	0.070857	-9.747753	0.069412	19.8789	0.2358	200.00882717952516	2.259495580905787	42.182960194889	0.5289720293806472	162.88667874208025	1.4111282149329423	11.718
19.103312	0.074303	9.729017	0.069503	1.584407	0.068863	-9.879309	0.065716	19.8897	0.2368	198.89497772978874	2.1586809794900637	42.122091755307714	0.506007614209655	162.6436148017087	1.3504848529562568	11.715
19.099867	0.074698	9.701109	0.076451	1.512246	0.07961	-9.948499	0.070718	19.8789	0.2358	198.4280982814771	2.256577039164455	41.90519046069495	0.5648240728909861	162.72743206941024	1.5119306961442578	11.718
19.07063	0.071323	9.624428	0.07077	1.4127	0.075451	-10.056425	0.072137	19.8789	0.2358	197.43148306703708	2.100004467429927	41.78851091922168	0.5264276630158267	162.60852859992735	1.4799841081013352	11.718
19.024082	0.078106	9.539437	0.080673	1.311183	0.067345	-10.145459	0.070588	19.8735	0.2363	196.6312496825967	2.3279023937505934	41.7045837430016	0.5326334462177112	162.78570981472004	1.3862260239099204	11.718
18.984063	0.072162	9.484861	0.070329	1.211688	0.076545	-10.219706	0.074718	19.8627	0.237	196.32992938494695	2.0826106594952343	41.47814746564207	0.5211525260113415	163.1452415364738	1.5265985911539288	11.718
18.952741	0.079241	9.422373	0.075226	1.161006	0.07106	-10.29408	0.068673	19.8681	0.2367	195.6878801546134	2.2434805997268805	41.53742396630333	0.5202981616502822	162.8078209350828	1.4045146497167194	11.718
18.919326	0.075763	9.357882	0.074588	1.059657	0.071771	-10.396278	0.072261	19.8519	0.2372	195.05189330645518	2.168865679084744	41.35292465962828	0.5158289864735155	162.7957559358626	1.4472932887874193	11.718
18.915503	0.075964	9.311668	0.07074	1.00708	0.071144	-10.45401	0.073519	19.8303	0.2361	194.1909252637273	2.098867751501201	41.32123952810261	0.4991992558949286	162.72254067476797	1.4525271328660663	11.718
18.875204	0.066873	9.254985	0.068481	0.938848	0.069105	-10.520583	0.068034	19.8411	0.2369	193.86019253064117	1.928815900880623	41.26385697555909	0.4827388941930142	162.7461010210282	1.3772354863270466	11.718
18.831833	0.071204	9.214979	0.07362	0.861006	0.071028	-10.580296	0.069722	19.8303	0.2361	193.9280388808817	2.065343643846854	41.07696950891638	0.5030057688266257	163.00396541531427	1.4180033638412928	11.718
18.814909	0.074679	9.160477	0.071745	0.812314	0.073021	-10.639569	0.07323	19.8303	0.2361	193.17320145799255	2.072072273661246	41.105556744498216	0.5040550385126731	162.85336191554902	1.470633593628062	11.718
18.761681	0.077824	9.0694	0.072587	0.711024	0.072847	-10.728134	0.075182	19.8249	0.2356	192.41886858884308	2.1127515264133048	41.0553302105931	0.5051262662456384	163.03451318366362	1.4920062073874076	11.718
18.751199	0.074651	9.053282	0.070963	0.670161	0.06987	-10.781885	0.063754	19.8087	0.2368	192.30701623787482	2.0424179759509022	40.93414724450246	0.4862776711467163	162.8510416401858	1.3450274630134178	11.718
18.698873	0.071025	8.970725	0.071593	0.594297	0.066844	-10.84678	0.070508	19.8141	0.2365	191.70941638174477	1.9873562353621146	40.966852328909	0.4790333183833373	163.00717730333355	1.3842480038959892	11.718
18.69347	0.081082	8.942944	0.076638	0.572973	0.078972	-10.862078	0.074414	19.798	0.237	191.2630631723339	2.1885004073947694	40.99708752799428	0.5390164900816332	163.08763502608983	1.547557561593711	11.717609399999999
18.680748	0.069329	8.916695	0.072838	0.528231	0.067734	-10.924982	0.068301	19.8087	0.2368	190.95555823825353	1.966613793357965	40.89759519244151	0.48493772353476694	162.79276441026886	1.3672545275348615	11.715
18.644683	0.071463	8.866152	0.070038	0.458202	0.065905	-10.985855	0.069003	19.7818	0.2363	190.72166128730888	1.9516167358644774	40.81326382645287	0.46682524316903196	162.96472259176682	1.3587805266107291	11.718
18.613035	0.076476	8.839879	0.06855	0.427084	0.072804	-10.991289	0.06749	19.7818	0.2363	190.82655345820856	2.0053178396542934	40.7897606100645	0.4848451039551709	163.33128382954817	1.4200467647241797	11.718
18.57647	0.072869	8.783081	0.071782	0.364828	0.072293	-11.072218	0.070015	19.771	0.2353	190.43229465183424	1.988951733336215	40.76331176174525	0.49331370939951946	163.0646274040096	1.4348807335632863	11.718
18.562613	0.070764	8.769367	0.067685	0.349338	0.066137	-11.093024	0.065155	19.771	0.2353	190.43508568122448	1.9041627750569254	40.754718594180034	0.458042262977746	162.9888657751535	1.3224439398909666	11.718
18.554307	0.077254	8.721107	0.077412	0.304657	0.075265	-11.122675	0.071742	19.7764	0.2359	189.6613158788601	2.1094311265377046	40.7720423556955	0.5230422787685728	163.20324326272578	1.4850193118060029	11.718
18.495448	0.074235	8.690829	0.07363	0.236658	0.071419	-11.181762	0.071642	19.771	0.2353	190.21416931909724	2.0284625261091636	40.59012937711438	0.49249345771806985	163.33061843320087	1.446999643136278	11.718
18.480427	0.081098	8.646408	0.07395	0.199738	0.074322	-11.203757	0.071176	19.7656	0.2358	189.64551423749677	2.1165339643679757	40.62617537606998	0.5042727978935664	163.54439253320837	1.4758473958815521	11.718
18.464767	0.071569	8.610705	0.069768	0.157087	0.067808	-11.246917	0.067888	19.7602	0.2362	189.259774595549	1.919627943776377	40.59278172347444	0.467171490150137	163.53709464457157	1.3759731652455907	11.718
18.428158	0.072066	8.559969	0.07105	0.118201	0.069436	-11.281479	0.070135	19.771	0.2353	188.98883457673477	1.9381263806712803	40.64976311229237	0.47837590010724834	163.59912892402673	1.41635802459445	11.718
18.42051	0.075166	8.576386	0.07465	0.120183	0.070305	-11.281892	0.0717	19.7602	0.2362	189.4508298315014	2.0387518271094573	40.58037830269139	0.49209993628873117	163.56475605470902	1.440508128691438	11.718
18.400728	0.075878	8.517651	0.078563	0.071606	0.07669	-11.331278	0.073081	19.7494	0.2367	188.70414863502035	2.0854636342716923	40.62917985277791	0.5281288544476331	163.553146478771	1.519436328478824	11.718
18.376625	0.072123	8.495999	0.072052	0.028967	0.071654	-11.354045	0.068534	19.744	0.2367	188.75095813034932	1.9475126858233165	40.52847634768245	0.4863978574496662	163.8386776901451	1.4271204925026568	11.718
18.344797	0.071151	8.461632	0.076745	-0.000161	0.072925	-11.379676	0.070323	19.744	0.2367	188.65415923084157	1.9976656294771142	40.54318514415892	0.5072438061072317	163.84706449651387	1.4586739441914571	11.715
18.312759	0.069922	8.439232	0.069468	-0.017654	0.070564	-11.410722	0.07141	19.7494	0.2367	188.88667084510507	1.8855911871402613	40.57709555445976	0.47511119819617476	163.69407073809802	1.4424209337874225	11.718
18.290103	0.072013	8.411262	0.072763	-0.031216	0.069332	-11.433108	0.075039	19.7278	0.2361	188.73671689192693	1.9558617094888737	40.63594125814666	0.4837595992775982	163.5255024697825	1.465244533950153	11.715
18.290535	0.076451	8.385335	0.077094	-0.079689	0.073656	-11.457383	0.070224	19.7278	0.2361	188.234471835814	2.0632877287843554	40.52770920062999	0.5104798301724678	163.87328663484996	1.4657524036691438	11.715
18.301862	0.069375	8.391751	0.071209	-0.071889	0.069022	-11.452342	0.066185	19.7332	0.2364	188.18938552076898	1.8878870221092108	40.54471255357319	0.47507222550299677	163.87551754969718	1.376998249934192	11.718
18.246816	0.07875	8.343242	0.075637	-0.116528	0.073732	-11.479683	0.071527	19.7278	0.2361	188.31358292338638	2.076221611959968	40.56326477710926	0.5064701869175633	164.1249880280787	1.483726335196021	11.718
18.232101	0.067839	8.32513	0.072042	-0.147558	0.071183	-11.507355	0.06618	19.7117	0.2356	188.20082885658275	1.879836615527447	40.491049048964335	0.4840043493981868	164.13146731006725	1.4043116027988038	11.715
18.217029	0.069429	8.288784	0.070546	-0.163088	0.067237	-11.53666	0.072198	19.717	0.2351	187.84565401400337	1.8727498869724837	40.601169425593916	0.468160137856662	163.9746663030666	1.4223685204914032	11.718
18.196829	0.079075	8.295129	0.080518	-0.168874	0.076956	-11.522303	0.07979	19.717	0.2351	188.34923254162	2.14670599130027	40.542976883045355	0.5335130337221254	164.26558090760562	1.6038733507908756	11.718
18.168425	0.076764	8.260445	0.079426	-0.219328	0.075195	-11.565917	0.072121	19.717	0.2351	188.1816719495235	2.0979439737821566	40.45721689722094	0.5218310098434764	164.3225270458936	1.5089096198298124	11.715
18.144566	0.076632	8.235968	0.075905	-0.244559	0.075264	-11.594957	0.071519	19.717	0.2351	188.21811850921503	2.048874705110175	40.4639832633572	0.510034339710863	164.309438328158	1.502985511074645	11.718
18.162223	0.07504	8.220318	0.070589	-0.242585	0.071268	-11.601049	0.074548	19.7117	0.2356	187.53953616064118	1.9433903992235	40.5378677437674	0.48048775121252874	164.15072530641652	1.4904650429565114	11.715
18.142312	0.071556	8.206707	0.072684	-0.246422	0.068604	-11.588716	0.068501	19.717	0.2351	187.65845100971538	1.9264530008305056	40.58473600513844	0.4798623585202822	164.38476085913945	1.405073340942511	11.715
18.098189	0.068012	8.180513	0.067054	-0.28713	0.066085	-11.619983	0.06752	19.7117	0.2356	187.99768479840478	1.8104414117831662	40.515175938917764	0.450461428134908	164.5216930113344	1.3715636655684285	11.715
18.108785	0.070704	8.174554	0.071011	-0.292938	0.069002	-11.625607	0.072352	19.717	0.2351	187.68438164458396	1.8931955364431767	40.51589859980798	0.4737710206041354	164.524358641061	1.4514875011396997	11.715
18.045643	0.073595	8.154291	0.074268	-0.323956	0.069003	-11.656741	0.069934	19.717	0.2351	188.4979963456297	1.9925191746301545	40.464499819556565	0.4838462966919293	164.522685477918	1.4262788609911068	11.715
18.058185	0.076609	8.120169	0.069719	-0.343331	0.068997	-11.682587	0.070348	19.7117	0.2356	187.61292358831014	1.9555057286080837	40.53500416596906	0.46978327104056106	164.42878679695065	1.4288560257643215	11.715
18.043908	0.074079	8.094236	0.07335	-0.351069	0.069776	-11.675417	0.066271	19.7117	0.2356	187.39312202855902	1.963432406063755	40.622338800493836	0.48695222915190595	164.64525684489988	1.3991110570494534	11.715
18.037496	0.073215	8.108222	0.070965	-0.374321	0.073615	-11.6901	0.073689	19.7117	0.2356	187.7780930105228	1.9282854081296643	40.444011211751295	0.487524040475333	164.7699294311173	1.5166739182973883	11.715
18.022652	0.075237	8.08204	0.072948	-0.387887	0.079139	-11.708431	0.07118	19.7117	0.2356	187.6119398059762	1.9778327118666092	40.51462338240659	0.5148357782976187	164.74275684249287	1.5489771200082953	11.718
17.998211	0.078242	8.062253	0.075716	-0.411111	0.070061	-11.727275	0.070255	19.7063	0.236	187.65178829507727	2.0563160560863394	40.48781729444582	0.49291133090646116	164.76432840446031	1.4446307842045787	11.715
17.987691	0.06896	8.04617	0.068569	-0.426608	0.071686	-11.730924	0.068204	19.6793	0.2362	187.59480719553162	1.8350544382309326	40.50098805773355	0.4741885326063585	164.97925767003977	1.4440811306939878	11.718
17.99272	0.077994	8.038516	0.072175	-0.416899	0.076049	-11.725901	0.06823	19.7063	0.236	187.30782120235912	1.9995872896399234	40.573766053253294	0.503109978052604	164.8686640044929	1.4894919415076775	11.715
17.950501	0.07424	8.00623	0.072853	-0.445963	0.070976	-11.745947	0.068557	19.6955	0.2364	187.4948993806819	1.9611648785006968	40.589234253283514	0.4884393754959508	165.0002458997604	1.4408999894257588	11.715
17.907235	0.078696	7.973488	0.076663	-0.506029	0.073602	-11.774571	0.074462	19.6901	0.2365	187.6935430812885	2.075851676162454	40.45844091347329	0.5070734241464853	165.46063542435922	1.537333004515015	11.715
17.907446	0.078087	7.967563	0.072491	-0.494407	0.071597	-11.785772	0.070182	19.6847	0.2364	187.62570719784338	2.011214829296594	40.55271786372617	0.48828125567808817	165.16848440020584	1.466552256312967	11.718
17.896649	0.077989	7.969415	0.077968	-0.490544	0.080337	-11.787402	0.077628	19.6847	0.2364	187.8166772838992	2.086396094957504	40.551973206613056	0.5366271012627446	165.04591082359713	1.632140973787861	11.715
17.89902	0.075213	7.957504	0.072987	-0.519577	0.068474	-11.80049	0.065835	19.6901	0.2365	187.54686688838342	1.9771482274049534	40.47006545227723	0.4777811637692414	165.27919079223938	1.3917044402233814	11.715
17.895053	0.071939	7.965619	0.068561	-0.494403	0.069377	-11.785858	0.069984	19.6793	0.2362	187.77505832649715	1.8793096437976653	40.551670501561965	0.46753316185028415	165.12488446985813	1.4410891751209187	11.715
17.88949	0.07243	7.947874	0.074452	-0.506002	0.070141	-11.804742	0.071621	19.6955	0.2364	187.59300684440578	1.959993262996322	40.59154062730985	0.4911391986359674	165.06068277797002	1.4644761435835938	11.718
17.864424	0.074295	7.923808	0.073782	-0.525363	0.073595	-11.801051	0.076443	19.6901	0.2365	187.5638431953736	1.975655574077883	40.60375066343612	0.5008039533388006	165.35577047270385	1.5561182592628615	11.715
17.863038	0.068949	7.920103	0.072388	-0.550513	0.069854	-11.82547	0.067528	19.6955	0.2364	187.52008770375951	1.885395172745515	40.50095579582876	0.48098686220102527	165.3664979956611	1.4249796936550954	11.715
17.820144	0.074347	7.889536	0.073585	-0.58925	0.072693	-11.846916	0.069273	19.6793	0.2362	187.80094705489765	1.9782219325757975	40.47229136292224	0.493737891510545	165.66289558970146	1.4776555316094555	11.718
17.799192	0.07329	7.873465	0.075406	-0.587316	0.074839	-11.848718	0.069854	19.6739	0.2358	187.89331199487583	1.9905616641998138	40.5584164110195	0.5092826157028861	165.60794564996797	1.5054984633569646	11.718
17.784505	0.071999	7.853386	0.070591	-0.595059	0.068972	-11.84314	0.06715	19.6901	0.2365	187.74320897872977	1.9061776865151359	40.60723928869833	0.4743659352366429	165.76161928447854	1.4185995058532215	11.715
17.772047	0.074049	7.845397	0.07153	-0.591187	0.07158	-11.856097	0.068601	19.6793	0.2362	187.87583106695416	1.9485729801561713	40.674742047120255	0.4878798643584192	165.55637198479386	1.4570957211849571	11.718
17.783117	0.072813	7.855694	0.075761	-0.598915	0.069756	-11.849108	0.070254	19.6847	0.2364	187.8131080404629	1.9879462124883969	40.577633591491086	0.4942659785347473	165.73051145570318	1.458434383761131	11.715
17.787223	0.067822	7.84163	0.068262	-0.61827	0.067734	-11.860133	0.067522	19.6631	0.2348	187.51798934837916	1.8142880617835897	40.56264299843154	0.46107692932894345	165.895773601405	1.4113577456827202	11.718
17.759241	0.069117	7.835253	0.077775	-0.616351	0.069652	-11.865146	0.066623	19.6739	0.2358	187.8781199634378	1.9698250038653102	40.5920619052493	0.5014443876394022	165.7510914441736	1.4202286200356518	11.715
17.719089	0.076238	7.794954	0.074091	-0.653124	0.066859	-11.886976	0.072015	19.6739	0.2358	187.87533597897922	2.012564630685314	40.60900281805947	0.47971946492519674	165.97157849284906	1.4518177404382608	11.715
17.75103	0.067196	7.801237	0.075588	-0.643439	0.07003	-11.891056	0.064892	19.6685	0.2354	187.4388499025026	1.9052820339909726	40.63576630314007	0.49583998406927116	165.81090211310135	1.4074552002320428	11.718
17.737114	0.078798	7.815569	0.077367	-0.635686	0.075952	-11.87489	0.073228	19.6847	0.2364	187.97251320631062	2.0921966631879245	40.604131127479285	0.5208929098787629	165.93502169302877	1.5576453737876277	11.718
17.711924	0.071512	7.77943	0.069284	-0.647299	0.071836	-11.88956	0.066628	19.6739	0.2358	187.71723500180593	1.8818029268713952	40.711885390880774	0.482176325297456	165.8474336382983	1.4453878960215647	11.715
17.697103	0.075809	7.761303	0.07646	-0.684063	0.074827	-11.90234	0.070633	19.6739	0.2358	187.70281814557987	2.0340837218788423	40.63244266609651	0.5147123011338262	166.24457300765746	1.5248565422241975	11.718
17.688685	0.068776	7.765282	0.073324	-0.666652	0.068866	-11.905985	0.065698	19.6793	0.2362	187.88919057318702	1.9034620064523098	40.686755766035304	0.4853926618584656	165.8906395832276	1.4048015855595126	11.715
17.6699	0.073913	7.751254	0.070927	-0.680195	0.075128	-11.915207	0.06812	19.6631	0.2348	187.97928513261448	1.9414300694811861	40.68909646288592	0.4986059141984728	165.95445113846242	1.4979944676036274	11.715
17.655777	0.073145	7.743447	0.075386	-0.676318	0.067731	-11.911823	0.065801	19.6739	0.2358	188.09906509964776	1.9932483563816261	40.7455605182124	0.49042969402275	165.9471587977535	1.3947380745588187	11.715
17.67296	0.070855	7.761692	0.06781	-0.68018	0.07157	-11.912128	0.069009	19.6739	0.2358	188.11923128773103	1.8614861771209117	40.63885748667387	0.47462036094166843	165.99970748947877	1.469371445455999	11.715
17.641169	0.076781	7.719401	0.07516	-0.709206	0.073658	-11.937642	0.072706	19.6739	0.2358	187.92014359155039	2.035027160227186	40.70281504970432	0.508196003712817	166.05163965233947	1.5305663144462058	11.715
17.645204	0.077446	7.731364	0.072829	-0.699536	0.071921	-11.902514	0.075321	19.6631	0.2348	188.07042540808527	2.016760154470652	40.69174648908892	0.4940186441318522	166.42897066897154	1.5471241227867238	11.715
17.630042	0.078534	7.699067	0.071622	-0.718888	0.071567	-11.933517	0.066224	19.6847	0.2364	187.74594297313436	2.009401388746611	40.7543174174705	0.49018705030051973	166.25606955630354	1.4455181059370683	11.715
17.605003	0.06638	7.705078	0.068888	-0.724691	0.068248	-11.944582	0.064557	19.6685	0.2354	188.33477982637606	1.819931889399689	40.69720420226079	0.4681574603406318	166.17810815033923	1.3914038732742529	11.715
17.6347	0.071264	7.727326	0.068794	-0.726619	0.071565	-11.941199	0.065449	19.6739	0.2358	188.1931712696358	1.881507877873371	40.58081995674341	0.47650813568285016	166.2567922750744	1.4377361942592528	11.715
17.605418	0.071174	7.697242	0.072797	-0.722751	0.071567	-11.946688	0.070069	19.6685	0.2354	188.17793578919148	1.9335862176900356	40.74445606944519	0.49398835795743257	166.1182024670167	1.4823585007546547	11.715
17.594986	0.068265	7.693235	0.068888	-0.736291	0.066048	-11.946688	0.066425	19.6577	0.2353	188.30004743470164	1.8442963208166454	40.69837804884805	0.4607670375325767	166.31884138843978	1.3897412020621842	11.715
17.599781	0.076639	7.685487	0.075336	-0.720808	0.073814	-11.923107	0.070266	19.6793	0.2362	188.06181924914395	2.038497189470113	40.81084567697667	0.5120351548421423	166.43907049382645	1.514139674272203	11.715
17.575863	0.067781	7.661033	0.071135	-0.771109	0.067181	-11.953845	0.069222	19.6631	0.2348	188.0516605123717	1.8636142552952155	40.68575184737425	0.47210689894460245	166.73022525173633	1.4382124212931273	11.715
17.573984	0.077666	7.667131	0.074147	-0.755634	0.075787	-11.95582	0.070873	19.6739	0.2358	188.2030841104574	2.039875968795084	40.73104206132052	0.5127213856344711	166.4704674552564	1.542235595545099	11.715
17.582744	0.072662	7.673319	0.07244	-0.751761	0.067402	-11.948707	0.067823	19.6685	0.2354	188.15422330762007	1.9481548723315847	40.71985459355299	0.4782297017817605	166.51864451294648	1.4220221993216924	11.715
17.555208	0.074284	7.643093	0.073074	-0.784643	0.075413	-11.983477	0.078214	19.6631	0.2348	188.10316414949148	1.9774463825495645	40.7070169339045	0.5072104424702126	166.49056294701037	1.6152657468504987	11.715
17.538727	0.071661	7.63517	0.069208	-0.77884	0.070018	-11.957795	0.066616	19.6631	0.2348	188.26569919574916	1.8938511637433981	40.77343133916179	0.4770757878261074	166.78661584053515	1.4419079498877772	11.715
17.54714	0.077301	7.647217	0.074563	-0.769169	0.074818	-11.967059	0.072008	19.6685	0.2354	188.33482352865377	2.0431825430803454	40.76191350885873	0.5115760506373067	166.50460883773505	1.544040556947981	11.715
17.498271	0.076406	7.60878	0.073052	-0.790451	0.073805	-11.983083	0.076518	19.6685	0.2354	188.53347495494185	2.0152484810812648	40.8451716189763	0.5049945323234909	166.5828185840045	1.5822664776444844	11.715
17.526005	0.074637	7.631075	0.072723	-0.794312	0.069053	-11.977946	0.068533	19.6685	0.2354	188.42986001837372	1.9844305240473172	40.71836703585026	0.4846556359568297	166.71684658871328	1.4503102634626324	11.715
17.545192	0.071338	7.62324	0.070016	-0.786573	0.068244	-11.987428	0.072385	19.6685	0.2354	187.91666603491228	1.8931289853718656	40.7937769578876	0.47426852477639875	166.46052475351283	1.4784476689671002	11.715
17.513972	0.080891	7.635287	0.078558	-0.796241	0.077139	-11.963502	0.076662	19.6685	0.2354	188.73971711629042	2.154360242956377	40.68871063198625	0.5313137225594071	166.96128378414687	1.6259817246140826	11.715
17.505491	0.075815	7.599176	0.07321	-0.825247	0.076214	-11.992915	0.073791	19.6739	0.2358	188.21329335956437	2.002392766249161	40.723026092858554	0.5108518329971677	166.9551990917618	1.585941958765611	11.715
17.491098	0.07013	7.597261	0.069324	-0.809777	0.066506	-11.99489	0.067584	19.6739	0.2358	188.45067209903408	1.8782678437350069	40.807240148822956	0.4663055553349331	166.69479266024433	1.4131221791520001	11.715
17.503612	0.076913	7.597261	0.073157	-0.817511	0.072666	-11.991203	0.0671	19.6685	0.2354	188.2126157856973	2.016738078991017	40.76973149375171	0.49958278332052714	166.8651911195689	1.4770643402906891	11.715
17.487064	0.078584	7.583301	0.074794	-0.827178	0.078221	-11.989447	0.06917	19.6739	0.2358	188.2617846241991	2.06225036386116	40.790544948238896	0.524887904198905	167.0359505859297	1.5625426948210748	11.715
17.475881	0.074519	7.596998	0.074033	-0.81945	0.07011	-12.000026	0.068848	19.6631	0.2348	188.73593119412806	2.006842797984201	40.761615598892156	0.4938139488112055	166.76244315108585	1.4656197310858323	11.715
17.440157	0.073788	7.536809	0.069975	-0.842654	0.068547	-12.009068	0.06846	19.6685	0.2354	188.26967485442879	1.9332261570287848	40.941531948867556	0.47860067708400333	166.97393111045793	1.4486416321479427	11.715
17.457387	0.07578	7.577089	0.07409	-0.827182	0.076852	-12.013107	0.07006	19.6685	0.2354	188.7088879733457	2.0241793916349886	40.82067741344657	0.5185008166815624	166.68270551624607	1.5496207263276516	11.715
17.463781	0.067174	7.567135	0.072294	-0.842649	0.066389	-12.011351	0.067509	19.6685	0.2354	188.39717529519277	1.8786188754994242	40.79392112095925	0.4761153220537038	166.9397301410973	1.41523715965886	11.715
17.434587	0.070832	7.539101	0.071185	-0.844582	0.071466	-12.007664	0.067509	19.6847	0.2364	188.41926403969447	1.9121219198952593	40.920918817026134	0.4923463377190323	167.02378183388845	1.4709285702167478	11.715
17.433971	0.075618	7.550853	0.0684	-0.867785	0.071287	-12.033076	0.068562	19.6685	0.2354	188.65507115113707	1.946346815531534	40.75101175641091	0.4782242989180371	166.9907325094383	1.4792829821538422	11.715
17.449046	0.077729	7.533037	0.073749	-0.834916	0.076284	-12.007576	0.077314	19.6739	0.2358	188.02928218298655	2.031765210795789	40.997844994931576	0.5198478000935504	166.8805945624622	1.6222927705066554	11.715
17.41319	0.072771	7.536867	0.076897	-0.858119	0.071554	-12.02206	0.074721	19.6685	0.2354	188.7848585203135	2.023716614494436	40.86582685952915	0.5113144050746978	167.0109228147337	1.547686576150871	11.715
17.391795	0.072537	7.520618	0.068284	-0.867788	0.069629	-12.030925	0.076104	19.6685	0.2354	188.88327632947448	1.9062416618591245	40.897880435418706	0.4754829937174716	167.02295537593145	1.5433457680895806	11.715
17.429595	0.070831	7.542757	0.070414	-0.879384	0.068027	-12.032944	0.069352	19.6685	0.2354	188.58407727134963	1.90504984963622	40.73406063137387	0.4735314022104027	167.16637590536214	1.4559995585034364	11.715
17.411584	0.068751	7.527059	0.070805	-0.861982	0.06934	-12.024211	0.07046	19.6685	0.2354	188.62821092747217	1.8833438144658299	40.89478327720439	0.48310488535295487	167.03654165312213	1.4793382445167789	11.715
17.404645	0.065304	7.520763	0.067103	-0.881317	0.06728	-12.034831	0.066808	19.6739	0.2358	188.64047642695172	1.787066527509046	40.83132023040359	0.46178097542167146	167.16705598673923	1.4210725422603983	11.715
17.366849	0.070225	7.480611	0.069313	-0.898714	0.068233	-12.064145	0.069416	19.6847	0.2364	188.59551895475232	1.8822892279007966	40.94220094094176	0.4752348463162147	166.98864611054978	1.45574664493251	11.715
17.394153	0.067294	7.504719	0.068667	-0.898714	0.065798	-12.04216	0.068906	19.6685	0.2354	188.5345634427327	1.8328999029107496	40.82475053178664	0.4620190055184478	167.3180851094735	1.4305642577275992	11.715
17.396169	0.079893	7.494681	0.073821	-0.894848	0.077466	-12.043959	0.071774	19.6685	0.2354	188.305036815125	2.0686992822616235	40.892406747276056	0.5215757419596239	167.23307538042644	1.584054413800064	11.715
17.381645	0.074024	7.490706	0.070409	-0.890982	0.06717	-12.040317	0.068996	19.6685	0.2354	188.50587688457978	1.9470332189885085	40.93066001884697	0.4751972669958824	167.22971951207077	1.4443043139296006	11.715
17.371427	0.075835	7.474779	0.075758	-0.902578	0.071981	-12.040449	0.072693	19.6793	0.2362	188.39712876522478	2.0405673592080262	40.95181969564505	0.5108441419963592	167.4018496188116	1.537584978991627	11.715
17.378296	0.074024	7.491052	0.077571	-0.892911	0.071897	-12.035315	0.073494	19.6685	0.2354	188.576338250531	2.0450326226159996	40.919551110718196	0.5162109451953844	167.3337396140631	1.5440225663204674	11.715
17.345148	0.070117	7.459111	0.071191	-0.914172	0.069041	-12.046507	0.067189	19.6793	0.2362	188.59934522017767	1.906256091655709	40.971744046880595	0.4852586364345428	167.48509362709964	1.4493980902661912	11.715
17.353077	0.073638	7.476953	0.077635	-0.906443	0.075176	-12.0444	0.073285	19.6739	0.2358	188.78866559366446	2.045438296033015	40.922322139097446	0.5275161581321982	167.40054838515888	1.577913801327032	11.715
17.335925	0.073897	7.460739	0.072297	-0.925771	0.072819	-12.053307	0.068735	19.6685	0.2354	188.8065832016579	1.9765770273532954	40.907124161501144	0.5005178782837826	167.5573267803275	1.5078236954885111	11.715
17.331757	0.073284	7.460739	0.065879	-0.927704	0.065435	-12.053307	0.072214	19.6739	0.2358	188.88631289644974	1.8856580712950222	40.89769950275394	0.4527055997581269	167.58643314117407	1.4679021973219213	11.715
17.355707	0.072784	7.47318	0.069782	-0.900642	0.072237	-12.044752	0.067391	19.6631	0.2348	188.71465761395734	1.9254722544029106	40.97960068969872	0.4915210648299335	167.3509634004916	1.4835507030728106	11.718
17.331961	0.071906	7.438809	0.073051	-0.925771	0.06864	-12.060812	0.07134	19.6685	0.2354	188.46371452708263	1.9526851791095656	41.01437473328345	0.4915094095172817	167.44439042379656	1.4887155912638668	11.715
17.343064	0.070366	7.453106	0.076071	-0.923836	0.076839	-12.074155	0.068524	19.6685	0.2354	188.52458455070007	1.9753330283997659	40.95384691975825	0.5286117358630837	167.21497199739835	1.5439669734096713	11.715
17.311188	0.06961	7.442841	0.069997	-0.933501	0.071103	-12.070071	0.070055	19.6739	0.2358	188.93742347258808	1.8900216293691112	40.95678375871964	0.48785937256315887	167.42140120098512	1.5005916394952183	11.715
17.309444	0.075171	7.444986	0.070506	-0.929635	0.069815	-12.053704	0.066807	19.6685	0.2354	189.01190476158453	1.9747565731750945	40.96520183902758	0.48535837078869576	167.60954955737284	1.4559435747917362	11.715
17.313749	0.06898	7.443041	0.06795	-0.931568	0.071545	-12.068537	0.066317	19.6793	0.2362	188.89225714842948	1.852935309466025	40.96525942101888	0.4826570219581997	167.41539374741978	1.4664610887695373	11.715
17.309853	0.069787	7.447159	0.068353	-0.929634	0.064556	-12.068714	0.067187	19.6739	0.2358	189.04573780065007	1.8724061137992458	40.95457728331822	0.45966664280411257	167.38368331417814	1.4001113231676419	11.715
17.303668	0.076382	7.429175	0.073032	-0.94123	0.074413	-12.077973	0.069483	19.6631	0.2348	188.8198245741183	2.020782615613109	40.98583499669674	0.5105294302599442	167.41879902730187	1.530505643957691	11.715
17.299092	0.08287	7.420998	0.074071	-0.966353	0.071542	-12.086923	0.07699	19.6739	0.2358	188.75099303746074	2.1238238009028345	40.9030258088894	0.5022020200083442	167.66228434139907	1.5845429046460333	11.715
17.294789	0.071469	7.430947	0.07046	-0.943164	0.066381	-12.081306	0.066611	19.6793	0.2362	189.02373573269134	1.9232559388463297	40.967696725281876	0.4735839641549832	167.3977694830774	1.4133407603836419	11.715
17.315629	0.071471	7.428946	0.072599	-0.939298	0.073226	-12.068405	0.077361	19.6793	0.2362	188.5870319436475	1.9432733144407246	40.996416654505744	0.5051668488398103	167.53368200200833	1.603537458481854	11.715
17.296805	0.067387	7.426916	0.070395	-0.941231	0.065063	-12.081262	0.064547	19.6685	0.2354	188.90792267282293	1.8651644804679095	40.996892923685806	0.4696214336894532	167.36939518828873	1.3769507830232992	11.715
17.270849	0.072773	7.3965	0.069364	-0.960557	0.073625	-12.095385	0.070606	19.6793	0.2362	188.82258954732424	1.9224913427423722	41.051300744898256	0.49688206776333005	167.44758149632364	1.5340292097205113	11.715
17.263261	0.078532	7.414823	0.075435	-0.964421	0.074715	-12.071914	0.072618	19.6847	0.2364	189.31938235203955	2.0932852074511694	40.94260109020611	0.5187853102841354	167.85966793302075	1.5745633368347731	11.715
17.290825	0.074474	7.415023	0.07405	-0.947028	0.073226	-12.063008	0.066213	19.6631	0.2348	188.7948102482419	2.0077191335203244	41.02678008305823	0.5109497315331073	167.73152152861198	1.4896479926213488	11.715
17.271799	0.075141	7.398899	0.071698	-0.974082	0.073222	-12.108904	0.073639	19.6847	0.2364	188.85031597484826	1.9866361347478712	40.9732202991337	0.5014840643835071	167.44768873909507	1.5616732553420727	11.715
17.26138	0.076294	7.398899	0.069708	-0.977947	0.07479	-12.083105	0.069974	19.6793	0.2362	189.04980979086903	1.9809624769512648	40.95431781770214	0.49984377171265304	167.89497529936267	1.5484594906917855	11.715
17.261448	0.075868	7.392925	0.069961	-0.993405	0.071885	-12.101577	0.068079	19.6955	0.2364	188.98243781247257	1.9763051539573384	40.91848365379806	0.48942962824154956	167.89238595184216	1.4964111076843916	11.718
17.229587	0.067414	7.376662	0.064561	-0.991472	0.066028	-12.114078	0.064983	19.6793	0.2362	189.23316222954963	1.792711608084693	40.99696010410736	0.45242053575986824	167.63159272133296	1.3962252249872187	11.715
17.261313	0.074559	7.386865	0.07163	-0.977947	0.082422	-12.090432	0.067645	19.6685	0.2354	188.82070330487187	1.9770704826518524	41.013239169914236	0.5354066634348038	167.78426790751803	1.6099292952508668	11.715
17.225623	0.077891	7.368744	0.074701	-0.987608	0.071097	-12.097626	0.069393	19.6793	0.2362	189.157243403257	2.0710716347788924	41.054763873547344	0.506660507204189	167.8215166150912	1.5007044669014715	11.715
17.22078	0.070046	7.356456	0.067813	-1.001131	0.074171	-12.121138	0.071302	19.6739	0.2358	189.01448867284188	1.8681123506430082	41.04869248369544	0.4936032419170131	167.6707777268012	1.5513358344278538	11.715
17.238258	0.080297	7.382806	0.078526	-0.983744	0.077591	-12.105086	0.075785	19.6901	0.2365	189.18463635515653	2.155931725278299	41.004720022391844	0.5410439225900903	167.65064054557206	1.6350146411013815	11.715
17.244848	0.073031	7.388951	0.070942	-0.970218	0.070094	-12.092407	0.06701	19.6793	0.2362	189.17611345406834	1.9542638354436086	41.040925116556885	0.48964228516027086	167.63786747693763	1.4615929951773792	11.715
17.227436	0.079122	7.354625	0.07645	-0.995336	0.076475	-12.097449	0.074761	19.6793	0.2362	188.85201815013303	2.1045466988669124	41.086182789216146	0.5320767237831865	167.94101094164685	1.6177784858611652	11.715
17.225623	0.068233	7.376747	0.071852	-0.9992	0.07037	-12.116053	0.067734	19.6847	0.2364	189.31095312391622	1.9046257408452747	40.95871485349396	0.4917996448439482	167.7183426759734	1.4735621021068417	11.715
17.231941	0.075098	7.38678	0.068779	-0.987608	0.071971	-12.106884	0.067477	19.6739	0.2358	189.38239262772285	1.9588991416334856	40.96634319122773	0.486989766508611	167.68178822309125	1.487762225094574	11.715
17.213056	0.071541	7.346708	0.078038	-1.014656	0.068223	-12.101268	0.069008	19.6793	0.2362	188.9757078424868	2.027745733810977	41.030152005028384	0.5086458642358254	168.17583657653734	1.4720097823840517	11.715
17.209295	0.071134	7.346877	0.070443	-1.003065	0.070184	-12.108904	0.070719	19.6847	0.2364	189.0510181229794	1.9190190966052005	41.086274628940494	0.4892936482173319	167.88467250182157	1.5061553407252757	11.715
17.208822	0.071629	7.350681	0.066489	-1.016588	0.070461	-12.132548	0.066703	19.6847	0.2364	189.13302815616822	1.8750278556137059	41.00119771933072	0.4747249563365924	167.7318181713355	1.4640463331614963	11.715
17.196256	0.067903	7.338649	0.070397	-1.004996	0.069327	-12.117763	0.068255	19.6793	0.2362	189.14328067222107	1.8767089572286846	41.117284494787135	0.4868970615470758	167.78001056319877	1.468846949689789	11.715
17.249625	0.07873	7.397212	0.072239	-0.987609	0.072813	-12.10202	0.069871	19.6901	0.2365	189.2429991939751	2.0523540111950993	40.91537004180296	0.5005019144578842	167.755189427491	1.5231488051047426	11.715
17.202911	0.074035	7.332817	0.067563	-1.022384	0.066026	-12.114344	0.070352	19.6847	0.2364	188.90399577635438	1.9182943990173444	41.060414132171125	0.46424598993799326	168.09475447641694	1.462149880640633	11.715
17.202843	0.073119	7.33879	0.074086	-1.012725	0.070089	-12.1014	0.068381	19.6955	0.2364	189.01968351082039	1.9946601936197432	41.07853866978941	0.5016407910275035	168.14452961050935	1.4848348620208265	11.715
17.196729	0.070044	7.338847	0.067472	-0.98954	0.071539	-12.097803	0.066129	19.6793	0.2362	189.13800187100867	1.8659880785542493	41.19261389922411	0.4863812789365131	167.8480374271196	1.4720544690804886	11.715
17.182351	0.074952	7.324928	0.072464	-1.022385	0.068631	-12.127419	0.068541	19.6685	0.2354	189.14682128329636	2.000441708687252	41.09921665614001	0.4914073248762059	167.8968417067107	1.4664667990499014	11.715
17.195119	0.076217	7.361052	0.080433	-1.001134	0.073859	-12.127597	0.074943	19.6847	0.2364	189.59604771001403	2.1363377667316015	41.02611833193786	0.5357500381774856	167.57348163656107	1.5847237278573758	11.715
17.167231	0.073215	7.3127	0.074168	-1.059086	0.07082	-12.147332	0.071837	19.6847	0.2364	189.2023331789514	2.0009244711657583	40.97907168881911	0.501968553145403	168.1510530018543	1.5297645046734372	11.715
17.191426	0.07199	7.323238	0.071272	-1.030115	0.069995	-12.133435	0.074747	19.6793	0.2362	188.94048004476042	1.9395845983132771	41.06950120179917	0.4911348048695334	167.92276212206644	1.548711677845078	11.715
17.167703	0.078742	7.332902	0.073676	-1.020453	0.072223	-12.127375	0.071436	19.6793	0.2362	189.58188783768173	2.078709749088519	41.06949122370972	0.5072458747089742	167.86830561098137	1.535318666091054	11.715
17.168107	0.082764	7.315067	0.079887	-1.035909	0.07872	-12.122113	0.074499	19.6847	0.2364	189.2309384015055	2.209179654465151	41.081189671416205	0.5517296043295242	168.18202184634748	1.644220618404321	11.715
17.151175	0.071755	7.310953	0.074376	-1.041704	0.071092	-12.129306	0.067011	19.6901	0.2365	189.47744552893934	1.989987761325403	41.072921938164086	0.5059349046625192	168.16080518416936	1.48171714435641	11.715
17.167568	0.084636	7.298839	0.07514	-1.032044	0.074168	-12.142026	0.073727	19.6901	0.2365	188.9301225965419	2.1667117707505374	41.180272842996764	0.5218836149033304	167.8220608182853	1.5797025677233423	11.715
17.127123	0.073536	7.290473	0.072379	-1.051357	0.071877	-12.137764	0.073675	19.6739	0.2358	189.54626321943024	1.9882385231960111	41.1262278632673	0.5028986258489068	168.178936467349	1.561415794022334	11.715
17.17778	0.075885	7.322758	0.072333	-1.032043	0.073537	-12.119783	0.068973	19.6793	0.2362	189.19290720525467	2.0126035942249385	41.06237947299032	0.50696123185869	168.15872349677463	1.5290774046319433	11.715
17.12175	0.072991	7.296839	0.074647	-1.04943	0.070365	-12.134656	0.069818	19.6901	0.2365	189.77272118223965	2.016578522408786	41.10436139263727	0.5052100553471705	168.19684217686972	1.5040316149773492	11.715
17.159776	0.069185	7.317067	0.07557	-1.037841	0.071447	-12.116585	0.071209	19.6901	0.2365	189.42957306489947	1.9718522534118728	41.06185470231114	0.511115059597162	168.2952676267015	1.532345892105521	11.715
17.111137	0.074378	7.284754	0.075201	-1.072607	0.07424	-12.145578	0.070527	19.6847	0.2364	189.74430267153528	2.0423863282164523	41.049803731389694	0.5190470327559661	168.38301218059985	1.557152831568295	11.715
17.146741	0.069897	7.310841	0.07037	-1.039771	0.072558	-12.142026	0.067437	19.6901	0.2365	189.60925156637012	1.9119985596415996	41.0935028480627	0.497403189913072	167.9818703847637	1.498785632464605	11.718
17.159776	0.076955	7.309065	0.073712	-1.033978	0.07409	-12.133169	0.070482	19.6901	0.2365	189.27570173908603	2.0475283926848524	41.12025196127787	0.5151097282253814	167.98522563609166	1.547691833025369	11.715
17.142508	0.069914	7.29281	0.076658	-1.055224	0.070456	-12.134612	0.067086	19.6847	0.2364	189.29516663840116	1.9939471871095733	41.0956650644323	0.5125520685535059	168.28548438472842	1.477691216683057	11.715
17.141031	0.078186	7.289063	0.069996	-1.0475	0.070086	-12.142382	0.070142	19.7117	0.2356	189.25152867897367	2.0158579984233262	41.15221600920306	0.48896274785573524	168.05048069982226	1.5018887776136418	11.715
17.147212	0.072636	7.299036	0.066981	-1.062953	0.066371	-12.146022	0.06718	19.6955	0.2364	189.32440752012357	1.8994559127115787	41.02708476364215	0.4626473327169111	168.2295920855073	1.4334501276524858	11.715
17.142508	0.073876	7.296811	0.072774	-1.043634	0.071533	-12.125399	0.073385	19.6847	0.2364	189.37207842020305	1.9945680377356183	41.133061174208116	0.5032559491791327	168.24938361822555	1.555921829317227	11.715
17.147077	0.071262	7.282978	0.073748	-1.068747	0.071266	-12.131193	0.069969	19.6901	0.2365	189.01879181925506	1.9651462367324775	41.07750447014577	0.5044137082911413	168.54321143202668	1.5216281097326654	11.715
17.12034	0.076898	7.279118	0.076724	-1.053296	0.075894	-12.138785	0.074228	19.6955	0.2364	189.45818788188086	2.0912393849365416	41.17270708778351	0.5332559618027097	168.19285933412007	1.6106731533491538	11.715
17.143518	0.070942	7.305233	0.069953	-1.057161	0.073133	-12.13712	0.06926	19.6901	0.2365	189.51476058228997	1.919181279431743	41.02509714291068	0.4964873989608195	168.27679970040165	1.5297458945348361	11.715
17.12867	0.079955	7.281118	0.075287	-1.062954	0.069707	-12.14247	0.067251	19.7063	0.236	189.3364044162996	2.1115233952349697	41.11517973090094	0.5055668632541924	168.28353710518567	1.4711686368876284	11.715
17.103748	0.07879	7.283146	0.077327	-1.061023	0.077987	-12.142515	0.079867	19.6793	0.2362	189.85599855254694	2.134234611431896	41.114702288795705	0.5411474350434721	168.25353398999204	1.694874146609854	11.715
17.116041	0.066557	7.287062	0.068683	-1.062954	0.06493	-12.125798	0.064189	19.6739	0.2358	189.69419683378783	1.8458261421767241	41.08591296752004	0.4650622255356003	168.53713372554918	1.390951615848408	11.715
17.105696	0.072757	7.271089	0.077469	-1.066817	0.070085	-12.136898	0.070931	19.7009	0.2363	189.58563852978602	2.0487684111073046	41.145583381717024	0.5155199406450061	168.4269629629137	1.5171204607504083	11.715
17.076209	0.073409	7.24895	0.074333	-1.088062	0.069988	-12.136676	0.073908	19.6847	0.2364	189.72738647595202	2.0169498769674905	41.14999956103888	0.503929524954392	168.75419901737646	1.5546793395279883	11.715
17.124438	0.07676	7.28509	0.070889	-1.068749	0.066935	-12.135056	0.069057	19.6955	0.2364	189.49428501312397	2.012282305298031	41.06711057068805	0.4792885404947154	168.4844047816566	1.4642282725702083	11.715
17.111943	0.071483	7.265089	0.068935	-1.074543	0.072218	-12.142426	0.068971	19.7063	0.236	189.34983616065168	1.9096177576084743	41.137067058166075	0.49246741108398756	168.46042118774548	1.5199674438866033	11.715
17.095016	0.074452	7.260977	0.06891	-1.078405	0.074164	-12.149618	0.06631	19.6955	0.2364	189.6451467396705	1.9563860074318649	41.148836910046235	0.49953017092129254	168.45286625488004	1.5137039869352473	11.718
17.096897	0.072914	7.270893	0.070444	-1.072609	0.071791	-12.149485	0.070539	19.6955	0.2364	189.75163664641997	1.9578566271111046	41.11798639242491	0.49567049766953886	168.32365090443153	1.5294085970882032	11.715
17.083934	0.072959	7.262698	0.071893	-1.084195	0.065544	-12.145489	0.066818	19.6847	0.2364	189.8437419170163	1.9799386890055428	41.10128616967049	0.47905252013557675	168.56075955363912	1.4263259155213859	11.715
17.109659	0.070884	7.279006	0.075002	-1.0475	0.06893	-12.131238	0.0709	19.7009	0.2363	189.66187602038832	1.9909957087708658	41.201922989883485	0.5040618683930558	168.2194366281202	1.5007824927752673	11.715
17.11416	0.069855	7.273145	0.07092	-1.061023	0.06822	-12.125931	0.069966	19.6901	0.2365	189.46218949962832	1.9164906968418276	41.16403835280449	0.48604249311648506	168.50570088831773	1.4881626356381752	11.715
17.082187	0.070567	7.258838	0.069622	-1.068745	0.070363	-12.149396	0.065259	19.7009	0.2363	189.8028982526411	1.9153623979522305	41.196589425243744	0.48968279464480663	168.26630723839003	1.4573214715015692	11.715
17.081919	0.081271	7.264726	0.06735	-1.078401	0.070819	-12.136321	0.066645	19.7117	0.2356	189.92192175540023	2.0419725647502887	41.11983817035744	0.4816757893520568	168.61219149645606	1.4828170091224375	11.715
17.087762	0.07248	7.262558	0.070025	-1.08033	0.066253	-12.150794	0.065805	19.6901	0.2365	189.76706428609583	1.9465220820898004	41.12101466861003	0.47514304404363883	168.4211396651784	1.420640775762488	11.715
17.085814	0.066759	7.254615	0.06696	-1.082262	0.070454	-12.145356	0.068164	19.6901	0.2365	189.6513346895783	1.8240158315687538	41.150664649021515	0.4797669721295511	168.53334371681248	1.4933879034380404	11.715
17.079434	0.075028	7.254559	0.075762	-1.078399	0.074161	-12.152636	0.075652	19.6901	0.2365	189.77341627557843	2.059533572961182	41.17001970463425	0.5237910055778011	168.36374843936045	1.6106049197342869	11.715
17.087628	0.074356	7.252503	0.07148	-1.072604	0.072469	-12.141494	0.070221	19.6847	0.2364	189.57564723301132	1.9880857101728642	41.208842764896254	0.5038550690312045	168.44509341587718	1.5356350728307209	11.715
17.094814	0.067765	7.266893	0.068753	-1.074541	0.065424	-12.136588	0.066703	19.6793	0.2362	189.71460979841225	1.863488220838531	41.1281827605859	0.4679458271811938	168.54928919264637	1.4235967690189886	11.715
17.071375	0.066099	7.242672	0.071156	-1.074538	0.06637	-12.14176	0.063929	19.6901	0.2365	189.69951983711002	1.8744572560965034	41.2479724024782	0.4825649771499572	168.47047043323056	1.4027663587272488	11.715
17.088769	0.071529	7.248978	0.070138	-1.061021	0.069419	-12.140406	0.069621	19.6901	0.2365	189.48574871212088	1.9291427239810943	41.28376278642145	0.49025274177003114	168.28552964733683	1.493329275642153	11.715
17.080508	0.072481	7.241007	0.071094	-1.076474	0.072133	-12.144135	0.069984	19.7117	0.2356	189.4913363460724	1.9552327084398544	41.24662889626707	0.502247287758868	168.4637859594312	1.5297946529006534	11.715
17.04834	0.070053	7.214622	0.072965	-1.115093	0.064798	-12.174832	0.063926	19.6901	0.2365	189.60276700196027	1.9502613345539135	41.186046819057815	0.482503255231164	168.58446141880523	1.387483843211044	11.715
17.068149	0.070488	7.249062	0.07361	-1.091926	0.072469	-12.136854	0.071604	19.6847	0.2364	189.88528142027798	1.9709007491899495	41.13038324815698	0.5093660137811752	168.81053262227792	1.557083111774703	11.715
17.076142	0.070171	7.254922	0.065485	-1.084198	0.0678	-12.149529	0.069072	19.6847	0.2364	189.844043541389	1.8552956546156656	41.13959528027079	0.4650197450738665	168.4992664855861	1.4738489013051563	11.715
17.051159	0.076258	7.220926	0.07491	-1.097718	0.073206	-12.156899	0.073838	19.6847	0.2364	189.6700005286623	2.0625133761157306	41.24085942253288	0.5192678265384616	168.59296781153364	1.5850836609284182	11.715
17.076343	0.074092	7.235007	0.07373	-1.103513	0.071085	-12.15519	0.073358	19.7117	0.2356	189.45600271852308	2.0122377604984694	41.142553812941735	0.505330015983643	168.70744622528966	1.5593468999831726	11.715
17.045047	0.073359	7.23298	0.072393	-1.091925	0.068216	-12.147776	0.06662	19.6955	0.2364	190.02113899174853	1.995952646379868	41.20984528858981	0.4923943996403229	168.6437485747233	1.4544532330163635	11.715
17.055456	0.075574	7.238979	0.069634	-1.101581	0.071527	-12.164357	0.06672	19.7009	0.2363	189.93577084255915	1.988344583234939	41.132491442407314	0.49230073329796575	168.53818545243837	1.4901794392544832	11.715
17.07171	0.073868	7.230813	0.070841	-1.107372	0.070906	-12.160406	0.068969	19.6955	0.2364	189.46445898508202	1.9704656795471405	41.1442085195234	0.494577547667086	168.68673521976245	1.5096073975511988	11.715
17.0333	0.071921	7.220426	0.074439	-1.118951	0.067368	-12.17452	0.06712	19.7009	0.2363	190.0055113078313	2.004199325643621	41.138327867628675	0.4952612231870685	168.6480466209559	1.4506655660412562	11.715
17.047196	0.081464	7.231008	0.078253	-1.089994	0.078972	-12.160717	0.078004	19.7009	0.2363	189.94137152579182	2.185750862534772	41.2291739295763	0.5508595951934159	168.41719682959274	1.6886362993910624	11.715
17.038534	0.069259	7.218871	0.067413	-1.089992	0.067694	-12.154968	0.068638	19.7117	0.2356	189.87415401196267	1.8688492387509785	41.289409093349946	0.47474512537551533	168.5046721997705	1.4680965635333045	11.715
17.060089	0.075533	7.231175	0.074084	-1.088065	0.076465	-12.148087	0.068452	19.7009	0.2363	189.69543622173103	2.04191675235966	41.23790495040885	0.5277528409846848	168.58015442126467	1.5642941654978981	11.715
17.051761	0.069057	7.233175	0.071808	-1.099653	0.067587	-12.17388	0.0667	19.7117	0.2356	189.8949666977995	1.926787777341172	41.17065929746488	0.4872196862906392	168.3639148159595	1.4436593898073988	11.715
17.053977	0.072238	7.221232	0.070342	-1.109311	0.069703	-12.161073	0.068074	19.7009	0.2363	189.6215277314742	1.9444438723402893	41.1819528154519	0.48954136141598054	168.70614929603082	1.4872745487618988	11.715
17.052431	0.075192	7.217455	0.075612	-1.103521	0.06922	-12.166956	0.071825	19.7063	0.236	189.57851456336095	2.0554798502914697	41.229301712239256	0.5079282267539464	168.52814760756578	1.5194948498284822	11.715
17.041151	0.075191	7.221093	0.071315	-1.101583	0.067692	-12.175589	0.069323	19.7009	0.2363	189.8665121741342	2.0036655696562335	41.2208785157161	0.4869918949057712	168.36727728415002	1.4731094038875712	11.715
17.039203	0.075344	7.21515	0.070091	-1.115103	0.072962	-12.168309	0.069966	19.6955	0.2364	189.78929513310365	1.988007034156715	41.18338720972309	0.5001898822202989	168.68411198552317	1.5427091014384702	11.715
17.069222	0.071748	7.241508	0.072224	-1.113179	0.072215	-12.165202	0.068811	19.6955	0.2364	189.71861414753064	1.965267399548147	41.062940424391165	0.5019823372060508	168.70215371579613	1.5226165252229027	11.715
17.024764	0.082925	7.215205	0.067942	-1.09386	0.069319	-12.173925	0.071582	19.7009	0.2363	190.06971875940678	2.0771743589491796	41.28840357240119	0.4823121487758514	168.27520252854683	1.5133210826182104	11.715
17.043634	0.073079	7.205263	0.070914	-1.105449	0.069703	-12.166644	0.07191	19.6955	0.2364	189.51308348881884	1.9615147443370917	41.280222747400465	0.49390421563583503	168.5622655027387	1.5261613926385011	11.715
17.041486	0.073498	7.219232	0.077783	-1.105448	0.07008	-12.175811	0.071746	19.7063	0.236	189.82407550561211	2.068160711085459	41.21095334835475	0.5182976782540528	168.4226754143692	1.5258414647869243	11.715
17.035508	0.073381	7.223343	0.07199	-1.093862	0.069318	-12.157566	0.071763	19.6955	0.2364	190.01924509446349	1.9907516132310377	41.24799493679879	0.4956295454724197	168.5240511632462	1.5197804227668918	11.715
17.022616	0.071742	7.20518	0.070729	-1.103516	0.06922	-12.159141	0.065327	19.7063	0.236	189.91721444440645	1.9489053554749478	41.29023900569245	0.4918089635492334	168.64719192715694	1.451904889291046	11.715
17.033292	0.070563	7.197292	0.06992	-1.107381	0.066252	-12.146422	0.0699	19.6955	0.2364	189.55878389851526	1.9144316718401553	41.31023889219286	0.47914367456389184	168.90055356294485	1.473544414940471	11.715
17.030742	0.084461	7.1931	0.07519	-1.118964	0.076602	-12.16822	0.071177	19.6847	0.2364	189.52712998014385	2.1785499694378045	41.273506609058934	0.5329856950793953	168.74441918662035	1.5969288022347892	11.715
17.031077	0.079807	7.207235	0.077282	-1.09386	0.075375	-12.172127	0.071279	19.7063	0.236	189.79337878467678	2.1462775421944222	41.32804608283765	0.5374586450245371	168.3025173176986	1.5760461092765206	11.715
17.030943	0.0753	7.207179	0.07604	-1.120897	0.070449	-12.166511	0.070127	19.6955	0.2364	189.79489142002586	2.067524434212493	41.194150001788515	0.5127378995276151	168.80005358298502	1.5190772236903236	11.715
17.020066	0.076372	7.202986	0.075411	-1.117031	0.070813	-12.168042	0.074479	19.7117	0.2356	189.9241011457597	2.076410184160778	41.23405368906234	0.5126836258406183	168.7176150941719	1.5690074231641826	11.715
17.007176	0.083018	7.204819	0.079102	-1.118959	0.07929	-12.18067	0.074526	19.6955	0.2364	190.2093680045023	2.225099612236079	41.215423077196746	0.5545730565925903	168.5544059462037	1.6581115896526768	11.715
17.041084	0.069731	7.227064	0.070817	-1.089995	0.070083	-12.149751	0.063835	19.6955	0.2364	189.98332860795833	1.9239391188090267	41.24871936872412	0.494129769660855	168.58419204839606	1.444998111626317	11.715
17.03524	0.076749	7.201236	0.07034	-1.105448	0.071874	-12.161073	0.069865	19.7117	0.2356	189.5972507679663	2.007136327582758	41.30023657280401	0.5000076243520482	168.64720693299188	1.5290266522185285	11.715
17.017851	0.073712	7.192933	0.072498	-1.109305	0.075075	-12.169795	0.073546	19.7009	0.2363	189.77260065911494	1.9970164500786765	41.32235170126732	0.5194540202076171	168.5730207196315	1.601771327999873	11.715
17.015903	0.071012	7.190989	0.07715	-1.093856	0.071176	-12.162515	0.0703	19.7009	0.2363	189.77267621691325	2.0253374086665095	41.40910394556094	0.5246432462248609	168.44860825597917	1.5224653814429339	11.715
17.005162	0.072472	7.188852	0.069099	-1.117028	0.074159	-12.17703	0.067824	19.7063	0.236	189.9390095067664	1.937532021286668	41.30423581484378	0.5040612343364543	168.58045454091803	1.5318138274134077	11.715
17.041486	0.071443	7.225231	0.071858	-1.09386	0.072216	-12.138963	0.066504	19.7063	0.236	189.94008425251604	1.9606889479331533	41.23864049370624	0.5050130556664743	168.8078618348871	1.5004277045021168	11.715
17.035508	0.076834	7.217344	0.078556	-1.107382	0.069219	-12.157566	0.070141	19.7063	0.236	189.9031388073718	2.125374223424199	41.21073146547848	0.5183134436253373	168.73023722525727	1.5047245406612195	11.715
17.0482	0.06753	7.221427	0.073779	-1.103521	0.071961	-12.159542	0.067804	19.7117	0.2356	189.7367601338325	1.9311639050380942	41.20963448548016	0.5101678509191431	168.6411557877957	1.5081308421309223	11.715
17.018586	0.07484	7.195237	0.075686	-1.124761	0.070078	-12.1666	0.070541	19.6901	0.2365	189.80290788508026	2.0565909270995677	41.234146819611844	0.5112008564927466	168.85775546431623	1.5205930622031572	11.715
17.058744	0.071044	7.213483	0.07054	-1.097727	0.07321	-12.159631	0.068534	19.6955	0.2364	189.3804728059775	1.9257965932207022	41.27774479685672	0.5049166481623244	168.5514802791786	1.5280249346931196	11.715
17.012141	0.074788	7.185157	0.077345	-1.118966	0.075148	-12.168309	0.07298	19.7009	0.2363	189.73270460919667	2.0772689231454464	41.31297586356701	0.5365063706828902	168.74307707774744	1.5997722038425195	11.715
16.986763	0.071285	7.178994	0.069572	-1.130549	0.068214	-12.168042	0.068362	19.7117	0.2356	190.10440770184846	1.9307103793036549	41.28603190859894	0.4841019344248585	168.9242449310016	1.4780223158766927	11.715
17.009859	0.069171	7.193072	0.071475	-1.132482	0.071172	-12.181071	0.068183	19.7009	0.2363	189.92977674714442	1.9244011672063814	41.2066330589417	0.49923316338161655	168.75459005556627	1.5054211058347609	11.715
17.00751	0.073493	7.180965	0.070392	-1.13441	0.071435	-12.184577	0.068812	19.7009	0.2363	189.74117180143597	1.964999163462325	41.2570705047659	0.497589613189862	168.7304980254721	1.5145371765509148	11.715
17.007644	0.071112	7.195016	0.071976	-1.117032	0.070815	-12.168086	0.069117	19.7117	0.2356	190.01027991954862	1.9592401591237156	41.273588442169526	0.5013764505316985	168.71694416081715	1.5107324105334277	11.715
17.028794	0.084023	7.207151	0.081402	-1.109309	0.080241	-12.164624	0.073495	19.6847	0.2364	189.8358757941049	2.261177525766787	41.25168586628932	0.5669629854751121	168.65193174741384	1.6599621410024423	11.715
17.007443	0.073005	7.172941	0.070534	-1.136341	0.069699	-12.173479	0.068162	19.7117	0.2356	189.5876386917137	1.9569456996277748	41.28732935512336	0.49271860189776373	168.9296640591468	1.4921165325031756	11.715
17.005495	0.07152	7.18899	0.070132	-1.144066	0.067688	-12.180937	0.068549	19.7063	0.236	189.93522555319683	1.938107526338942	41.169534576867974	0.4815459186902729	168.93375458847686	1.474547651614081	11.715
17.010126	0.077061	7.20318	0.077281	-1.105447	0.074774	-12.175722	0.07282	19.7063	0.236	190.1203649348033	2.115743436045862	41.29057803738253	0.5343983172635635	168.42401482699728	1.5879440811114076	11.715
16.980652	0.074689	7.179049	0.074743	-1.124757	0.073205	-12.169973	0.070521	19.7009	0.2363	190.2239950414953	2.0506746480108315	41.314554893289085	0.5205278922885576	168.80612521746184	1.5534912673058978	11.715
17.003748	0.069254	7.197126	0.082931	-1.118965	0.06842	-12.160895	0.069203	19.6955	0.2364	190.12665265864322	2.0947214197239004	41.25351962625104	0.5333313575179901	168.85636757792142	1.488172991105081	11.715
16.984748	0.068681	7.175023	0.073676	-1.120894	0.06726	-12.164402	0.068109	19.7117	0.2356	190.06649683413667	1.9515593474769852	41.35384277885872	0.49729051610164177	168.83224177084705	1.4633976035296474	11.715
17.016237	0.074995	7.207124	0.075084	-1.118965	0.073766	-12.146155	0.071068	19.717	0.2351	190.07835296063422	2.056393121264566	41.20398473530588	0.5208918434090836	169.08206882151566	1.5705938896128406	11.715
16.993074	0.075818	7.173023	0.071883	-1.140204	0.069313	-12.166244	0.069556	19.7063	0.236	189.86666358218002	2.0200270545004986	41.26772837697671	0.4957005271511067	169.09971761684366	1.505968193379995	11.715
16.991059	0.074131	7.189045	0.069754	-1.128619	0.071871	-12.169973	0.0706	19.7009	0.2363	190.21603715058683	1.9752902713761085	41.24571695232846	0.4966486297454427	168.86517235433055	1.5407951281653058	11.715
16.995555	0.073493	7.189184	0.074326	-1.136346	0.070448	-12.168353	0.068724	19.7009	0.2363	190.131501020513	2.0265993314905266	41.206749570585075	0.5068610154887877	169.00824683969262	1.5077277962720983	11.715
17.008312	0.070978	7.193293	0.071835	-1.130555	0.070724	-12.18327	0.066123	19.6955	0.2364	189.96400220929246	1.9545195974780087	41.215072373691676	0.49914276095670906	168.69161113536438	1.4777169340578793	11.715
17.004282	0.071814	7.175354	0.073687	-1.126694	0.069219	-12.164935	0.067712	19.6955	0.2364	189.69516830486248	1.9858090939638549	41.32329954075658	0.5032171194272441	168.9127946490395	1.4817499477211167	11.715
17.03759	0.073102	7.203346	0.075366	-1.118969	0.071438	-12.155723	0.069886	19.7117	0.2356	189.59264211891636	2.0241680476694377	41.222663894875915	0.5143616935495543	168.93555792340703	1.529706157892017	11.715
16.970512	0.081267	7.147172	0.083908	-1.142139	0.077973	-12.184889	0.078999	19.6955	0.2364	189.80307426544053	2.256979609126008	41.38679663248547	0.5718953102916531	168.84382064935022	1.6971744742087325	11.715
16.976423	0.074552	7.177022	0.07685	-1.145997	0.073762	-12.177297	0.074146	19.6955	0.2364	190.2667460316024	2.078883247681684	41.219180317501255	0.5275385932042936	169.0190759159001	1.6024555265124862	11.715
16.989378	0.076034	7.16322	0.071996	-1.134416	0.07054	-12.184978	0.068808	19.7117	0.2356	189.7486562632049	2.0220522985529557	41.34527233153439	0.5022307190765113	168.72445960988995	1.5045747102790306	11.715
16.980452	0.073646	7.156975	0.07185	-1.159512	0.073202	-12.180893	0.068536	19.7063	0.236	189.80042736092176	1.987938350772173	41.25155592461411	0.5087783660378059	169.17119501912202	1.5392012212509247	11.715
16.982934	0.071516	7.195127	0.075668	-1.130552	0.069217	-12.166422	0.068485	19.6901	0.2365	190.49212743126134	2.026333139258651	41.20601466027168	0.5075514740961464	168.94908552220264	1.4906620151852787	11.715
16.984548	0.07547	7.152949	0.075803	-1.167234	0.07352	-12.191901	0.072959	19.717	0.2351	189.6436400259291	2.0632879474458057	41.23322769809378	0.5233312592638105	169.12077443005148	1.5888912616367372	11.715
16.968098	0.06868	7.139039	0.073332	-1.173029	0.075293	-12.188351	0.071926	19.7117	0.2356	189.6926370379714	1.9390189710247776	41.27348847149089	0.5218907631418827	169.26424869106515	1.6000391831615195	11.715
17.016705	0.073526	7.19732	0.071365	-1.107381	0.074238	-12.153836	0.072798	19.717	0.2351	189.87952500548113	1.9813775887337013	41.310098537760176	0.5122386024769562	168.78719430213633	1.5887179133136702	11.715
16.963936	0.074788	7.155031	0.073721	-1.134411	0.068417	-12.17914	0.068018	19.7063	0.236	190.08239987026087	2.0350218157027995	41.38614024642329	0.5021422326970304	168.813584444337	1.4745667991910905	11.715
16.982533	0.073738	7.172968	0.072572	-1.138272	0.067149	-12.182735	0.068808	19.6901	0.2365	190.0696016365864	2.0046329974027235	41.27759667364112	0.4910444971621342	168.81764225860238	1.4695779790122805	11.715
17.006297	0.069902	7.201319	0.074458	-1.1209	0.070451	-12.170418	0.068879	19.7009	0.2363	190.1585300352017	1.980690130355462	41.22314246967962	0.507746780157081	168.7404078586099	1.5046388601046576	11.715
16.964202	0.076256	7.153142	0.073344	-1.149862	0.072793	-12.179318	0.070739	19.7009	0.2363	190.04064023231516	2.0494072624188284	41.318543682891864	0.5142294005017188	169.04733652613757	1.555728130988813	11.715
16.968098	0.07087	7.153032	0.07359	-1.159513	0.069312	-12.184666	0.067824	19.6955	0.2364	189.9630758512638	1.9773520768647925	41.271116615064095	0.5019146733752097	169.1133169452151	1.487495538388068	11.715
16.988844	0.071112	7.182992	0.07532	-1.138273	0.069411	-12.177253	0.067801	19.7009	0.2363	190.14157677676513	2.0085955383600456	41.22786997055132	0.5074707937891325	168.9014875390645	1.4846146001851548	11.715
16.986763	0.071417	7.164999	0.070909	-1.147928	0.070812	-12.179095	0.068272	19.7117	0.2356	189.83353855365746	1.9451625387132663	41.26922386063683	0.49749819586768923	169.02110731702658	1.5071450657630805	11.715
16.975075	0.073521	7.14134	0.072806	-1.161452	0.080545	-12.17963	0.07093	19.7117	0.2356	189.6024446777504	1.9949871921243898	41.31959663226704	0.5403266139893907	169.22037826033497	1.648321908757338	11.715
16.981119	0.073647	7.161249	0.068265	-1.128623	0.069701	-12.186865	0.068809	19.717	0.2351	189.87014352972884	1.941632584986881	41.38399647450578	0.4870398127332662	168.60728798420027	1.493357301516787	11.715
16.972727	0.067885	7.171217	0.072614	-1.136347	0.06769	-12.188662	0.06898	19.7009	0.2363	190.2258141030049	1.9292137155920712	41.29586245539845	0.49346468172698843	168.69769359537224	1.4751423285563	11.715
16.994475	0.067429	7.169604	0.071631	-1.136356	0.070451	-12.181917	0.065405	19.717	0.2351	189.77350774540795	1.9001745236753478	41.30383837139766	0.4996202216620596	168.8008447462123	1.4690977212334793	11.715
17.009247	0.081713	7.175685	0.078769	-1.126701	0.076742	-12.172839	0.079248	19.717	0.2351	189.60578751030627	2.188395828076787	41.321614948546525	0.5473384439965787	168.79204294805282	1.6856925404883933	11.715
16.962254	0.071435	7.141203	0.071849	-1.142139	0.071082	-12.194144	0.069862	19.717	0.2351	189.84730439562048	1.9585366838502822	41.41661984033531	0.5053451626608652	168.70243448364462	1.5213477319513071	11.715
16.991659	0.070696	7.187295	0.075668	-1.13828	0.069216	-12.18327	0.069814	19.7117	0.2356	190.17042623744683	2.008600606377528	41.206527755545316	0.5075610333429831	168.8095866262783	1.5025560309766246	11.715
16.962321	0.075501	7.157223	0.076332	-1.151795	0.07117	-12.208926	0.066697	19.7117	0.2356	190.15619855554144	2.0821813205758657	41.28863855972184	0.5185984379112386	168.6242305274536	1.4874825722998861	11.715
16.945472	0.069249	7.153142	0.06951	-1.140207	0.0697	-12.184844	0.068571	19.7117	0.2356	190.40413315373405	1.9078158384817505	41.36664526433583	0.4909939581630573	168.81497204440527	1.4944757940954077	11.715
16.962721	0.073648	7.159387	0.069181	-1.151799	0.066364	-12.196299	0.067471	19.7117	0.2356	190.19043092141283	1.9603247358316944	41.277865442309185	0.4761213800279546	168.81707607347124	1.4465685057421467	11.715
16.968698	0.071111	7.181269	0.070911	-1.128624	0.068922	-12.172171	0.065006	19.7117	0.2356	190.49948979764753	1.954633619662768	41.28429028020297	0.49128049927954115	168.83163016569614	1.4484025835408352	11.715
16.941709	0.072563	7.153307	0.069916	-1.147935	0.073205	-12.196165	0.071297	19.7117	0.2356	190.48054144457743	1.9608739637384531	41.327312612803595	0.503958864825039	168.76007881875987	1.5608863962287944	11.715
16.981386	0.070899	7.155361	0.073685	-1.157591	0.071435	-12.185201	0.068916	19.7063	0.236	189.75122684544067	1.9746570577211908	41.269095304878256	0.5094864919637366	169.075636545695	1.5218453842023358	11.715
16.95964	0.07552	7.144981	0.0719	-1.165304	0.069979	-12.206682	0.071819	19.7063	0.236	189.97094685803813	2.018293845598383	41.28234135521944	0.49841547772067657	168.86481516671654	1.533592173202833	11.715
16.966683	0.074876	7.167302	0.068411	-1.15759	0.069214	-12.198007	0.072987	19.7063	0.236	190.26712526313233	1.9692355268941042	41.20991115313325	0.4817406288344857	168.87949957183204	1.5386295765413707	11.715
16.981919	0.06773	7.167577	0.068351	-1.136355	0.072549	-12.191084	0.072763	19.7117	0.2356	189.97709732250877	1.8626344307543368	41.31392347915877	0.4959087629947093	168.66086134366222	1.5676659351645787	11.715
16.965068	0.073468	7.167495	0.072663	-1.146009	0.070171	-12.203846	0.067	19.717	0.2351	190.30223620355628	2.0070626245413163	41.26636129984966	0.5014141046333509	168.6134579957233	1.4794046828219143	11.715
16.950566	0.074215	7.151528	0.075991	-1.16725	0.07152	-12.187311	0.070457	19.7117	0.2356	190.27379677673608	2.062514687679641	41.24019436642366	0.5173334377459261	169.1914606004858	1.5413813233435023	11.715
16.966816	0.078164	7.13737	0.075593	-1.147936	0.071869	-12.185201	0.070555	19.7117	0.2356	189.68515575745516	2.098380094397783	41.40680338821212	0.521273096861064	168.92773835110404	1.541440797147448	11.715
16.941377	0.072594	7.123185	0.072292	-1.174963	0.068918	-12.195942	0.069616	19.7063	0.236	189.90259845441548	1.9815848505458842	41.34272122995993	0.49761381571880353	169.17736904032495	1.503722084847663	11.715
16.972727	0.067885	7.16322	0.067875	-1.161449	0.069794	-12.196031	0.066694	19.7063	0.236	190.0707377230117	1.8600480257054095	41.21100795524004	0.4819582729580648	168.96881013102285	1.4782290171872927	11.715
16.958025	0.071546	7.15317	0.074479	-1.157586	0.071953	-12.1941	0.071598	19.7009	0.2363	190.1608957241617	2.0029921760340743	41.28000405853453	0.5143803920548137	168.93923370752256	1.5537831398408928	11.715
16.947287	0.074786	7.149034	0.071137	-1.157583	0.071079	-12.199403	0.06811	19.717	0.2351	190.28903377587196	2.0045081228352153	41.30057421761022	0.49999572927444047	168.858040716115	1.5054659553525023	11.715
16.964335	0.068589	7.151198	0.070378	-1.153725	0.064796	-12.188618	0.064984	19.717	0.2351	190.00041185538504	1.9027428276575724	41.30899552918599	0.47583648138885437	168.9640468405355	1.405133501255524	11.715
16.926877	0.075398	7.129209	0.075995	-1.190409	0.076236	-12.194144	0.072817	19.7063	0.236	190.3004060448281	2.0792685867116316	41.236029174972295	0.5335340204306712	169.44248247173405	1.6233882720221344	11.715
16.946337	0.073122	7.129511	0.07097	-1.159526	0.074464	-12.192793	0.069862	19.7117	0.2356	189.92901028585666	1.9714815222099267	41.38816818457397	0.5136263670866429	168.9889431991402	1.5638865100323258	11.715
16.943391	0.074548	7.147145	0.073428	-1.163378	0.071519	-12.186687	0.070739	19.7009	0.2363	190.32801629960818	2.03298344354899	41.281161034086715	0.5091624292869017	169.14160811446092	1.5434953294475418	11.715
16.965002	0.071059	7.155472	0.076297	-1.14987	0.069982	-12.179852	0.071746	19.717	0.2351	190.07028362266558	2.0201931709516736	41.30691400383909	0.5149170213411259	169.03926911266473	1.5359845723509098	11.715
16.954129	0.073098	7.143284	0.070084	-1.153727	0.071954	-12.174014	0.06988	19.7063	0.236	190.04480481163247	1.9616373925506185	41.348386134834556	0.5005674518272805	169.18799217825844	1.5398841550969546	11.715
16.910917	0.075462	7.096655	0.07456	-1.207766	0.076303	-12.171103	0.073272	19.7117	0.2356	189.97864895824017	2.053505881788092	41.31149491796683	0.5307124727958883	170.0668375332682	1.641002170357711	11.715
16.958775	0.074988	7.162614	0.072345	-1.147918	0.069696	-12.174787	0.069964	19.7063	0.236	190.32968357514662	2.0244400155374462	41.28111421337174	0.49899663419729945	169.0869931223063	1.514317260789739	11.715
16.964136	0.074572	7.151115	0.068817	-1.14793	0.071522	-12.186642	0.06967	19.717	0.2351	190.0026827080451	1.9647608014560827	41.338250446602515	0.49439051179688115	168.90559238617354	1.5277740927559682	11.715
16.947154	0.071056	7.148979	0.074321	-1.167235	0.0732	-12.206682	0.068445	19.717	0.2351	190.29054988453672	1.996922217811967	41.25291061502366	0.5174629814823118	168.8943488315559	1.5331987407928804	11.715
16.97286	0.073811	7.163276	0.067925	-1.14021	0.067689	-12.201647	0.071984	19.7117	0.2356	190.0692231932659	1.9435658323350846	41.31614580061649	0.47714236014793715	168.55859351489894	1.5057078708554574	11.715
16.934801	0.077953	7.135041	0.075434	-1.174959	0.075659	-12.197561	0.072845	19.7117	0.2356	190.25976960536474	2.1060344836945735	41.28375548975619	0.5307719728910507	169.1524600273234	1.611734840168672	11.715
16.951849	0.078304	7.141203	0.075375	-1.169172	0.074992	-12.197829	0.073113	19.7117	0.2356	190.04866618242812	2.1054493916746146	41.28189731944839	0.5281721192631016	169.05958691673297	1.6054787040406437	11.715
16.958225	0.077133	7.161249	0.083758	-1.155657	0.075367	-12.18318	0.071907	19.717	0.2351	190.31383703689062	2.2118941513446875	41.249477097692065	0.5588342401147941	169.07696646249934	1.5971206209117281	11.715
16.972994	0.077352	7.157333	0.074822	-1.144074	0.071522	-12.181472	0.070849	19.7224	0.2356	189.95157245718596	2.0826184595212003	41.32649361722642	0.5152854922479797	168.92569306075464	1.5407767904956613	11.715
16.94762	0.069697	7.145173	0.066096	-1.173033	0.065047	-12.192258	0.068635	19.7117	0.2356	190.20763226125612	1.8638285386906568	41.243031729419506	0.45979279169008497	169.20429034914397	1.4520276687157412	11.715
16.917756	0.077332	7.100898	0.067791	-1.196191	0.070351	-12.210187	0.068198	19.7117	0.2356	189.92839665426396	1.9896430997671168	41.34799928051558	0.4868697664115206	169.2846217289633	1.50595922135583	11.715
16.947553	0.080433	7.147145	0.071604	-1.157585	0.070354	-12.177476	0.069556	19.7063	0.236	190.24718770334798	2.0904501540256426	41.309954476978405	0.4993349183042476	169.19407796026974	1.5189619787023338	11.715
16.933053	0.078764	7.157168	0.080424	-1.161448	0.075142	-12.183047	0.073493	19.7117	0.2356	190.72443278285886	2.196192403014997	41.24100015381234	0.5456656815166259	169.16784596797717	1.6132573707560847	11.715
16.942926	0.069426	7.126963	0.07082	-1.167234	0.071867	-12.195585	0.066596	19.7117	0.2356	189.9457321340973	1.9190717401789834	41.36241331667322	0.5031647049030695	169.06427801277076	1.5020074143138789	11.715
16.983267	0.071418	7.155279	0.070425	-1.128624	0.068922	-12.186909	0.068272	19.7117	0.2356	189.7133088737493	1.936135303715901	41.41381771438777	0.49262835208179934	168.6066175418248	1.4791527314014674	11.715
16.932521	0.072874	7.120967	0.069269	-1.173026	0.068618	-12.202953	0.064977	19.7117	0.2356	190.03107038312604	1.9473263105187106	41.36343202004177	0.48625878548148	169.04012218425865	1.4482836276076625	11.715
16.957759	0.079106	7.123075	0.07732	-1.159514	0.078173	-12.199448	0.073679	19.717	0.2351	189.5841502975901	2.13237247824161	41.42038340049616	0.5498551192793125	168.88690164515634	1.6433226985329388	11.715
16.989978	0.073279	7.15947	0.069225	-1.130559	0.069985	-12.190906	0.066906	19.7063	0.236	189.6646757133117	1.9449051638174688	41.38321182127317	0.4913945568239923	168.57519765192544	1.4756943949479413	11.715
