18.947730033236645	0.06884767770223546	8.911050210571968	0.07052927488298909	-1.1710641266454593	0.0676849308443928	-12.467973864544696	0.06416308253994747	19.0698	0.2321	185.67347584953075	1.823338790432867	34.00996166133816	0.32974950488540583	164.96061948792254	1.3618651049447925	11.709
18.922112723583577	0.07161201877805881	8.90883048275579	0.07108285621681337	-1.2000130819274593	0.0697855606806824	-12.498970746035782	0.06574805613815661	19.0698	0.2321	186.10733062777877	1.8753545480149807	33.92003446090885	0.3342503423146181	164.93072051970267	1.3995480760770478	11.709
18.914096329979333	0.07314833650830838	8.900949525457298	0.06925654804336473	-1.1787847925534016	0.07151645523958669	-12.50471708029558	0.06807529069748582	19.0698	0.2321	186.10984788732023	1.8722799240189156	34.017992067638595	0.33598502713941986	164.5379101091642	1.4343947210738823	11.709
18.926382009915923	0.0732865207029271	8.931011623910491	0.07252764549081582	-1.167199612226069	0.06768214507940132	-12.47878312486413	0.06721564826816478	19.0752	0.2327	186.44083777747363	1.9232367823424128	33.9557486029752	0.3335733831886324	164.74662690514768	1.3892665199209182	11.709
18.947954110485945	0.07148949646677867	8.917193512507907	0.0726966257817175	-1.188439491447054	0.07107563131347477	-12.482826991553448	0.0661567556453083	19.0752	0.2327	185.78304311625672	1.8884082569397702	33.93081085962625	0.3413645439745075	164.9974581309033	1.4185184540991835	11.709
18.943385542858806	0.06451212478322851	8.927088223474307	0.06926603379699715	-1.163340977041248	0.06589634417201448	-12.4789199403192	0.06602363326175359	19.0698	0.2321	186.05130910566032	1.7582060781100644	33.98193627447214	0.3219691278331019	164.68845604018142	1.357632266268427	11.709
18.933271241751243	0.07153396704441013	8.925247158081335	0.07239995719245075	-1.1865092095339085	0.06969205754362556	-12.480987489486665	0.06850440123303699	19.0698	0.2321	186.25281852926435	1.8941333056563023	33.91895167698425	0.33709270049798173	165.03840613876284	1.4279624919570815	11.712000000000002
18.932898083092386	0.07443905250973658	8.91098138293814	0.07585649689571877	-1.1710626191485904	0.06851288635821212	-12.486277787153655	0.06928828044621678	19.0698	0.2321	185.9469884273056	1.9719177488999569	34.01019892424813	0.3448115582542884	164.69375093567538	1.4182705215107478	11.709
18.935592669044542	0.06937412928038586	8.925350570217812	0.07104546291561098	-1.176859891162162	0.06861558595079648	-12.505036978351676	0.06504289492274203	19.0698	0.2333	186.16385200927587	1.8466910555245994	33.94230632838676	0.3318569821407389	164.50530516250453	1.3729556110889003	11.709
18.882638893492953	0.07063377938411906	8.876792181065468	0.06748976761846284	-1.2019475414743126	0.06768086443956658	-12.501038464952504	0.06986109360061436	19.0698	0.2321	186.2456304021166	1.818433617160059	34.02134904894495	0.32263619076169614	164.92877535756202	1.4198016956609267	11.709
18.89739301754388	0.06687318936529957	8.882865594436055	0.07167887345050081	-1.2000182623213316	0.07659071342230003	-12.508441349155214	0.06905426018776221	19.0698	0.2321	186.08419048940857	1.8215374228052421	34.007366041828554	0.3538046107635163	164.79266953079267	1.502785502339337	11.709
18.918589245083748	0.0694952916806774	8.913166790115152	0.07090078979322792	-1.1865092095339085	0.07151534830364495	-12.482826991553448	0.06804077204210005	19.0752	0.2327	186.2535277296147	1.8481228081497107	33.950823975532195	0.3385252969365989	164.96926384535908	1.4415661899497894	11.709
18.917843543352983	0.08034146197369109	8.886651540404518	0.07804864427845257	-1.18843129600994	0.07437652124552543	-12.49524644553575	0.07201623894177381	19.0698	0.2321	185.77505326537974	2.0744042885553706	34.0336975528056	0.36419013769827974	164.81610462528494	1.5091082553212667	11.709
18.932972713647608	0.06885645598105267	8.90497598373184	0.06794968728876032	-1.1903664501377902	0.0672517833166856	-12.497359791195358	0.07242445864723461	19.0644	0.2326	185.834247741987	1.792716896602602	33.96539783767979	0.321653183965273	164.81350722089496	1.4406245616497273	11.709
18.91237177539362	0.06986753603335331	8.905147937365951	0.06899051044094573	-1.213532639587948	0.06891319011086572	-12.501266895776544	0.06905514631912922	19.0698	0.2333	186.2200005541487	1.8271635587837278	33.88705864032876	0.3265660088276375	165.094711336006	1.4268918081516309	11.709
18.92278401229218	0.07203770571819415	8.909140134648661	0.06798137890265968	-1.1865092095339085	0.06969205754362556	-12.484666479014791	0.06737100900899887	19.0698	0.2321	186.10060947179852	1.8408146158135654	33.964365280929435	0.3275351580285009	164.94240469610912	1.4151172140469799	11.709
18.910274463285123	0.072939153541937	8.895081719211591	0.07588744320925903	-1.2000217160482944	0.07630448577427915	-12.503106243800122	0.0698418701883163	19.0752	0.2327	186.07182869902843	1.9555641575690728	33.9662019585008	0.3620882807021828	164.87050274529443	1.508839969594842	11.709
18.916491888173187	0.06875359753053037	8.895047367542414	0.06889363845499433	-1.200020852606701	0.06577374288097143	-12.504899877160286	0.0685004024808593	19.0698	0.2321	185.95574967526804	1.806059302950367	33.96632044443257	0.32048165868940065	164.8443317805952	1.3847616343032736	11.709
18.925030621496767	0.08004280208506123	8.897129289233735	0.07395274508353185	-1.192301676489253	0.07528394278445702	-12.517866248926376	0.07165849727937118	19.0698	0.2321	185.83601562446268	2.019539461621296	33.985298401753965	0.35546946084196623	164.54325228062257	1.5100266459314595	11.709
18.918663818490362	0.07673841953652623	8.889042189080172	0.07310517480140039	-1.1961613106243953	0.0729464447139967	-12.501266895776544	0.07351631657390614	19.0752	0.2327	185.80414072635278	1.9634581506435989	33.99954419204699	0.34816095478412	164.84102820857663	1.5101017095983154	11.709
18.90361007298817	0.0746602875800143	8.876792181065468	0.07349060682975743	-1.215458099082054	0.07211362941758506	-12.512074135744319	0.06760171391767397	19.0698	0.2321	185.8560959967387	1.9418536610511232	33.97580445943719	0.34662522840691673	164.96490830661284	1.4434397037415103	11.709
18.899192216845687	0.07662672236222892	8.878702340858675	0.0714573421696303	-1.2115952966217616	0.07015816963142324	-12.506419252128117	0.06911135601583145	19.0698	0.2321	185.97346554171781	1.9445531262788016	33.98237935026991	0.3372592809191627	164.99108228725453	1.438581170405225	11.709
18.905707288798034	0.07142587879092045	8.902962746229687	0.07669348770892562	-1.196157066584932	0.0703498331748281	-12.501038464952504	0.06394926589090336	19.0806	0.2331	186.30339110754804	1.9519688962913349	33.95269374256771	0.34988457019618724	164.84429716636382	1.3863046623608442	11.709
18.91844010003438	0.07584485256240311	8.896991851417917	0.07209511681576242	-1.1865075850185713	0.07186017869429756	-12.493772377457473	0.06974453510881896	19.0698	0.2321	185.95568049960033	1.9417304742303172	34.005289952708196	0.34327994334584117	164.80955057399416	1.4596071801589585	11.709
18.93694371992418	0.08007221405075822	8.900846403969998	0.07963521423419978	-1.2058051234333251	0.07789263877763072	-12.513776169852969	0.07582196291784118	19.0752	0.2327	185.6842525530878	2.089401751179576	33.92739139607902	0.3739487653421047	164.79925718000868	1.5842002933648278	11.709
18.901438373167714	0.07384824904162934	8.882796988487332	0.06711071408215541	-1.2000165354972607	0.07089477216434359	-12.493635400310195	0.0697199903090032	19.0752	0.2327	186.00777861083745	1.852659081549054	34.007603260571464	0.3292598997794922	165.0086877350868	1.4527964145212386	11.709
18.92202918558503	0.07399324217756169	8.897679082961837	0.07209661632476841	-1.1942453909677038	0.07383394749454496	-12.505722529873912	0.0679472112733744	19.0752	0.2327	185.90184995387844	1.915883744826941	33.97690132935357	0.34743359869627616	164.748176191178	1.4614327483135237	11.709
18.894315820283527	0.0736591726727956	8.865262153727095	0.07132014105666026	-1.200031214336934	0.0692075492408423	-12.50912706860373	0.07437951790638517	19.0698	0.2321	185.81466313988406	1.8996237170057853	34.06679860538876	0.33635730612651277	164.78286617050006	1.4803555743473003	11.709
18.909295196819706	0.07227776277224734	8.897610355029881	0.06967388397155322	-1.198104363947733	0.0776309825999676	-12.507470536587313	0.06960426415518829	19.0698	0.2321	186.13702469781802	1.866483214120963	33.96414534470095	0.3509283192875458	164.77892750271215	1.5191638124800206	11.709
18.912212685444132	0.0746562129039938	8.891948173850452	0.0724793363917477	-1.1826701370362958	0.07080762852687435	-12.489577823705037	0.06777174436247992	19.0698	0.2321	185.97764824539684	1.9312198182189664	34.03526679551315	0.342311743753054	164.8147557497255	1.428696655061202	11.709
18.896785520514765	0.08029315985284632	8.863420267672643	0.07359151562663835	-1.2096868551490871	0.07319318626653004	-12.498318979693586	0.06814939919719462	19.0698	0.2321	185.73481396335305	2.0162227725359574	34.040372835620126	0.3507504622801604	165.08158013327036	1.4624858445935092	11.709
18.89903184109501	0.07204374948373637	8.863488726937355	0.07060738317441183	-1.207758407580066	0.0697861762157071	-12.522322650452674	0.0681271226577363	19.0698	0.2321	185.69450676107442	1.8665533895128394	34.04665951437033	0.33560689203643385	164.70322574171666	1.4196681633317276	11.709
18.90951881825517	0.06804540975154878	8.893686758664805	0.06673705650157458	-1.207758407580066	0.06778853090800649	-12.507607673811929	0.0703287949765037	19.0698	0.2321	186.0599516421224	1.7705358767951622	33.94487782993726	0.3196641285309427	164.91770684339716	1.4256116712074454	11.709
18.916556918653466	0.07321286851861505	8.887990113468359	0.07021334263903031	-1.1846022580805013	0.07797129696495492	-12.495187985694646	0.0666700475983992	19.0644	0.2326	185.82368396842975	1.8796226714768713	34.0421124399444	0.35461556266034944	164.76116034497346	1.4944066745599967	11.709
18.889823510048323	0.07037550936845233	8.865125211993048	0.07379768171137742	-1.2212594284489247	0.06968908657598799	-12.527336904282043	0.07328206727345968	19.0698	0.2321	185.8953928842445	1.8909895994015233	33.99556276082758	0.3421066627037376	164.8268581783871	1.4743023076629032	11.709
18.875218046415668	0.07737073443147187	8.86314644118831	0.0743368317149771	-1.198098370484191	0.07869452540933151	-12.510829261125826	0.07434960364735227	19.0698	0.2321	186.12983427825617	1.994670267609906	34.0805067854216	0.3666872141476637	164.72991770754533	1.5764552605759632	11.709
18.890717044098825	0.07444377410914808	8.885667899246576	0.07878679446138798	-1.196177439441292	0.07278625927780762	-12.494776969270287	0.07042051405069283	19.0698	0.2321	186.26047725331017	2.0179308080902416	34.01086909736499	0.3618468175842107	164.9359483662669	1.47842235247984	11.709
18.89851036640618	0.07858909806757555	8.863249124137033	0.0697731082542146	-1.2231932906270626	0.07034656368949296	-12.505448300151768	0.07085977840715141	19.0752	0.2327	185.69972257559505	1.944716281574761	33.995368037007935	0.3339408013008684	165.17488986818333	1.4618075064448561	11.709
18.88143491100493	0.0716310414326986	8.85908626839774	0.07137506865742027	-1.215469162245907	0.06959405230536178	-12.518140736010713	0.07058092201679858	19.0698	0.2321	185.93897449752097	1.8760362099037808	34.035479226311196	0.33678258908185754	164.876526447833	1.4459190217722764	11.709
18.9244997442955	0.07361632072231752	8.895837523064476	0.06855518982389378	-1.1826669458669852	0.06768286539990964	-12.487555618091879	0.06705259345800924	19.0698	0.2321	185.8219159797618	1.8639167888348673	34.022143179180084	0.32520552494436583	164.84419110128593	1.389245559863608	11.709
18.903301094470553	0.06978099397902812	8.883654639022819	0.06452791070065148	-1.203898742996937	0.06577430733334931	-12.511332231906772	0.0685922910745103	19.0698	0.2321	185.98912016998196	1.7642368045578818	33.99162404286952	0.31048651794195015	164.80709176761823	1.3851080962604956	11.709
18.87731512469053	0.07204076010875476	8.86314644118831	0.07422235677622668	-1.2174001959934337	0.069304153807316	-12.512668589010152	0.0719319063591536	19.0644	0.2326	186.09085662128786	1.922110109510019	34.01525080090857	0.3426585331121301	164.98459034538183	1.458990886541649	11.709
18.888024134559405	0.07305156305564874	8.869288263091702	0.06748991239564668	-1.2096823547149107	0.06969119733809194	-12.525680803731456	0.0677909901391399	19.0698	0.2321	186.00602436981913	1.8464748031789808	34.020569666926235	0.32746178346592697	164.6823510147229	1.4149043873536673	11.709
18.89903184109501	0.0738231722365041	8.891673439432935	0.06661536100349086	-1.207758407580066	0.06778853090800649	-12.520483329489219	0.06676681060524581	19.0698	0.2321	186.2174965526862	1.8503059923323693	33.95164473290703	0.319504710707118	164.73000462107123	1.3854917643643647	11.709
18.89910633982879	0.07163369118965872	8.877614958737821	0.06885964652678711	-1.2135500185039552	0.06635590746582545	-12.524207729388815	0.06646757718633417	19.0698	0.2321	185.9548801468042	1.8437439033901903	33.97945855085162	0.32200398147089787	164.76011177224575	1.3681201637073714	11.709
18.883011025134955	0.07185605327845447	8.85482102882303	0.07426657315665283	-1.2328326221187993	0.07079891876891364	-12.525177281025481	0.07415017514959671	19.0698	0.2321	185.83066628657414	1.9149453659603115	33.99128617406273	0.34574077068158526	165.02730699006398	1.498263635093014	11.709
18.8898979679903	0.0714919456851246	8.881264095983685	0.0694254050031134	-1.2019588614188133	0.06589249933389463	-12.505311189847898	0.06550832593771118	19.0698	0.2321	186.19376555227942	1.8539008305466254	34.00622236784534	0.322810201422761	164.86659660921973	1.355221737462019	11.709
18.858367731493068	0.07575300448742026	8.847008832834314	0.07254402211466848	-1.230909557575213	0.07106841419111075	-12.54205001419956	0.07291506323600219	19.0752	0.2327	186.14308482264744	1.950172262995703	34.02412172738964	0.34285940113857827	164.7530800107447	1.4830661529961036	11.709
18.877761575711943	0.080572929273296	8.865364862804029	0.07963194412554375	-1.2212660359306822	0.07920798160122908	-12.538692583541394	0.07341309354301734	19.0698	0.2321	186.12379054662634	2.1058724177597417	33.994732782083425	0.3785399559657582	164.6615704394765	1.571292021067088	11.709
18.87529244487132	0.07324215561231542	8.851102937303418	0.07254463855007674	-1.2309115184828399	0.07310879668887003	-12.525589251106426	0.07082700638333535	19.0698	0.2321	185.9048282413349	1.9118312657951733	34.01029859436475	0.3474338435690639	164.9932182908001	1.4869646781423123	11.709
18.91213813109106	0.06574801756204954	8.879833934525449	0.06842953926849844	-1.201973666105871	0.06768434852807251	-12.50976714195928	0.06533761861566999	19.0698	0.2321	185.75445801383853	1.7570743761375534	34.010996406291326	0.32469447575291505	164.8018450851977	1.3710716208768563	11.709
18.905174926793148	0.07211505608344446	8.885564948684118	0.07029863711531457	-1.190383815590781	0.0715163433437464	-12.494639969866162	0.06896934176907593	19.0698	0.2321	185.98979728098195	1.8694350367854025	34.0307726940559	0.33869515246502135	164.8534147873314	1.4489199664036407	11.709
18.877687165741694	0.07392035027250311	8.869356767210865	0.0716461980483222	-1.2154746942046366	0.06959478403378258	-12.512897240077928	0.06564530116534037	19.0752	0.2327	186.19941133603677	1.9152093300790525	34.00079846509048	0.33675341235526085	164.9531316630904	1.396872425026834	11.709
18.877166312376445	0.07355591411090696	8.842949007084083	0.073529495248632	-1.2328385484691189	0.06890980543840713	-12.512577130947287	0.06708841102523125	19.0698	0.2321	185.71904234923338	1.9249858267147224	34.031317173317106	0.34036342432801986	165.21173917610244	1.408636796689728	11.709
18.8582190748063	0.07241378366514527	8.863043760618634	0.06984288083124192	-1.2019562490251066	0.07151318360868805	-12.508852771709249	0.07077916495927816	19.0806	0.2331	186.44447646834078	1.8766688253579566	34.06779152960273	0.33834515800910026	164.81491848132842	1.4666464330646303	11.709
18.877091907098933	0.07487498939971793	8.865056742712298	0.0738907887689518	-1.2173974081580552	0.07319026825940163	-12.512531402421944	0.0693454022537569	19.0806	0.2331	186.1305117356895	1.9556572826132816	34.00881540774404	0.3508099635044268	164.98655346712874	1.4727318369355298	11.709
18.88188146148839	0.06990681037263077	8.893515018683262	0.0737896198440281	-1.2135445301548822	0.06768036349163678	-12.498181943657869	0.06984578186843052	19.0806	0.2331	186.57157197164716	1.8986305872045144	33.92602174916538	0.33609495233294434	165.14001827237436	1.4232749980418133	11.709
18.865104705529905	0.06313166563374671	8.839162340437655	0.07375220744131725	-1.2174048425262316	0.06491917164509868	-12.505539708709259	0.061960692571857524	19.0806	0.2331	185.8723260918981	1.799824260627087	34.09635871123716	0.33312662626449685	165.08885221116626	1.3124757704731465	11.709
18.882402463749926	0.07382578246039971	8.863557187259904	0.08105815400889996	-1.1961782883908703	0.07601831221991039	-12.507699100316104	0.069412796586146	19.0698	0.2321	186.00399319829327	2.0354898651675044	34.08562013424219	0.3765339963806365	164.7475401095801	1.4992973390612294	11.709
18.880081982446427	0.06728696516407491	8.86345449717307	0.06452637533651608	-1.2058272585663974	0.06589269820587763	-12.50204362367211	0.06886429605311699	19.0698	0.2321	186.09284374733926	1.731999417919983	34.062029837141196	0.31197656813713415	165.0130126092742	1.3922815729822589	11.712000000000002
18.87761275635828	0.07192548222506312	8.871335602710849	0.07279729735164087	-1.217403913205638	0.06851132262740395	-12.523887328453114	0.0671460404172762	19.0698	0.2321	186.23761865157954	1.9046915681325784	33.98762764496286	0.33677300461106296	164.8209403597496	1.3984121990963954	11.709
18.88442525915393	0.06966780365538854	8.865536049887776	0.06598750718583418	-1.2096895554916822	0.06851288086906612	-12.511332231906772	0.06667130174395032	19.0644	0.2326	186.003177571768	1.7814857763236216	34.033215285116015	0.3213166864291637	164.89153674553475	1.3947872516555497	11.709
18.87109832453457	0.07334664144887809	8.855128780818154	0.07278016158274592	-1.2154710062042746	0.0671423139968739	-12.518232234408316	0.06859109540449344	19.0806	0.2331	186.05739769168025	1.919429191535028	34.04884806522286	0.334789494061643	164.87521863355437	1.4001266733027968	11.709
18.87551564375686	0.08098520043292298	8.847179654463403	0.07243647680866921	-1.217403913205638	0.06635690012743668	-12.52204806175169	0.07031062741759433	19.0698	0.2321	185.82796095509545	2.013386077150041	34.0692011515988	0.33253405494838256	164.8477567427616	1.4098020695961593	11.709
18.876334084834635	0.07468508851811348	8.863659879726267	0.07588283970695403	-1.2212745317792475	0.07185839982313101	-12.518872761031398	0.07210636332030235	19.0752	0.2327	186.11863229428158	1.9791147919977554	34.00045137455726	0.3523379391988546	164.9505665582835	1.4863104761762753	11.709
18.892590924150433	0.07702704103028199	8.85536815827156	0.07530484007633859	-1.2212679238471527	0.07079948067834112	-12.522231119534187	0.0717165818221762	19.0698	0.2321	185.66343221932348	1.9925827769197086	34.028451487145105	0.3490447096939226	164.90145099970036	1.4705060837468236	11.709
18.87109832453457	0.06937813468235693	8.855128780818154	0.07284102701135092	-1.2405613275323106	0.07006514735949307	-12.52926767183798	0.06850032182600316	19.0752	0.2327	186.05739769168025	1.8686405384775644	33.96422814032053	0.34001936354769935	165.08049477281563	1.4329112635261956	11.709
18.88195588862288	0.07411271619499075	8.873417243447497	0.07535403728363979	-1.2116152577733004	0.07052883823225481	-12.501906546957532	0.07056442132103252	19.0752	0.2327	186.24324285252482	1.966773893398269	34.00883195577816	0.3480496193086395	165.0996104305969	1.4589223728641978	11.712000000000002
18.884574138215964	0.07842553756463616	8.84547419182072	0.0732012742905159	-1.2193424684185776	0.07587088743648918	-12.516941883169759	0.07374725411450572	19.0752	0.2327	185.6287155834273	1.9836681320605865	34.06841213795542	0.3568594521039005	164.95054924940843	1.544829644355682	11.709
18.87640849208796	0.0792587813887372	8.859667896255688	0.08028334757684281	-1.2289961076057947	0.07382833111424901	-12.522597251321413	0.07230237824601679	19.0698	0.2321	186.0430756725775	2.0953492653447894	33.987882036982185	0.36744439081193575	165.00894665471537	1.509820153294661	11.709
18.86480727746841	0.08329945987844534	8.845064297479068	0.07892446764933023	-1.2502107434378709	0.08015223221467739	-12.527428468773481	0.07414380694541209	19.0698	0.2321	186.03498085878655	2.130570081703862	33.97432702055702	0.3785621738555159	165.2910087303298	1.6003540593780323	11.712000000000002
18.87431129429447	0.08242735321845768	8.84356370612467	0.07505926313018854	-1.2212754757980404	0.07351038088733408	-12.515239721192733	0.07341585977690956	19.0806	0.2331	185.7832840755415	2.0647942319447288	34.06833590444799	0.3556172058143118	165.00364160643548	1.5178595215508737	11.709
18.88891759379145	0.07551420552221269	8.843529553935657	0.07259394043812878	-1.2425055832963925	0.07437268668202959	-12.51151514050269	0.07436782439916527	19.0752	0.2327	185.5600486608019	1.934933797194161	34.00545119424447	0.3503995989881946	165.41140408389086	1.5438104372604806	11.712000000000002
18.869893809327902	0.0684988880294308	8.86761765205643	0.07057760955708442	-1.2212726437628088	0.06680923436229429	-12.502226397349496	0.07553358328144007	19.0752	0.2327	186.31211529870023	1.832017038434064	33.987119695025775	0.32738925302911226	165.1939427613116	1.4766686928208608	11.709
18.865476503795964	0.06904299277686754	8.853423552844419	0.06907458794800317	-1.2463603749256293	0.06978230312019601	-12.531519036214291	0.06666626040575963	19.0698	0.2321	186.13018107199397	1.8156312045378769	33.9504611708758	0.33005907294499237	165.13239065530362	1.412185622686883	11.709
18.878282461926815	0.07365810112252275	8.853526124979908	0.06932558953651868	-1.2135518480092373	0.07253634975256701	-12.502226397349496	0.06760406826308611	19.0698	0.2321	185.89431663239358	1.8756986712539117	34.0607595365808	0.33947906411006323	165.0809597280766	1.4500108728024992	11.709
18.858367731493068	0.0696647727778364	8.83090652205615	0.070923562250758	-1.2347694991388007	0.0652877456542203	-12.519979998871053	0.06886208312517347	19.0752	0.2327	185.84417229250474	1.842509153380696	34.065503534186455	0.3262431895332431	165.13163212216702	1.3885126380351762	11.709
18.85716270829448	0.07549647652456642	8.829302936684398	0.07017167856378763	-1.2328513898190359	0.07382945606765626	-12.527886311516516	0.06794505829214373	19.0752	0.2327	185.8367858253157	1.9101304040619533	34.07742625958575	0.34495845168991396	164.9880006199165	1.4656210980250868	11.709
18.867350472461634	0.0742983156394329	8.839230608143717	0.07425163560100584	-1.2386374554865112	0.06880864313028569	-12.518506737709117	0.07272502364377564	19.0752	0.2327	185.8319658995974	1.9465180806890043	34.02429163678458	0.3417736683142949	165.20982486915895	1.4663672998705974	11.709
18.86981942958023	0.07673343593816684	8.857517985120086	0.07758009750975796	-1.2154811484756167	0.07294545850683129	-12.518735499751616	0.0740144124059244	19.0752	0.2327	186.12556154050995	2.02846565612435	34.04073777097527	0.3598662921721221	164.86802568081916	1.5157521373417762	11.709
18.86757357892327	0.07453718789985261	8.84939760030386	0.07436211017903405	-1.2193396583782579	0.07327273164936077	-12.511286505601875	0.07146591932672028	19.0806	0.2331	186.0164198193507	1.9549721641162234	34.05514646618886	0.3530965159865424	165.03312084941294	1.4959106214146312	11.709
18.857683014311124	0.06946653054554063	8.857723229933056	0.07108004710005764	-1.2116261470767085	0.07125128572736336	-12.520849413802635	0.06860683590880311	19.0752	0.2327	186.35527230561786	1.8521549868608915	34.05307624511279	0.3403617701093775	164.78100968666328	1.4412014641878044	11.709
18.86412300114161	0.07546606050214273	8.853765469205923	0.07109294529676369	-1.2232094627325645	0.07016137809319148	-12.51358324394107	0.07033035751583969	19.0698	0.2321	186.1617052855306	1.928108730464092	34.02730724150278	0.337282338207587	165.05611459601573	1.4523102138295507	11.709
18.84704934217157	0.07406893651688772	8.847589653287136	0.07320836163929259	-1.2425066077217664	0.07089068289423285	-12.515239721192733	0.06884304399613651	19.0752	0.2327	186.4123414152424	1.9414506334683972	33.99176447185697	0.343305427826644	165.35676616567486	1.4495246800091153	11.712000000000002
18.89580548097078	0.07157528489557721	8.871986590026369	0.06616650041492148	-1.2232123168496996	0.06840942533667246	-12.506362446482312	0.07086104230662366	19.0752	0.2327	185.91170181122712	1.8078350220229036	33.965880735687215	0.3202142746057607	165.16178613708485	1.4417518533391183	11.709
18.845100952297887	0.07682217722235418	8.825515934584322	0.0722624059796273	-1.2425086565946222	0.07124619864273392	-12.520849413802635	0.07336884170446452	19.0752	0.2327	185.99026061143772	1.9577680711677257	34.05755706779025	0.3432756967562802	165.23221533912306	1.4982861197250827	11.709
18.882923494764317	0.07177895146680952	8.871849532125987	0.07290501342659166	-1.2193480886914634	0.07107105282057417	-12.519055780801974	0.06877648866940274	19.0752	0.2327	186.1483828426218	1.902379487137486	33.979348632181086	0.3428332014631674	164.91977309856742	1.4434568570507358	11.709
18.87423689562302	0.07525240240443176	8.855607548666512	0.07295128337561839	-1.2289951343468033	0.07445133093474675	-12.515193979977685	0.07043628929758544	19.0806	0.2331	186.0080021055092	1.945896193996537	34.00156980418935	0.351441344085052	165.11717134812127	1.499434544799414	11.709
18.845100952297887	0.07344953901027264	8.849671004624208	0.07601559145749637	-1.2135564218935582	0.07414427464046039	-12.507973387932292	0.07108592787265622	19.0752	0.2327	186.43972679701696	1.9716320087081896	34.073792386966396	0.3595470925416568	164.99702767008785	1.500550185278389	11.709
18.844581006672612	0.06948928542357304	8.825277369750248	0.0684198924600519	-1.2386414945144015	0.07177151968660869	-12.537082511273484	0.07024799322005841	19.0752	0.2327	185.99548393718797	1.8103230851499952	34.0714513599218	0.3357020542008287	164.9382623583899	1.4660909106223488	11.709
18.87295804744175	0.07443537100531532	8.87007612435855	0.07110821721697828	-1.2077726933551303	0.06820456999395053	-12.502820449091397	0.07640615649262744	19.0752	0.2327	186.30083239936914	1.9172607518801037	34.02435661381384	0.3326537148288587	164.98781315170524	1.4960518857477731	11.709
18.85311735819821	0.07902483148239936	8.843461250350167	0.08363568811311609	-1.2502233865408856	0.07809088767523484	-12.529817166499873	0.0756008747097874	19.086	0.2335	186.22245094222532	2.1406933087520867	33.97968016050681	0.38520422974862856	165.2561900592715	1.5924171989759255	11.712000000000002
18.862769403263766	0.06978652216938759	8.844041864464433	0.06846113074373154	-1.230939954979864	0.0686131606758795	-12.503003245718197	0.06868056301721978	19.0806	0.2331	186.0061790727502	1.8150037727224242	34.03403879223132	0.32742399054919447	165.3242339576092	1.423865079798316	11.709
18.855957581321277	0.0767392542351842	8.83776381731591	0.07717224110958552	-1.2367235054486119	0.0744481310387575	-12.52291763438012	0.07452157285261053	19.0752	0.2327	186.0160895827932	2.0207791932147865	34.03570932082924	0.3622634306576788	165.1172403534963	1.5410896896166064	11.709
18.87498090873148	0.0751272436532996	8.85997584780547	0.07710697227012106	-1.2212839722906312	0.07351491040279248	-12.506453868542708	0.07010217884056391	19.0752	0.2327	186.07531572137768	2.0001915513469317	34.01284444534073	0.35943857474927676	165.13222625756885	1.4864059599642159	11.709
18.847272207022723	0.07348098851136362	8.82756285474727	0.06853019240859737	-1.2502297085232652	0.07106955871010637	-12.531931239523775	0.06803766703385265	19.0752	0.2327	185.9879526585066	1.8650951073830557	34.02454653846476	0.3333254060688505	165.18299332261589	1.4405506945821742	11.709
18.87797117993481	0.07105852068400315	8.860386483175335	0.07057844424882094	-1.2193649510437667	0.06881426023312277	-12.523558450188906	0.0661985843848255	19.086	0.2335	186.02739932569062	1.8598503484814164	34.01793430242032	0.33267329656830436	164.85432851126708	1.3925229099977756	11.709
18.847866539061815	0.07255581210394188	8.83991334320989	0.07431040821816495	-1.2309370129835302	0.07587060187691227	-12.51390340508542	0.07403233050336117	19.0698	0.2321	186.20642924623198	1.9323567905176315	34.04800090819728	0.35904504106124435	165.16447571513552	1.5517477777013073	11.709
18.86703821655892	0.07371181289871503	8.84810220525914	0.07325435130221845	-1.2154986689354472	0.07587380767428765	-12.514086361742459	0.07041971295116617	19.0752	0.2339	186.04996492541272	1.9298006794642821	34.08125778140309	0.3571690803682456	164.9783799685837	1.5115223706295102	11.712000000000002
18.843746747663456	0.0740167595036849	8.835921479414626	0.07174091944116139	-1.2463790781877526	0.06778436122351277	-12.519467595054225	0.06851630591985075	19.086	0.2335	186.20880947785432	1.9179173496773192	34.009333496355715	0.3329284690447614	165.30919861711538	1.4133292563147786	11.709
