29.941294125635245	0.2863978122998954	19.785000718109234	0.18899532157600318	-0.1599155836635359	0.18830993812877872	-11.403962270061871	0.18793567423647586	19.1777	0.2326	209.00131061881658	7.061243789504903	18.731161053324556	0.2505596062819784	188.7824457159128	4.466790965634389	13.3371832
29.941294125635245	0.2863978122998954	19.785000718109234	0.18899532157600318	-0.1599155836635359	0.18830993812877872	-11.403962270061871	0.18793567423647586	19.1777	0.2326	209.00784211388262	7.061464460269288	18.731746420400192	0.2505674365143695	188.788345351705	4.4669305572143	13.3376
30.011960140407602	0.3422100241018222	19.785000718109234	0.18899532157600318	-0.1599155836635359	0.18830993812877872	-11.463507590007941	0.29933933702867876	19.264	0.3483	207.56364441557602	7.9342284744109115	18.731746420400192	0.2505674365143695	187.79384179745898	5.875329075483889	13.3376
29.905968541669772	0.1893715464739923	19.785000718109234	0.18899532157600318	-0.1599155836635359	0.18830993812877872	-11.523037607121898	0.32601500774546593	19.1777	0.2326	209.7373498254721	5.544368008074603	18.731746420400192	0.2505674365143695	186.8100126532309	6.189542167618105	13.3376
29.941294125635245	0.2863978122998954	19.785000718109234	0.18899532157600318	-0.1599155836635359	0.18830993812877872	-11.433736843259416	0.2696697267739531	19.1777	0.2326	209.00784211388262	7.061464460269288	18.731746420400192	0.2505674365143695	188.28974844493453	5.493306418433	13.3376
30.047300573307083	0.3533978891544881	19.785000718109234	0.18899532157600318	-0.1599155836635359	0.18830993812877872	-11.523037607121898	0.32601500774546593	19.1777	0.2326	206.8488544414627	8.077812421378828	18.731746420400192	0.2505674365143695	186.8100126532309	6.189542167618105	13.3376
30.011960140407602	0.3422100241018222	19.785000718109234	0.18899532157600318	-0.1599155836635359	0.18830993812877872	-11.433736843259416	0.2696697267739531	19.264	0.3483	207.56364441557602	7.9342284744109115	18.731746420400192	0.2505674365143695	188.28974844493453	5.493306418433	13.3376
29.97662465819925	0.3216425608147997	19.785000718109234	0.18899532157600318	-0.1599155836635359	0.18830993812877872	-11.463507590007941	0.29933933702867876	19.1777	0.2326	208.28329042169452	7.624103740234053	18.731746420400192	0.2505674365143695	187.79384179745898	5.875329075483889	13.3376
30.082645957943523	0.35698792201170315	19.785000718109234	0.18899532157600318	-0.1599155836635359	0.18830993812877872	-11.403962270061871	0.18793567423647586	19.1777	0.2326	206.13887151317547	8.085898674781294	18.731746420400192	0.2505674365143695	188.788345351705	4.4669305572143	13.3376
29.97662465819925	0.3216425608147997	19.785000718109234	0.18899532157600318	-0.1599155836635359	0.18830993812877872	-11.463507590007941	0.29933933702867876	19.3503	0.4167	208.28329042169452	7.624103740234053	18.731746420400192	0.2505674365143695	187.79384179745898	5.875329075483889	13.3376
30.082645957943523	0.35698792201170315	19.785000718109234	0.18899532157600318	-0.1599155836635359	0.18830993812877872	-11.463507590007941	0.29933933702867876	19.264	0.3483	206.13887151317547	8.085898674781294	18.731746420400192	0.2505674365143695	187.79384179745898	5.875329075483889	13.3376
30.08264595794304	0.35698792201170304	19.785000718109234	0.18899532157600318	-0.1599155836635359	0.18830993812877872	-11.552796878968588	0.32899800103548127	19.1777	0.2326	206.13887151318517	8.08589867478205	18.731746420400192	0.2505674365143695	186.3220474224756	6.199541039420896	13.3376
29.97662465819925	0.3216425608147997	19.785000718109234	0.18899532157600318	-0.1599155836635359	0.18830993812877872	-11.582552327329738	0.3259774878391238	19.1777	0.2326	208.28329042169452	7.624103740234053	18.731746420400192	0.2505674365143695	185.8366869768064	6.124683578178649	13.3376
30.047300573307083	0.3533978891544881	19.785000718109234	0.18899532157600318	-0.1599155836635359	0.18830993812877872	-11.552796878968588	0.32899800103548127	19.264	0.3483	206.8488544414627	8.077812421378828	18.731746420400192	0.2505674365143695	186.3220474224756	6.199541039420896	13.3376
30.047300573307083	0.3533978891544881	19.785000718109234	0.18899532157600318	-0.1599155836635359	0.18830993812877872	-11.523037607121898	0.32601500774546593	19.1777	0.2326	206.8488544414627	8.077812421378828	18.731746420400192	0.2505674365143695	186.8100126532309	6.189542167618105	13.3376
30.153351586614377	0.3423009469650065	19.785000718109234	0.18899532157600318	-0.19115288143169543	0.2740733792066622	-11.49327451104856	0.3166308739538757	19.1777	0.2326	204.73313412169568	7.720880143645352	18.702455038666667	0.3116923136455922	187.81827328949242	6.959165447934168	13.3376
30.117996295363213	0.3534464803309999	19.785000718109234	0.18899532157600318	-0.1599155836635359	0.18830993812877872	-11.463507590007941	0.29933933702867876	19.264	0.3483	205.43364730120095	7.9685097709099795	18.731746420400192	0.2505674365143695	187.79384179745898	5.875329075483889	13.3376
30.082645957943523	0.35698792201170315	19.785000718109234	0.18899532157600318	-0.1599155836635359	0.18830993812877872	-11.463507590007941	0.29933933702867876	19.264	0.3483	206.13887151317547	8.085898674781294	18.731746420400192	0.2505674365143695	187.79384179745898	5.875329075483889	13.3376
30.259447193824556	0.18938402966472903	19.785000718109234	0.18899532157600318	-0.1599155836635359	0.18830993812877872	-11.403962270061871	0.18793567423647586	19.264	0.3483	202.65939340126292	5.1766441991241585	18.731746420400192	0.2505674365143695	188.788345351705	4.4669305572143	13.3376
30.259447193824556	0.18938402966472903	19.785000718109234	0.18899532157600318	-0.1599155836635359	0.18830993812877872	-11.403962270061871	0.18793567423647586	19.264	0.3483	202.65939340126292	5.1766441991241585	18.731746420400192	0.2505674365143695	188.788345351705	4.4669305572143	13.3376
30.259447193824556	0.18938402966472903	19.785000718109234	0.18899532157600318	-0.1599155836635359	0.18830993812877872	-11.433736843259416	0.2696697267739531	19.264	0.3483	202.65306029521915	5.176482428992935	18.731161053324556	0.2505596062819784	188.2838643902956	5.493134752607424	13.3371832
30.224077034797308	0.2865170967510226	19.785000718109234	0.18899532157600318	-0.1599155836635359	0.18830993812877872	-11.463507590007941	0.29933933702867876	19.1777	0.2326	203.3460532891219	6.686011346028557	18.731746420400192	0.2505674365143695	187.79384179745898	5.875329075483889	13.3376
30.259447193824556	0.18938402966472903	19.785000718109234	0.18899532157600318	-0.1599155836635359	0.18830993812877872	-11.463507590007941	0.29933933702867876	19.1777	0.2326	202.65939340126292	5.1766441991241585	18.731746420400192	0.2505674365143695	187.79384179745898	5.875329075483889	13.3376
30.259447193824556	0.18938402966472903	19.785000718109234	0.18899532157600318	-0.1599155836635359	0.18830993812877872	-11.403962270061871	0.18793567423647586	19.264	0.3483	202.65939340126292	5.1766441991241585	18.731746420400192	0.2505674365143695	188.788345351705	4.4669305572143	13.3376
30.259447193824556	0.18938402966472903	19.785000718109234	0.18899532157600318	-0.1599155836635359	0.18830993812877872	-11.433736843259416	0.2696697267739531	19.1777	0.2326	202.66572650730666	5.176805969255381	18.73233178747583	0.2505752667467605	188.29563249957343	5.493478084258576	13.338016799999998
30.259447193824556	0.18938402966472903	19.785000718109234	0.18899532157600318	-0.1599155836635359	0.18830993812877872	-11.523037607121898	0.32601500774546593	19.264	0.3483	202.65939340126292	5.1766441991241585	18.731746420400192	0.2505674365143695	186.8100126532309	6.189542167618105	13.3376
30.259447193824556	0.18938402966472903	19.785000718109234	0.18899532157600318	-0.1599155836635359	0.18830993812877872	-11.403962270061871	0.18793567423647586	19.1777	0.2326	202.65939340126292	5.1766441991241585	18.731746420400192	0.2505674365143695	188.788345351705	4.4669305572143	13.3376
30.224077034797308	0.2865170967510226	19.785000718109234	0.18899532157600318	-0.1599155836635359	0.18830993812877872	-11.403962270061871	0.18793567423647586	19.1777	0.2326	203.3460532891219	6.686011346028557	18.731746420400192	0.2505674365143695	188.788345351705	4.4669305572143	13.3376
30.259447193824556	0.18938402966472903	19.785000718109234	0.18899532157600318	-0.1599155836635359	0.18830993812877872	-11.433736843259416	0.2696697267739531	19.1777	0.2326	202.65939340126292	5.1766441991241585	18.731746420400192	0.2505674365143695	188.28974844493453	5.493306418433	13.3376
30.259447193824556	0.18938402966472903	19.785000718109234	0.18899532157600318	-0.1599155836635359	0.18830993812877872	-11.433736843259416	0.2696697267739531	19.1777	0.2326	202.65939340126292	5.1766441991241585	18.731746420400192	0.2505674365143695	188.28974844493453	5.493306418433	13.3376
30.259447193824556	0.18938402966472903	19.785000718109234	0.18899532157600318	-0.1599155836635359	0.18830993812877872	-11.433736843259416	0.2696697267739531	19.1777	0.2326	202.65939340126292	5.1766441991241585	18.731746420400192	0.2505674365143695	188.28974844493453	5.493306418433	13.3376
30.259447193824556	0.18938402966472903	19.785000718109234	0.18899532157600318	-0.1599155836635359	0.18830993812877872	-11.403962270061871	0.18793567423647586	19.1777	0.2326	202.65939340126292	5.1766441991241585	18.731746420400192	0.2505674365143695	188.788345351705	4.4669305572143	13.3376
30.259447193824556	0.18938402966472903	19.785000718109234	0.18899532157600318	-0.1599155836635359	0.18830993812877872	-11.403962270061871	0.18793567423647586	19.1777	0.2326	202.65939340126292	5.1766441991241585	18.731746420400192	0.2505674365143695	188.788345351705	4.4669305572143	13.3376
30.259447193824556	0.18938402966472903	19.785000718109234	0.18899532157600318	-0.1599155836635359	0.18830993812877872	-11.433736843259416	0.2696697267739531	19.1777	0.2326	202.65939340126292	5.1766441991241585	18.731746420400192	0.2505674365143695	188.28974844493453	5.493306418433	13.3376
30.259447193824556	0.18938402966472903	19.785000718109234	0.18899532157600318	-0.1599155836635359	0.18830993812877872	-11.433736843259416	0.2696697267739531	19.1777	0.2326	202.66572650730666	5.176805969255381	18.73233178747583	0.2505752667467605	188.29563249957343	5.493478084258576	13.338016799999998
30.259447193824556	0.18938402966472903	19.785000718109234	0.18899532157600318	-0.1599155836635359	0.18830993812877872	-11.403962270061871	0.18793567423647586	19.1777	0.2326	202.65939340126292	5.1766441991241585	18.731746420400192	0.2505674365143695	188.788345351705	4.4669305572143	13.3376
30.259447193824556	0.18938402966472903	19.785000718109234	0.18899532157600318	-0.1599155836635359	0.18830993812877872	-11.403962270061871	0.18793567423647586	19.1777	0.2326	202.65939340126292	5.1766441991241585	18.731746420400192	0.2505674365143695	188.788345351705	4.4669305572143	13.3376
30.259447193824556	0.18938402966472903	19.785000718109234	0.18899532157600318	-0.1599155836635359	0.18830993812877872	-11.403962270061871	0.18793567423647586	19.1777	0.2326	202.65939340126292	5.1766441991241585	18.731746420400192	0.2505674365143695	188.788345351705	4.4669305572143	13.3376
30.259447193824556	0.18938402966472903	19.785000718109234	0.18899532157600318	-0.1599155836635359	0.18830993812877872	-11.403962270061871	0.18793567423647586	19.1777	0.2326	202.65306029521915	5.176482428992935	18.731161053324556	0.2505596062819784	188.7824457159128	4.466790965634389	13.3371832
30.40914338420891	0.36367898011459787	19.92588220403806	0.3528696318286427	-0.03474194634479713	0.3336088334910684	-11.406363880637024	0.3844301534998927	19.264	0.3483	202.48899006710317	9.787799836383567	18.71700562698825	0.4553496937763588	186.67037835483438	8.355474344377837	13.3376
30.259447193824556	0.18938402966472903	19.785000718109234	0.18899532157600318	-0.1599155836635359	0.18830993812877872	-11.403962270061871	0.18793567423647586	19.264	0.3483	202.65939340126292	5.1766441991241585	18.731746420400192	0.2505674365143695	188.788345351705	4.4669305572143	13.3376
30.259447193824556	0.18938402966472903	19.785000718109234	0.18899532157600318	-0.1599155836635359	0.18830993812877872	-11.403962270061871	0.18793567423647586	19.1777	0.2326	202.65939340126292	5.1766441991241585	18.731746420400192	0.2505674365143695	188.788345351705	4.4669305572143	13.3376
30.259447193824556	0.18938402966472903	19.785000718109234	0.18899532157600318	-0.1599155836635359	0.18830993812877872	-11.403962270061871	0.18793567423647586	19.264	0.3483	202.65939340126292	5.1766441991241585	18.731746420400192	0.2505674365143695	188.788345351705	4.4669305572143	13.3376
30.259447193824556	0.18938402966472903	19.785000718109234	0.18899532157600318	-0.1599155836635359	0.18830993812877872	-11.403962270061871	0.18793567423647586	19.1777	0.2326	202.65939340126292	5.1766441991241585	18.731746420400192	0.2505674365143695	188.788345351705	4.4669305572143	13.3376
30.259447193824556	0.18938402966472903	19.785000718109234	0.18899532157600318	-0.1599155836635359	0.18830993812877872	-11.433736843259416	0.2696697267739531	19.264	0.3483	202.65939340126292	5.1766441991241585	18.731746420400192	0.2505674365143695	188.28974844493453	5.493306418433	13.3376
30.29685606078876	0.29263348057126426	19.820207117616828	0.2860155818497749	-0.12863409353757044	0.27422363959299384	-11.404562565001651	0.3053228156689793	19.3503	0.4167	202.6167890607755	7.913738476491363	18.728060972885647	0.37198877288293664	188.25456141855463	6.8515816046676425	13.3376
30.259447193824556	0.18938402966472903	19.785000718109234	0.18899532157600318	-0.1599155836635359	0.18830993812877872	-11.49327451104856	0.3166308739538757	19.3503	0.4167	202.65939340126292	5.1766441991241585	18.731746420400192	0.2505674365143695	187.30060369421741	6.088294456226784	13.3376
30.259447193824556	0.18938402966472903	19.785000718109234	0.18899532157600318	-0.1599155836635359	0.18830993812877872	-11.403962270061871	0.18793567423647586	19.1777	0.2326	202.65939340126292	5.1766441991241585	18.731746420400192	0.2505674365143695	188.788345351705	4.4669305572143	13.3376
30.259447193824556	0.18938402966472903	19.785000718109234	0.18899532157600318	-0.1599155836635359	0.18830993812877872	-11.463507590007941	0.29933933702867876	19.1777	0.2326	202.66572650730666	5.176805969255381	18.73233178747583	0.2505752667467605	187.79971035501512	5.875512679517498	13.338016799999998
30.259447193824556	0.18938402966472903	19.785000718109234	0.18899532157600318	-0.1599155836635359	0.18830993812877872	-11.403962270061871	0.18793567423647586	19.264	0.3483	202.65939340126292	5.1766441991241585	18.731746420400192	0.2505674365143695	188.788345351705	4.4669305572143	13.3376
30.259447193824556	0.18938402966472903	19.785000718109234	0.18899532157600318	-0.1599155836635359	0.18830993812877872	-11.463507590007941	0.29933933702867876	19.1777	0.2326	202.65939340126292	5.1766441991241585	18.731746420400192	0.2505674365143695	187.79384179745898	5.875329075483889	13.3376
30.259447193824556	0.18938402966472903	19.785000718109234	0.18899532157600318	-0.1599155836635359	0.18830993812877872	-11.433736843259416	0.2696697267739531	19.264	0.3483	202.65939340126292	5.1766441991241585	18.731746420400192	0.2505674365143695	188.28974844493453	5.493306418433	13.3376
30.259447193824556	0.18938402966472903	19.785000718109234	0.18899532157600318	-0.1599155836635359	0.18830993812877872	-11.403962270061871	0.18793567423647586	19.1777	0.2326	202.65939340126292	5.1766441991241585	18.731746420400192	0.2505674365143695	188.788345351705	4.4669305572143	13.3376
30.259447193824556	0.18938402966472903	19.785000718109234	0.18899532157600318	-0.1599155836635359	0.18830993812877872	-11.403962270061871	0.18793567423647586	19.1777	0.2326	202.65939340126292	5.1766441991241585	18.731746420400192	0.2505674365143695	188.788345351705	4.4669305572143	13.3376
30.259447193824556	0.18938402966472903	19.785000718109234	0.18899532157600318	-0.1599155836635359	0.18830993812877872	-11.403962270061871	0.18793567423647586	19.1777	0.2326	202.65939340126292	5.1766441991241585	18.731746420400192	0.2505674365143695	188.788345351705	4.4669305572143	13.3376
30.259447193824556	0.18938402966472903	19.785000718109234	0.18899532157600318	-0.1599155836635359	0.18830993812877872	-11.433736843259416	0.2696697267739531	19.264	0.3483	202.65939340126292	5.1766441991241585	18.731746420400192	0.2505674365143695	188.28974844493453	5.493306418433	13.3376
30.259447193824556	0.18938402966472903	19.785000718109234	0.18899532157600318	-0.1599155836635359	0.18830993812877872	-11.433736843259416	0.2696697267739531	19.264	0.3483	202.65939340126292	5.1766441991241585	18.731746420400192	0.2505674365143695	188.28974844493453	5.493306418433	13.3376
30.259447193824556	0.18938402966472903	19.785000718109234	0.18899532157600318	-0.1599155836635359	0.18830993812877872	-11.433736843259416	0.2696697267739531	19.1777	0.2326	202.65939340126292	5.1766441991241585	18.731746420400192	0.2505674365143695	188.28974844493453	5.493306418433	13.3376
30.259447193824556	0.18938402966472903	19.785000718109234	0.18899532157600318	-0.1599155836635359	0.18830993812877872	-11.403962270061871	0.18793567423647586	19.1777	0.2326	202.65939340126292	5.1766441991241585	18.731746420400192	0.2505674365143695	188.788345351705	4.4669305572143	13.3376
30.259447193824556	0.18938402966472903	19.785000718109234	0.18899532157600318	-0.1599155836635359	0.18830993812877872	-11.403962270061871	0.18793567423647586	19.1777	0.2326	202.65939340126292	5.1766441991241585	18.731746420400192	0.2505674365143695	188.788345351705	4.4669305572143	13.3376
30.259447193824556	0.18938402966472903	19.785000718109234	0.18899532157600318	-0.1599155836635359	0.18830993812877872	-11.403962270061871	0.18793567423647586	19.1777	0.2326	202.65939340126292	5.1766441991241585	18.731746420400192	0.2505674365143695	188.788345351705	4.4669305572143	13.3376
30.259447193824556	0.18938402966472903	19.785000718109234	0.18899532157600318	-0.1599155836635359	0.18830993812877872	-11.403962270061871	0.18793567423647586	19.1777	0.2326	202.65939340126292	5.1766441991241585	18.731746420400192	0.2505674365143695	188.788345351705	4.4669305572143	13.3376
30.259447193824556	0.18938402966472903	19.785000718109234	0.18899532157600318	-0.1599155836635359	0.18830993812877872	-11.403962270061871	0.18793567423647586	19.1777	0.2326	202.65939340126292	5.1766441991241585	18.731746420400192	0.2505674365143695	188.788345351705	4.4669305572143	13.3376
30.259447193824556	0.18938402966472903	19.818920203399983	0.2821623219523386	-0.1599155836635359	0.18830993812877872	-11.403962270061871	0.18793567423647586	19.264	0.3483	203.31779908517245	6.617743262291491	18.699944207100646	0.3175140197018022	188.788345351705	4.4669305572143	13.3376
30.259447193824556	0.18938402966472903	19.785000718109234	0.18899532157600318	-0.1599155836635359	0.18830993812877872	-11.403962270061871	0.18793567423647586	19.264	0.3483	202.65939340126292	5.1766441991241585	18.731746420400192	0.2505674365143695	188.788345351705	4.4669305572143	13.3376
30.259447193824556	0.18938402966472903	19.818920203399983	0.2821623219523386	-0.1599155836635359	0.18830993812877872	-11.403962270061871	0.18793567423647586	19.1777	0.2326	203.31779908517245	6.617743262291491	18.699944207100646	0.3175140197018022	188.788345351705	4.4669305572143	13.3376
30.259447193824556	0.18938402966472903	19.886773124539364	0.3357520700429295	-0.1599155836635359	0.18830993812877872	-11.403962270061871	0.18793567423647586	19.1777	0.2326	204.6478039128002	7.605356395127913	18.6366496721246	0.3578778083211522	188.788345351705	4.4669305572143	13.3376
30.259447193824556	0.18938402966472903	19.9207065623119	0.34649404626839403	-0.1599155836635359	0.18830993812877872	-11.403962270061871	0.18793567423647586	19.1777	0.2326	205.3194914777435	7.841869827742834	18.60515634550652	0.36538233580524876	188.788345351705	4.4669305572143	13.3376
30.294822310874252	0.28654694933149927	19.9207065623119	0.3464940462683941	-0.1599155836635359	0.18830993812877872	-11.403962270061871	0.18793567423647586	19.1777	0.2326	204.61936423609248	8.868518449099277	18.60515634550652	0.36538233580524876	188.788345351705	4.4669305572143	13.3376
30.259447193824556	0.18938402966472903	19.9207065623119	0.34649404626839403	-0.1599155836635359	0.18830993812877872	-11.403962270061871	0.18793567423647586	19.1777	0.2326	205.3194914777435	7.841869827742834	18.60515634550652	0.36538233580524876	188.788345351705	4.4669305572143	13.3376
30.259447193824556	0.18938402966472903	19.988587397070265	0.34653970537566126	-0.1599155836635359	0.18830993812877872	-11.403962270061871	0.18793567423647586	19.264	0.3483	206.67646243728058	7.94667352376287	18.542475086022847	0.36296143781392226	188.788345351705	4.4669305572143	13.3376
30.259447193824556	0.18938402966472903	20.022534795981443	0.3358375070292846	-0.1599155836635359	0.18830993812877872	-11.403962270061871	0.18793567423647586	19.1777	0.2326	207.36183787503342	7.809925531602735	18.51128616759594	0.35314766378468926	188.788345351705	4.4669305572143	13.3376
30.259447193824556	0.18938402966472903	19.886773124539364	0.3357520700429296	-0.1599155836635359	0.18830993812877872	-11.403962270061871	0.18793567423647586	19.1777	0.2326	204.6478039128002	7.605356395127914	18.6366496721246	0.3578778083211522	188.788345351705	4.4669305572143	13.3376
30.259447193824556	0.18938402966472903	19.95464465283448	0.34994063983949064	-0.1599155836635359	0.18830993812877872	-11.403962270061871	0.18793567423647586	19.264	0.3483	205.99569574852933	7.954133827937193	18.573764981598156	0.36694984818775184	188.788345351705	4.4669305572143	13.3376
30.259447193824556	0.18938402966472903	19.85284433855612	0.3160038019342216	-0.1599155836635359	0.18830993812877872	-11.403962270061871	0.18793567423647586	19.264	0.3483	203.98696234362896	7.221424857867649	18.668828841714525	0.3431543713255047	188.7942449874972	4.467070148794213	13.338016799999998
30.259447193824556	0.18938402966472903	20.022534795981443	0.3358375070292846	-0.1599155836635359	0.18830993812877872	-11.403962270061871	0.18793567423647586	19.1777	0.2326	207.35535781759984	7.8096814714298715	18.510707689903207	0.353136627920196	188.7824457159128	4.466790965634389	13.3371832
30.294822310874252	0.28654694933149927	20.022534795981443	0.3358375070292846	-0.1599155836635359	0.18830993812877872	-11.403962270061871	0.18793567423647586	19.1777	0.2326	206.64773702107715	8.88106265034465	18.51128616759594	0.35314766378468926	188.788345351705	4.4669305572143	13.3376
30.259447193824556	0.18938402966472903	19.95464465283448	0.34994063983949064	-0.1599155836635359	0.18830993812877872	-11.403962270061871	0.18793567423647586	19.1777	0.2326	205.99569574852933	7.954133827937193	18.573764981598156	0.36694984818775184	188.788345351705	4.4669305572143	13.3376
30.259447193824556	0.18938402966472903	19.988587397070265	0.34653970537566137	-0.1599155836635359	0.18830993812877872	-11.403962270061871	0.18793567423647586	19.1777	0.2326	206.67646243728058	7.946673523762872	18.542475086022847	0.3629614378139223	188.788345351705	4.4669305572143	13.3376
30.294822310874252	0.28654694933149927	20.022534795981443	0.3358375070292846	-0.1599155836635359	0.18830993812877872	-11.403962270061871	0.18793567423647586	19.1777	0.2326	206.64773702107715	8.88106265034465	18.51128616759594	0.35314766378468926	188.788345351705	4.4669305572143	13.3376
30.259447193824556	0.18938402966472903	19.988587397070265	0.34653970537566114	-0.1599155836635359	0.18830993812877872	-11.403962270061871	0.18793567423647586	19.1777	0.2326	206.6829210767317	7.9469218573104845	18.54305453836928	0.3629727803588538	188.7942449874972	4.467070148794213	13.338016799999998
30.294822310874252	0.28654694933149927	20.05648685053021	0.316115719582981	-0.1599155836635359	0.18830993812877872	-11.403962270061871	0.18793567423647586	19.1777	0.2326	207.33301591889156	8.640134403158	18.480197738298205	0.3363532918890697	188.788345351705	4.4669305572143	13.3376
30.330202386993662	0.3218411478686089	19.988587397070265	0.34653970537566114	-0.1599155836635359	0.18830993812877872	-11.403962270061871	0.18793567423647586	19.1777	0.2326	205.2624247809275	9.386991116796327	18.542475086022847	0.3629614378139222	188.788345351705	4.4669305572143	13.3376
30.259447193824556	0.18938402966472903	20.090443561680196	0.28227441703429634	-0.1599155836635359	0.18830993812877872	-11.403962270061871	0.18793567423647586	19.264	0.3483	208.74660347966022	6.9777738404608	18.449209313249042	0.30914139243744776	188.788345351705	4.4669305572143	13.3376
30.294822310874252	0.28654694933149927	20.05648685053021	0.316115719582981	-0.1599155836635359	0.18830993812877872	-11.403962270061871	0.18793567423647586	19.1777	0.2326	207.32653676214412	8.6398643989579	18.479620232118883	0.3363427808486982	188.7824457159128	4.466790965634389	13.3371832
30.259447193824556	0.18938402966472903	20.05648685053021	0.316115719582981	-0.1599155836635359	0.18830993812877872	-11.403962270061871	0.18793567423647586	19.264	0.3483	208.05186902226734	7.514291636614709	18.480197738298205	0.3363532918890697	188.788345351705	4.4669305572143	13.3376
30.259447193824556	0.18938402966472903	20.022534795981443	0.3358375070292846	-0.1599155836635359	0.18830993812877872	-11.403962270061871	0.18793567423647586	19.1777	0.2326	207.36183787503342	7.809925531602735	18.51128616759594	0.35314766378468926	188.788345351705	4.4669305572143	13.3376
30.259447193824556	0.18938402966472903	20.090443561680196	0.28227441703429634	-0.1599155836635359	0.18830993812877872	-11.403962270061871	0.18793567423647586	19.1777	0.2326	208.74660347966022	6.9777738404608	18.449209313249042	0.30914139243744776	188.788345351705	4.4669305572143	13.3376
30.471772303151617	0.3536897444033764	20.090443561680196	0.28227441703429634	-0.1599155836635359	0.18830993812877872	-11.403962270061871	0.18793567423647586	19.264	0.3483	204.48358371337562	8.913417930140435	18.449785851040083	0.30915105310596147	188.7942449874972	4.467070148794213	13.338016799999998
30.479957862953984	0.4120109208459014	20.265562803018067	0.35320853934106067	-0.03474194634479713	0.3336088334910684	-11.287199418472873	0.3232958343447645	19.1777	0.2326	207.81896103750086	11.041345601699868	18.403818029019455	0.44046196413237737	188.64723321464885	7.788322448700291	13.3376
30.40097742063787	0.3536410504580638	20.05648685053021	0.316115719582981	-0.1599155836635359	0.18830993812877872	-11.433736843259416	0.2696697267739531	19.1777	0.2326	205.2053655611164	9.409408274250689	18.480197738298205	0.3363532918890697	188.28974844493453	5.493306418433	13.3376
30.330202386993662	0.3218411478686089	20.05648685053021	0.316115719582981	-0.1599155836635359	0.18830993812877872	-11.403962270061871	0.18793567423647586	19.1777	0.2326	206.612556642081	9.072416575533012	18.479620232118883	0.3363427808486982	188.7824457159128	4.466790965634389	13.3371832
30.365587423231485	0.342437475372502	20.124404930394565	0.18900724312515363	-0.1599155836635359	0.18830993812877872	-11.403962270061871	0.18793567423647586	19.264	0.3483	207.27537766924806	7.916352146160921	18.41832041068307	0.24226009586920866	188.788345351705	4.4669305572143	13.3376
30.330202386993662	0.3218411478686089	20.05648685053021	0.316115719582981	-0.1599155836635359	0.18830993812877872	-11.403962270061871	0.18793567423647586	19.264	0.3483	206.62547033042387	9.072983619289097	18.480775244477524	0.33636380292944124	188.7942449874972	4.467070148794213	13.338016799999998
30.40097742063787	0.3536410504580638	20.090443561680196	0.28227441703429634	-0.1599155836635359	0.18830993812877872	-11.403962270061871	0.18793567423647586	19.264	0.3483	205.88118889093673	9.035199661332044	18.449209313249042	0.30914139243744776	188.788345351705	4.4669305572143	13.3376
30.40097742063787	0.3536410504580638	20.090443561680196	0.2822744170342964	-0.1599155836635359	0.18830993812877872	-11.403962270061871	0.18793567423647586	19.264	0.3483	205.88762267808954	9.03548201132146	18.449785851040083	0.3091510531059615	188.7942449874972	4.467070148794213	13.338016799999998
30.436372380261517	0.35723613685217054	20.124404930394565	0.18900724312515363	-0.1599155836635359	0.18830993812877872	-11.403962270061871	0.18793567423647586	19.1777	0.2326	205.85256686490527	8.067944165834191	18.41832041068307	0.24226009586920866	188.788345351705	4.4669305572143	13.3376
30.436372380261517	0.35723613685217054	20.124404930394565	0.18900724312515363	-0.1599155836635359	0.18830993812877872	-11.403962270061871	0.18793567423647586	19.1777	0.2326	205.85256686490527	8.067944165834191	18.41832041068307	0.24226009586920866	188.788345351705	4.4669305572143	13.3376
30.471772303151617	0.3536897444033764	20.124404930394565	0.18900724312515363	-0.1599155836635359	0.18830993812877872	-11.403962270061871	0.18793567423647586	19.1777	0.2326	205.14831381857655	7.950754541722865	18.41832041068307	0.24226009586920866	188.788345351705	4.4669305572143	13.3376
30.436372380261517	0.35723613685217054	20.124404930394565	0.18900724312515363	-0.1599155836635359	0.18830993812877872	-11.403962270061871	0.18793567423647586	19.1777	0.2326	205.85256686490527	8.067944165834191	18.41832041068307	0.24226009586920866	188.788345351705	4.4669305572143	13.3376
