23.955681	0.109162	23.528883	0.109127	23.091581	0.109126	22.177972	0.237226	19.1777	0.2326	4971.116374977463	1797.8272590161696	892.7135825295496	315.04681901029335	2322.285014578817	663.7403159638625
23.955681	0.109162	23.528883	0.109127	23.091581	0.109126	21.767543	0.1091	19.1777	0.2326	4971.271727218938	1797.8834428737596	892.7414807008216	315.05666453106	1602.466593809493	186.75797706619767
24.266137	0.203955	23.528883	0.109127	23.091581	0.109126	20.744434	0.109064	19.1777	0.2326	2877.879850206967	902.9397474237953	892.7414807008216	315.05666453106	903.9596258449733	59.41928816725142
24.300656	0.109174	23.528883	0.109127	23.05723	0.203449	19.725536	0.109028	19.1777	0.2326	2749.1612917739867	549.8587815907239	827.7222792681238	405.1596439067699	636.8311222163542	44.11996748545847
24.335179	0.203984	23.528883	0.109127	22.748285	0.109114	18.710825	0.108992	19.1777	0.2326	2631.4485442058412	755.0067638612644	500.1263182699509	98.87183757085636	525.5101215392447	20.07357797720265
24.646108	0.109186	23.528883	0.109127	22.748285	0.109114	17.700273	0.108956	19.0914	0.3478	1899.1043430470188	262.40530484170023	500.1263182699509	98.87183757085636	420.30926532854113	12.838954949083883
24.819014	0.27321	23.528883	0.109127	22.405462	0.109102	16.693855	0.108921	18.8325	0.4818	1644.5827827489022	375.02584947612144	347.5078745075918	47.73297127550684	371.47625140093294	10.026727990318426
24.992039	0.109198	23.528883	0.109127	22.063112	0.109089	15.691546	0.108886	19.0051	0.4158	1450.1026103820418	153.0018540931685	266.34272578875937	28.03798932589992	332.99924730931326	8.055441279926526
25.130546	0.269932	23.528883	0.109127	21.721232	0.109077	14.892641	0.263051	19.0914	0.3478	1324.702272290525	240.80925715142806	215.96955130991577	18.43428470916808	310.7121691599344	12.957479783069205
25.33845	0.10921	23.219374	0.203508	21.379823	0.109065	14.030094	0.108827	18.9188	0.4582	1001.2505893466631	109.12703275968433	212.22436512737892	26.637326104008896	288.68091505537546	6.051660650254103
25.33845	0.10921	23.185008	0.109115	20.766468	0.236433	13.038619	0.108792	18.5736	0.4574	985.3026978476898	70.63586364901194	161.4237495019974	17.379994119292387	274.5644804865778	9.246899019714375
25.685342	0.109223	23.185008	0.109115	20.358406	0.10903	12.379869	0.108769	18.5736	0.4574	848.5770788338876	52.397000289761785	138.1155425188712	7.53714428647286	265.929259712951	5.13314240334377
25.685342	0.109223	22.875925	0.203365	20.018868	0.109018	11.657298	0.231473	18.3147	0.2287	755.219495932788	62.053708114917804	136.64325694633806	11.035639566826946	253.74737054104685	7.764552134371875
25.997957	0.204678	22.841607	0.109103	19.578164	0.255473	10.740758	0.108711	18.3147	0.2287	672.2087938972785	49.39647893561958	119.62754271690905	10.183084919800896	240.0847619259036	7.542652240325667
26.032716	0.109235	22.841607	0.109103	19.003041	0.108982	10.0882	0.108689	18.3147	0.2287	664.8867781883314	32.16766990450772	101.70405859804485	4.08582114913312	237.99935158495128	4.109101542955343
26.032716	0.109235	22.601507	0.257369	18.665359	0.10897	9.437396	0.108666	18.3147	0.2287	618.3418806139491	50.38540887613989	99.17956125062331	7.042281428006103	229.91639879799408	3.834241735117833
26.380572	0.109247	22.498678	0.109091	18.328138	0.108958	8.788337	0.108643	18.3147	0.2287	546.569882874978	21.737823677752175	93.60841097469391	3.4606785997931975	222.40782283885002	3.5872115649459855
26.380572	0.109247	22.498678	0.109091	17.991377	0.108946	8.238004	0.248431	18.3147	0.2287	546.569882874978	21.737823677752175	86.61451151330974	2.962710889193455	217.53770259624724	6.050360797233336
26.380572	0.109247	22.293148	0.267991	17.319235	0.108923	7.624408	0.258243	18.3147	0.2287	519.0863875340632	36.75304777409079	78.48903501622439	4.564893046667029	218.8514083025643	6.326921501583425
26.554682	0.274416	22.156222	0.109079	16.98385	0.108911	7.173282	0.108586	18.3147	0.2287	482.3793810262208	32.385577632080654	75.47749408348581	2.2493052664016093	216.2694734025878	3.3903127132107596
26.728912	0.109259	22.156222	0.109079	16.648923	0.108899	6.530279	0.108564	18.3147	0.2287	463.9995523143086	15.666079431755357	70.88731464348902	1.9839333194500783	209.68485879127707	3.186507143139005
26.728912	0.109259	21.848414	0.202939	16.314451	0.108887	6.113247	0.247127	18.3147	0.2287	434.73558990936755	20.53043277863621	70.54576484041964	2.935889596154237	207.98783310594612	5.505982980333546
26.728912	0.109259	21.814237	0.109067	15.980434	0.108876	5.568987	0.10853	18.3147	0.2287	431.72586781966004	13.561379921419887	66.92202215474013	1.767843539564032	203.7942047966911	3.0090995455473974
26.763773	0.204998	21.814237	0.109067	15.580213	0.233592	4.930257	0.108507	18.3147	0.2287	428.67173202465005	20.11105441658997	62.62370794563482	2.589724687836021	199.22394717136922	4.818135806504581
27.042833	0.205115	21.540987	0.23685	15.247194	0.233411	4.611529	0.108496	18.3147	0.2287	385.63898524602257	21.96150656967042	62.028997197937215	3.277311475988312	199.49164524046165	4.827919675338428
27.077737	0.109272	21.472721	0.109055	14.947863	0.200107	4.038885	0.227384	18.3147	0.2287	378.54064610214635	10.426222780999668	59.83235935538198	2.0897683390166946	194.493592965474	5.400275292612106
27.077737	0.109272	21.472721	0.109055	14.549324	0.252327	3.657883	0.108463	18.3147	0.2287	378.552475497337	10.426548600461576	56.38992321997513	2.2388919942802628	194.81284351415434	4.912616273656013
27.077737	0.109272	21.131675	0.109043	14.217703	0.25212	3.340843	0.108452	18.3147	0.2287	356.8288329299142	9.263988894870272	56.46502798166498	2.243344368322199	195.067922785643	4.9221649207813405
27.077737	0.109272	21.131675	0.109043	13.952729	0.199701	2.739626	0.195184	18.3147	0.2287	356.8288329299142	9.263988894870272	54.38091500038888	1.7235652872853444	189.21847861015075	4.712172429169681
27.18248	0.260298	21.063522	0.236587	13.621916	0.199566	2.392244	0.108418	18.3147	0.2287	346.74639729519583	19.932853187729673	52.46147580582061	2.1820072295642436	188.93929342960575	3.821205333772691
27.322204	0.260388	20.791098	0.109031	13.324567	0.108782	2.07688	0.108407	18.3147	0.2287	324.8647665677963	14.041585052242674	52.28635060041533	1.0785455086797184	188.63669002840547	2.5756547476416913
27.392095	0.205262	20.791098	0.109031	12.994603	0.108771	1.761933	0.108396	18.3147	0.2287	321.41505434541693	11.317075183984125	50.07191803109122	0.9891012981399234	188.88297871857367	2.5821964946744327
27.427048	0.109284	20.654997	0.266887	12.665084	0.108759	1.415972	0.194657	18.3147	0.2287	313.3063156017199	13.342467296925381	48.86131554994224	1.7624277552832706	188.61278169783685	3.738670757588689
27.427048	0.109284	20.450987	0.109019	12.336011	0.108748	1.101898	0.194532	18.3147	0.2287	304.14387428587577	6.7299729375201816	48.10829502832219	0.9128696747028888	188.8646064469135	3.746733446382501
27.427048	0.109284	20.450987	0.109019	12.040224	0.198922	0.506297	0.108352	18.3147	0.2287	304.14387428587577	6.7299729375201816	46.41644063593898	1.25184592467974	183.95523895959428	3.61274349544238
27.427048	0.109284	20.213187	0.255863	11.908879	0.250688	0.224691	0.194183	18.3147	0.2287	294.1179779069825	11.343540439373959	47.01146247458686	2.0278257840965876	181.58953879078777	4.928180410711156
27.427048	0.109284	20.111342	0.109007	11.679195	0.108725	-0.119042	0.10833	18.3147	0.2287	290.01439723091994	6.119052103250501	46.29727574436739	0.8453246965864513	179.82857177249636	2.3393591234913917
27.427048	0.109284	20.111342	0.109007	11.351451	0.108713	-0.368717	0.225049	18.2284	0.3452	290.032523697199	6.119434555958602	44.56788529751872	0.7832613368649615	181.03774770659703	3.860607115657629
27.427048	0.109284	19.873868	0.255649	11.024147	0.108702	-0.586967	0.256043	17.7969	0.4796	280.8962567542754	10.339617311830127	44.112742725862105	1.3847325074622923	182.7266579094248	4.377492048682314
27.427048	0.109284	19.772163	0.108995	10.827977	0.260344	-0.805016	0.224819	17.7969	0.4796	277.1815124519501	5.588853679033725	43.64956661972585	1.3773867807219953	182.39439428665142	5.3932877763150495
27.427048	0.109284	19.772163	0.108995	10.697284	0.10869	-1.05397	0.108298	17.9695	0.48	277.1728508003626	5.58867903281395	43.01960059906985	0.7296917547855171	180.55318722435783	2.357446114581907
27.427048	0.109284	19.535014	0.255436	10.370861	0.108679	-1.364794	0.108287	17.6242	0.4124	268.83563217094047	9.464118891975131	42.59918601613621	1.290386442459496	180.78752982841812	2.363400170359877
27.427048	0.109284	19.433448	0.108983	10.338243	0.198232	-1.675211	0.108276	17.5379	0.3432	265.42813105227185	5.124813338079196	42.9234569884675	1.0675879575517329	176.6125291389617	3.3206432937241677
27.427048	0.109284	19.433448	0.108983	10.044876	0.108667	-1.98522	0.108265	17.4516	0.2249	265.42813105227185	5.124813338079196	41.58221861762267	0.6816362028735574	176.36819642825532	2.248852421532682
27.427048	0.109284	19.399602	0.201928	9.719329	0.108656	-2.10911	0.251919	17.4516	0.2249	264.30901049639266	7.559845967902021	40.32919760237266	0.95531291152832	179.3750103391652	4.160475129159611
27.427048	0.109284	19.095196	0.108971	9.719329	0.108656	-2.325762	0.193174	17.4516	0.2249	254.65243522297905	4.716895104498217	41.63856287335625	0.6834115470506135	176.1486460889032	3.2412232939553154
27.427048	0.109284	19.095196	0.108971	9.394218	0.108644	-2.604022	0.108243	17.4516	0.2249	254.65243522297905	4.716895104498217	40.24312275035001	0.6383391488394783	176.83646724297822	2.260346435237662
27.427048	0.109284	19.095196	0.108971	9.231827	0.262567	-2.912815	0.108233	17.4516	0.2249	254.64447733437834	4.7167477015262005	39.5793181074339	1.1407539700748675	174.69927131089534	4.08529954680781
27.427048	0.109284	18.791165	0.201677	9.069544	0.108633	-2.943672	0.192931	17.4516	0.2249	245.68725289683093	6.525852507829855	40.15766798370868	0.9462477924779322	176.61601753376738	3.2551598728736764
27.427048	0.109284	18.757407	0.108959	8.777708	0.197601	-3.221205	0.108222	17.4516	0.2249	244.73823524080342	4.3563930875356	39.120404889932416	0.8845520628745983	176.83206777267293	3.3202625420959047
27.427048	0.109284	18.757407	0.108959	8.745304	0.108622	-3.529192	0.108211	17.4516	0.2249	244.73058740994688	4.356256954505772	38.992572240637756	0.5991876595885353	172.85649859218697	2.159197626892538
27.427048	0.109284	18.689905	0.235283	8.45386	0.197471	-3.559968	0.192688	17.4516	0.2249	242.8398190190601	7.210442536954424	38.139501066889636	1.144512433641689	176.6070220268627	4.055883555435533
27.427048	0.109284	18.420079	0.108947	8.421499	0.10861	-3.836776	0.1082	17.4516	0.2249	235.5649688274737	4.035848579166066	39.04530682928155	0.6007454233836198	173.08523256800444	2.164694958187642
27.427048	0.109284	18.420079	0.108947	8.130444	0.19734	-4.021134	0.250692	17.4516	0.2249	235.5649688274737	4.035848579166066	37.940864144138914	0.831177306996854	174.60500042427245	4.584327324435226
27.427048	0.109284	18.420079	0.108947	8.098126	0.108599	-4.14396	0.108189	17.4516	0.2249	235.55760742219778	4.0357224588979665	37.82089038862699	0.5636470923719045	173.3087055477844	2.170135062556598
27.427048	0.109284	18.352669	0.235099	8.001199	0.248279	-4.450742	0.108179	17.4516	0.2249	233.81504184636864	6.680155045402929	37.71422332654207	1.2457636835753774	170.3932203431436	3.705955018039856
27.427048	0.109284	18.083212	0.108936	7.775186	0.108588	-4.450742	0.108179	17.4516	0.2249	227.07229516749928	3.749887614633102	37.87317489637487	0.5651287763914276	173.54316575527514	2.175721410844301
27.427048	0.109284	18.083212	0.108936	7.775186	0.108588	-4.757125	0.108168	17.4516	0.2249	227.07229516749928	3.749887614633102	37.87317489637487	0.5651287763914276	169.30048091368576	2.070537987486033
27.427048	0.109284	18.083212	0.108936	7.452678	0.108576	-4.757125	0.108168	17.4516	0.2249	227.07229516749928	3.749887614633102	36.72418119542949	0.5313316803213578	173.77236501648372	2.181250560868884
27.427048	0.109284	18.015894	0.234914	7.452678	0.108576	-5.063109	0.108157	17.4516	0.2249	225.4480394945748	6.206611178917146	36.95822067969352	0.9054544148752725	169.52400796435217	2.0757982812818723
27.427048	0.109284	17.746804	0.108924	7.1306	0.108565	-5.063109	0.108157	17.4516	0.2249	219.1810786504621	3.493595414187767	36.773752698093226	0.5327104996963447	174.00171942260278	2.1867903458202176
27.427048	0.109284	17.746804	0.108924	7.1306	0.108565	-5.368695	0.108147	17.4516	0.2249	219.17422924175423	3.4934862393310735	36.772603518321404	0.5326938524932291	169.74238151576935	2.0810036529866567
27.287266	0.271402	17.746804	0.108924	7.1306	0.108565	-5.368695	0.108147	17.4516	0.2249	222.3924249487093	6.816994446873362	36.773752698093226	0.5327104996963447	169.74768613096097	2.081068686383107
27.392095	0.205262	17.746804	0.108924	6.808952	0.108554	-5.429764	0.222394	17.4516	0.2249	219.9753554996706	5.299593675572242	35.692351726296785	0.5018145133779773	173.36184076349616	3.505469707003657
27.287266	0.271402	17.645971	0.254251	6.808952	0.108554	-5.673883	0.108136	17.4516	0.2249	220.06654733041455	8.488561049408101	36.024450711081194	0.9189946044644458	169.9715154372421	2.0863492164192525
27.252332	0.274902	17.410855	0.108912	6.776811	0.196796	-5.673883	0.108136	17.4516	0.2249	215.59696948600956	6.477678727708574	36.713207481322875	0.7765293210638371	170.41561852594242	3.07344611303321
27.18248	0.260298	17.410855	0.108912	6.487733	0.108543	-5.978674	0.108125	17.4516	0.2249	217.1245932496857	6.269678277159461	35.739367142452956	0.5030998128203371	170.19017729773086	2.091574521286018
27.112647	0.205145	17.410855	0.108912	6.487733	0.108543	-5.978674	0.108125	17.4516	0.2249	218.6942789821196	5.235589704545751	35.740484032578976	0.5031155351808116	170.195495906978	2.091639885032426
27.077737	0.109272	17.410855	0.108912	6.423541	0.228652	-6.039585	0.222076	17.4516	0.2249	219.49089026906267	3.502982081073161	35.53278373362837	0.8190557203772851	170.2456301523244	4.354060974379948
27.077737	0.109272	17.34372	0.234547	6.166942	0.108531	-6.28307	0.108115	17.4516	0.2249	217.97026380673364	5.794134961066825	34.92935641152652	0.8076697188220288	170.4196275639617	2.096940705876314
27.077737	0.109272	17.142425	0.234437	6.166942	0.108531	-6.28307	0.108115	17.4516	0.2249	213.55406483804416	5.559586500277562	35.56997548708166	0.8372440326803013	170.4196275639617	2.096940705876314
27.077737	0.109272	17.075363	0.1089	6.166942	0.108531	-6.556688	0.191512	17.4516	0.2249	212.1222736149513	3.271656026397676	35.78864922572328	0.5044190993985851	166.75480083657044	2.884969896788061
27.077737	0.109272	17.075363	0.1089	5.846578	0.10852	-6.58707	0.108104	17.4516	0.2249	212.1222736149513	3.271656026397676	34.76757792421258	0.4760224206572285	170.64391043204677	2.102251692617425
27.077737	0.109272	17.075363	0.1089	5.846578	0.10852	-6.58707	0.108104	17.4516	0.2249	212.1222736149513	3.271656026397676	34.76757792421258	0.4760224206572285	170.64391043204677	2.102251692617425
27.077737	0.109272	17.075363	0.1089	5.846578	0.10852	-6.647823	0.22176	17.4516	0.2249	212.1222736149513	3.271656026397676	34.76757792421258	0.4760224206572285	169.81417205311814	3.355515592545958
27.077737	0.109272	17.00832	0.234364	5.782557	0.228309	-6.890676	0.108093	17.4516	0.2249	210.7099359255923	5.411097883537025	34.776937143181414	1.0136117691727589	167.41792773084336	3.3370012031155705
27.077737	0.109272	16.740328	0.108888	5.526641	0.108509	-6.890676	0.108093	17.4516	0.2249	205.2538148733015	3.062955103433374	34.81547473216154	0.4772695622389132	170.87368417083977	2.1076387205850997
27.077737	0.109272	16.740328	0.108888	5.526641	0.108509	-6.981681	0.239221	17.4516	0.2249	205.2474008920236	3.062859389077465	34.81438678257459	0.47725464803116224	169.62518185385278	3.56219831208481
27.077737	0.109272	16.740328	0.108888	5.526641	0.108509	-7.193889	0.108083	17.4516	0.2249	205.2474008920236	3.062859389077465	34.81438678257459	0.47725464803116224	166.79544705184068	2.0081980659627225
27.007934	0.239896	16.740328	0.108888	5.398785	0.25678	-7.193889	0.108083	17.4516	0.2249	206.64276584898343	5.302143779052584	34.421916159299464	0.8465100459856965	168.48895332501462	3.7276421261695107
27.077737	0.109272	16.740328	0.108888	5.207129	0.108498	-7.193889	0.108083	17.4516	0.2249	205.2474008920236	3.062859389077465	33.849900144451276	0.45115433944795974	171.0929298969492	2.112904218514353
26.973039	0.260165	16.70685	0.200821	5.207129	0.108498	-7.224188	0.191252	17.4516	0.2249	206.67127227361874	6.616253131831729	33.948445219698755	0.6738366932676901	170.67591436110604	3.0188982655630783
26.903264	0.274658	16.472628	0.234071	5.207129	0.108498	-7.496708	0.108072	17.4516	0.2249	203.4065910937381	7.037269680654443	34.653185421397914	0.7936026998595317	167.00939159431996	2.0132136103386147
26.763773	0.204998	16.405749	0.108877	5.207129	0.108498	-7.496708	0.108072	17.4516	0.2249	204.83891199878636	4.590323692106915	34.86122755208178	0.47848927908565697	167.01461080090752	2.013276525230028
26.763773	0.204998	16.405749	0.108877	4.888041	0.108487	-7.496708	0.108072	17.4516	0.2249	204.83891199878636	4.590323692106915	33.89542944700939	0.45232111274418757	171.31766654160512	2.118245785063123
26.728912	0.109259	16.405749	0.108877	4.888041	0.108487	-7.496708	0.108072	17.4516	0.2249	205.53706286591995	3.0710760800796773	33.89648867917962	0.45233524777896084	171.32302021868455	2.118311980243906
26.728912	0.109259	16.405749	0.108877	4.888041	0.108487	-7.708449	0.238788	17.4516	0.2249	205.53064003341893	3.0709801119511795	33.89542944700939	0.45232111274418757	168.43790575957567	3.507118353050799
26.728912	0.109259	16.405749	0.108877	4.888041	0.108487	-7.799136	0.108062	17.4516	0.2249	205.53064003341893	3.0709801119511795	33.89542944700939	0.45232111274418757	167.23392199959977	2.0183647011104426
26.728912	0.109259	16.405749	0.108877	4.888041	0.108487	-7.799136	0.108062	17.4516	0.2249	205.53064003341893	3.0709801119511795	33.89542944700939	0.45232111274418757	167.23392199959977	2.0183647011104426
26.728912	0.109259	16.23863	0.267298	4.856156	0.196026	-7.799136	0.108062	17.4516	0.2249	202.2563650715511	5.56750333434218	34.29813618571743	0.9988062874614924	167.65527337869676	2.9653663586724623
26.765563	0.210356	16.106059	0.203695	4.601557	0.196923	-7.769296	0.189892	17.4516	0.2249	199.04549479489185	5.467773222515474	33.93433988061633	0.8356976770007296	171.51010088254304	3.7927144354467113
26.728912	0.109259	16.071625	0.108865	4.569378	0.108475	-8.040796	0.221036	17.4516	0.2249	199.08690001549624	2.8812830611537334	33.94098973755785	0.45349015937201337	168.25512732565744	3.2852513991857974
26.728912	0.109259	16.071625	0.108865	4.569378	0.108475	-8.101172	0.108051	17.4516	0.2249	199.08690001549624	2.8812830611537334	33.94098973755785	0.45349015937201337	167.45338067076403	2.0234626066356354
26.728912	0.109259	16.071625	0.108865	4.569378	0.108475	-8.101172	0.108051	17.4516	0.2249	199.08690001549624	2.8812830611537334	33.94098973755785	0.45349015937201337	167.45338067076403	2.0234626066356354
26.728912	0.109259	16.071625	0.108865	4.569378	0.108475	-8.101172	0.108051	17.4516	0.2249	199.08690001549624	2.8812830611537334	33.94098973755785	0.45349015937201337	167.45338067076403	2.0234626066356354
26.728912	0.109259	16.071625	0.108865	4.410204	0.259346	-8.101172	0.108051	17.4516	0.2249	199.08690001549624	2.8812830611537334	33.47771033576343	0.8074669515077573	169.58376896609258	3.8081539431636853
26.728912	0.109259	16.071625	0.108865	4.251137	0.108464	-8.191707	0.238501	17.4516	0.2249	199.08690001549624	2.8812830611537334	33.027202863435534	0.42937843602489467	170.51780481410592	3.5905576689248697
26.728912	0.109259	16.071625	0.108865	4.251137	0.108464	-8.312365	0.23843	17.1927	0.4544	199.08690001549624	2.8812830611537334	33.027202863435534	0.42937843602489467	168.88017311220065	3.5210457439452023
26.728912	0.109259	16.038237	0.200547	4.251137	0.108464	-8.402818	0.10804	17.3653	0.3427	198.4651427481186	4.239691589834412	33.12075379758042	0.6406582005529903	167.67298683722265	2.02857025484743
26.659206	0.239701	15.737954	0.108853	4.251137	0.108464	-8.402818	0.10804	17.1927	0.4544	194.2750240775181	4.683053214669237	33.986581019790016	0.4546614823927902	167.67298683722265	2.02857025484743
26.659206	0.239701	15.737954	0.108853	4.251137	0.108464	-8.402818	0.10804	17.279	0.4116	194.2750240775181	4.683053214669236	33.986581019790016	0.4546614823927902	167.67298683722265	2.02857025484743
26.554682	0.274416	15.737954	0.108853	4.251137	0.108464	-8.402818	0.10804	17.1927	0.4544	196.152336137502	5.353512323865733	33.986581019790016	0.4546614823927902	167.67298683722265	2.02857025484743
26.62436	0.259942	15.737954	0.108853	4.060395	0.255908	-8.402818	0.10804	17.1927	0.4544	194.89687601910603	5.045244078282592	33.4314425766339	0.7961571365500861	170.23911885243822	3.794281709451437
26.415384	0.204853	15.737954	0.108853	3.933318	0.108453	-8.402818	0.10804	17.0201	0.4858	198.71133174226281	4.317198696670911	33.07155316599437	0.430487157421261	171.9927844119424	2.1343318637197184
26.380572	0.109247	15.737954	0.108853	3.933318	0.108453	-8.613738	0.238251	17.1064	0.4782	199.36132078867783	2.888913822649331	33.07155316599437	0.430487157421261	169.1015297498121	3.528026002896169
26.380572	0.109247	15.737954	0.108853	3.933318	0.108453	-8.704074	0.10803	16.9338	0.4779	199.36132078867783	2.888913822649331	33.07155316599437	0.430487157421261	167.89274052187872	2.033687658800348
26.380572	0.109247	15.737954	0.108853	3.933318	0.108453	-8.704074	0.10803	16.7612	0.4104	199.36132078867783	2.888913822649331	33.07155316599437	0.430487157421261	167.89274052187872	2.033687658800348
26.380572	0.109247	15.737954	0.108853	3.933318	0.108453	-8.704074	0.10803	16.8475	0.4537	199.36132078867783	2.888913822649331	33.07155316599437	0.430487157421261	167.89274052187872	2.033687658800348
26.380572	0.109247	15.737954	0.108853	3.933318	0.108453	-8.704074	0.10803	16.7612	0.4104	199.36132078867783	2.888913822649331	33.07155316599437	0.430487157421261	167.89274052187872	2.033687658800348
26.380572	0.109247	15.737954	0.108853	3.933318	0.108453	-8.704074	0.10803	17.0201	0.4858	199.36132078867783	2.888913822649331	33.07155316599437	0.430487157421261	167.89274052187872	2.033687658800348
26.380572	0.109247	15.537969	0.26346	3.869805	0.22729	-8.704074	0.10803	16.8475	0.4537	195.68423027432348	5.147431367329513	33.45836023941514	0.9977552287236153	168.74080017552774	3.3772270723473583
26.380572	0.109247	15.404737	0.108842	3.838055	0.245734	-8.704074	0.10803	16.8475	0.4537	193.30887231754858	2.7160210131602396	33.75191337327253	0.784246832134789	169.1679657310403	3.6205975998894635
26.380572	0.109247	15.404737	0.108842	3.647641	0.195543	-8.734178	0.190663	16.6749	0.3408	193.30887231754858	2.7160210131602396	33.20528086261413	0.6320536106132255	171.35820537096862	3.7797106787126373
26.380572	0.109247	15.404737	0.108842	3.615921	0.108442	-8.854556	0.250647	16.6749	0.3408	193.30887231754858	2.7160210131602396	33.11593358880152	0.4315980352379328	170.13995862944213	3.726022293362407
26.380572	0.109247	15.404737	0.108842	3.615921	0.108442	-9.004941	0.108019	16.5886	0.2213	193.30887231754858	2.7160210131602396	33.11593358880152	0.4315980352379328	168.1126417476191	2.038814831559272
26.380572	0.109247	15.404737	0.108842	3.615921	0.108442	-9.004941	0.108019	16.5886	0.2213	193.30887231754858	2.7160210131602396	33.11593358880152	0.4315980352379328	168.1126417476191	2.038814831559272
26.380572	0.109247	15.404737	0.108842	3.615921	0.108442	-9.004941	0.108019	16.5886	0.2213	193.30887231754858	2.7160210131602396	33.11593358880152	0.4315980352379328	168.1126417476191	2.038814831559272
26.380572	0.109247	15.404737	0.108842	3.615921	0.108442	-9.004941	0.108019	16.5886	0.2213	193.30887231754858	2.7160210131602396	33.11593358880152	0.4315980352379328	168.1126417476191	2.038814831559272
26.380572	0.109247	15.404737	0.108842	3.615921	0.108442	-9.004941	0.108019	16.5886	0.2213	193.30887231754858	2.7160210131602396	33.11593358880152	0.4315980352379328	168.1126417476191	2.038814831559272
26.380572	0.109247	15.404737	0.108842	3.615921	0.108442	-9.004941	0.108019	16.5886	0.2213	193.31491321980846	2.7161058888169007	33.11696846172617	0.43161152267653397	168.1178952676737	2.038878544522758
26.380572	0.109247	15.404737	0.108842	3.615921	0.108442	-9.004941	0.108019	16.5886	0.2213	193.30887231754858	2.7160210131602396	33.11593358880152	0.4315980352379328	168.1126417476191	2.038814831559272
26.345765	0.204823	15.404737	0.108842	3.615921	0.108442	-9.004941	0.108019	16.6749	0.3408	193.92991835657443	4.111254804913094	33.11696846172617	0.43161152267653397	168.1178952676737	2.038878544522758
26.310962	0.239507	15.404737	0.108842	3.425684	0.255495	-9.004941	0.108019	16.6749	0.3408	194.5426833491362	4.69272868755275	32.59002690374084	0.7555396284064753	170.68541539473642	3.808867837315014
26.345765	0.204823	15.205023	0.263238	3.362305	0.227021	-9.155229	0.250453	16.6749	0.3408	190.44750043510138	5.701713211295161	32.96520734394739	0.9676019992481248	169.50034636616726	4.57729152555434
26.1718	0.270641	15.138488	0.233345	3.298944	0.108431	-9.275389	0.190452	16.5886	0.2213	192.3018541669575	6.228258332164606	32.97404257622518	0.7166207266862509	168.73470809600195	2.940851218113966
26.206584	0.274173	15.138488	0.233345	3.298944	0.108431	-9.30542	0.108009	16.5886	0.2213	191.69751553334817	6.2356413654377585	32.97404257622518	0.7166207266862509	168.33269053740742	2.0439517862017054
26.102248	0.239391	15.071971	0.10883	3.298944	0.108431	-9.30542	0.108009	16.5886	0.2213	192.34875480265092	4.585696337852699	33.15930787460367	0.43269755015003464	168.3274301408281	2.0438879127083864
26.06748	0.204707	15.071971	0.10883	3.298944	0.108431	-9.30542	0.108009	16.5886	0.2213	192.95697781746054	4.068460669709805	33.15930787460367	0.43269755015003464	168.3274301408281	2.0438879127083864
26.032716	0.109235	15.071971	0.10883	3.298944	0.108431	-9.30542	0.108009	16.5886	0.2213	193.57502347838883	2.723206117305094	33.1603441353579	0.4327110723710462	168.33269053740742	2.0439517862017054
26.032716	0.109235	15.071971	0.10883	3.298944	0.108431	-9.30542	0.108009	16.5886	0.2213	193.57502347838883	2.723206117305094	33.1603441353579	0.4327110723710462	168.33269053740742	2.0439517862017054
26.032716	0.109235	15.071971	0.10883	3.298944	0.108431	-9.30542	0.108009	16.5886	0.2213	193.56897425890511	2.7231210171139275	33.15930787460367	0.43269755015003464	168.3274301408281	2.0438879127083864
26.032716	0.109235	15.071971	0.10883	3.298944	0.108431	-9.30542	0.108009	16.5886	0.2213	193.58107269787254	2.723291217496259	33.16138039611213	0.4327245945920577	168.3379509339867	2.044015659695024
26.032716	0.109235	15.071971	0.10883	3.298944	0.108431	-9.30542	0.108009	16.5886	0.2213	193.57502347838883	2.723206117305094	33.1603441353579	0.4327110723710462	168.33269053740742	2.0439517862017054
26.032716	0.109235	15.071971	0.10883	3.298944	0.108431	-9.30542	0.108009	16.5886	0.2213	193.56897425890511	2.7231210171139275	33.15930787460367	0.43269755015003464	168.3274301408281	2.0438879127083864
26.032716	0.109235	15.071971	0.10883	3.235598	0.226953	-9.30542	0.108009	16.5886	0.2213	193.57502347838883	2.723206117305094	32.98287900679956	0.7013735977541949	169.18294379176118	3.390722451155222
26.032716	0.109235	15.071971	0.10883	3.108959	0.255289	-9.30542	0.108009	16.5886	0.2213	193.56897425890511	2.7231210171139275	32.632704332860925	0.7570144839855998	170.90344754117112	3.81605862106458
26.032716	0.109235	15.071971	0.10883	3.045664	0.226853	-9.365469	0.22035	16.5886	0.2213	193.57502347838883	2.723206117305094	32.46197208206056	0.6791492474777456	170.95348103504327	4.3561355047503385
26.069222	0.209923	15.106204	0.203091	3.0459	0.235023	-9.275864	0.189039	16.5886	0.2213	193.5348775784002	5.156304828503936	32.370463844025096	0.8337066210906113	172.19339703450362	4.2149838905226105
26.032716	0.109235	15.03872	0.200138	2.982386	0.10842	-9.365469	0.22035	16.5886	0.2213	192.98954918687997	4.002470447582711	32.38112563501526	0.6113422193410518	171.8295515239322	3.417407095313139
26.032716	0.109235	14.97223	0.252582	2.982386	0.10842	-9.485521	0.247213	16.5886	0.2213	191.82340142977066	4.772672544100751	32.55967826294326	0.7464343176504891	170.1697073515742	3.684344138443475
26.032716	0.109235	15.005472	0.233272	2.982386	0.10842	-9.485521	0.247213	16.5886	0.2213	192.41369722652456	4.494526545631237	32.47168324332233	0.6947401598288431	170.1803432906568	3.6845744171483377
26.032716	0.109235	14.905758	0.266391	2.982386	0.10842	-9.515524	0.237716	16.5886	0.2213	190.68937603561528	4.934218069090965	32.74324233310343	0.7898155986972342	169.77179698965202	3.549144108128977
26.032716	0.109235	14.806084	0.233164	2.982386	0.10842	-9.605511	0.107998	16.5886	0.2213	188.99046230061913	4.334508011032419	33.01823671258964	0.7180722848417183	168.5528869142056	2.0490985358158853
26.032716	0.109235	14.772868	0.20003	2.982386	0.10842	-9.605511	0.107998	16.5886	0.2213	188.4388438775445	3.81422505924613	33.11228906030955	0.6389740129231175	168.5581541919217	2.0491625701451293
26.032716	0.109235	14.806084	0.233164	2.982386	0.10842	-9.605511	0.107998	16.5886	0.2213	188.99046230061913	4.334508011032419	33.01823671258964	0.7180722848417183	168.5528869142056	2.0490985358158853
26.032716	0.109235	14.739657	0.108818	2.982386	0.10842	-9.605511	0.107998	16.5886	0.2213	187.8788028359077	2.5651589126127257	33.20478480916908	0.4338262717191395	168.5528869142056	2.0490985358158853
26.032716	0.109235	14.739657	0.108818	2.982386	0.10842	-9.605511	0.107998	16.5886	0.2213	187.8788028359077	2.5651589126127257	33.20478480916908	0.4338262717191395	168.5528869142056	2.0490985358158853
25.893709	0.270451	14.739657	0.108818	2.982386	0.10842	-9.605511	0.107998	16.5886	0.2213	190.21429726765913	4.971443182975235	33.20374715964378	0.4338127146481483	168.54761963648954	2.049034501486641
25.963203	0.239314	14.739657	0.108818	2.982386	0.10842	-9.605511	0.107998	16.5886	0.2213	189.0424349447955	4.427995963858427	33.20478480916908	0.4338262717191395	168.5528869142056	2.0490985358158853
25.928453	0.259498	14.739657	0.108818	2.982386	0.10842	-9.605511	0.107998	16.5886	0.2213	189.62955033463734	4.769054770812263	33.20478480916908	0.4338262717191395	168.5528869142056	2.0490985358158853
25.928453	0.259498	14.739657	0.108818	2.982386	0.10842	-9.605511	0.107998	16.5886	0.2213	189.62955033463734	4.769054770812263	33.20478480916908	0.4338262717191395	168.5528869142056	2.0490985358158853
25.928453	0.259498	14.739657	0.108818	2.982386	0.10842	-9.605511	0.107998	16.5886	0.2213	189.62955033463734	4.769054770812263	33.20478480916908	0.4338262717191395	168.5528869142056	2.0490985358158853
25.789504	0.25941	14.739657	0.108818	2.982386	0.10842	-9.605511	0.107998	16.5886	0.2213	192.01410086122263	4.888329709333214	33.20478480916908	0.4338262717191395	168.5528869142056	2.0490985358158853
25.685342	0.109223	14.739657	0.108818	2.982386	0.10842	-9.605511	0.107998	16.5886	0.2213	193.8474050840752	2.7304905132737196	33.205822458694364	0.4338398287901307	168.5581541919217	2.0491625701451293
25.685342	0.109223	14.739657	0.108818	2.982386	0.10842	-9.605511	0.107998	16.5886	0.2213	193.84134754196452	2.730405188111591	33.20478480916908	0.4338262717191395	168.5528869142056	2.0490985358158853
25.754778	0.239198	14.739657	0.108818	2.982386	0.10842	-9.605511	0.107998	16.5886	0.2213	192.6134082654348	4.595161421241628	33.20374715964378	0.4338127146481483	168.54761963648954	2.049034501486641
25.721777	0.209707	14.773823	0.202891	2.887726	0.282217	-9.576012	0.188869	16.5886	0.2213	193.79512646307904	5.1651316381218795	32.84387259131379	0.9604353189086092	170.22662391107602	4.63796221151494
25.685342	0.109223	14.739657	0.108818	2.85588	0.255125	-9.605511	0.107998	16.5886	0.2213	193.8352899998538	2.7303198629494627	32.8502851065185	0.7667125142426041	170.25868370904976	3.7851957743320837
25.685342	0.109223	14.739657	0.108818	2.697842	0.195164	-9.605511	0.107998	16.5886	0.2213	193.8474050840752	2.7304905132737196	32.42118081280583	0.6016155463615995	172.45645483322002	3.1265382488269626
25.685342	0.109223	14.739657	0.108818	2.761045	0.245079	-9.605511	0.107998	16.5886	0.2213	193.84134754196452	2.730405188111591	32.59122598443147	0.7295813994287156	171.5697073978832	3.715642930343799
25.685342	0.109223	14.739657	0.108818	2.666247	0.108409	-9.605511	0.107998	16.5886	0.2213	193.84134754196452	2.730405188111591	32.335326923640345	0.41138357545483367	172.8950609880966	2.1559236995367317
25.685342	0.109223	14.739657	0.108818	2.697842	0.195164	-9.605511	0.107998	16.5886	0.2213	193.84134754196452	2.730405188111591	32.420167682565754	0.6015967464632725	172.45106573741572	3.126440547559852
25.685342	0.109223	14.739657	0.108818	2.666247	0.108409	-9.605511	0.107998	16.5886	0.2213	193.8474050840752	2.7304905132737196	32.3363374026067	0.4113964311915665	172.90046395875248	2.155991072152342
25.685342	0.109223	14.70645	0.200003	2.666247	0.108409	-9.635499	0.190313	16.5886	0.2213	193.25505674864704	4.011291501062493	32.42450715699481	0.6126459450557485	172.47359641491303	3.0707658000079725
25.685342	0.109223	14.739657	0.108818	2.666247	0.108409	-9.635499	0.190313	16.5886	0.2213	193.84134754196452	2.730405188111591	32.335326923640345	0.41138357545483367	172.47359641491303	3.0707658000079725
25.685342	0.109223	14.70645	0.200003	2.666247	0.108409	-9.635499	0.190313	16.5886	0.2213	193.25505674864704	4.011291501062494	32.42450715699481	0.6126459450557487	172.47359641491303	3.0707658000079725
25.685342	0.109223	14.70645	0.200003	2.666247	0.108409	-9.605511	0.107998	16.5886	0.2213	193.25505674864704	4.011291501062494	32.42450715699481	0.6126459450557487	172.8950609880966	2.1559236995367317
25.685342	0.109223	14.739657	0.108818	2.666247	0.108409	-9.725439	0.247061	16.5886	0.2213	193.84134754196452	2.730405188111591	32.335326923640345	0.41138357545483367	171.22176251150606	3.7279422578188726
25.685342	0.109223	14.673248	0.233092	2.666247	0.108409	-9.665483	0.220194	16.5886	0.2213	192.67238059211104	4.503808666847897	32.514168477202816	0.6961250770683554	172.0542355932285	3.424339912118034
25.685342	0.109223	14.540485	0.262796	2.666247	0.108409	-9.815345	0.237539	16.5886	0.2213	190.3771619198536	4.861381941647681	32.87770333335293	0.7871178875232562	169.98844325150077	3.5560577870036516
25.685342	0.109223	14.540485	0.262796	2.666247	0.108409	-9.815345	0.237539	16.5886	0.2213	190.3771619198536	4.861381941647681	32.87770333335293	0.7871178875232562	169.98844325150077	3.556057787003651
25.685342	0.109223	14.606857	0.26284	2.666247	0.108409	-9.845306	0.220102	16.5886	0.2213	191.51773929727094	4.9205113493821875	32.69495003415604	0.7785033884279964	169.58138037760145	3.3254842807061946
25.685342	0.109223	14.47413	0.232984	2.666247	0.108409	-9.875262	0.190219	16.5886	0.2213	189.256307134604	4.34373067298203	33.06349401167693	0.7195486873675729	169.18160124035595	2.953477811509569
25.685342	0.109223	14.47413	0.232984	2.666247	0.108409	-9.845306	0.220102	16.5886	0.2213	189.2503930598209	4.34359493564029	33.062460809776624	0.719526202173755	169.58138037760145	3.3254842807061946
25.685342	0.109223	14.407793	0.108807	2.666247	0.108409	-9.875262	0.190219	16.5886	0.2213	188.1371834639604	2.571937443621302	33.24925561374193	0.434943636183068	169.17631448052842	2.9533855182121247
25.685342	0.109223	14.407793	0.108807	2.666247	0.108409	-9.905216	0.107988	16.5886	0.2213	188.1371834639604	2.571937443621302	33.24925561374193	0.434943636183068	168.77323090100376	2.0542550935015056
25.685342	0.109223	14.407793	0.108807	2.666247	0.108409	-9.905216	0.107988	16.5886	0.2213	188.1371834639604	2.571937443621302	33.24925561374193	0.434943636183068	168.77323090100376	2.0542550935015056
25.685342	0.109223	14.407793	0.108807	2.666247	0.108409	-9.905216	0.107988	16.5886	0.2213	188.1371834639604	2.571937443621302	33.24925561374193	0.434943636183068	168.77323090100376	2.0542550935015056
25.685342	0.109223	14.407793	0.108807	2.666247	0.108409	-9.905216	0.107988	16.5886	0.2213	188.1371834639604	2.571937443621302	33.24925561374193	0.434943636183068	168.77323090100376	2.0542550935015056
25.685342	0.109223	14.407793	0.108807	2.666247	0.108409	-9.905216	0.107988	16.5886	0.2213	188.13130417697715	2.5718570705761885	33.248216574504	0.43493004419443726	168.76795673753816	2.0541908980298333
25.685342	0.109223	14.407793	0.108807	2.666247	0.108409	-9.905216	0.107988	16.5886	0.2213	188.1371834639604	2.571937443621302	33.24925561374193	0.434943636183068	168.77323090100376	2.0542550935015056
25.685342	0.109223	14.407793	0.108807	2.666247	0.108409	-9.905216	0.107988	16.5886	0.2213	188.1371834639604	2.571937443621302	33.24925561374193	0.434943636183068	168.77323090100376	2.0542550935015056
25.650631	0.204533	14.407793	0.108807	2.666247	0.108409	-9.905216	0.107988	16.5886	0.2213	188.72393072961424	3.888903504317759	33.25029465297986	0.4349572281716987	168.77850506446947	2.054319288973177
25.650631	0.204533	14.407793	0.108807	2.666247	0.108409	-9.905216	0.107988	16.5886	0.2213	188.71213585253355	3.888660455444016	33.248216574504	0.43493004419443726	168.76795673753816	2.0541908980298333
25.685342	0.109223	14.407793	0.108807	2.666247	0.108409	-9.905216	0.107988	16.5886	0.2213	188.14306275094364	2.5720178166664147	33.25029465297986	0.4349572281716987	168.77850506446947	2.054319288973177
25.650631	0.204533	14.407793	0.108807	2.666247	0.108409	-9.905216	0.107988	16.5886	0.2213	188.7180332910739	3.888781979880888	33.24925561374193	0.434943636183068	168.77323090100376	2.0542550935015056
25.650631	0.204533	14.407793	0.108807	2.666247	0.108409	-9.905216	0.107988	16.5886	0.2213	188.7180332910739	3.888781979880888	33.24925561374193	0.434943636183068	168.77323090100376	2.0542550935015056
25.685342	0.109223	14.407793	0.108807	2.666247	0.108409	-9.905216	0.107988	16.5886	0.2213	188.1371834639604	2.571937443621302	33.24925561374193	0.434943636183068	168.77323090100376	2.0542550935015056
25.617637	0.293174	14.441893	0.202691	2.634867	0.258556	-9.875773	0.1887	16.5886	0.2213	189.8510052885559	6.05476446472719	33.06485908930472	0.9200407127039276	169.59376258001967	4.339155662649574
25.511836	0.273691	14.407793	0.108807	2.634656	0.195139	-9.905216	0.107988	16.5886	0.2213	191.0769183748467	5.068160465803546	33.16003780926605	0.6292906151774343	169.19841033910618	3.0092496206615347
25.581224	0.259277	14.407793	0.108807	2.571487	0.244964	-9.905216	0.107988	16.5886	0.2213	189.89031403479802	4.778636582379311	32.98306584748698	0.7469239102678555	170.05505769904815	3.648834776762458
25.615925	0.23912	14.407793	0.108807	2.476765	0.254879	-9.905216	0.107988	16.5886	0.2213	189.30831517199124	4.437269481816872	32.722230019687665	0.7600659870559701	171.3613390755977	3.8309516905825847
25.40779	0.239005	14.407793	0.108807	2.571487	0.244964	-9.905216	0.107988	16.5886	0.2213	192.88426120521953	4.6047854707025	32.98306584748698	0.7469239102678555	170.05505769904815	3.648834776762458
25.442467	0.259189	14.407793	0.108807	2.508335	0.258084	-9.905216	0.107988	16.5886	0.2213	192.27811044648442	4.898151551060842	32.80801888073445	0.7722159928816752	170.92019355840893	3.852046680269735
25.40779	0.239005	14.407793	0.108807	2.476765	0.254879	-9.905216	0.107988	16.5886	0.2213	192.87823357205684	4.60464157115654	32.72018494422004	0.7600184844162367	171.3506293265851	3.830712263584017
25.373118	0.204417	14.407793	0.108807	2.38208	0.195038	-9.905216	0.107988	16.5886	0.2213	193.49416091957684	4.086303719091155	32.46357565015708	0.6028970309182727	172.67644050219096	3.1330003396002533
25.33845	0.10921	14.407793	0.108807	2.38208	0.195038	-9.905216	0.107988	16.5886	0.2213	194.1078444776783	2.7376182424631708	32.46357565015708	0.6028970309182727	172.67644050219096	3.1330003396002533
25.373118	0.204417	14.407793	0.108807	2.38208	0.195038	-9.905216	0.107988	16.5886	0.2213	193.4881142270481	4.086176022099932	32.46256116341801	0.6028781903860565	172.67104436342527	3.132902433339641
25.373118	0.204417	14.407793	0.108807	2.38208	0.195038	-9.905216	0.107988	16.5886	0.2213	193.49416091957684	4.086303719091155	32.46357565015708	0.6028970309182727	172.67644050219096	3.1330003396002533
25.33845	0.10921	14.407793	0.108807	2.350526	0.108398	-9.905216	0.107988	16.5886	0.2213	194.1139103478182	2.737703793033248	32.37963179560203	0.4124557137687663	173.12641879146986	2.161414958671381
25.33845	0.10921	14.407793	0.108807	2.350526	0.108398	-9.905216	0.107988	16.5886	0.2213	194.10177860753836	2.737532691893094	32.377608131854295	0.4124299360922081	173.11559872842236	2.161279874457846
25.33845	0.10921	14.374631	0.199867	2.350526	0.108398	-9.905216	0.107988	16.5886	0.2213	193.52073666652245	4.020127436774023	32.46791806315611	0.6139518925081197	173.12100875994616	2.1613474165646136
25.33845	0.10921	14.407793	0.108807	2.350526	0.108398	-9.905216	0.107988	16.5886	0.2213	194.1139103478182	2.737703793033248	32.37963179560203	0.4124557137687663	173.12641879146986	2.161414958671381
25.374813	0.209492	14.37556	0.267727	2.382274	0.195625	-9.875773	0.1887	16.5886	0.2213	192.89128697573088	5.961584420488938	32.550332283085886	0.8999302781951635	173.0830449963911	3.837848070107399
25.33845	0.10921	14.374631	0.199867	2.350526	0.108398	-9.905216	0.107988	16.5886	0.2213	193.51468914350158	4.0200018077916235	32.466903440716635	0.6139327065114788	173.11559872842236	2.161279874457846
25.33845	0.10921	14.374631	0.199867	2.350526	0.108398	-9.905216	0.107988	16.5886	0.2213	193.52678418954326	4.020253065756422	32.46893268559559	0.6139710785047605	173.12641879146986	2.161414958671381
25.374813	0.209492	14.37556	0.267727	2.382274	0.195625	-9.875773	0.1887	16.5886	0.2213	192.89128697573088	5.961584420488938	32.550332283085886	0.8999302781951635	173.0830449963911	3.837848070107399
25.33845	0.10921	14.308321	0.252169	2.350526	0.108398	-9.905216	0.107988	16.5886	0.2213	192.3573467293115	4.792349507531327	32.647963338286715	0.7494043302757979	173.12100875994616	2.1613474165646136
25.374813	0.209492	14.24295	0.292054	2.382274	0.195625	-9.905728	0.226251	16.5886	0.2213	190.5993890298625	6.153973821645266	32.915295794890135	0.9755199090925558	172.66651104148323	4.202795160050685
25.33845	0.10921	14.341474	0.232912	2.350526	0.108398	-9.905216	0.107988	16.5886	0.2213	192.937248540997	4.513246335567754	32.55769788515343	0.6975339891817859	173.12100875994616	2.1613474165646136
25.33845	0.10921	14.20889	0.262576	2.350526	0.108398	-9.995052	0.237432	16.5886	0.2213	190.63883155665323	4.871189104696133	32.92171320961199	0.7886493482771967	171.86124522035337	3.6334350201480743
25.33845	0.10921	14.142625	0.232804	2.350526	0.108398	-9.96511	0.22004	16.5886	0.2213	189.51049264740553	4.3526964244586415	33.106714871267286	0.7209824816731273	172.279070353452	3.431283977852209
25.33845	0.10921	14.142625	0.232804	2.350526	0.108398	-9.935165	0.190196	16.5886	0.2213	189.51049264740553	4.3526964244586415	33.106714871267286	0.7209824816731274	172.6989862889775	3.0772988337810183
25.33845	0.10921	14.076378	0.108795	2.350526	0.108398	-10.054923	0.249872	16.5886	0.2213	188.3957319388138	2.578729141531207	33.29375655259494	0.43606316866627265	171.03180520883552	3.7551354743468837
25.33845	0.10921	14.142625	0.232804	2.350526	0.108398	-9.995052	0.237432	16.5886	0.2213	189.51049264740553	4.3526964244586415	33.106714871267286	0.7209824816731273	171.86124522035337	3.6334350201480743
25.33845	0.10921	14.076378	0.108795	2.350526	0.108398	-10.114779	0.237362	16.5886	0.2213	188.3957319388138	2.578729141531207	33.29375655259494	0.43606316866627265	170.2105434813219	3.563093489863237
25.33845	0.10921	14.076378	0.108795	2.350526	0.108398	-10.054923	0.249872	16.5886	0.2213	188.3957319388138	2.578729141531207	33.29375655259494	0.43606316866627265	171.03180520883552	3.7551354743468837
25.33845	0.10921	14.076378	0.108795	2.350526	0.108398	-10.17462	0.190103	16.5886	0.2213	188.3957319388138	2.578729141531207	33.29375655259494	0.43606316866627265	169.3973396739247	2.959668599537845
25.33845	0.10921	14.076378	0.108795	2.350526	0.108398	-10.084853	0.246834	16.5886	0.2213	188.3898445721907	2.578648556245534	33.292716122702664	0.4360495416922517	170.6148277581002	3.6987596822162865
25.33845	0.10921	14.076378	0.108795	2.350526	0.108398	-10.144701	0.219947	16.5886	0.2213	188.3898445721907	2.578648556245534	33.292716122702664	0.4360495416922517	169.79763542593412	3.332123768522859
25.33845	0.10921	14.076378	0.108795	2.350526	0.108398	-10.114779	0.237362	16.5886	0.2213	188.3957319388138	2.578729141531207	33.29375655259494	0.43606316866627265	170.2105434813219	3.563093489863237
25.33845	0.10921	14.109499	0.199759	2.350526	0.108398	-10.144701	0.219947	16.5886	0.2213	188.95143038279005	3.8309301417975616	33.19997860632234	0.6416814871923107	169.8029417678644	3.3322279006447544
25.33845	0.10921	14.076378	0.108795	2.350526	0.108398	-10.204534	0.107978	16.5886	0.2213	188.3957319388138	2.578729141531207	33.29375655259494	0.43606316866627265	168.99372252081798	2.059421472369676
25.33845	0.10921	14.076378	0.108795	2.350526	0.108398	-10.204534	0.107978	16.5886	0.2213	188.3957319388138	2.578729141531207	33.29375655259494	0.43606316866627265	168.99372252081798	2.059421472369676
25.33845	0.10921	14.076378	0.108795	2.350526	0.108398	-10.204534	0.107978	16.5886	0.2213	188.3957319388138	2.578729141531207	33.29375655259494	0.43606316866627265	168.99372252081798	2.059421472369676
25.33845	0.10921	14.076378	0.108795	2.350526	0.108398	-10.204534	0.107978	16.5886	0.2213	188.3957319388138	2.578729141531207	33.29375655259494	0.43606316866627265	168.99372252081798	2.059421472369676
25.520363	0.282267	14.246634	0.270594	2.509347	0.259144	-10.057528	0.247314	16.5886	0.2213	188.20093489666777	6.527583832152547	33.26131957647727	1.061742905061199	168.83485047141212	4.812622135347625
25.374813	0.209492	14.110411	0.202492	2.382274	0.195625	-10.175147	0.188531	16.5886	0.2213	188.35676839523617	4.871924690209336	33.28726859028461	0.7991152114839922	168.96194554480246	3.6555750459520895
25.33845	0.10921	14.076378	0.108795	2.350526	0.108398	-10.204534	0.107978	16.5886	0.2213	188.3957319388138	2.578729141531207	33.29375655259494	0.43606316866627265	168.99372252081798	2.059421472369676
25.33845	0.10921	14.076378	0.108795	2.350526	0.108398	-10.204534	0.107978	16.5886	0.2213	188.3957319388138	2.578729141531207	33.29375655259494	0.43606316866627265	168.99372252081798	2.059421472369676
25.374813	0.209492	14.110411	0.202492	2.382274	0.195625	-10.175147	0.188531	16.5886	0.2213	188.3508822462238	4.871772442562767	33.28622836314116	0.7990902391336331	168.95666548400416	3.655460809231903
25.33845	0.10921	14.076378	0.108795	2.350526	0.108398	-10.204534	0.107978	16.5886	0.2213	188.3898445721907	2.578648556245534	33.292716122702664	0.4360495416922517	168.98844146698917	2.0593571154486647
25.33845	0.10921	14.076378	0.108795	2.350526	0.108398	-10.204534	0.107978	16.5886	0.2213	188.3957319388138	2.578729141531207	33.29375655259494	0.43606316866627265	168.99372252081798	2.059421472369676
25.374813	0.209492	14.110411	0.202492	2.382274	0.195625	-10.175147	0.188531	16.5886	0.2213	188.3508822462238	4.871772442562767	33.28622836314116	0.7990902391336331	168.95666548400416	3.655460809231903
25.33845	0.10921	14.076378	0.108795	2.318977	0.195013	-10.204534	0.107978	16.5886	0.2213	188.3898445721907	2.578648556245534	33.20338033718216	0.6306304567425485	169.4141559767939	3.0154668106092113
25.33845	0.10921	14.076378	0.108795	2.350526	0.108398	-10.204534	0.107978	16.5886	0.2213	188.3957319388138	2.578729141531207	33.29375655259494	0.43606316866627265	168.99372252081798	2.059421472369676
25.33845	0.10921	14.076378	0.108795	2.350526	0.108398	-10.204534	0.107978	16.5886	0.2213	188.3957319388138	2.578729141531207	33.29375655259494	0.43606316866627265	168.99372252081798	2.059421472369676
25.33845	0.10921	14.076378	0.108795	2.350526	0.108398	-10.204534	0.107978	16.5886	0.2213	188.3898445721907	2.578648556245534	33.292716122702664	0.4360495416922517	168.98844146698917	2.0593571154486647
25.33845	0.10921	14.076378	0.108795	2.318977	0.195013	-10.204534	0.107978	16.5886	0.2213	188.3957319388138	2.578729141531207	33.20441797524389	0.6306501645601912	169.41945033461687	3.0155610468919263
25.33845	0.10921	14.076378	0.108795	2.318977	0.195013	-10.204534	0.107978	16.5886	0.2213	188.3898445721907	2.578648556245534	33.20338033718216	0.6306304567425485	169.4141559767939	3.0154668106092113
25.33845	0.10921	14.076378	0.108795	2.287432	0.226451	-10.204534	0.107978	16.5886	0.2213	188.3957319388138	2.578729141531207	33.115569279587895	0.7057123390243765	169.8472718542599	3.4110472334050894
25.33845	0.10921	14.076378	0.108795	2.318977	0.195013	-10.204534	0.107978	16.5886	0.2213	188.3957319388138	2.578729141531207	33.20441797524389	0.6306501645601912	169.41945033461687	3.0155610468919263
25.303788	0.204388	14.076378	0.108795	2.350526	0.108398	-10.204534	0.107978	16.5886	0.2213	188.9773718087187	3.897232854576745	33.29375655259494	0.43606316866627265	168.99372252081798	2.059421472369676
25.303788	0.204388	14.076378	0.108795	2.350526	0.108398	-10.204534	0.107978	16.5886	0.2213	188.97146626584964	3.8971110660500408	33.292716122702664	0.4360495416922517	168.98844146698917	2.0593571154486647
25.234477	0.259056	14.076378	0.108795	2.287432	0.226451	-10.204534	0.107978	16.5886	0.2213	190.15718927609905	4.78838282526727	33.11660414112788	0.7057343925349711	169.85257958150532	3.411153828631134
25.33845	0.10921	14.076378	0.108795	2.287432	0.226451	-10.204534	0.107978	16.5886	0.2213	188.4016193054369	2.5788097268168797	33.11660414112788	0.7057343925349711	169.85257958150532	3.411153828631134
25.303788	0.204388	14.076378	0.108795	2.255891	0.244772	-10.204534	0.107978	16.5886	0.2213	188.9773718087187	3.897232854576745	33.02720644728886	0.7484222597659326	170.27720256295484	3.655921823720657
25.303788	0.204388	14.076378	0.108795	2.224355	0.254715	-10.204534	0.107978	16.5886	0.2213	188.98327735158773	3.8973546431034505	32.940354857753086	0.7698018192003774	170.7145927612987	3.799962868286244
25.303788	0.204388	14.076378	0.108795	2.287432	0.226451	-10.204534	0.107978	16.5886	0.2213	188.9773718087187	3.897232854576745	33.115569279587895	0.7057123390243766	169.8472718542599	3.41104723340509
25.165185	0.27345	14.076378	0.108795	2.287432	0.226451	-10.204534	0.107978	16.5886	0.2213	191.33946539618563	5.078164360392692	33.115569279587895	0.7057123390243765	169.8472718542599	3.4110472334050894
25.33845	0.10921	14.076378	0.108795	2.255891	0.244772	-10.204534	0.107978	16.5886	0.2213	188.3957319388138	2.578729141531207	33.02720644728886	0.7484222597659326	170.27720256295484	3.655921823720657
25.33845	0.10921	14.076378	0.108795	2.318977	0.195013	-10.204534	0.107978	16.5886	0.2213	188.3957319388138	2.578729141531207	33.20441797524389	0.6306501645601912	169.41945033461687	3.0155610468919263
25.26913	0.238928	14.076378	0.108795	2.192822	0.257875	-10.204534	0.107978	16.5886	0.2213	189.56253282174865	4.446280219580269	32.85192251793607	0.773739751143152	171.14345424754336	3.8594017155245233
25.165185	0.27345	14.076378	0.108795	2.224355	0.254715	-10.204534	0.107978	16.5886	0.2213	191.33946539618563	5.078164360392692	32.9393255038311	0.7697777636452636	170.70925809698318	3.7998441231573947
25.234477	0.259056	14.076378	0.108795	2.224355	0.254715	-10.204534	0.107978	16.5886	0.2213	190.15124704962875	4.78823319297999	32.9393255038311	0.7697777636452637	170.70925809698318	3.7998441231573956
25.165185	0.27345	14.076378	0.108795	2.255891	0.244772	-10.204534	0.107978	16.5886	0.2213	191.34544475447927	5.078323053028954	33.02823854749034	0.7484456479615503	170.28252372553496	3.656036071277649
25.199828	0.269979	14.076378	0.108795	2.318977	0.195013	-10.204534	0.107978	16.5886	0.2213	190.74354695475998	4.991328895083121	33.20441797524389	0.6306501645601912	169.41945033461687	3.0155610468919263
25.234477	0.259056	14.076378	0.108795	2.12977	0.244696	-10.204534	0.107978	16.5886	0.2213	190.15124704962875	4.78823319297999	32.67853490636613	0.7325121281030263	172.0183323493669	3.7300935487164377
25.095912	0.258968	14.076378	0.108795	2.161294	0.254674	-10.204534	0.107978	16.5886	0.2213	192.5422913439206	4.9079885577921285	32.76499360096953	0.7615478228801392	171.5798069627074	3.838176066711013
25.095912	0.258968	14.076378	0.108795	2.161294	0.254674	-10.204534	0.107978	16.5886	0.2213	192.5422913439206	4.9079885577921285	32.76499360096953	0.7615478228801392	171.5798069627074	3.838176066711013
25.095912	0.258968	14.076378	0.108795	2.192822	0.257875	-10.204534	0.107978	16.5886	0.2213	192.5362743973161	4.907835183149698	32.85089589535738	0.7737155717759289	171.13810601459815	3.8592811092209125
25.095912	0.258968	14.076378	0.108795	2.035222	0.108387	-10.204534	0.107978	16.5886	0.2213	192.5422913439206	4.907988557792129	32.42194231027947	0.4135041285309976	173.34710803128044	2.1667814644271046
25.061283	0.238812	14.076378	0.108795	2.09825	0.22635	-10.204534	0.107978	16.5886	0.2213	193.14926660681564	4.61428100045072	32.59254262906335	0.6833505965404184	172.4590466752087	3.5154905722403518
25.061283	0.238812	14.076378	0.108795	2.09825	0.22635	-10.204534	0.107978	16.5886	0.2213	193.14926660681564	4.61428100045072	32.59254262906335	0.6833505965404184	172.4590466752087	3.5154905722403518
25.026659	0.204272	14.076378	0.108795	2.066734	0.194913	-10.204534	0.107978	16.5886	0.2213	193.75999593187453	4.095183981584691	32.507013004941975	0.6041995405353121	172.90196637073265	3.1395711960111456
25.061283	0.238812	14.076378	0.108795	2.066734	0.194913	-10.204534	0.107978	16.5886	0.2213	193.14926660681564	4.61428100045072	32.507013004941975	0.6041995405353121	172.90196637073265	3.1395711960111456
25.061283	0.238812	14.076378	0.108795	2.066734	0.194913	-10.204534	0.107978	16.5886	0.2213	193.14926660681564	4.61428100045072	32.507013004941975	0.6041995405353121	172.90196637073265	3.1395711960111456
24.992039	0.109198	14.076378	0.108795	2.09825	0.22635	-10.204534	0.107978	16.5886	0.2213	194.38058845839382	2.744931073662444	32.59356114602051	0.6833719512465602	172.46443602041728	3.5156004313207343
24.992039	0.109198	14.076378	0.108795	2.035222	0.108387	-10.204534	0.107978	16.5886	0.2213	194.3684400512529	2.7447595208313653	32.420929124582266	0.413491206526981	173.34169093415449	2.166713752506341
25.028331	0.209277	14.110411	0.202492	2.066909	0.195442	-10.175147	0.188531	16.5886	0.2213	194.33431171976736	5.183305314410783	32.4156250211114	0.7574690820218841	173.31453886116864	3.844468907457693
24.992039	0.109198	14.010149	0.232732	2.066734	0.194913	-10.204534	0.107978	16.5886	0.2213	193.20832587424377	4.522840453139289	32.68829377711491	0.8308512402960107	172.90736955718174	3.1396693076110207
25.028331	0.209277	14.077288	0.242736	2.066909	0.195442	-10.175147	0.188531	16.5886	0.2213	193.75256647964756	5.670410459625637	32.506039901371864	0.8434467011128562	173.319954940508	3.844589047111051
24.992039	0.109198	14.076378	0.108795	2.066734	0.194913	-10.204534	0.107978	16.5886	0.2213	194.37451425482337	2.7448452972469046	32.507013004941975	0.6041995405353121	172.90196637073265	3.1395711960111456
24.992039	0.109198	14.043261	0.199732	2.09825	0.22635	-10.204534	0.107978	16.5886	0.2213	193.78658891000745	4.028978271530948	32.68290345534284	0.8259592138879301	172.4590466752087	3.5154905722403518
24.992039	0.109198	14.076378	0.108795	2.09825	0.22635	-10.204534	0.107978	16.5886	0.2213	194.37451425482337	2.7448452972469046	32.59254262906335	0.6833505965404184	172.4590466752087	3.5154905722403518
24.992039	0.109198	14.076378	0.108795	2.035222	0.108387	-10.204534	0.107978	16.5886	0.2213	194.38058845839382	2.744931073662444	32.42295549597666	0.41351705053501414	173.35252512840643	2.166849176347868
24.992039	0.109198	14.076378	0.108795	2.035222	0.108387	-10.204534	0.107978	16.5886	0.2213	194.3684400512529	2.7447595208313653	32.420929124582266	0.413491206526981	173.34169093415449	2.166713752506341
24.992039	0.109198	14.076378	0.108795	2.035222	0.108387	-10.204534	0.107978	16.5886	0.2213	194.37451425482337	2.7448452972469046	32.42194231027947	0.4135041285309976	173.34710803128044	2.1667814644271046
24.992039	0.109198	14.076378	0.108795	2.035222	0.108387	-10.204534	0.107978	16.5886	0.2213	194.37451425482337	2.7448452972469046	32.42194231027947	0.4135041285309976	173.34710803128044	2.1667814644271046
24.992039	0.109198	14.076378	0.108795	2.035222	0.108387	-10.204534	0.107978	16.5886	0.2213	194.37451425482337	2.7448452972469046	32.42194231027947	0.4135041285309976	173.34710803128044	2.1667814644271046
24.992039	0.109198	14.076378	0.108795	2.035222	0.108387	-10.204534	0.107978	16.5886	0.2213	194.37451425482337	2.7448452972469046	32.42194231027947	0.4135041285309976	173.34710803128044	2.1667814644271046
24.992039	0.109198	13.977041	0.251963	2.035222	0.108387	-10.204534	0.107978	16.5886	0.2213	192.62157901452062	4.802136209242094	32.691641439911	0.7508811676426284	173.34710803128044	2.1667814644271046
24.992039	0.109198	13.977041	0.251963	2.035222	0.108387	-10.204534	0.107978	16.5886	0.2213	192.62157901452062	4.802136209242094	32.691641439911	0.7508811676426284	173.34710803128044	2.1667814644271046
24.992039	0.109198	14.010149	0.232732	2.035222	0.108387	-10.204534	0.107978	16.5886	0.2213	193.20228830273433	4.522699118791827	32.60125676214627	0.6989451891107402	173.34710803128044	2.1667814644271046
24.992039	0.109198	14.010149	0.232732	2.035222	0.108387	-10.204534	0.107978	16.5886	0.2213	193.20228830273433	4.522699118791827	32.60125676214627	0.6989451891107402	173.34710803128044	2.1667814644271046
24.992039	0.109198	14.010149	0.232732	2.035222	0.108387	-10.204534	0.107978	16.5886	0.2213	193.20228830273433	4.522699118791827	32.60125676214627	0.6989451891107402	173.34710803128044	2.1667814644271046
24.992039	0.109198	13.910839	0.265716	2.035222	0.108387	-10.204534	0.107978	16.5886	0.2213	191.47080276290217	4.963868922210431	32.87388548058504	0.7943911268329981	173.34710803128044	2.1667814644271046
24.992039	0.109198	13.977041	0.251963	2.035222	0.108387	-10.204534	0.107978	16.5886	0.2213	192.62157901452062	4.802136209242092	32.691641439911	0.7508811676426281	173.34710803128044	2.1667814644271046
24.992039	0.109198	13.877744	0.262356	2.035222	0.108387	-10.204534	0.107978	16.5886	0.2213	190.90067098536886	4.881011295494913	32.96575288554239	0.7901831955338707	173.34710803128044	2.1667814644271046
24.992039	0.109198	13.910839	0.265716	2.035222	0.108387	-10.204534	0.107978	16.5886	0.2213	191.47080276290217	4.963868922210431	32.87388548058504	0.7943911268329981	173.34710803128044	2.1667814644271046
24.992039	0.109198	14.010149	0.232732	2.035222	0.108387	-10.204534	0.107978	16.5886	0.2213	193.20228830273433	4.522699118791827	32.60125676214627	0.6989451891107402	173.34710803128044	2.1667814644271046
24.992039	0.109198	13.943938	0.2624	2.035222	0.108387	-10.204534	0.107978	16.5886	0.2213	192.04442803645026	4.940379681636379	32.782516346320016	0.7815351265473841	173.34710803128044	2.1667814644271046
24.992039	0.109198	13.910839	0.265716	2.035222	0.108387	-10.204534	0.107978	16.5886	0.2213	191.47080276290217	4.963868922210431	32.87388548058504	0.7943911268329981	173.34710803128044	2.1667814644271046
24.992039	0.109198	14.043261	0.199732	2.035222	0.108387	-10.204534	0.107978	16.5886	0.2213	193.78658891000745	4.0289782715309475	32.51135835684543	0.6152600645585236	173.34710803128044	2.1667814644271046
24.992039	0.109198	13.877744	0.262356	2.035222	0.108387	-10.204534	0.107978	16.5886	0.2213	190.90067098536886	4.881011295494915	32.96575288554239	0.7901831955338711	173.34710803128044	2.1667814644271046
24.992039	0.109198	13.811569	0.232624	2.035222	0.108387	-10.204534	0.107978	16.5886	0.2213	189.77076103414714	4.361812493495093	33.15099890053826	0.7224411263332583	173.34710803128044	2.1667814644271046
24.992039	0.109198	13.910839	0.265716	2.035222	0.108387	-10.204534	0.107978	16.5886	0.2213	191.47080276290217	4.963868922210431	32.87388548058504	0.7943911268329981	173.34710803128044	2.1667814644271046
24.992039	0.109198	13.877744	0.262356	2.035222	0.108387	-10.204534	0.107978	16.5886	0.2213	190.90067098536886	4.881011295494915	32.96575288554239	0.7901831955338711	173.34710803128044	2.1667814644271046
24.992039	0.109198	13.877744	0.262356	2.035222	0.108387	-10.204534	0.107978	16.5886	0.2213	190.90067098536886	4.881011295494915	32.96575288554239	0.7901831955338711	173.34710803128044	2.1667814644271046
24.992039	0.109198	13.811569	0.232624	2.035222	0.108387	-10.204534	0.107978	16.5886	0.2213	189.77669137042946	4.361948800135515	33.152034869253896	0.7224637026184562	173.35252512840643	2.166849176347868
24.992039	0.109198	13.745411	0.108783	2.035222	0.108387	-10.204534	0.107978	16.5886	0.2213	188.65444823158782	2.5855340222754575	33.338287629243915	0.437184872074409	173.34710803128044	2.1667814644271046
24.992039	0.109198	13.745411	0.108783	2.035222	0.108387	-10.204534	0.107978	16.5886	0.2213	188.6485527800806	2.5854532243372614	33.337245807755494	0.4371712100471567	173.34169093415449	2.166713752506341
24.992039	0.109198	13.778488	0.199624	2.035222	0.108387	-10.204534	0.107978	16.5886	0.2213	189.21092037553294	3.839363571021857	33.24438581975125	0.6430486945553043	173.34710803128044	2.1667814644271046
24.992039	0.109198	13.811569	0.232624	2.035222	0.108387	-10.204534	0.107978	16.5886	0.2213	189.77076103414714	4.361812493495093	33.15099890053826	0.7224411263332583	173.34710803128044	2.1667814644271046
24.992039	0.109198	13.778488	0.199624	2.035222	0.108387	-10.204534	0.107978	16.5886	0.2213	189.21092037553294	3.839363571021857	33.24438581975125	0.6430486945553043	173.34710803128044	2.1667814644271046
24.992039	0.109198	13.745411	0.108783	2.035222	0.108387	-10.204534	0.107978	16.5886	0.2213	188.65444823158782	2.5855340222754575	33.338287629243915	0.437184872074409	173.34710803128044	2.1667814644271046
24.992039	0.109198	13.745411	0.108783	2.035222	0.108387	-10.204534	0.107978	16.5886	0.2213	188.65444823158782	2.5855340222754575	33.338287629243915	0.437184872074409	173.34710803128044	2.1667814644271046
24.992039	0.109198	13.745411	0.108783	2.035222	0.108387	-10.204534	0.107978	16.5886	0.2213	188.65444823158782	2.5855340222754575	33.338287629243915	0.437184872074409	173.34710803128044	2.1667814644271046
25.028331	0.209277	13.779379	0.202293	2.066909	0.195442	-10.175147	0.188531	16.5886	0.2213	188.61546640447307	4.8804074848912355	33.33179670000772	0.80048394697553	173.31453886116864	3.844468907457693
24.992039	0.109198	13.745411	0.108783	2.035222	0.108387	-10.204534	0.107978	16.5886	0.2213	188.65444823158782	2.5855340222754575	33.338287629243915	0.437184872074409	173.34710803128044	2.1667814644271046
24.992039	0.109198	13.745411	0.108783	2.035222	0.108387	-10.204534	0.107978	16.5886	0.2213	188.65444823158782	2.5855340222754575	33.338287629243915	0.437184872074409	173.34710803128044	2.1667814644271046
24.992039	0.109198	13.745411	0.108783	2.035222	0.108387	-10.204534	0.107978	16.5886	0.2213	188.65444823158782	2.5855340222754575	33.338287629243915	0.437184872074409	173.34710803128044	2.1667814644271046
24.992039	0.109198	13.844654	0.251881	2.035222	0.108387	-10.204534	0.107978	16.5886	0.2213	190.3340008865027	4.687464702474263	33.05812264823736	0.7675991962547096	173.34710803128044	2.1667814644271046
24.992039	0.109198	13.745411	0.108783	2.035222	0.108387	-10.204534	0.107978	16.5886	0.2213	188.65444823158782	2.5855340222754575	33.338287629243915	0.437184872074409	173.34710803128044	2.1667814644271046
24.992039	0.109198	13.745411	0.108783	2.035222	0.108387	-10.204534	0.107978	16.5886	0.2213	188.65444823158782	2.5855340222754575	33.338287629243915	0.437184872074409	173.34710803128044	2.1667814644271046
24.992039	0.109198	13.745411	0.108783	2.035222	0.108387	-10.204534	0.107978	16.5886	0.2213	188.6485527800806	2.5854532243372614	33.337245807755494	0.4371712100471567	173.34169093415449	2.166713752506341
24.992039	0.109198	13.745411	0.108783	2.035222	0.108387	-10.204534	0.107978	16.5886	0.2213	188.66034368309505	2.5856148202136535	33.33932945073233	0.4371985341016613	173.35252512840643	2.166849176347868
24.992039	0.109198	13.745411	0.108783	2.035222	0.108387	-10.204534	0.107978	16.5886	0.2213	188.65444823158782	2.5855340222754575	33.338287629243915	0.437184872074409	173.34710803128044	2.1667814644271046
24.992039	0.109198	13.745411	0.108783	2.035222	0.108387	-10.204534	0.107978	16.5886	0.2213	188.65444823158782	2.5855340222754575	33.338287629243915	0.437184872074409	173.34710803128044	2.1667814644271046
24.992039	0.109198	13.745411	0.108783	2.035222	0.108387	-10.204534	0.107978	16.5886	0.2213	188.66034368309505	2.5856148202136535	33.33932945073233	0.4371985341016613	173.35252512840643	2.166849176347868
24.992039	0.109198	13.745411	0.108783	2.035222	0.108387	-10.204534	0.107978	16.5886	0.2213	188.65444823158782	2.5855340222754575	33.338287629243915	0.437184872074409	173.34710803128044	2.1667814644271046
24.992039	0.109198	13.745411	0.108783	2.035222	0.108387	-10.204534	0.107978	16.5886	0.2213	188.65444823158782	2.5855340222754575	33.338287629243915	0.437184872074409	173.34710803128044	2.1667814644271046
24.992039	0.109198	13.745411	0.108783	2.035222	0.108387	-10.204534	0.107978	16.5886	0.2213	188.65444823158782	2.5855340222754575	33.338287629243915	0.437184872074409	173.34710803128044	2.1667814644271046
24.992039	0.109198	13.745411	0.108783	2.035222	0.108387	-10.204534	0.107978	16.5886	0.2213	188.6485527800806	2.5854532243372614	33.337245807755494	0.4371712100471567	173.34169093415449	2.166713752506341
24.992039	0.109198	13.745411	0.108783	2.035222	0.108387	-10.204534	0.107978	16.5886	0.2213	188.65444823158782	2.5855340222754575	33.338287629243915	0.437184872074409	173.34710803128044	2.1667814644271046
24.992039	0.109198	13.745411	0.108783	2.035222	0.108387	-10.204534	0.107978	16.5886	0.2213	188.66034368309505	2.5856148202136535	33.33932945073233	0.4371985341016613	173.35252512840643	2.166849176347868
24.992039	0.109198	13.745411	0.108783	2.035222	0.108387	-10.204534	0.107978	16.5886	0.2213	188.6485527800806	2.5854532243372614	33.337245807755494	0.4371712100471567	173.34169093415449	2.166713752506341
24.992039	0.109198	13.745411	0.108783	2.035222	0.108387	-10.204534	0.107978	16.5886	0.2213	188.66034368309505	2.5856148202136535	33.33932945073233	0.4371985341016613	173.35252512840643	2.166849176347868
24.992039	0.109198	13.745411	0.108783	2.035222	0.108387	-10.204534	0.107978	16.5886	0.2213	188.6485527800806	2.5854532243372614	33.337245807755494	0.4371712100471567	173.34169093415449	2.166713752506341
24.992039	0.109198	13.745411	0.108783	2.035222	0.108387	-10.204534	0.107978	16.5886	0.2213	188.65444823158782	2.5855340222754575	33.338287629243915	0.437184872074409	173.34710803128044	2.1667814644271046
25.028331	0.209277	13.779379	0.202293	2.066909	0.195442	-10.175147	0.188531	16.5886	0.2213	188.60957217114793	4.880254972157332	33.33075508136084	0.8004589318521869	173.3091227818292	3.844348767804335
24.992039	0.109198	13.745411	0.108783	2.035222	0.108387	-10.204534	0.107978	16.5886	0.2213	188.65444823158782	2.5855340222754575	33.338287629243915	0.437184872074409	173.34710803128044	2.1667814644271046
24.992039	0.109198	13.745411	0.108783	2.035222	0.108387	-10.204534	0.107978	16.5886	0.2213	188.66034368309505	2.5856148202136535	33.33932945073233	0.4371985341016613	173.35252512840643	2.166849176347868
24.992039	0.109198	13.745411	0.108783	2.035222	0.108387	-10.204534	0.107978	16.5886	0.2213	188.66034368309505	2.5856148202136535	33.33932945073233	0.4371985341016613	173.35252512840643	2.166849176347868
25.028331	0.209277	13.779379	0.202293	2.066909	0.195442	-10.175147	0.188531	16.5886	0.2213	188.6213606377982	4.880559997625138	33.332838318654595	0.800508962098873	173.319954940508	3.844589047111051
24.992039	0.109198	13.745411	0.108783	2.035222	0.108387	-10.204534	0.107978	16.5886	0.2213	188.66034368309505	2.5856148202136535	33.33932945073233	0.4371985341016613	173.35252512840643	2.166849176347868
24.992039	0.109198	13.745411	0.108783	2.035222	0.108387	-10.204534	0.107978	16.5886	0.2213	188.6485527800806	2.5854532243372614	33.337245807755494	0.4371712100471567	173.34169093415449	2.166713752506341
24.992039	0.109198	13.745411	0.108783	2.035222	0.108387	-10.204534	0.107978	16.5886	0.2213	188.65444823158782	2.5855340222754575	33.338287629243915	0.437184872074409	173.34710803128044	2.1667814644271046
24.646108	0.109186	13.745411	0.108783	2.035222	0.108387	-10.294254	0.237256	16.5886	0.2213	194.6413568427051	2.7520863693569173	33.338287629243915	0.437184872074409	172.0856779555392	3.6406208982087236
24.646108	0.109186	13.745411	0.108783	2.035222	0.108387	-10.204534	0.107978	16.5886	0.2213	194.6413568427051	2.7520863693569173	33.338287629243915	0.437184872074409	173.34710803128044	2.1667814644271046
24.646108	0.109186	13.745411	0.108783	2.035222	0.108387	-10.234445	0.19008	16.5886	0.2213	194.63527430030373	2.7520003666578745	33.337245807755494	0.4371712100471567	172.91912337774482	3.083746565392405
24.646108	0.109186	13.745411	0.108783	2.035222	0.108387	-10.204534	0.107978	16.5886	0.2213	194.6413568427051	2.7520863693569173	33.338287629243915	0.437184872074409	173.34710803128044	2.1667814644271046
24.68068	0.204128	13.745411	0.108783	2.003715	0.194887	-10.204534	0.107978	16.5886	0.2213	194.02600324232722	4.104079139506909	33.24882819411985	0.632012040469312	173.79448841912838	3.1717556783685623
24.682328	0.209063	13.779379	0.202293	1.972381	0.273032	-10.234976	0.248815	16.5886	0.2213	194.6011354564575	5.192329375762235	33.06493819750722	0.951613233221896	173.80718832296336	5.259465563291331
24.646108	0.109186	13.745411	0.108783	2.035222	0.108387	-10.264352	0.219885	16.5886	0.2213	194.6413568427051	2.7520863693569173	33.338287629243915	0.437184872074409	172.50405582858107	3.438239306816974
24.646108	0.109186	13.745411	0.108783	2.003715	0.194887	-10.294254	0.237256	16.5886	0.2213	194.6413568427051	2.7520863693569173	33.24882819411985	0.632012040469312	172.52656266633434	4.307371941978042
24.646108	0.109186	13.745411	0.108783	2.035222	0.108387	-10.264352	0.219885	16.5886	0.2213	194.6413568427051	2.7520863693569173	33.338287629243915	0.437184872074409	172.50405582858107	3.438239306816974
24.682328	0.209063	13.779379	0.202293	2.035395	0.234322	-10.264885	0.26313	16.5886	0.2213	194.6011354564575	5.192329375762235	33.24235475781992	0.8762438193048271	172.49415074729447	4.941085662756727
24.682328	0.209063	13.779379	0.202293	2.066909	0.195442	-10.264885	0.26313	16.5886	0.2213	194.5950541709745	5.192167115469241	33.33075508136084	0.8004589318521869	172.0479695630922	4.572941930321908
24.718558	0.24523	13.813355	0.236205	2.098604	0.227073	-10.265418	0.287985	16.5886	0.2213	194.56091620412636	6.0746447623551765	33.32530605392113	0.9320778389185989	171.60487264907823	5.090102459164441
24.646108	0.109186	13.745411	0.108783	2.003715	0.194887	-10.204534	0.107978	16.5886	0.2213	194.6413568427051	2.7520863693569173	33.24882819411985	0.632012040469312	173.79448841912838	3.1717556783685623
24.682328	0.209063	13.779379	0.202293	2.035395	0.234322	-10.175147	0.188531	16.5886	0.2213	194.5950541709745	5.192167115469241	33.24131593423373	0.8762164366854738	173.75640781415385	4.279686359633779
24.646108	0.109186	13.745411	0.108783	1.972212	0.226284	-10.234445	0.19008	16.5886	0.2213	194.6413568427051	2.7520863693569173	33.15985930283281	0.7071633166005157	173.81716433044903	4.208131921427888
24.646108	0.109186	13.745411	0.108783	2.035222	0.108387	-10.234445	0.19008	16.5886	0.2213	194.6413568427051	2.7520863693569173	33.338287629243915	0.437184872074409	172.924527269222	3.0838429354841397
24.646108	0.109186	13.745411	0.108783	2.035222	0.108387	-10.204534	0.107978	16.5886	0.2213	194.6413568427051	2.7520863693569173	33.338287629243915	0.437184872074409	173.34710803128044	2.1667814644271046
24.646108	0.109186	13.745411	0.108783	2.003715	0.194887	-10.204534	0.107978	16.5886	0.2213	194.6413568427051	2.7520863693569173	33.24882819411985	0.632012040469312	173.79448841912838	3.1717556783685623
24.646108	0.109186	13.745411	0.108783	2.035222	0.108387	-10.294254	0.237256	16.5886	0.2213	194.6413568427051	2.7520863693569173	33.338287629243915	0.437184872074409	172.0856779555392	3.6406208982087236
24.646108	0.109186	13.745411	0.108783	2.035222	0.108387	-10.264352	0.219885	16.5886	0.2213	194.63527430030373	2.7520003666578745	33.337245807755494	0.4371712100471567	172.49866507683637	3.438131861838637
24.646108	0.109186	13.745411	0.108783	2.035222	0.108387	-10.264352	0.219885	16.5886	0.2213	194.6413568427051	2.7520863693569173	33.338287629243915	0.437184872074409	172.50405582858107	3.438239306816974
24.646108	0.109186	13.745411	0.108783	2.035222	0.108387	-10.264352	0.219885	16.5886	0.2213	194.6413568427051	2.7520863693569173	33.338287629243915	0.437184872074409	172.50405582858107	3.4382393068169748
24.646108	0.109186	13.745411	0.108783	2.035222	0.108387	-10.234445	0.19008	16.5886	0.2213	194.64743938510642	2.752172372055959	33.33932945073233	0.4371985341016613	172.9299311606992	3.083939305575873
24.646108	0.109186	13.745411	0.108783	2.035222	0.108387	-10.234445	0.19008	16.5886	0.2213	194.6413568427051	2.7520863693569173	33.338287629243915	0.437184872074409	172.924527269222	3.0838429354841397
24.646108	0.109186	13.745411	0.108783	2.035222	0.108387	-10.264352	0.219885	16.5886	0.2213	194.6413568427051	2.7520863693569173	33.338287629243915	0.437184872074409	172.50405582858107	3.438239306816974
24.646108	0.109186	13.745411	0.108783	2.035222	0.108387	-10.264352	0.219885	16.5886	0.2213	194.6413568427051	2.7520863693569173	33.338287629243915	0.437184872074409	172.50405582858107	3.438239306816974
24.646108	0.109186	13.745411	0.108783	2.003715	0.194887	-10.204534	0.107978	16.5886	0.2213	194.6413568427051	2.7520863693569173	33.24882819411985	0.632012040469312	173.79448841912838	3.1717556783685623
24.646108	0.109186	13.745411	0.108783	2.035222	0.108387	-10.204534	0.107978	16.5886	0.2213	194.64743938510642	2.752172372055959	33.33932945073233	0.4371985341016613	173.35252512840643	2.166849176347868
24.646108	0.109186	13.745411	0.108783	2.035222	0.108387	-10.204534	0.107978	16.5886	0.2213	194.64743938510642	2.752172372055959	33.33932945073233	0.4371985341016613	173.35252512840643	2.166849176347868
24.646108	0.109186	13.745411	0.108783	2.035222	0.108387	-10.234445	0.19008	16.5886	0.2213	194.63527430030373	2.7520003666578745	33.337245807755494	0.4371712100471567	172.91912337774482	3.083746565392405
24.791047	0.277846	13.881333	0.266788	2.162018	0.255598	-10.086944	0.244311	16.5886	0.2213	194.48048410269342	6.86659875576718	33.31232561140595	1.0502161909616932	173.21683921921303	5.000080935758135
24.646108	0.109186	13.745411	0.108783	2.035222	0.108387	-10.204534	0.107978	16.5886	0.2213	194.6413568427051	2.7520863693569173	33.338287629243915	0.437184872074409	173.34710803128044	2.1667814644271046
24.646108	0.109186	13.745411	0.108783	2.003715	0.194887	-10.264352	0.219885	16.5886	0.2213	194.63527430030373	2.7520003666578745	33.24778916823878	0.6319922900930471	172.94168508245906	4.141959899223707
24.646108	0.109186	13.712339	0.199597	2.035222	0.108387	-10.264352	0.219885	16.5886	0.2213	194.05261344859684	4.037844022152487	33.432708599084606	0.6502870135461749	172.50405582858107	3.4382393068169748
24.646108	0.109186	13.745411	0.108783	2.003715	0.194887	-10.204534	0.107978	16.5886	0.2213	194.6413568427051	2.7520863693569173	33.24882819411985	0.632012040469312	173.79448841912838	3.1717556783685623
24.682328	0.209063	13.779379	0.202293	2.066909	0.195442	-10.175147	0.188531	16.5886	0.2213	194.6011354564575	5.192329375762235	33.33179670000772	0.80048394697553	173.31453886116864	3.844468907457693
24.646108	0.109186	13.745411	0.108783	2.003715	0.194887	-10.234445	0.19008	16.5886	0.2213	194.6413568427051	2.7520863693569173	33.24882819411985	0.632012040469312	173.36972629181682	3.856559929619689
24.646108	0.109186	13.745411	0.108783	2.035222	0.108387	-10.204534	0.107978	16.5886	0.2213	194.64743938510642	2.752172372055959	33.33932945073233	0.4371985341016613	173.35252512840643	2.166849176347868
24.646108	0.109186	13.745411	0.108783	2.035222	0.108387	-10.204534	0.107978	16.5886	0.2213	194.6413568427051	2.7520863693569173	33.338287629243915	0.437184872074409	173.34710803128044	2.1667814644271046
24.646108	0.109186	13.745411	0.108783	1.972212	0.226284	-10.204534	0.107978	16.5886	0.2213	194.64743938510642	2.752172372055959	33.16089554843602	0.7071854154541595	174.24956959448104	3.5878932007337547
24.646108	0.109186	13.712339	0.199597	2.035222	0.108387	-10.204534	0.107978	16.5886	0.2213	194.05261344859684	4.037844022152487	33.432708599084606	0.6502870135461749	173.34710803128044	2.1667814644271046
24.646108	0.109186	13.745411	0.108783	2.003715	0.194887	-10.204534	0.107978	16.5886	0.2213	194.6413568427051	2.7520863693569173	33.24882819411985	0.632012040469312	173.79448841912838	3.1717556783685623
24.646108	0.109186	13.745411	0.108783	2.035222	0.108387	-10.204534	0.107978	16.5886	0.2213	194.64743938510642	2.752172372055959	33.33932945073233	0.4371985341016613	173.35252512840643	2.166849176347868
24.646108	0.109186	13.745411	0.108783	2.035222	0.108387	-10.204534	0.107978	16.5886	0.2213	194.64743938510642	2.752172372055959	33.33932945073233	0.4371985341016613	173.35252512840643	2.166849176347868
24.646108	0.109186	13.745411	0.108783	2.035222	0.108387	-10.234445	0.19008	16.5886	0.2213	194.6413568427051	2.7520863693569173	33.338287629243915	0.437184872074409	172.924527269222	3.0838429354841397
24.646108	0.109186	13.745411	0.108783	1.972212	0.226284	-10.204534	0.107978	16.5886	0.2213	194.64743938510642	2.752172372055959	33.16089554843602	0.7071854154541595	174.24956959448104	3.5878932007337547
24.646108	0.109186	13.745411	0.108783	2.003715	0.194887	-10.234445	0.19008	16.5886	0.2213	194.6413568427051	2.7520863693569173	33.24882819411985	0.632012040469312	173.36972629181682	3.856559929619689
24.646108	0.109186	13.745411	0.108783	2.003715	0.194887	-10.204534	0.107978	16.5886	0.2213	194.6413568427051	2.7520863693569173	33.24882819411985	0.632012040469312	173.79448841912838	3.1717556783685623
24.646108	0.109186	13.745411	0.108783	2.003715	0.194887	-10.264352	0.219885	16.5886	0.2213	194.6413568427051	2.7520863693569173	33.24882819411985	0.632012040469312	172.94708967901158	4.142089339515566
24.646108	0.109186	13.745411	0.108783	2.035222	0.108387	-10.354049	0.249679	16.5886	0.2213	194.6413568427051	2.7520863693569173	33.338287629243915	0.437184872074409	171.2551406774867	3.7624420980430444
24.646108	0.109186	13.745411	0.108783	1.940712	0.244581	-10.294254	0.237256	16.5886	0.2213	194.6413568427051	2.7520863693569173	33.071376931618644	0.7499229948207011	173.4149673587088	4.82968420954597
24.646108	0.109186	13.745411	0.108783	2.035222	0.108387	-10.324154	0.246683	16.5886	0.2213	194.6413568427051	2.7520863693569173	33.338287629243915	0.437184872074409	171.66937805277257	3.742522561382912
24.646108	0.109186	13.745411	0.108783	2.035222	0.108387	-10.204534	0.107978	16.5886	0.2213	194.6413568427051	2.7520863693569173	33.338287629243915	0.437184872074409	173.34710803128044	2.1667814644271046
24.646108	0.109186	13.745411	0.108783	1.972212	0.226284	-10.204534	0.107978	16.5886	0.2213	194.6413568427051	2.7520863693569173	33.15985930283417	0.7071633166005735	174.24412446558463	3.5877810825746406
24.646108	0.109186	13.745411	0.108783	2.003715	0.194887	-10.204534	0.107978	16.5886	0.2213	194.64743938510642	2.752172372055959	33.249867220000915	0.6320317908455765	173.79991949689145	3.1718547957335113
24.646108	0.109186	13.745411	0.108783	1.909217	0.254511	-10.204534	0.107978	16.5886	0.2213	194.6413568427051	2.7520863693569173	32.98337710059467	0.7713019910754465	175.15023211752276	3.9974017062558884
24.646108	0.109186	13.745411	0.108783	1.972212	0.226284	-10.234445	0.19008	16.5886	0.2213	194.6413568427051	2.7520863693569173	33.15985930283281	0.7071633166005157	173.81716433044903	4.208131921427888
24.646108	0.109186	13.745411	0.108783	1.940712	0.244581	-10.234445	0.19008	16.5886	0.2213	194.6413568427051	2.7520863693569173	33.071376931618644	0.7499229948207011	174.26685831858828	4.433670159117891
24.646108	0.109186	13.712339	0.199597	1.972212	0.226284	-10.204534	0.107978	16.5886	0.2213	194.05261344859684	4.037844022152487	33.253270869049224	0.8546448734631722	174.2441244655915	3.587781082574924
24.646108	0.109186	13.679272	0.232552	2.003715	0.194887	-10.204534	0.107978	16.5886	0.2213	193.47354570636003	4.532308663310876	33.43822073571706	0.8689708235793598	173.79991949689145	3.1718547957335113
24.646108	0.109186	13.712339	0.199597	2.003715	0.194887	-10.204534	0.107978	16.5886	0.2213	194.04654930442655	4.037717839526794	33.34170043392291	0.794379595079054	173.7890573413653	3.171656561003613
24.646108	0.109186	13.745411	0.108783	2.035222	0.108387	-10.204534	0.107978	16.5886	0.2213	194.6413568427051	2.7520863693569173	33.338287629243915	0.437184872074409	173.34710803128044	2.1667814644271046
24.682328	0.209063	13.7463	0.2425	2.003886	0.258068	-10.175147	0.188531	16.5886	0.2213	194.01251764825483	5.680154803671591	33.24679713696061	1.0026518959812563	174.21139213656247	4.571600299574753
24.646108	0.109186	13.679272	0.232552	2.003715	0.194887	-10.234445	0.19008	16.5886	0.2213	193.47354570636003	4.532308663310876	33.43822073571706	0.86897082357936	173.37514409576343	3.856680447117489
24.646108	0.109186	13.745411	0.108783	1.972212	0.226284	-10.204534	0.107978	16.5886	0.2213	194.64743938510642	2.752172372055959	33.16089554843738	0.7071854154542172	174.24956959447417	3.587893200733471
24.646108	0.109186	13.745411	0.108783	2.003715	0.194887	-10.204534	0.107978	16.5886	0.2213	194.6413568427051	2.7520863693569173	33.24882819411985	0.632012040469312	173.79448841912838	3.1717556783685623
24.646108	0.109186	13.745411	0.108783	2.003715	0.194887	-10.204534	0.107978	16.5886	0.2213	194.64743938510642	2.752172372055959	33.249867220000915	0.6320317908455765	173.79991949689145	3.1718547957335113
24.646108	0.109186	13.712339	0.199597	2.035222	0.108387	-10.204534	0.107978	16.5886	0.2213	194.04654930442655	4.037717839526794	33.43166382694088	0.6502666920770015	173.34169093415449	2.166713752506341
24.646108	0.109186	13.712339	0.199597	2.003715	0.194887	-10.234445	0.19008	16.5886	0.2213	194.0586775927671	4.037970204778178	33.34378435532257	0.7944292453553177	173.37514409576343	3.856680447117489
24.646108	0.109186	13.745411	0.108783	2.035222	0.108387	-10.204534	0.107978	16.5886	0.2213	194.6413568427051	2.7520863693569173	33.338287629243915	0.437184872074409	173.34710803128044	2.1667814644271046
24.646108	0.109186	13.745411	0.108783	2.035222	0.108387	-10.204534	0.107978	16.5886	0.2213	194.6413568427051	2.7520863693569173	33.338287629243915	0.437184872074409	173.34710803128044	2.1667814644271046
24.646108	0.109186	13.745411	0.108783	2.035222	0.108387	-10.204534	0.107978	16.5886	0.2213	194.6413568427051	2.7520863693569173	33.338287629243915	0.437184872074409	173.34710803128044	2.1667814644271046
24.646108	0.109186	13.745411	0.108783	2.035222	0.108387	-10.204534	0.107978	16.5886	0.2213	194.64743938510642	2.752172372055959	33.33932945073233	0.4371985341016613	173.35252512840643	2.166849176347868
24.646108	0.109186	13.745411	0.108783	2.035222	0.108387	-10.204534	0.107978	16.5886	0.2213	194.64743938510642	2.752172372055959	33.33932945073233	0.4371985341016613	173.35252512840643	2.166849176347868
24.646108	0.109186	13.712339	0.199597	1.972212	0.226284	-10.234445	0.19008	16.5886	0.2213	194.05261344859684	4.037844022152487	33.253270869049224	0.8546448734631722	173.81716433044903	4.208131921427888
24.646108	0.109186	13.745411	0.108783	1.909217	0.254511	-10.204534	0.107978	16.5886	0.2213	194.6413568427051	2.7520863693569173	32.98337710059467	0.7713019910754465	175.15023211752276	3.9974017062558884
24.646108	0.109186	13.712339	0.199597	1.972212	0.226284	-10.204534	0.107978	16.5886	0.2213	194.05261344859684	4.037844022152487	33.25327086905059	0.8546448734632421	174.24412446558463	3.5877810825746406
24.646108	0.109186	13.745411	0.108783	2.035222	0.108387	-10.204534	0.107978	16.5886	0.2213	194.6413568427051	2.7520863693569173	33.338287629243915	0.437184872074409	173.34710803128044	2.1667814644271046
24.646108	0.109186	13.679272	0.232552	2.003715	0.194887	-10.234445	0.19008	16.5886	0.2213	193.46749984698982	4.532167033091093	33.437175823972574	0.8689436690897009	173.36972629181682	3.856559929619689
24.646108	0.109186	13.679272	0.232552	2.003715	0.194887	-10.204534	0.107978	16.5886	0.2213	193.46749984698982	4.532167033091093	33.437175823972574	0.8689436690897009	173.79448841912838	3.1717556783685623
24.646108	0.109186	13.712339	0.199597	2.003715	0.194887	-10.204534	0.107978	16.5886	0.2213	194.05261344859684	4.037844022152487	33.34274239462274	0.7944044202171859	173.79448841912838	3.1717556783685623
24.682328	0.209063	13.713226	0.2672	2.035395	0.234322	-10.264885	0.26313	16.5886	0.2213	193.42752884507712	5.982602083275261	33.430666711352536	1.0173926593312048	172.49415074729447	4.941085662756727
24.718558	0.24523	13.581852	0.303589	1.909548	0.299798	-10.235508	0.280734	16.5886	0.2213	190.51055297713265	6.67601936288829	33.44545036428641	1.222559652294729	174.69331835129276	5.907754524148065
24.646108	0.109186	13.679272	0.232552	1.814757	0.244505	-10.294254	0.237256	16.5886	0.2213	193.46749984698982	4.532167033091092	32.90464611068645	0.9358341506639579	175.21878856530537	4.929888334927424
24.646108	0.109186	13.61315	0.26218	1.877727	0.257667	-10.38394	0.246645	16.5886	0.2213	192.3080285707183	4.950336677428316	33.26660069726528	1.0420452213816156	173.0373544316908	5.033590982334032
24.682328	0.209063	13.713226	0.2672	1.846401	0.272928	-10.32469	0.273699	16.5886	0.2213	193.42752884507712	5.982602083275261	32.89824112049592	1.0588729326473658	174.32506939048392	5.536140929012146
24.718558	0.24523	13.548798	0.289665	1.815076	0.258155	-10.385021	0.267769	16.5886	0.2213	189.95272358356056	6.454292346007267	33.27142668737459	1.1002107371504894	173.9106153469149	5.302039079169139
24.682328	0.209063	13.547922	0.282683	1.846401	0.272928	-10.32469	0.273699	16.5886	0.2213	190.55586310169699	6.017196862097556	33.362984311580774	1.1203284327035121	174.32506939048392	5.536140929012148
24.682328	0.209063	13.713226	0.2672	1.87789	0.281351	-10.264885	0.26313	16.5886	0.2213	193.42752884507712	5.982602083275261	32.985768886339606	1.0814136681074882	174.73159524344538	5.543242588261299
24.718558	0.24523	13.780269	0.268508	1.878053	0.292176	-10.385021	0.267769	16.5886	0.2213	193.97242397446794	6.448560361755613	32.80041749892144	1.0935568542617609	173.01749778982727	5.591556836485071
24.791047	0.277846	13.616671	0.31266	1.846886	0.255298	-10.386101	0.244036	16.5886	0.2213	189.87425728308517	7.107314591578838	33.169480999360516	1.1375632362729673	173.44303234926213	5.007383459190848
24.646108	0.109186	13.48096	0.232445	1.783279	0.226184	-10.324154	0.246683	16.5886	0.2213	190.03119819080987	4.370943158762314	33.373934192143665	0.9253247161931145	175.2416437772468	4.844134094540536
24.682328	0.209063	13.61403	0.294332	1.846401	0.272928	-10.38448	0.263034	16.5886	0.2213	191.69400393150403	6.252655507411041	33.17555804080888	1.1316331536082327	173.4728884158551	5.376093259183465
24.718558	0.24523	13.581852	0.303589	1.815076	0.258155	-10.325227	0.287927	16.5886	0.2213	190.51055297713265	6.67601936288829	33.17692741685482	1.123615506031217	174.7617020914221	5.5667815712342446
24.682328	0.209063	13.61403	0.294332	1.814917	0.257922	-10.294789	0.271132	16.5886	0.2213	191.69400393150403	6.252655507411041	33.08703317676983	1.0974242551217377	175.20874083685234	5.414299734925591
24.646108	0.109186	13.48096	0.232445	1.814757	0.244505	-10.354049	0.249679	16.5886	0.2213	190.03119819080987	4.370943158762314	33.463985521175864	0.9677081873198763	174.35780896323055	5.007151323172147
24.646108	0.109186	13.547046	0.262136	1.814757	0.244505	-10.38394	0.246645	16.5886	0.2213	191.16268017641335	4.890848530061618	33.27548875229255	1.0166932064174672	173.93056667610077	4.951824138812048
24.682328	0.209063	13.713226	0.2672	1.814917	0.257922	-10.294789	0.271132	16.5886	0.2213	193.42752884507712	5.982602083275261	32.8111881007792	1.024116474337597	175.20874083685234	5.414299734925591
24.646108	0.109186	13.547046	0.262136	1.940712	0.244581	-10.264352	0.219885	16.5886	0.2213	191.16268017641335	4.890848530061618	33.636603304524	1.0390307295435255	173.83984176100125	4.68447925583526
24.646108	0.109186	13.547046	0.262136	1.783279	0.226184	-10.413828	0.237185	16.5886	0.2213	191.16268017641335	4.890848530061618	33.1864477030991	0.9767373003080491	173.95325170323014	4.674224839129982
24.682328	0.209063	13.680156	0.282795	1.87789	0.281351	-10.32469	0.273699	16.5886	0.2213	192.84613558910206	6.164289783847988	33.07819428835358	1.118032406915862	173.8752253950946	5.592995663706535
24.682328	0.209063	13.580974	0.291471	1.87789	0.281351	-10.205064	0.22605	16.5886	0.2213	191.12320063947126	6.1753750055051935	33.358528034169154	1.1547251300082817	175.596666307927	5.244973360852935
