18.29537175231947	0.07598196097507122	8.400761096493468	0.07431889573566866	-0.9586247328678081	0.07448504728199454	-12.080245492566323	0.07435611774010596	19.6092	0.2346	188.4841847771666	2.0246466917120665	36.664359063309504	0.41218905794708505	167.68937400823452	1.5868858494600593	11.718
18.286787141500245	0.07128257694803981	8.40267304352418	0.07292891520827113	-0.9663536720337309	0.07153947782568375	-12.085641215804904	0.06997243797769567	19.6092	0.2346	188.6843479005078	1.9467549893550062	36.62663082067199	0.3993745835173243	167.72456111143174	1.5094694971494713	11.718
18.280366999095524	0.07247014280842297	8.390553473409495	0.07104374020136014	-0.964421557932024	0.06863512164218744	-12.072653476574978	0.06700989510227272	19.6092	0.2346	188.57561048113507	1.9350749316477431	36.68164602364989	0.38733472418759424	167.8914913561389	1.4497855426630375	11.718
18.2763268839863	0.06695503866924321	8.380572983459853	0.06502481376575125	-0.9740822053126895	0.06442153119534738	-12.091169329914237	0.06454548480554292	19.6146	0.2351	188.46240942305712	1.777521798060307	36.682900196215506	0.3589346546814904	167.75775904676766	1.376117319999891	11.718
18.324592034359068	0.0679083662524825	8.394701198797751	0.07613363948588665	-0.9682857996825619	0.06822650764626503	-12.08572960373728	0.06552063676113688	19.6092	0.2346	187.81451418095136	1.9295931923946987	36.650257307358174	0.40017082755307354	167.75237689716417	1.4273225293829532	11.718
18.293495633989032	0.07991828465099625	8.382776038327776	0.07396011162316204	-0.9721500956220764	0.07297664525907539	-12.091434617058582	0.06954206839008888	19.6092	0.2346	188.17782151432124	2.0675271114252882	36.681837755448406	0.40741395695899907	167.72460670067397	1.5205577202607845	11.718
18.271711312712394	0.07484404986266563	8.374352200914684	0.07529054525207249	-0.9876061805188726	0.06903215462659873	-12.101959648538898	0.07658570817640137	19.6092	0.2358	188.43184349325725	2.021169185838869	36.654284144254724	0.3999315152815645	167.7990202954259	1.5566406790343579	11.718
18.295227694622962	0.07467866230850823	8.378596311082367	0.07201354608754194	-0.9876065906799552	0.06922935455876947	-12.098584183952365	0.07185925439594334	19.6146	0.2351	188.0656395322184	1.9674739820295122	36.63767337297224	0.3907511947484528	167.85000307084192	1.5073755638317448	11.718
18.30604915472134	0.07539319020304928	8.400858331478803	0.07684651014293488	-0.9547600039278569	0.07322333258851599	-12.071163783017916	0.07357397150678764	19.6092	0.2358	188.28285657805384	2.0463534247356616	36.679123747606006	0.4161514603169024	167.7680714206199	1.5665682484528585	11.718
18.284911012107468	0.07710191537750359	8.38669713955744	0.07671751124102666	-0.979878527766446	0.07145057472134646	-12.082088275754032	0.07169445503984262	19.6146	0.2351	188.41557145202043	2.0704154739421394	36.636215288035494	0.41005644446797385	167.98256072300202	1.5314988500464053	11.718
18.285054986652117	0.0750649543348758	8.390780073784324	0.07482864217683065	-0.9624891277411708	0.07256447499512386	-12.095075804247285	0.06947964878532606	19.62	0.2356	188.49058062105914	2.019176583711668	36.68833594608662	0.40886319749545336	167.52419517079744	1.5117922736327538	11.718
18.257212045887222	0.07493410500167122	8.380443658728074	0.0734784354567237	-0.9760142406529643	0.07162533833977268	-12.105733259358585	0.0681840105896461	19.62	0.2356	188.82467929241912	2.0064132010004383	36.6758324945227	0.40222367998301906	167.56735906956666	1.4888740599924424	11.718
18.288663242474193	0.07187182096206354	8.390521102926577	0.07270152108290842	-0.9876063562993787	0.06922918839570255	-12.09656461335647	0.06691219958256292	19.6146	0.2351	188.4169369218683	1.9460169899912385	36.59108752271914	0.3916972240045152	167.8805140856553	1.4550067846879327	11.718
18.281590516402716	0.07014728007524243	8.409187342293663	0.07668891189354785	-0.9547594105184564	0.07417675850262684	-12.086304157151263	0.06920846802245749	19.6092	0.2346	188.90817061056026	1.9887332303720784	36.64650085250627	0.41755069202372136	167.53987569559644	1.5269074570236223	11.718
18.280654870786897	0.08092038937049566	8.396710344296112	0.0765134465790961	-0.9779464213848743	0.07478795525246419	-12.089415054327008	0.07501044720601993	19.6092	0.2346	188.687585017535	2.12601434282495	36.604634306824714	0.41776965420904805	167.84258541861308	1.6000124393134767	11.718
18.28498299909623	0.07436622881357396	8.374675278700948	0.07679104209886871	-0.9895387794415172	0.07009077183091135	-12.096874248627238	0.06897383730072112	19.6092	0.2346	188.18564223921427	2.0298748493288574	36.64545476311152	0.4068676886004359	167.90504152185756	1.4865156192580775	11.718
18.266154706745798	0.06790348590407966	8.374675278700469	0.06765050116336543	-0.9818106330450039	0.07046284975206961	-12.087660738864027	0.06860825654168481	19.6146	0.2351	188.54385096965933	1.8270447120623818	36.67572269082123	0.38289226687460853	167.92749815465777	1.4870669970265626	11.718
18.268174749657483	0.07816078338534074	8.36861611007043	0.07464437684219166	-0.9760143431996031	0.07247911101670032	-12.091301972015485	0.07350230490473297	19.6092	0.2346	188.38997687159767	2.056742616744197	36.722252889055625	0.408866218077895	167.78491798232548	1.5582080942541063	11.718
18.283322778287395	0.07286905012542969	8.38491451308724	0.07021424504129785	-0.9972672451280794	0.06932645542731483	-12.102667712584966	0.06954112699172257	19.62	0.2356	188.41187120029528	1.9261565329507835	36.57527550660326	0.384661264040426	167.93429724717578	1.4848807361894563	11.718
18.27502628524168	0.07800055710046036	8.380928647052226	0.071737740670911	-0.966353430294923	0.07118783979676695	-12.097183899919338	0.06947531205692231	19.6092	0.2346	188.49395784738857	2.0189179416904546	36.711835571045874	0.39693457701849666	167.5506269042798	1.4973248052037271	11.718
18.244589663807794	0.07109733400147873	8.35831371972556	0.06697579102360884	-1.003061374562621	0.06625879180717385	-12.118586362433954	0.07584260605768008	19.6146	0.2351	188.64308802417918	1.8637846386975905	36.656567993854694	0.3689099861468487	167.7813351313405	1.520136197788358	11.718
18.289167259076578	0.07400475338007607	8.382711356699277	0.0694618854691465	-0.9818106330450039	0.07538779693650902	-12.096874248627238	0.0706878620677783	19.62	0.2356	188.25881238751404	1.9288148810368484	36.64424975835027	0.4011307021667049	167.7882995232086	1.5600454561037287	11.718
18.285702900163802	0.07046129182035778	8.385043914875228	0.0713423063353534	-0.9624887980823117	0.06853495602059541	-12.097316612520709	0.07068848605243876	19.6092	0.2346	188.36903946717152	1.9077701793583755	36.71085121575134	0.3885232725066422	167.49047710756116	1.4810029796608164	11.718
18.281230641369625	0.07502560307441354	8.380896312750563	0.06758138185909905	-0.9779465971865274	0.06727178126182497	-12.097139663039187	0.06712673212909548	19.6146	0.2351	188.37521655806185	1.9212797811697016	36.66648601350008	0.3735892900798263	167.72598623889587	1.4335300566367917	11.718
18.24704052062159	0.06996296355757109	8.350439790017697	0.0681429261112992	-1.0088574862393347	0.0715349764054605	-12.11696545317096	0.0662068083216052	19.6092	0.2346	188.44628311452843	1.85967236856245	36.66470596358571	0.387030950730696	167.8933648018898	1.4732241437677502	11.718
18.268606270116578	0.07303994886644463	8.372827809712671	0.07094339476181419	-0.995335163321847	0.07280990337691634	-12.106308736002317	0.07190321158877144	19.6092	0.2346	188.46194168687043	1.9391749388420936	36.63000778781266	0.3974861479775589	167.85006380866702	1.5458623296197764	11.718
18.25591077044052	0.07859715230904289	8.366736301126522	0.07913077458299152	-1.00306278077591	0.07891886313543706	-12.10806280223801	0.07810182302258799	19.6092	0.2346	188.58779657875743	2.126912531820667	36.62361163352488	0.4368273167065527	167.94035295330724	1.6791297260213571	11.718
18.26204273038802	0.07053227358403467	8.380734644986731	0.06748775281108532	-0.9953348117411296	0.06480652518430399	-12.10244643357494	0.0636076456601094	19.6092	0.2346	188.73792892928415	1.8645648244318815	36.599119091797995	0.365228833048561	167.90842539880026	1.372739823180623	11.718
18.253818889607942	0.07876501748883423	8.370754220657037	0.07452033348470187	-1.001130856090747	0.07538541404171502	-12.113590528487807	0.0720645994605279	19.62	0.2356	188.7043832678673	2.070343719844931	36.61545994744891	0.41414083761434467	167.82761675917396	1.5750457118640293	11.718
18.23261395880966	0.0773843436420673	8.328440880608804	0.07282956522848198	-1.0223803997228984	0.07618515857074595	-12.128153096144127	0.0669336241358169	19.6092	0.2346	188.3022043764215	2.020374556303114	36.69794046663459	0.413633975115681	167.92866864201247	1.5334272915207294	11.718
18.247758861737374	0.0759484839130789	8.35277077835127	0.07738735782434387	-1.0146544815228484	0.07516059911102702	-12.119251070450817	0.07056059052342917	19.62	0.2356	188.47699536719674	2.0653367759725905	36.63289251206303	0.42187970779577194	167.94645426474455	1.5591648676126355	11.718
18.234992759756167	0.07667927710643664	8.348656488736163	0.07100297717497198	-0.9972669594681758	0.0732181731106275	-12.102534944197533	0.07529202574670359	19.6092	0.2346	188.64193691425126	1.994053208256727	36.71717241870671	0.40069340113784324	167.93630065616833	1.5881779472571222	11.718
18.251870732275037	0.07378577164176625	8.350729720900752	0.07269808467700858	-1.0030630151569673	0.07280904920802413	-12.113679120025953	0.06854098011185757	19.6092	0.2346	188.3598689290831	1.9705609521370389	36.68628248912646	0.40353887430439306	167.85546413880184	1.5106927254205866	11.718
18.270482503719403	0.08174615645271147	8.362686185963604	0.0756887748093236	-1.001130746224807	0.07255967041077174	-12.100648046722805	0.07145641783524756	19.6146	0.2351	188.23334305011866	2.1165415824966534	36.64700892219963	0.41035288325500213	168.0233088214705	1.5416088540665385	11.718
18.210909707180903	0.07159649839045726	8.338130242086468	0.06945672910708076	-1.010788124902223	0.06693779802376115	-12.122138220454737	0.06747900539290139	19.62	0.2356	188.9009705670551	1.908590461750125	36.70541010085683	0.3787256404568465	167.84437598607528	1.4357606546767745	11.718
18.251511472082015	0.07301367330767075	8.368648395317537	0.07250413737458193	-1.0030624292105723	0.07361891734895387	-12.107929977089343	0.07280079778855504	19.6146	0.2351	188.70823248938498	1.9647707548688291	36.616140754325016	0.403710525402765	167.94235636849845	1.5658068854716674	11.718
18.223673563915316	0.07682697201788687	8.344252655789465	0.07391123054857315	-0.9991976851980218	0.074402191316166	-12.114901473293619	0.06973681438766637	19.62	0.2356	188.7739818451181	2.037043080741148	36.72689104520733	0.41223486673038234	167.77863630624398	1.539194813394326	11.718
18.256996433285856	0.07112740255280253	8.350214302137767	0.07004117561466183	-0.9953337570628994	0.07247636396630132	-12.111127956482427	0.06809410675915292	19.6361	0.2362	188.25261305455788	1.8968994027488173	36.718647262416745	0.39600311855325104	167.77727166343362	1.501006827317502	11.718
18.228000146478433	0.07210383742299073	8.344317033354793	0.07582684327822302	-1.004993444626923	0.0704597360349069	-12.126044641561002	0.0743991384479189	19.62	0.2356	188.69257561227315	1.9976378256222451	36.70387067237834	0.4063627325007677	167.69796219128804	1.545156904353913	11.718
18.245236065968548	0.07414544316663631	8.354586251108005	0.07673976747569906	-1.0011305264953294	0.07385729123525045	-12.109772547247843	0.07068237009599385	19.62	0.2356	188.55966575105413	2.03432265890571	36.67873780459388	0.41755947787534126	167.88529323987464	1.5449999288824232	11.718
18.256198252571934	0.07325019817155143	8.35882965097374	0.07382976244490941	-0.995335339116291	0.07247741482751392	-12.11745284356019	0.0701634198472799	19.62	0.2356	188.43166282093196	1.9800493501376637	36.68482253876194	0.4057425758498341	167.68188453373813	1.5208440396391558	11.718
18.24616983884623	0.0736378535558415	8.344960863648344	0.07248783509542103	-1.0069279013078631	0.06922821352631185	-12.095606569149734	0.07054778067045395	19.6092	0.2346	188.35857599031795	1.965722433081039	36.6937515281021	0.39328888381878113	168.1875432606255	1.4991703101497904	11.718
18.243431569776348	0.06798960452869192	8.362750710895419	0.06937939087194492	-0.9934030804121202	0.06590936081586454	-12.111792256686018	0.06509583781275737	19.6092	0.2346	188.7499100301934	1.8556489964856	36.67702458873284	0.3751338419630692	167.73811328088797	1.397564266340729	11.718
18.24616983884623	0.08449243376186369	8.342952033502346	0.07711933507011648	-1.0127237060593366	0.07508604390484305	-12.110348230406514	0.07718019908389159	19.62	0.2356	188.32036816805817	2.1753565442469354	36.67889869340743	0.42198292444441443	168.0519663518295	1.630584372624346	11.718
18.242057916936	0.07157324022921306	8.344993057771132	0.07015881350842611	-1.016587665603197	0.07289055628598289	-12.110392516017766	0.07508296830450233	19.6307	0.2361	188.4374458174663	1.9082510061029467	36.655762824642295	0.3961349860970895	168.10982780908904	1.5857300821908649	11.718
18.241267976849116	0.08239708681076513	8.358700662190161	0.07885113492307085	-1.0088584603288306	0.07478393584312293	-12.126488043912394	0.07686243138040791	19.6092	0.2346	188.71388008503433	2.1778049642929354	36.63236902714909	0.4249776188332852	167.7495736955187	1.6181062211025437	11.718
18.231670614193675	0.07888483891333262	8.363105615821933	0.07575287898087135	-1.0107920798823855	0.07345935392954771	-12.1141220973609	0.07182924462866605	19.6092	0.2346	188.98164256490588	2.094378178460652	36.60759843976186	0.4120896995597291	167.96561213753353	1.5542146531699803	11.718
18.218618212938615	0.0746085239855922	8.338773574598308	0.0780594241969245	-1.0127229369891033	0.07353832566052351	-12.106441546158166	0.07652600665786989	19.6146	0.2351	188.76588564090244	2.0630853082248515	36.6952906665312	0.42082353535497974	168.11113467484276	1.6083030003986776	11.718
18.209391729400874	0.06906255049962662	8.33236167485267	0.06847183686048582	-1.0262432131191281	0.06980397843073986	-12.13723182246319	0.06712258931812126	19.62	0.2356	188.81967685134654	1.8591788915376988	36.66741857013279	0.3831074585505402	167.84983665471768	1.4629322057733554	11.718
18.231239982082656	0.07102231866620684	8.344832089641494	0.07381438290009643	-1.0204504927916649	0.06769853213384085	-12.110171091234976	0.06703092191730918	19.62	0.2356	188.64057031034835	1.9545234457776464	36.64127372978836	0.391864531783927	168.17174126213973	1.4447253737879453	11.718
18.22092501889074	0.07951543506308588	8.342887661769293	0.07201059300548027	-1.024314494790742	0.07153412889186256	-12.104731686838138	0.07239720521718958	19.6254	0.2359	188.80042216142235	2.0503904091839016	36.63376501588939	0.3969595779524211	168.3129426290335	1.546000255647125	11.718
18.20347575614078	0.07109392089300784	8.342565818001688	0.07836592479927394	-1.004994440686339	0.06769958060013082	-12.115344471123477	0.07154052180178513	19.6146	0.2351	189.1283497010399	2.0293764882775776	36.710743034880004	0.40670774583939884	167.85948399840396	1.4881018278155889	11.718
18.25612638119007	0.07726532913923444	8.35277077835127	0.07426207400777182	-1.0107907614656293	0.07297219484892528	-12.117408533705705	0.07298050371337947	19.6254	0.2359	188.31774783652452	2.0378412324882134	36.648008474183946	0.407492745738981	167.91589135372627	1.5602963951343702	11.718
18.24184247194515	0.07067941887464542	8.358958643738262	0.06697680495522841	-1.0069276376173988	0.06671585129668475	-12.099203581708634	0.06998777478462892	19.6307	0.2361	188.70783625200252	1.85927719753536	36.63891193542046	0.3698171685408557	168.13299926461784	1.465621038520515	11.718
18.23982245276965	0.07420294458359848	8.330867264122347	0.07716303206118477	-1.0378369729640284	0.07126844849215325	-12.12320208345772	0.0763557014239694	19.6307	0.2361	188.2113288076563	2.0333596161468797	36.62789153929707	0.41066302459167997	168.23781666743605	1.5851623695088433	11.718
18.233403498316544	0.07186249803268124	8.328794297709104	0.07050267203728355	-1.0204506758962786	0.06637363957587677	-12.123113420998912	0.0671811010776938	19.6146	0.2351	188.2939130032967	1.9138482530131729	36.7041278336961	0.3801449090640974	167.9757069062976	1.4288004467800977	11.718
18.256845120472207	0.07882677766783237	8.361128877506811	0.07524224863830592	-0.9934040473183291	0.07256183668931909	-12.082839405890477	0.07364178496134334	19.6254	0.2359	188.46312660557476	2.0753770367434288	36.683379642513486	0.4099114743164275	168.17606693646485	1.5678688743047173	11.718
18.21833134333695	0.07027422848742496	8.348688696140774	0.06657195842941221	-1.010790468496517	0.07018261493033531	-12.119162438457296	0.06759066168333903	19.6092	0.2346	188.9610079936018	1.8533069331977496	36.66399343633252	0.3789363470040186	167.88937462610141	1.4726502973498117	11.718
18.21638318959761	0.07539952514039733	8.32866577892955	0.0735291623428216	-1.0088588778120984	0.0697108208066637	-12.097139663039187	0.06892311020281217	19.6146	0.2351	188.6155869643551	2.008996333936005	36.75019828857916	0.39877822599819085	168.19357836207925	1.4869855423948717	11.718
18.235279900315213	0.07324767610985429	8.360838567228829	0.0752285072462745	-1.0165864863819742	0.07153439691360752	-12.110082523613727	0.06947835433772961	19.62	0.2356	188.86917854297553	2.008301905521232	36.593828337515696	0.4051007766909957	168.11450753591402	1.5112151797223545	11.718
18.220638108362216	0.07672921397392253	8.33472395664757	0.07556604599874672	-1.0165864863819742	0.07765353654300847	-12.111925125564975	0.07637852874605917	19.62	0.2356	188.64999174885227	2.055057656697135	36.69602081444538	0.42519297274990203	168.08658877383814	1.6500743766562995	11.718
18.24783069895945	0.06832373195600422	8.35882965097374	0.07371989396896325	-1.0107909079521078	0.06625886483204887	-12.121137915675853	0.06964230560714627	19.6092	0.2346	188.59110380322053	1.9168524863545575	36.62430943725353	0.38744550337271044	167.8595296667445	1.4523160264344899	11.718
18.235136328905522	0.07172690894016465	8.344703319608858	0.06927004662498547	-1.0088587386502081	0.07008943870620307	-12.122891770587083	0.06816518866428636	19.6092	0.2346	188.56379911757307	1.9010943603527548	36.68718724721035	0.38651506609048514	167.80385822065662	1.4761721167005453	11.718
18.21198499511752	0.07529644925252041	8.32856939244778	0.07093872250617442	-1.0204493941937807	0.07385518662247136	-12.113590528487807	0.06701133986612054	19.62	0.2356	188.6976828786858	1.9751000208506855	36.70501584081469	0.4020524927812933	168.11988602446624	1.5113648100964392	11.718
18.192374343511304	0.07190144511156464	8.292064982932867	0.06501823495286273	-1.0397635380980046	0.06682471144059796	-12.127842673806942	0.06789477237012166	19.62	0.2356	188.37569163009127	1.8444847460960807	36.77263056070868	0.36740123670083513	168.1966371564491	1.4450740531081723	11.718
18.235208114327765	0.0715033651192242	8.364824178548403	0.06796060495173406	-0.9876071180623258	0.06980853399699775	-12.10082504404773	0.06909243989736782	19.62	0.2356	188.94681658637745	1.8883941157028066	36.69162293489507	0.3822243985846198	167.81616590007286	1.483166911412234	11.718
18.215666129195213	0.07551842573177424	8.334370287621326	0.07745748876619905	-1.0416961217457106	0.07296763588414623	-12.133547159811718	0.070558268940587	19.6307	0.2361	188.73816279280402	2.066278077146912	36.59913098705522	0.41538312470927846	168.13944009439297	1.5386578190530793	11.718
18.215522723889304	0.07824308429203444	8.316229214525944	0.07015467560596361	-1.0397640506850914	0.06970721033637983	-12.140827641939422	0.06749605082353831	19.6146	0.2351	188.3950224717369	1.9999618543993043	36.67765387729919	0.3877021882362977	167.99990449744845	1.4684199344993172	11.718
18.22258627080455	0.06671857746158727	8.334659650955485	0.06873835676327172	-1.0011310758245502	0.06853118613460914	-12.106308736002317	0.06670458883375063	19.6307	0.2361	188.61159622757174	1.8272487513554128	36.75702387751669	0.3821632457501088	167.93766657497812	1.446234812110558	11.718
18.215737832695012	0.06890783004385756	8.322350964293463	0.07302462156163471	-1.0243117264107002	0.0711812089008671	-12.140960819355126	0.06612467816807882	19.62	0.2356	188.50749980346717	1.9130792386471633	36.714268398820316	0.4005729436995374	167.76436924095262	1.466203627172159	11.718
18.20109775483793	0.07234146375933227	8.332393817460149	0.07173172823992562	-1.0339700277420851	0.07073100204757723	-12.142803106073206	0.06990143814976557	19.6092	0.2346	188.9789819397879	1.9508570815896635	36.637043823097756	0.39404550668196053	167.88240582970442	1.5028471550757982	11.718
18.215307620163227	0.07524754400448042	8.326175345482781	0.07002595920280154	-1.0320370368986973	0.07082176848808187	-12.125955965023508	0.06773146938672042	19.62	0.2356	188.58860123914098	1.9602389682564818	36.66895648850687	0.39025406286268016	168.10809915176333	1.4849551221426471	11.718
18.224534419078324	0.0733747993909183	8.320535020793514	0.06448705608915943	-1.0339714338034995	0.06801343402937403	-12.13201533089452	0.07228111377467743	19.6146	0.2351	188.30550650818995	1.8573004751732272	36.683483444614886	0.3675411163813926	168.0456160062289	1.5028214561063418	11.718
18.210036850729526	0.07390902834635588	8.322607798813927	0.07412914340607035	-1.0281767932299672	0.07187978075267258	-12.1284191852165	0.07054363379458886	19.6146	0.2351	188.62108778312873	1.9969447998700531	36.69808445290532	0.4052390388981744	168.0123331808674	1.524383387075633	11.718
18.216096358662465	0.07337155309607908	8.334563194278305	0.07297825389575481	-1.0146538370057008	0.07162138909419358	-12.120916303344192	0.069456098341494	19.62	0.2356	188.73362990600856	1.9765312475697054	36.704237532565244	0.40143229425541116	167.9212632335417	1.508452452957044	11.718
18.200596260457036	0.0726235624865021	8.312084086540018	0.07101353630148534	-1.0358999491970544	0.07385189341446319	-12.164598058755171	0.07359869701236485	19.6146	0.2351	188.60042748089964	1.937272117832334	36.709078807567245	0.4023357552082589	167.5827311326789	1.5700629340547847	11.718
18.222873210966416	0.07351612535039775	8.33077084953127	0.07010534531083043	-1.018518665918592	0.06961431512140646	-12.124911602979333	0.07152894912295371	19.62	0.2356	188.53197783532224	1.9360796813755694	36.703952968049784	0.3878639685239338	167.9192906031279	1.5090814137434765	11.718
18.209606764765088	0.076652809635539	8.314381125951032	0.07510046068673482	-1.0243121218750253	0.06932322021091186	-12.124468247292874	0.06988725490943505	19.6307	0.2361	188.47247058575894	2.043939347547828	36.74559957728941	0.4021516295792657	168.013638914527	1.489964542360106	11.718
18.209535085745948	0.0707295240514601	8.320374539243389	0.07309223572054917	-1.0301069741474218	0.07091271095465435	-12.129951144943925	0.06975585502607386	19.6254	0.2359	188.5880620888904	1.9396481957181784	36.69927395378726	0.3997013780851114	168.01836083947495	1.5056936193039756	11.718
18.187977083242554	0.06614573099404134	8.322094145624199	0.0682864889353833	-1.032036582889092	0.06333270330490419	-12.142447919808488	0.0640721829349679	19.6254	0.2359	189.03301761667151	1.8215669609547647	36.68495690505413	0.3652550141983293	167.85855776136688	1.3611053817184007	11.718
18.2266260517674	0.0774377957636779	8.332586678312978	0.07254350118264376	-1.0223811613825131	0.07618517588814623	-12.113590528487807	0.07206459946052995	19.6146	0.2351	188.49506786424766	2.021527153410026	36.68167422272213	0.41249312599598303	168.14916763559143	1.5898734512291945	11.718
18.196413660043834	0.06986586458374931	8.29802576189564	0.07282576754027682	-1.0513518766042023	0.06542381211132836	-12.144334542602504	0.06975397683560473	19.6254	0.2359	188.41225887901732	1.920974547374255	36.703607013013304	0.3843230630307408	168.12228769339677	1.4494058245362043	11.718
18.205638858177856	0.08170897663084978	8.312468850616318	0.07523478890532251	-1.033971199455605	0.07329430714765983	-12.126443702202195	0.07215079004790115	19.6146	0.2351	188.51163193651698	2.1164156114771973	36.715142965808894	0.4126032075001787	168.1300199472251	1.5588862068776743	11.718
18.201026111091682	0.07204127579917058	8.314284910176868	0.074232492766664	-1.022379828493447	0.06942071011494515	-12.122492820487576	0.0731926574787437	19.6254	0.2359	188.63421073247721	1.9736378712777225	36.75358302611853	0.4000845045354105	168.0142917910773	1.5269186963055186	11.718
18.19028308824759	0.07272376302555192	8.318173505013572	0.07102377622146477	-1.0359004324939587	0.0676962029907449	-12.135212010118396	0.06661907586706753	19.6254	0.2359	188.9137886311711	1.945223373080431	36.68517962892962	0.38480329439000466	168.02642309010548	1.437824647169049	11.718
18.209535085745948	0.07087612139071978	8.30832371835339	0.0666621743908855	-1.0436282063505702	0.0685263502003379	-12.14284750583269	0.06923592744491226	19.6307	0.2361	188.35853048170645	1.8510124723826398	36.693503711591774	0.375105156205044	168.0278200501767	1.4747209100234513	11.718
18.197344806822567	0.0783604019103664	8.320535020793514	0.06704585066560348	-1.0262446485154224	0.06715837035386542	-12.139384841895962	0.06543290299958812	19.62	0.2356	188.82388782953765	1.9716016568951973	36.713808905385726	0.37275095795257157	167.81733971660773	1.4159136007055702	11.718
18.186744886873086	0.0745423935756304	8.304403010475264	0.07379836085246289	-1.035902607419422	0.06932271312936245	-12.130084206919024	0.0652596283564767	19.6361	0.2362	188.71818506957243	2.0031101218003466	36.739256368904584	0.39826313959957754	168.1041189405939	1.4426268014921286	11.718
18.208017017176587	0.07272667043627921	8.318622737818927	0.06814052612586104	-1.0359038157760692	0.06932289013365006	-12.135833242262045	0.06996359384243092	19.6254	0.2359	188.58360486684577	1.900461837780975	36.68340462702261	0.38118519415502805	168.0170703338648	1.4908424921234111	11.718
18.180327982523213	0.06912162182875048	8.294297179189947	0.07152664238197845	-1.0552175347311359	0.0672651868033733	-12.142891905920433	0.06407251804363992	19.62	0.2356	188.6477657465943	1.8980715031776854	36.70306889284918	0.38544891394414726	168.2027773107109	1.4092738818562733	11.718
18.19128552295138	0.07168012078943031	8.306571638677243	0.07461586732879613	-1.0552197388694027	0.07117794561192937	-12.14504504748831	0.07030419827674306	19.6307	0.2361	188.67289888055072	1.974923436722298	36.654938015685644	0.4037553946543985	168.1701533838758	1.5171171965963288	11.718
18.194823701553812	0.07109280191545375	8.316325452456987	0.06801027828921824	-1.0668053077868094	0.0708186671643122	-12.157540872814685	0.06782448111369001	19.6307	0.2361	188.79161347438026	1.8802696118357436	36.571576313707546	0.38269234972236377	168.15635105678786	1.4867487853496908	11.718
18.161150334063567	0.07494769730761397	8.282087883241479	0.06943819922114204	-1.0610101667838534	0.07054600708792313	-12.151881023298257	0.07197122535085083	19.6146	0.2351	188.78083142349558	1.9523958939773756	36.728275869781996	0.38912333538063176	168.15429980914485	1.5279756241227074	11.718
18.201599276855692	0.0779141650129885	8.31855855873264	0.07333611220998089	-1.0359033324282196	0.072886832907892	-12.124689921040053	0.07143459725779623	19.6254	0.2359	188.7048405791673	2.0430193834026102	36.68365819994463	0.405467834166015	168.18590638818486	1.5479017341720303	11.718
18.209821805207493	0.08152936692305163	8.320502923988263	0.07683527103968585	-1.0378344829721697	0.07455143101717132	-12.122758784272001	0.0720781817119326	19.6146	0.2351	188.5850426658404	2.136361673239533	36.66846660225397	0.41948476754738273	168.24450690494479	1.57389814211099	11.718
18.215522723889304	0.06632965958207485	8.312212337274245	0.06884656944470913	-1.0416955945094473	0.07054849444313926	-12.13345842825042	0.06463660403034055	19.6361	0.2362	188.31860765178712	1.8179144484988714	36.68583068834166	0.3866072831467272	168.14077717904286	1.4504447518701733	11.718
18.218116197063857	0.07608302827512076	8.336539711401434	0.07424620385634875	-1.0223807805500624	0.07213638038699112	-12.119029492923445	0.06973698240344338	19.6415	0.2362	188.7328024892385	2.0304018962946975	36.66618206179447	0.4055640484689662	168.06674442809705	1.5196301982292055	11.718
18.187174416232256	0.07524568860694919	8.294553135048668	0.07002390114367792	-1.061014545596702	0.07108915899537718	-12.13587761844587	0.07032113282965773	19.6307	0.2361	188.52208834660826	1.958803904923302	36.67932234295812	0.391215222149377	168.39735271517333	1.5204401186161531	11.718
18.16511791115679	0.07649120045439968	8.294041239127154	0.07513855701089775	-1.0571464117661435	0.07280114096384131	-12.142536714405944	0.07177974155794654	19.6415	0.2362	188.88518651716495	2.0517294688044867	36.68710777057216	0.4104598042724342	168.19436279817361	1.5511977203476777	11.715
18.182061374286672	0.07299907892206524	8.310203923653647	0.07097365137778767	-1.043627122588822	0.06932185869269858	-12.146354398493514	0.07069399041300735	19.6254	0.2359	188.91861359193751	1.948426775128785	36.68613223430008	0.38910900279833494	167.9747306049958	1.4979500607164002	11.718
