18.757292642215013	0.08271863207939954	8.724053660744797	0.07934843777440535	-1.5626213601157632	0.07433092096985797	-12.343073431516798	0.07289513136067369	18.4225	0.2292	185.35644505861092	2.1175818151221755	33.26531587236552	0.35159972264924133	172.50904671821485	1.66596250526053	11.685
18.761484704490968	0.07840677909807564	8.728077271012756	0.08224051675541212	-1.554912271856233	0.06877121807146833	-12.339392165186549	0.07071816284436924	18.4225	0.2292	185.35333308836826	2.099104235039477	33.27723833800833	0.3469319249592325	172.44461748952293	1.5773166468017528	11.685
18.75916690012214	0.08263621601117138	8.734011655694829	0.07453894208750136	-1.5876671717890591	0.07347181202235128	-12.33741621576611	0.0745055205849785	18.4171	0.2297	185.50590636115723	2.0592596052025764	33.15250353790693	0.3361673646972749	173.00176054535694	1.6840035009829752	11.685
18.763802583322118	0.0811237367721739	8.738237795010193	0.07755773855419942	-1.5414272298290008	0.0781105971356571	-12.319279253744883	0.07762748156379588	18.4225	0.2292	185.4983284529681	2.07659603637442	33.28800043760683	0.35644848150205394	172.55066277604257	1.7630568628611616	11.685
18.75512273286036	0.07725012166902015	8.738102854394512	0.0774378724176002	-1.5838177423817925	0.07618047592689137	-12.34486891783294	0.07324455682968127	18.4225	0.2292	185.6565657842762	2.027279865040073	33.151727010200965	0.3488898098671048	172.82006002083995	1.6971945553942986	11.685
18.75512273286036	0.07725012166902015	8.726031770201216	0.07031677110437687	-1.5722550952346879	0.07702649817284678	-12.34486891783294	0.07324455682968127	18.4225	0.2292	185.43310824012147	1.9314277875525514	33.2278075292103	0.33651299526722	172.6345658216725	1.7033523764842218	11.685
18.741660934805534	0.08183562311643572	8.721604171348968	0.08029525761617637	-1.5799359755291538	0.08255090335811383	-12.351689399370356	0.07485286555686582	18.4225	0.2292	185.60029687768528	2.123629886037518	33.21731400998316	0.371335557657074	172.64835508698636	1.7860554144887195	11.685
18.782298050543858	0.06874207804046462	8.756176803194837	0.07081893161447042	-1.5549078588091045	0.07434088439473478	-12.324576411198299	0.07713542453136904	18.4225	0.2292	185.48803312352942	1.8259132133874794	33.186566211240354	0.3304586833908253	172.68177762223024	1.7177018510225812	11.685
18.763358946517577	0.07524060478788194	8.734011655694829	0.07902198309320146	-1.5799589869386705	0.07315532491171993	-12.359502873756853	0.07194553672443396	18.4171	0.2297	185.42836897576774	2.0173421408710106	33.17728018643326	0.3463955282853003	172.52358073359412	1.6421701981999102	11.685
18.72982456642035	0.07570538009385643	8.697801094231627	0.07550510889890871	-1.5915211700755116	0.07181810301815315	-12.355821910273818	0.07307796462816121	18.4225	0.2292	185.37890338718017	1.9757822070249507	33.2567573505135	0.33681023226439283	172.76788849681805	1.644505082954861	11.685
18.758179649134586	0.07441316532574178	8.744577502770877	0.07721298815706536	-1.5742118760019304	0.0666705095212991	-12.328888825390276	0.07126223621402283	18.4225	0.2292	185.71993203306255	1.988846801242028	33.161786841897396	0.32784444489427755	172.92248933005524	1.5690869191229533	11.685
18.75310065105245	0.06770618069873416	8.720030117326202	0.06999552408020117	-1.5703301972933101	0.0720822767387173	-12.346754639369534	0.0699591351821562	18.4279	0.2298	185.35955705457417	1.7991420272139604	33.25340254210051	0.3246860083727854	172.57352102498444	1.608599631753309	11.685
18.7360380900568	0.07517040821553586	8.711848704675432	0.07615797819696696	-1.5934457934606578	0.07493322437609547	-12.357617229072686	0.07565961774670056	18.4225	0.2292	185.5237803807758	1.98045497555082	33.20521251548804	0.34425820877624835	172.76996387070804	1.70915724646555	11.685
18.74299026023737	0.07635839380608557	8.714163130853798	0.07517757593372813	-1.5799773973205957	0.06887654376416645	-12.352502103492728	0.07188684457170964	18.4225	0.2292	185.43798651987598	1.9813558311879174	33.24119122997673	0.3292397259124401	172.6359939525843	1.5954670993614455	11.685
18.750783020669026	0.07393814818991881	8.705847417767897	0.07550606496741774	-1.5761048003708893	0.0744114487110442	-12.33741621576611	0.06814366850471323	18.4171	0.2297	185.09307761640034	1.9472917587403102	33.272051168765145	0.34304646090375684	172.7715120798071	1.6199220535865317	11.682
18.744569158600072	0.08292655791934195	8.723986302175378	0.0684833239701582	-1.566471309585138	0.07339084692108998	-12.354026563953434	0.07437035301631009	18.4225	0.2292	185.5905526330172	1.9919072533972155	33.25308812838655	0.3243734489168551	172.39545626204074	1.6697741575462857	11.685
18.73806006626664	0.06916147195463979	8.72187352573817	0.0717890456627941	-1.5761002270969509	0.07471326897790709	-12.344688421486357	0.07302206617435542	18.4117	0.2302	185.6720122477546	1.8478689437218105	33.228817829438626	0.33433288466289507	172.6991019117754	1.6754410353730462	11.685
18.718977224569723	0.08144008849969733	8.695621717914888	0.07509111793448563	-1.5895824906963822	0.07433359179980148	-12.364798229068862	0.07272436638273792	18.4171	0.2297	185.53921476635884	2.0505268502463756	33.27007290324884	0.3417856600575668	172.59287936166146	1.6656986528182893	11.685
18.761484704491448	0.07840677909806505	8.720030117326202	0.08121887095040212	-1.5857471184538792	0.07432801127766343	-12.346754639369534	0.07433093836040963	18.4171	0.2297	185.15724281380201	2.0816089144900918	33.195132447554506	0.3546220335169366	172.77639120554375	1.687747704117377	11.682
18.721589216167725	0.07808441982051667	8.701891406705634	0.07678560968704515	-1.591525860003611	0.07075966993194503	-12.341187693980498	0.06951463513510386	18.4117	0.2302	185.6069459772098	2.028650612832506	33.24352690451992	0.3372249811937188	173.0031640763515	1.5963917605524895	11.685
18.73806006626664	0.0749881696577734	8.689687949807427	0.07419033966506351	-1.5915164802175819	0.07315080232019369	-12.359412520350519	0.07279606659576644	18.4225	0.2292	185.07729296594923	1.9429199388712624	33.283016223855626	0.3372861627497619	172.71020291219656	1.6552675748793466	11.685
18.744716882061724	0.07963837430720418	8.716006640755529	0.08134918778767268	-1.5741845217306052	0.08083596343119331	-12.343073431516798	0.0767922318276833	18.4225	0.2292	185.44014786357775	2.1050408546012296	33.25394916790106	0.3706107842007947	172.69427938278554	1.7880053717209943	11.685
18.74299026023737	0.07971673260718563	8.718186653062807	0.07859152110787701	-1.6031018982580825	0.08232183959994127	-12.359864300729859	0.0711019529749135	18.4225	0.2292	185.51241330032906	2.0715557817866967	33.15375712478324	0.36558856692906166	172.88896421115098	1.748322803786504	11.685
18.738355405672774	0.07724786899954333	8.677753449429096	0.07591278057713607	-1.6107950558135264	0.07702124601058193	-12.385358521107744	0.07465523006689566	18.4117	0.2302	184.85230984361115	1.9899841441817212	33.25925845331175	0.34958998709224304	172.60332783032285	1.7183259380076614	11.685
18.727655027056414	0.07370455005141639	8.68368715080302	0.06788445651158391	-1.6050072739354242	0.06710950603843469	-12.376021249461637	0.07307704859567524	18.4225	0.2292	185.1584486272285	1.8472231036219964	33.258786753597036	0.3085692446817871	172.6602076883798	1.5904505363517059	11.685
18.69600008758397	0.06935206980551403	8.681575200212178	0.07788693053915914	-1.610780549118499	0.0747149284531309	-12.37404522576151	0.07098058127577134	18.4171	0.2297	185.65699639367583	1.933399374886216	33.23841972125373	0.34854929299255144	172.74015840511768	1.6539526508334506	11.682
18.731994141282108	0.07561400012055776	8.71593934543566	0.07899474969474315	-1.6011582726138147	0.07582471830973529	-12.36138851739424	0.073007400562645	18.4225	0.2292	185.67445445685917	2.027114769781243	33.16722459295604	0.35200852817026607	172.8332449884995	1.6906946644292475	11.685
18.750783020669026	0.07188315587015941	8.71791740437693	0.06800394530017403	-1.5761048003708893	0.0728300425016924	-12.359502873756853	0.07194553672443396	18.4171	0.2297	185.36334295247013	1.8282199959477585	33.24157331693667	0.32176869874675945	172.46191760449844	1.637291440682234	11.685
18.74516006641722	0.07662531903402654	8.700114915637867	0.06605926730494519	-1.5896152184365733	0.07173318528799562	-12.36543099489513	0.07443702274419908	18.4225	0.2292	185.1385914262923	1.8646384509212193	33.25543910156964	0.31516429505888294	172.58326873884172	1.6556429656709455	11.685
18.724201374011287	0.08524403505530707	8.700114915637867	0.0757932708864123	-1.6088850811444828	0.07493581005766024	-12.3691119313339	0.07203058910899723	18.4225	0.2292	185.52568533318197	2.111141485287946	33.19327713183656	0.3431805554690048	172.83329951320303	1.6695286943731589	11.685
18.69989629050511	0.08376078107007337	8.681441155377783	0.07678207943119124	-1.6069173103963093	0.0731446040182229	-12.359141468141942	0.06951211555497804	18.4225	0.2292	185.62996838785185	2.1053934322903816	33.259872795417074	0.34282005032280877	172.96193631613394	1.6231931846487841	11.685
18.73963900410186	0.07833602088454525	8.703533424952354	0.06848066991118328	-1.593426976313683	0.07582124362237443	-12.360936694194413	0.06975832865143534	18.4225	0.2292	185.30350197714807	1.921122732793542	33.23208796677761	0.3297363810365478	172.71639949769465	1.6526468106571026	11.685
18.727507445390433	0.07681059706120735	8.687642957514559	0.07704671732306906	-1.605002482116246	0.07552651443387905	-12.353845936563044	0.0728933611667914	18.4225	0.2292	185.23412465124395	2.0072284660831357	33.246019777163625	0.3484958016842195	173.01633593513995	1.6895489342368424	11.685
18.74210402233084	0.07432701194196466	8.709736188177	0.07735378255440915	-1.5953656676736085	0.0737867179820932	-12.377725843973355	0.07090158799607656	18.4225	0.2292	185.37254023896668	1.9821841602542796	33.20583324957863	0.3444679900828846	172.4785185822842	1.6369142767359415	11.685
18.729529368805565	0.06935509152446144	8.685597997995858	0.07312922269572834	-1.606926922883162	0.07181958664934986	-12.366683813950457	0.07223659092696669	18.4171	0.2297	185.15912159989927	1.8580001066072356	33.246409066364876	0.3310855276076711	172.8408484370807	1.636298903198373	11.685
18.727655027056414	0.07370455005141639	8.695755987161403	0.07372052905648169	-1.6011535098642165	0.0625690724605237	-12.376021249461637	0.0661652338884149	18.4171	0.2297	185.38120276460242	1.926366499154721	33.23225225434331	0.3120682009122765	172.59845363988495	1.4587257078783415	11.685
18.708867889679595	0.08437042017978379	8.697801094231627	0.07380882148927044	-1.6030827883952803	0.06721849273180189	-12.37054541339567	0.080033226409918	18.4225	0.2292	185.76696650095417	2.080120804150727	33.21943026873867	0.32194346130478835	172.71715489504473	1.6765088622722228	11.685
18.76163256744469	0.0713398562961769	8.712050495766245	0.07371121215070875	-1.585751764769919	0.06666911793467697	-12.357888255586568	0.07027900841138503	18.4171	0.2297	185.05500992621805	1.888934111859069	33.22937119861557	0.3207115448287025	172.6422155543825	1.5525195483906227	11.685
18.752509496869127	0.07831586362588401	8.69964473380068	0.07578142881291207	-1.6088513334106787	0.06709913986188824	-12.36847898020276	0.07438157442446561	18.4064	0.2304	184.9945815307229	2.005431855210662	33.19489978113435	0.3259376777343455	172.84292459537514	1.6092042608315384	11.685
18.742842548099517	0.07607112571200028	8.71007242500999	0.07583301249898325	-1.5799727946209408	0.07811743360384564	-12.36345492641841	0.06849379957474265	18.4225	0.2292	185.36510726472287	1.9845510095476273	33.254420805895336	0.3518405300581325	172.4605732451661	1.6615624086448113	11.685
18.72982456642035	0.07380392834113456	8.677686455003697	0.07544938561107167	-1.630057701533486	0.07002975255265219	-12.38894847683966	0.07066959996945871	18.4225	0.2292	185.00795446857472	1.942528191101181	33.19732122263451	0.33153263689594925	172.85476252786603	1.5984367024740342	11.685
18.729676966449148	0.07353904832720813	8.709803433466664	0.07245771805625772	-1.618492507115666	0.07409845924143138	-12.385177442375648	0.06777980503484235	18.4171	0.2297	185.6036908956113	1.9123374011607819	33.131263454676464	0.33244948890396375	172.72963044904878	1.6110758164405365	11.685
18.731994141282108	0.0737051547174373	8.687777102367553	0.07536831323863552	-1.5934504979254698	0.07433663961255577	-12.357707569908989	0.07187215672910603	18.4225	0.2292	185.15385547958766	1.943251694082734	33.28294121565269	0.342695347036339	172.7685893780041	1.6595904146206537	11.685
18.709015320572483	0.07960527749291188	8.68177627522548	0.07178485531060705	-1.60694134215894	0.07470982014686371	-12.381677940413265	0.07732786097734203	18.4225	0.2292	185.4673556318353	1.982655990710024	33.25871178222592	0.33491728933500886	172.6005543680856	1.722408428009986	11.685
18.735049620001114	0.07864021818789371	8.702294533242595	0.07319118227631286	-1.6069701826771774	0.0696497925246693	-12.352773028882115	0.06483179416758188	18.4225	0.2292	185.3653850758611	1.984881267189437	33.192424801827315	0.3252988507742286	173.06529224901897	1.5324893878777175	11.685
18.706256389918085	0.07797517857507341	8.687508816803994	0.07669457584726802	-1.6088465125973774	0.07667650054556935	-12.368388563955879	0.07383249162204834	18.4225	0.2292	185.62455002055168	2.0264097333724047	33.234040871547265	0.3500484013754194	172.84429961347547	1.7099611511851913	11.685
18.7360380900568	0.07322506885737015	8.699779066282806	0.07731616697955615	-1.6088609752554808	0.07338564764025438	-12.350255211638338	0.07750829207949911	18.4225	0.2292	185.253094882796	1.965596638176112	33.18591384879343	0.34316544682897027	173.09187283173586	1.7200253679263149	11.682
18.71419612771172	0.062461497440224584	8.707422060617871	0.07192399886731592	-1.5934175681679439	0.0691751892921326	-12.364436677975805	0.06065183916587367	18.4171	0.2297	185.84665723035513	1.7691799897812241	33.21957298403581	0.32182022494500767	172.66012538547727	1.4747530272480813	11.685
18.73500458729195	0.07800063202559702	8.691263271960574	0.06802080483613673	-1.6049737327266527	0.07552839397396366	-12.379068417930126	0.07324043422978184	18.4225	0.2292	185.16262532468843	1.9079692499432441	33.23442279830208	0.32808662743571243	172.61083778879706	1.6855264465674253	11.685
18.73313034443676	0.07808459420460506	8.697398200970786	0.0755467156009794	-1.591493031996824	0.0731461059566549	-12.373683407302718	0.07331059582155458	18.4225	0.2292	185.31039723291343	2.006202233286305	33.258150572032186	0.3399077889616967	172.48123482294164	1.6566447276626521	11.685
18.73500458729195	0.08118179607883008	8.691263271960574	0.07218148988176849	-1.6049737327266527	0.07830272855777648	-12.364346293540418	0.07250547656868017	18.4171	0.2297	185.16262532468843	2.002676508560263	33.23442279830208	0.3437514722299239	172.84702239998836	1.7143740230173192	11.685
18.72272588853771	0.07516785862733208	8.69542032181932	0.0799076345189136	-1.5972760160749624	0.0772283747457473	-12.375568903534687	0.07565634393565597	18.4225	0.2292	185.4185087737376	2.028615627402553	33.237319851476386	0.3588563852225827	172.49930620856577	1.7302521994573157	11.682
18.737764736169567	0.07230756856530625	8.705645776759534	0.06846142192013083	-1.6069221166032088	0.06764625432570763	-12.384996368992809	0.06665564556067932	18.4279	0.2298	185.329545305637	1.8395264129976094	33.17327399482058	0.3095971295532813	172.50280538634334	1.519966314795131	11.682
18.714048662833026	0.0747896288780687	8.687240547809193	0.07962506730827601	-1.5972665497905443	0.07463018820328358	-12.379068417930126	0.0745891169082641	18.4225	0.2292	185.42770778805334	2.020218718704053	33.263785718671315	0.35297238071671433	172.44316561720845	1.6875811738890545	11.682
18.71114224709051	0.07874278181448663	8.672793305167923	0.0725365232591921	-1.6338458805113012	0.07617352964843323	-12.387771234053	0.06686233192580172	18.4171	0.2297	185.214526408307	1.975342673560014	33.192356320385436	0.33874757021087176	172.8901758265596	1.6294891703625185	11.682
18.744421437467008	0.07984733775525674	8.699779066282806	0.07731616697955615	-1.581883748180354	0.07611178147331647	-12.364979012627739	0.07436883687303825	18.4225	0.2292	185.09848101046205	2.0481483026263057	33.272987695675	0.3511003824996981	172.4224816347113	1.7015516955670298	11.682
18.72563308887868	0.07488595389751584	8.70987067979494	0.07276752812024516	-1.606936535661268	0.07647153675159143	-12.352140888319516	0.07067319796904879	18.4225	0.2292	185.67987478837654	1.9357720281707311	33.16815820040184	0.33937299662882503	173.07493175490154	1.677204985388634	11.685
18.73155129343425	0.0748928141631226	8.679530322687533	0.07236096617718718	-1.6049976903701215	0.06877421499997353	-12.379520882828286	0.07605867194138499	18.4225	0.2292	185.01011044853072	1.9167157714358398	33.27226037119458	0.3229672065055316	172.6039729842104	1.6426821189805005	11.685
18.727507445390433	0.0796967908739764	8.703735013862422	0.07375566646252396	-1.605002482116246	0.0642401350412705	-12.375930777603157	0.06987340512186713	18.4225	0.2292	185.48386427365253	2.009365944712323	33.185600123212204	0.31486553105878673	172.61725212473644	1.5211480018643486	11.682
18.746295715710918	0.07419762720398623	8.705712989390857	0.07131031166699849	-1.610780549118499	0.06764602425402902	-12.366683813950457	0.07223659092696669	18.4225	0.2292	185.17332070037614	1.8979146189360399	33.16065085871635	0.3159404548192629	172.85838291969512	1.5904720427685286	11.682
18.71463853629383	0.08261475603216092	8.667395566173333	0.06754866053916066	-1.6281136409283485	0.07523202711920562	-12.39047168426421	0.07266328391002985	18.4225	0.2292	185.05057066189605	1.9654754523060023	33.22823897634278	0.3263186272134143	172.7547102329292	1.6789098054256	11.682
18.744716882061724	0.07019018270769561	8.703936612110859	0.07475711000938856	-1.5973091503269183	0.0683732906800848	-12.354116879650155	0.07274061200321413	18.4225	0.2292	185.16967757612525	1.8910933940872168	33.209734842376385	0.3266059466576163	172.84384847106458	1.6041065731356667	11.682
18.717250347089365	0.0840419884065944	8.669641067123019	0.07618048408313385	-1.610790220175624	0.07500957505921527	-12.377906814159282	0.06647764173306242	18.4333	0.2302	185.09134443920436	2.089555710772652	33.285519282451695	0.34615074050967287	172.72270563764081	1.6078310230026822	11.685
18.760201845243085	0.07420054588433317	8.706317949781923	0.06846257767035893	-1.5915540010650018	0.07347556661992956	-12.349091763118032	0.06665964749755596	18.4225	0.2292	184.97582917864932	1.857500070661156	33.22914632058093	0.32406081213084115	172.876503077585	1.5942941982216092	11.685
18.743433410621485	0.0794630700214608	8.698271183548306	0.0833137627672706	-1.6108240711813164	0.07646099005511776	-12.363816475310726	0.07517698629381214	18.4279	0.2298	185.13643363733493	2.121944499335716	33.19297041981531	0.364097597770944	172.94957906922892	1.724641059256809	11.685
18.73056260117055	0.07582850148243454	8.69813686712981	0.07216788541537848	-1.6108143990990376	0.07346596753368909	-12.37099759754486	0.07358779839732503	18.4225	0.2305	185.32387824122728	1.933723390941848	33.18491197425723	0.33150552903088504	172.78962736136938	1.6697801911891865	11.682
18.715965887552557	0.07177270347610398	8.68006641282326	0.07371980966600372	-1.6011820874475176	0.07858143126799812	-12.354478155780859	0.0661675245363266	18.4225	0.2292	185.25973181389125	1.899281176921087	33.274328531958155	0.34871693505798973	172.90029339698887	1.6517558521507565	11.682
18.738798432239623	0.08113803381614486	8.686000347028736	0.07239525194041393	-1.6146633014920857	0.0761877191345249	-12.370907158042412	0.06861735719729967	18.4225	0.2292	184.99580855649742	2.0010846446046124	33.220140519240935	0.3389469434394338	172.89729898567367	1.648120827477815	11.685
18.728245376982645	0.07486812279249985	8.692001399336053	0.06923754740117571	-1.5934646117471731	0.071033996313252	-12.361659627334893	0.06732291578193464	18.4225	0.2292	185.30094666599425	1.8827981264769684	33.269226059039845	0.32085507751613684	172.7054076692253	1.569658068341095	11.685
18.728983366732283	0.07303505671618088	8.696360250087775	0.07508219277319261	-1.60505040357141	0.06424084703445285	-12.36211150393981	0.07244056170566054	18.4225	0.2292	185.3678233904193	1.9353163656430379	33.21773156608885	0.31863398549574223	172.8841634975102	1.5560950818217931	11.685
18.713501485323857	0.07233514624107637	8.685933286267753	0.07655189065340487	-1.61465843649335	0.0767411831108373	-12.367135852382155	0.06868126337711747	18.4225	0.2292	185.4612676883966	1.947931127193621	33.22037248492884	0.3495829073137719	172.95786246253385	1.6565869589010263	11.685
18.75413526056211	0.07766786063802365	8.696360250087293	0.07669787134050013	-1.589633921560279	0.07523880963894419	-12.351067850648773	0.06909659677296878	18.4225	0.2292	184.90426641001207	2.006732518506907	33.267517765906724	0.3474895791732913	172.8139133021949	1.6404361363858888	11.685
18.696736727900774	0.08033684068998156	8.6416844473679	0.07802815180633126	-1.6377793738783055	0.08184840208836741	-12.39658115531689	0.0737871007875523	18.4225	0.2292	184.9543352081149	2.0600156209495744	33.28865199545147	0.36620095856698015	172.85619233521462	1.770502320054987	11.685
18.707140858500154	0.0706476797086608	8.66779705234328	0.07508873581522563	-1.6319968532673343	0.06877222268588948	-12.383654030777238	0.07272304421530675	18.4171	0.2297	185.24373165587525	1.9023605554494496	33.2229457192243	0.3284397960135653	172.97105732862588	1.610253220123383	11.685
18.724644065003858	0.08001359160222224	8.700316437698088	0.07410629270374024	-1.6243146558138843	0.07402157556945883	-12.365702200282762	0.07272578332930096	18.4225	0.2292	185.5212218885382	2.018370099279226	33.14302377935145	0.3362323001239643	173.13643161366397	1.6726316202580638	11.685
18.70294968628471	0.07343648712385831	8.671819758487421	0.07540965307943531	-1.601167798331211	0.07306947184089314	-12.368931081474042	0.06381641695524842	18.4225	0.2292	185.39541641019994	1.9454043067946312	33.30963772249218	0.3404689281071214	172.7123322761226	1.5560784561359482	11.685
18.733175171253862	0.07240064569881355	8.680267463697623	0.07130040411672935	-1.6127582680104724	0.07273892397390971	-12.384197231707363	0.06557196466599247	18.4225	0.2292	184.99379126209826	1.8699204432061451	33.24479145050319	0.32897909428656075	172.6533953631128	1.5697303262710112	11.685
18.73144831965083	0.0797165240849812	8.70658684805546	0.0785912790679226	-1.5915727631934569	0.07837742043215488	-12.36417804557075	0.07965482094434716	18.4171	0.2297	185.5113425056474	2.0715259750501014	33.22821812467513	0.3581342853256368	172.63470268154055	1.7908212672119326	11.685
18.714091387845105	0.08329855867734474	8.68217845319606	0.08087436583488808	-1.6146778969294986	0.08137325281080804	-12.367497507170523	0.07834802035790919	18.4225	0.2292	185.38094600138768	2.145434289982624	33.23242378156767	0.37027360109778806	172.95235830587058	1.8168947972025895	11.685
18.70294968628471	0.08153878998406505	8.667797052343762	0.07670334069880615	-1.6165828277971868	0.0746332185584243	-12.368931081474042	0.06598181638295554	18.4279	0.2298	185.32109852906703	2.067334125651725	33.27273961418557	0.3462421504975093	172.95994011288172	1.602431222497331	11.685
18.72622337488971	0.07353943487278283	8.694046522488652	0.06977386731493385	-1.6185169770641	0.07560542419002649	-12.38194948913761	0.0730898984869929	18.4171	0.2297	185.3760691612707	1.8731814864447836	33.18180720634003	0.3310320668128306	172.78182475178943	1.6880748974255169	11.685
18.739241479755567	0.07432811953769339	8.690224684690998	0.07614272841378453	-1.6108240711813164	0.0658533959212245	-12.36013538497726	0.07090468553167661	18.4225	0.2292	185.06541962813466	1.9596145379350307	33.218898575761706	0.32464033812741067	173.00880547035393	1.5574768956793759	11.685
18.744864607851476	0.07344103313127676	8.712050495766245	0.08113913685024539	-1.6050216498274352	0.07402296822888839	-12.372611906498328	0.06769040216155013	18.4279	0.2298	185.3642945291518	2.021994492640317	33.16730648156264	0.35308613874865563	172.7151076236982	1.6089435476819263	11.685
18.729130971661526	0.07739143619320042	8.716545040728043	0.07207606567474127	-1.5780754895190723	0.07582565930253041	-12.365883010552357	0.07437038072295257	18.4225	0.2292	185.73878145537307	1.961835358297642	33.239641309739916	0.3377876346536906	172.39142489359764	1.6972520419796169	11.685
18.70975250988977	0.07635478974038701	8.690157589204544	0.0751751188332386	-1.6185267655621542	0.06887308307218826	-12.389491895921878	0.06778016376150077	18.4225	0.2292	185.6088519296759	1.9849293078025212	33.19429347810727	0.32829801553655696	172.66099068382064	1.5490250989641279	11.685
18.739536856405113	0.0691627606588999	8.698405504115	0.07708709344957429	-1.5954175798268764	0.0789026228682007	-12.375040336778186	0.07180978500544234	18.4279	0.2298	185.21075412529524	1.9102955946881914	33.242216332540856	0.35622439289531355	172.5223184484393	1.707482054858747	11.685
18.73475432123972	0.0757068184996277	8.706183506873458	0.07704705748510751	-1.6108143990990376	0.07784685491318298	-12.378359263017362	0.07336820644605294	18.4225	0.2292	185.44272603277415	1.9973984742736404	33.167545148691524	0.35211548769677464	172.71583573899693	1.7158760837363083	11.685
18.7411158842054	0.0766250089454893	8.696158819781477	0.0727348749768339	-1.608889902541252	0.07173126840423624	-12.372883262709038	0.07300687666924462	18.4225	0.2292	185.09268215634225	1.9467374695903323	33.19747917112256	0.32909146455498206	172.72846451946717	1.6423864811839555	11.682
18.735049620001114	0.06935662780094569	8.690224684690998	0.07449061767573914	-1.6031162314146779	0.0767539083445157	-12.36013538497726	0.06929945854346678	18.4225	0.2292	185.14265027072685	1.8759751709579116	33.24377348756469	0.34543572185058996	172.88483765624613	1.6619826018839274	11.685
18.743285691498357	0.08126137980380929	8.70222734289215	0.08107703433311567	-1.5915493107105958	0.07837322959357543	-12.367407091470104	0.07593387322442108	18.4225	0.2292	185.21210070320373	2.1173685013753745	33.24236627239574	0.36415800716923774	172.58259600914286	1.7477138415132576	11.685
18.72780261104906	0.07479152294954361	8.679731348727984	0.07536741283546154	-1.6127194639961175	0.0727443566075191	-12.383472974500485	0.07504891706575542	18.4225	0.2292	185.03531639663552	1.955290536719568	33.23811272372435	0.3382674618747258	172.6200533125428	1.6750879808747694	11.682
18.739389166916286	0.07513926624784485	8.710408687804897	0.07410372609859175	-1.6185365543572294	0.07040588885191529	-12.382311572824836	0.07200432402045387	18.4225	0.2292	185.43515105072544	1.9513028590712624	33.129180746210366	0.327852580717539	172.77632678479733	1.6164903549525116	11.685
18.75038643660714	0.06853970325948534	8.720703443954422	0.0738169905963186	-1.5896479496463312	0.07030647792059987	-12.36606382616544	0.07143811505034205	18.4225	0.2292	185.42216253406477	1.862239526492144	33.18892642763687	0.3281468498333416	172.57365819381383	1.6051126068236947	11.685
18.694420240717363	0.08261295156369267	8.679798359477987	0.07381065970468297	-1.6127243142409025	0.0755297205612975	-12.357797912080443	0.07383455837090966	18.4279	0.2298	185.7010211751144	2.0542512872344636	33.246416325032875	0.34112538003576987	173.0770378718228	1.7013347622281363	11.685
18.730710215100288	0.07076412498333921	8.706250727808866	0.06566433694262477	-1.5915493107105958	0.07967270178980018	-12.34532018203307	0.07188790570268165	18.4225	0.2292	185.5187815748547	1.7865703195701004	33.22937836871185	0.33315557646682026	172.93705922154285	1.7257217483916987	11.685
18.702802303323658	0.0701861646544583	8.679798359477987	0.07840736039074692	-1.6319918572622818	0.06423822285253014	-12.39092457290566	0.07273659288106468	18.4225	0.2292	185.54572266438214	1.9480568041600632	33.184295515417354	0.32619243268907727	172.85408870758855	1.5590874226899578	11.685
18.714933486969066	0.07624068471082579	8.679597330332758	0.06923580132239834	-1.6127097637271506	0.07103136873296959	-12.386972408868548	0.06732013469739313	18.4225	0.2292	185.31770944204712	1.9018036951742177	33.247112694761086	0.320418672754328	172.60814695912686	1.5678294286309815	11.685
18.71912473534821	0.07931354508008984	8.675574616984663	0.06978931196651339	-1.6011487471862298	0.07206623630758488	-12.368569397785752	0.07515001876695723	18.4225	0.2292	185.16615022694916	1.9477334764994916	33.29752896125621	0.32504583502617646	172.71782819455922	1.6701732262226745	11.685
18.734459031787377	0.07560825942836513	8.685933286267753	0.07130904318031998	-1.6030971206838829	0.07315253469280963	-12.370816719877038	0.06665742720798551	18.4279	0.2298	185.0744633717041	1.9142028744312896	33.257700707551926	0.3302102005824266	172.7130329590074	1.5874228958751113	11.685
18.73460667534998	0.07808670126714846	8.70209296530517	0.07825657076778782	-1.5992479716684873	0.07560413625961555	-12.36722626407568	0.07553433835289393	18.4225	0.2292	185.36984486418316	2.0426491608618145	33.21795637469966	0.3508782107662602	172.70888364811645	1.7141175001454505	11.685
