44.35917822577812	0.0744449585198408	36.45717979338493	0.07562340139845027	-5.365492234918851	0.07174666055820211	-14.39117103209862	0.07068976207175831	19.5013	0.2341	236.07383675665136	3.1702860343020385	8.207121150844852	0.020456133695256156	206.68307945580773	2.30644479908392	11.721
44.333966911365366	0.08013663801762924	36.44654711853949	0.0741481248736483	-5.388067490578893	0.06886970397146114	-14.408838080253972	0.07127281225768242	19.5013	0.2341	236.5101816536834	3.2737825433608982	8.204778253497405	0.019847318823650657	206.79553586200862	2.272041578702637	11.721
44.30570722086378	0.07624490467101135	36.42182930664745	0.07758630238327234	-5.395403398608559	0.06967781299874413	-14.417171371343379	0.06446490029318312	19.5013	0.2341	236.6164352464526	3.2647578696522377	8.208188681629261	0.020469127203317606	206.77267400556076	2.17561107994139	11.721
44.38181826660289	0.07824046430110407	36.4904712364115	0.07678145551716586	-5.367339267123763	0.06878268480711004	-14.38554002106502	0.07359519925743105	19.5067	0.2346	236.39247910947114	3.283823903148205	8.200231499431855	0.020194992662915096	206.85446452994944	2.3105772188517837	11.721
44.35837146399376	0.07424204861751656	36.45464999755756	0.07433767874929158	-5.380382802702472	0.07272919591911751	-14.399401350376893	0.06785989248180002	19.5067	0.2346	236.02237198032753	3.137373275830144	8.204696236934847	0.020396151630013074	206.83570813379887	2.281199063748896	11.721
44.346225613625975	0.07444195374587372	36.44071068702248	0.07639753507677297	-5.393606883633296	0.07215508554146333	-14.413838204756484	0.06874271820760698	19.5013	0.2341	235.9688274956651	3.1839117465314826	8.204836510327203	0.020610076030261052	206.8078989960782	2.2848937150065662	11.721
44.36466438395378	0.0764504148526269	36.46948358974618	0.07578565239044352	-5.367256723904751	0.07147676107169598	-14.398049266677441	0.0712697839377964	19.5013	0.2341	236.2776909869779	3.2215682568430593	8.204361372684243	0.020429121331770113	206.56604380454095	2.308788393029426	11.721
44.32200590360873	0.07710604087447503	36.4282592729005	0.06976895449803515	-5.3994117945532105	0.06510955593223357	-14.416030206040672	0.06809847879676338	19.4959	0.2346	236.3206187443509	3.1130959684221886	8.206140275771146	0.018722420607281045	206.89076578902973	2.161832981100939	11.721
44.37913107723336	0.07240023878710669	36.47217936271996	0.07158689885743147	-5.372995730578679	0.06770963269235931	-14.403680007965296	0.07188431588457281	19.5013	0.2341	235.92594913106882	3.0379614128032566	8.202707610209252	0.01931547176190838	206.5685202450626	2.2588593765907934	11.721
44.346409419190294	0.08393323250374007	36.4566012953668	0.08380549441412408	-5.376557037738865	0.07506221760180287	-14.404769377543486	0.07636571248641627	19.5013	0.2341	236.43858744134886	3.5544334327648124	8.205063874335906	0.0220667648247017	206.625079004342	2.4506898119835356	11.721
44.384321535009306	0.07032698414376912	36.47487522542571	0.06841952316899179	-5.352182983136895	0.06784018499474574	-14.385592455822854	0.06954152810006528	19.4959	0.2346	235.8515394079861	2.925773701396237	8.206260513871674	0.01890359312415556	206.50620273780618	2.220898108150058	11.721
44.365216079186325	0.07636897438519351	36.45868473478875	0.07881189951368009	-5.369202758485945	0.07427423903739505	-14.383610587830386	0.06680456968402197	19.5013	0.2341	235.9384927123488	3.2748378916028673	8.206097815566896	0.02124625213976382	206.9415011275086	2.2933221685302625	11.721
44.33164814930278	0.07781695475203562	36.442049383143726	0.07537310607437214	-5.367207199461041	0.06915791075114913	-14.403365022021282	0.07271265662324086	19.5013	0.2341	236.4448615538756	3.246727284662239	8.209754591311004	0.020086532477659604	206.44339381973748	2.2926131335635893	11.721
44.342690780572966	0.07831282870577831	36.439354331631804	0.07626728937942683	-5.391810273181256	0.07104729569050573	-14.40868053398309	0.06963929072647972	19.5013	0.2341	236.03387000309561	3.2646792180346424	8.205454938465806	0.020445886017622303	206.88498714344573	2.2826146431466623	11.721
44.36930257118634	0.0747709893191496	36.47398185868486	0.07498916762702626	-5.3539808800480895	0.07035113861970532	-14.3962248222988	0.07039015180367858	19.4959	0.2346	236.27350375094161	3.1690347040336038	8.206083053394652	0.020172572593265162	206.30444167333246	2.270590970888836	11.721
44.39183159889898	0.0713796839677202	36.479820450303215	0.07110284773578511	-5.374991417480128	0.06802826077492996	-14.391223487521982	0.0679967240906071	19.5013	0.2341	235.77508334416194	3.0023302478658898	8.200818994781873	0.019280890857097582	206.89963096429548	2.207182959825938	11.721
44.340442341653066	0.06888531508787425	36.45253288188768	0.07752942335649668	-5.373061851075924	0.06968943213333666	-14.407538856262954	0.06560602564319469	19.5013	0.2341	236.49549953576545	3.1094696516952194	8.20654765054236	0.0204541654694257	206.48180153749666	2.1874830451977294	11.721
44.3545400786895	0.07488056667538749	36.45268168345615	0.0739916910332779	-5.367388794543447	0.07312050622646098	-14.394820097028111	0.07224182821605485	19.5013	0.2341	236.0780204698942	3.145088207050325	8.207631700881771	0.020416175914504946	206.64295583912858	2.3528879115223504	11.721
44.33989097244111	0.0829401229005208	36.44084175236384	0.06930673277861119	-5.376805185453844	0.06851533617203351	-14.407381317909259	0.06691808995461548	19.4959	0.2346	236.16197798066847	3.231489986185652	8.208107373873485	0.019129092378965446	206.5709939896036	2.190760737431859	11.721
44.358994349522874	0.07383398192246529	36.47277491092715	0.07695002889656836	-5.350302760697872	0.06890734057142113	-14.385644890966143	0.06788319511253424	19.5013	0.2341	236.54618065158505	3.198748484517026	8.20704154972349	0.020269510379859034	206.46203110902206	2.2102877544336748	11.721
44.33128066136659	0.07782113464258138	36.45299627504846	0.07049132585726071	-5.386138020260886	0.07537712911166182	-14.394138042575753	0.0694205690738053	19.5013	0.2341	236.78443129315812	3.1558319024170083	8.203891929638251	0.020236113386550604	207.08870818816035	2.3558186749603673	11.721
44.367903019066155	0.07830548684800258	36.48372329983354	0.07464208058797954	-5.350269869577549	0.06891384995373087	-14.387364584519167	0.0683634731791678	19.5067	0.2346	236.60737761082837	3.2465633728488	8.204900134642617	0.019924874144387247	206.42199144995425	2.2172487773963194	11.721
44.36021015557611	0.0723136218045581	36.45613807022794	0.07843448419745051	-5.367273232300171	0.06915157905950041	-14.398101745022824	0.07061994971295928	19.5013	0.2341	236.01190219888178	3.1854997744100664	8.206976081063747	0.02051877580415755	206.5652210483288	2.260774720765539	11.721
44.323957142734756	0.07904047479393556	36.43470805812589	0.07750266884028517	-5.378519569606522	0.07531820143670978	-14.412276600687724	0.06883302212920983	19.5013	0.2341	236.45534169017705	3.317824948325332	8.208974902494363	0.02121716092733955	206.4982577638397	2.3323320484353696	11.721
44.357594620404306	0.08372274829975246	36.451027837233596	0.07605886564995426	-5.359868389509766	0.06739966388314549	-14.391380856106716	0.07134228285669775	19.5013	0.2341	235.93743519004545	3.375357010736394	8.209432639924891	0.019953760420289093	206.54957792279987	2.2445634801592393	11.721
44.360945674891596	0.06806313207140047	36.44998628659518	0.06912109816191357	-5.3711322980785035	0.06681565680709914	-14.394662694058665	0.06772882710691384	19.5013	0.2341	235.80642958929673	2.891535941243892	8.20742600400289	0.018866688582073535	206.7322883747514	2.179679945301096	11.721
44.37504449588395	0.07084867440380169	36.47712444857447	0.07584809654782952	-5.365459230628834	0.07177539668002704	-14.392890649083263	0.06489587731976261	19.5013	0.2341	236.19574227211828	3.103965935106635	8.203215624061455	0.020472521057203794	206.64295318451576	2.2149715144124897	11.721
44.3625292078534	0.07694374835406674	36.45613807022794	0.07184897843163289	-5.380548375007256	0.06931001451623772	-14.398101745022824	0.07080239859232758	19.5013	0.2341	235.94267669134823	3.141588883612426	8.204371936521555	0.019577257496381444	206.8693149278122	2.272969478516174	11.721
44.36131344369691	0.07142209131416109	36.45928004693513	0.07071512694512225	-5.363579164825938	0.0692243376595234	-14.398416623199747	0.06983742851093477	19.5013	0.2341	236.1332152271126	3.0034223311029993	8.209185029137782	0.019423888527557037	206.5264108409575	2.2477717961685375	11.724
44.335437007497255	0.07791901456826977	36.44998628659518	0.0814069517879446	-5.367339267123763	0.0706536603937784	-14.394662694058185	0.0656168510549665	19.4959	0.2346	236.56924049189942	3.380705657456752	8.208170456702334	0.021158022659603617	206.64542520036784	2.2072429587467903	11.721
44.355939828020375	0.07901836489864508	36.45193768776233	0.07621276374950153	-5.372995730578679	0.07138732567757793	-14.405504414144096	0.06996241725168197	19.5013	0.2341	236.0139907450991	3.2781244574664643	8.20667740830929	0.020489704348384388	206.52679707624162	2.285441519069081	11.721
44.324026703675216	0.07126466340346983	36.436641457303544	0.07451112661889543	-5.393905804995226	0.07373637952077225	-14.416608182990762	0.06900826406920843	19.5013	0.2341	236.5112175594879	3.0916958749686407	8.205576036001318	0.020563349488818206	206.75126030196412	2.3141657602838035	11.721
44.403870510843284	0.08250740948138124	36.47305684714034	0.07899609849838055	-5.33920126273358	0.07203639941508264	-14.390185707015911	0.07029956153970571	19.4959	0.2346	235.21610355287476	3.3878087556516334	8.209165247338857	0.02098994946834123	206.10521424092676	2.2920555079180485	11.721
44.35295643125986	0.0752707761627771	36.453276901879036	0.07422154209704801	-5.373144504491541	0.069617676086286	-14.411450285167628	0.07069528410700998	19.4959	0.2346	236.14313479958582	3.1599515692512608	8.206385453192512	0.01996576071038869	206.39433243876874	2.2657205000912697	11.721
44.37493263661511	0.07444750138984635	36.46991418528233	0.07409957213599114	-5.369450508885266	0.07106931628575183	-14.395344798679167	0.06716883731308237	19.4959	0.2346	235.9836475353946	3.13566252311724	8.203846752868778	0.020131939055128528	206.67814491130076	2.23918535821181	11.721
44.32200590360922	0.07806910556123436	36.42151323291749	0.07883898056215874	-5.382345375490257	0.07474861627795609	-14.410557359912488	0.06878497760524657	19.5013	0.2353	236.11883027248933	3.31598077080219	8.210814685879377	0.02133855413421965	206.62508713783674	2.324847126920121	11.721
44.33702077174014	0.07669946848846343	36.44939114152679	0.07410125387889199	-5.372962671075012	0.07707386115176414	-14.40722378303138	0.07179722903985772	19.5013	0.2341	236.50388969006985	3.197751075005202	8.20718359675189	0.020981422538988666	206.48673586722816	2.407506797086914	11.721
44.3800509128422	0.08444769700425198	36.45493072853379	0.08309001577522371	-5.354112555477188	0.08098315056965173	-14.38387272910348	0.07441012872988015	19.4959	0.2346	235.38508496990005	3.5187217672519435	8.209796475290457	0.02278350442407384	206.5896604240543	2.5161572464115234	11.721
44.37504449588395	0.0712698962391707	36.48612153893051	0.07611551895700785	-5.369252306332771	0.0700091637230681	-14.38194327262385	0.0704475641133321	19.5013	0.2341	236.46511674142542	3.12552854520333	8.200708885250679	0.020262247927227004	206.98092223035374	2.2808960967969774	11.721
44.352037191257324	0.07945484074720009	36.45703097214581	0.07034535166946625	-5.367372285280034	0.06723466756440627	-14.398416623199747	0.06613168942779693	19.5013	0.2341	236.28291558078584	3.1759871806075743	8.206781435127759	0.019093892011670506	206.56028452295365	2.1570240678442927	11.721
44.360945674891596	0.07364606839364626	36.445488354311685	0.07651649724901315	-5.367339267124244	0.07538021813590229	-14.39831166226322	0.06603762854153297	19.5013	0.2341	235.67243337033574	3.161977592604042	8.209053434414722	0.021087693496770653	206.5619300291747	2.2921901871567902	11.721
44.38921698478694	0.07594177511558012	36.48145865954488	0.07539336228066659	-5.363793611435999	0.07079213228356777	-14.389975890500619	0.06832623370982156	19.5013	0.2341	235.9018841060753	3.1923143534915916	8.202692481468782	0.020272837682843634	206.67155064072355	2.252756656451334	11.721
44.36565551080537	0.08103857145616677	36.4699141852828	0.07409957213599115	-5.356173883012498	0.06860228338958431	-14.39352020840088	0.06909874501381616	19.4959	0.2346	236.26091725549833	3.2857654100126212	8.206450854975424	0.019812749946150517	206.4162444167411	2.223965035882635	11.721
44.37242938041394	0.07717885803654803	36.48776003268773	0.07071827296063579	-5.359950799016595	0.06845522359399313	-14.380695252560896	0.06613355318478195	19.5013	0.2341	236.6532406774269	3.141866212500593	8.20430993460254	0.019296089324660815	206.84906466630318	2.1825773085816826	11.724
44.379203375345064	0.07173394375387175	36.4763642672511	0.07535481140942457	-5.352347515497694	0.06784070624234981	-14.393415277988757	0.06489624648568536	19.5013	0.2341	236.048724067979	3.1075243546381954	8.205936103676557	0.019891391953188814	206.33128044005736	2.1425404008354674	11.721
44.36381645570524	0.07702666487955394	36.45717979338493	0.07727442072158458	-5.371181867839498	0.06863403116696978	-14.40759136981971	0.06884510436894954	19.4959	0.2346	235.93534996619692	3.2557854454936623	8.206004790919934	0.02027619756383388	206.43764401904488	2.2208299061584427	11.721
44.38439409122575	0.07923407375336843	36.49480636556711	0.08086279528635662	-5.33722237006336	0.07750884723145375	-14.380800092696987	0.07293317404380235	19.5013	0.2341	236.44519242916112	3.392864317267165	8.205285437088573	0.02197073354262529	206.27401512914255	2.427499734061088	11.721
44.37187755852561	0.07725375264010265	36.489562556891705	0.07910740648203962	-5.3409340310669196	0.07310775634589153	-14.376888621421205	0.07249167865952548	19.5013	0.2341	236.72392595609242	3.3207238952391904	8.207686203174502	0.021135266982434887	206.50087759418685	2.352861923671594	11.724
44.38413754701612	0.08339023640451533	36.479224774330504	0.07324013814224835	-5.354063176264107	0.07365514700248062	-14.387364584519167	0.07160425314962009	19.5013	0.2341	235.98680233714154	3.313306431918999	8.205038451524837	0.02037291684981373	206.50867314970407	2.3483581148939976	11.721
44.37821127975564	0.07752042232898582	36.473684079496344	0.07574899752394174	-5.363430714056224	0.07013088839336748	-14.379699348187978	0.06648931040866354	19.5013	0.2341	235.99831346255752	3.2359553527945573	8.204287936252143	0.020243304646966342	206.8987919146826	2.2176104032818635	11.721
44.37644395641938	0.07713381507678996	36.49437402771905	0.07823747659026252	-5.33692723047767	0.07127697779357843	-14.376207382254636	0.0705306755779334	19.5013	0.2341	236.67071021376978	3.29891378300428	8.2054281331036	0.020760516924112012	206.37208457505207	2.2893267939566457	11.721
44.35038265527339	0.0781540823178003	36.46018962799015	0.07849546785539738	-5.357741109032454	0.0710394139605254	-14.388822010004898	0.06864478773768493	19.5067	0.2346	236.427053372409	3.319133549637552	8.208051669195958	0.020779938332381877	206.5594482471348	2.2594432195994485	11.721
44.379426697152475	0.07355425118770528	36.44805213618007	0.07151365475723372	-5.34815950477016	0.07186501131206521	-14.392156233439524	0.06301205146283861	19.5013	0.2341	235.19946935293842	3.042195948477475	8.212316923288883	0.019920471937502425	206.26445850722553	2.1798199411439754	11.721
44.33316188622262	0.07658766687664965	36.43277486412371	0.06894340529064842	-5.372615576272857	0.06647817365899925	-14.402472637325081	0.0662272245524522	19.5013	0.2353	236.12198779149256	3.0798324465080817	8.210513825429144	0.018809743648108754	206.5874437842684	2.1468288083478653	11.721
44.378579194171266	0.07484810744117996	36.50772139709906	0.07522112199700196	-5.323633275378825	0.07428315001982175	-14.36338235636823	0.0669218503909745	19.5013	0.2341	237.00785048791198	3.1953516673082705	8.205417655626864	0.020736999363270288	206.36137920057513	2.282424786943553	11.721
44.36893474025035	0.0749892475019334	36.457940621944296	0.07409669384896309	-5.352051366147341	0.06653737367816179	-14.394295433968601	0.0671679024388122	19.5013	0.2341	235.80539437685064	3.142332601973069	8.209610188064671	0.01955439929392843	206.304438808362	2.1571022081195315	11.721
44.36448048859212	0.07125022273925705	36.444595762008106	0.07282589649701836	-5.359654139278454	0.07065403677327284	-14.374277971004819	0.06790489750078971	19.5013	0.2341	235.5406868130906	3.0300517864193086	8.210737831652274	0.019929099132869374	206.93654253378395	2.249544466469019	11.721
44.36363255858116	0.07391359728032171	36.461529141497955	0.07522938880351958	-5.371165344461835	0.07511259936377183	-14.407538856262954	0.06761217900883078	19.4959	0.2346	236.07070035900335	3.150678695990676	8.205154853305983	0.0208514550098274	206.43846622142172	2.3087648015089073	11.721
44.378579194171266	0.08066184882601765	36.48297863385628	0.07257184682137259	-5.342600987893942	0.071082818423281	-14.383453307693419	0.0693976017458996	19.5013	0.2341	236.26512938816708	3.2468195833256885	8.206550615495715	0.019931810521488437	206.33619729577453	2.2672431240860633	11.721
44.37106992044606	0.07243981846785061	36.46903698180124	0.07163919009240509	-5.342551738687978	0.06890749958282474	-14.377822366880224	0.06999496300142267	19.5013	0.2341	236.072805879752	3.0436838852621158	8.20929667329616	0.01951627456339505	206.46366497971079	2.24445407629868	11.721
44.36289698533094	0.07917661516802708	36.463182865004335	0.07338565210422737	-5.36540972512428	0.0700172180591486	-14.394557760674894	0.06903511695010771	19.5013	0.2341	236.14210078566484	3.2270584162003306	8.20595948689279	0.019898426704298734	206.60366632989272	2.2499111639160296	11.721
44.36698346721543	0.0783831235929323	36.47398185868486	0.07020574672991697	-5.348291002907215	0.07150800728728954	-14.383453307693419	0.06759590188334874	19.5013	0.2341	236.3429251001249	3.1508547026746396	8.207199482540819	0.01966539613994895	206.46614029190334	2.2485828802596335	11.721
44.362273863164766	0.06874314332270857	36.47429541713823	0.06971433091314805	-5.344284177923337	0.0649844026984158	-14.38642070778578	0.06693779136658963	19.5013	0.2341	236.4934312060403	2.9353876167033723	8.207924312878234	0.01870596725063062	206.30689238315276	2.12859554751517	11.721
44.33713433206387	0.0775298709930908	36.4566012953668	0.07192223919603538	-5.344317022252806	0.06881735820178089	-14.381052155282317	0.0655102234029271	19.4959	0.2346	236.71686665017336	3.1766265241146203	8.211392237372399	0.019554104884420512	206.43020521447139	2.170418442134854	11.721
44.36727957651028	0.07364554425489053	36.48358961073816	0.07049386999470719	-5.355696356701076	0.06993910974496156	-14.386525576807855	0.0656168204073303	19.4959	0.2346	236.62207622054865	3.059829812859977	8.203862189604848	0.01947114961405964	206.56520486809166	2.1935812357099627	11.721
44.37942669715296	0.07392789981423815	36.466043633409086	0.07934548409641418	-5.331089554283375	0.06890006074489251	-14.390331797797039	0.06971788011500399	19.4905	0.235	235.73420785440237	3.2306007294207935	8.21213585742791	0.02064674891301162	205.9173425145745	2.227989068160864	11.721
44.385832235585006	0.07845757491935683	36.46784608075871	0.07893224156206421	-5.33293713634907	0.07195927442825527	-14.386525576808337	0.07242563717911765	19.5013	0.2341	235.59716467084803	3.3114555339346183	8.211418776666852	0.020981997752734967	206.0459341893252	2.3235519120008337	11.721
44.35756480869805	0.07301271495185362	36.45886686291038	0.07368979833857725	-5.366827549136876	0.06473611653739295	-14.405806125534935	0.0670280668051458	19.5013	0.2341	236.1724806776465	3.101708404888737	8.20652809268059	0.019245327481430513	206.37896994811447	2.1276204259779967	11.721
44.4060428865531	0.06979212350498212	36.48942850597511	0.06909464929667898	-5.3236005836262015	0.06602119188064456	-14.372400959032802	0.06727947160060135	19.5067	0.2346	235.63798845080402	2.9231909190830274	8.209013880644736	0.018762165297619395	206.15496094379063	2.1475310090733357	11.721
44.39157466230865	0.07963487221912668	36.4732374198299	0.08040530997162224	-5.33872555714274	0.07106065044116136	-14.386840193129308	0.07000171962478988	19.5013	0.2341	235.586718632376	3.3669439003728754	8.209223192352297	0.02106815468156297	206.17058503665874	2.272882705076402	11.721
44.36050654072678	0.07761309346322093	36.45899903194127	0.07470826921534075	-5.357609330581388	0.07572869774999764	-14.401173219901011	0.06759372939375044	19.5013	0.2341	236.08850411215158	3.218767882899672	8.208311233963324	0.020881157617194866	206.27433065223244	2.3152782287329012	11.721
44.37607605982404	0.07923092035153526	36.47608212277689	0.08077582689885004	-5.342584571368756	0.0739084684619689	-14.379751760737987	0.07293177005872564	19.5013	0.2341	236.13373666428063	3.3820094968472647	8.207907217577347	0.02148924009739335	206.42033602902822	2.3717005482947844	11.721
44.35446900510862	0.06806215494478132	36.432756731730095	0.07476547668695852	-5.353898586922913	0.06648987400390731	-14.385015694700588	0.06519904218118379	19.5013	0.2341	235.4863473455227	3.005534313882352	8.214195024006143	0.019668052295711422	206.558620126137	2.129888841494923	11.721
44.381929810068556	0.08011229245748672	36.477437863129964	0.07582625005802024	-5.34438271239156	0.07096168630350375	-14.373963618540607	0.06988155954018946	19.5013	0.2341	235.99936599373675	3.2933609363783014	8.207288240083006	0.020380295329796228	206.59376192196814	2.278680355964656	11.721
44.40103596125881	0.08355601086966283	36.47788457451742	0.08687145140903552	-5.333051798950273	0.07597676893812215	-14.385068125601478	0.07372585274703364	19.5067	0.2346	235.4514231468717	3.5818723793931944	8.209698404746433	0.02266079021806242	206.08858871850046	2.410305610527626	11.7213907
44.40769967663053	0.0741753350708359	36.49751734393867	0.07954993193547175	-5.3332319952203955	0.07509202696726681	-14.376521792237051	0.0700789047907243	19.5013	0.2341	235.82959399941987	3.2427042337533876	8.205536396332691	0.021458731868609585	206.28058260341402	2.342908676266071	11.721
44.406852890784656	0.08451983753879483	36.516705994002464	0.08639439839009097	-5.32767235604135	0.07906878979152097	-14.356868367756611	0.07466836111898478	19.5013	0.2341	236.42843566586663	3.6216291719481233	8.202863794915954	0.022958313945387235	206.60256855202863	2.4884464391758585	11.721
44.32285492151089	0.06944389390167433	36.458552578470155	0.06824742410116089	-5.357559915703715	0.06557671033039496	-14.401015759751715	0.06483960474182326	19.4959	0.2346	237.20541334869722	2.9367863254298774	8.20840857064756	0.018578952423902065	206.27679508247553	2.10348692312236	11.721
44.397501521776505	0.0792236976246272	36.47877803011697	0.0754460047815389	-5.3483238786757	0.07341244992384474	-14.398154223754142	0.06962166371240858	19.4959	0.2346	235.57522749025304	3.25457431153078	8.206251940113129	0.020653140568478785	206.13149825450523	2.3045228696055373	11.721
44.39017543889908	0.0780715908088538	36.48297863385628	0.0698611305220749	-5.342600987893942	0.06931827415210076	-14.374330364431117	0.06402746199375693	19.5067	0.2346	235.91863639847872	3.125768577902231	8.206550615495715	0.019309986245552666	206.54461733831678	2.157986314443776	11.721
44.3732051020072	0.07583612009680597	36.468888114917526	0.07399258011056578	-5.340638648455331	0.06860255573273052	-14.386892630532452	0.0686567674528748	19.5013	0.2341	236.00458977379097	3.1635083680188116	8.209701538383287	0.01981307435085313	206.21299066730114	2.2124534051188682	11.721
44.3578911240076	0.0794781007617309	36.50112214289872	0.07660185449507502	-5.312268216152252	0.06999143218669718	-14.372558119801088	0.07306407660635919	19.4959	0.2346	237.43285470980229	3.3358206577822083	8.208942954419873	0.020370985768084753	205.89353186467397	2.2992720082686096	11.721
44.37747546922529	0.07404463085319399	36.46634133899943	0.07145110408523396	-5.342502490592237	0.06461511758610512	-14.383138757832032	0.06844016795518981	19.5013	0.2353	235.80122107307096	3.066984304501602	8.20983564117113	0.01891685945026863	206.34112830530333	2.1482425899269773	11.721
44.388040149768855	0.07141898947211386	36.4786291178112	0.07216554763416393	-5.338823970485631	0.06771271944415136	-14.379856586993888	0.06719687243546955	19.5013	0.2341	235.85259135513505	3.0275759860222324	8.208145423481104	0.019424178038264066	206.33208252936973	2.1771067833119218	11.721
44.393230847580305	0.07485004148781492	36.48807294913998	0.07301656899038989	-5.354046716773771	0.06730250600961513	-14.381838429505537	0.07322897673034098	19.5013	0.2341	235.97948478020376	3.121419957486063	8.203306594621669	0.0194686919385661	206.6347061761827	2.276492441124982	11.721
44.38218622324304	0.07383645521569428	36.481771882423004	0.0710485657628071	-5.342715907024431	0.06890806791796489	-14.378346440840978	0.07159814407996548	19.5013	0.2341	236.121171308906	3.0624847587853234	8.206764848294013	0.019420957373215735	206.4554411558214	2.2705338357593163	11.721
44.390543463774684	0.0711495774279485	36.469781334452904	0.07936976247232361	-5.344530522421288	0.0701391744195148	-14.383558160732608	0.06691090176308549	19.5013	0.2341	235.51459537894695	3.1693838286670455	8.208762046909325	0.020793663221797102	206.37784976710296	2.213227739813375	11.721
44.34836061226609	0.09218690047972411	36.42931844819679	0.08772274918016605	-5.384109139778797	0.08068851731610582	-14.417434089726742	0.07724794493691947	19.5013	0.2341	235.56574764106531	3.78540719524645	8.20893564552089	0.02339945413590138	206.5081349687144	2.553641722714457	11.721
44.37166177645134	0.08090964998172129	36.47250888653224	0.06746230018662723	-5.347880097468151	0.07068390924583903	-14.387615880014401	0.06563030689140294	19.4959	0.2346	236.15887855023027	3.149466466026409	8.207569191182255	0.019176463580119874	206.3616827808054	2.2019006685850138	11.721
44.37935439455134	0.08380233634218416	36.47760235178114	0.08401177481375147	-5.338463143246452	0.0777876300881175	-14.382352443904644	0.07418414271008417	19.4959	0.2346	236.08119792710073	3.545290445075665	8.208417796484344	0.022474979635982172	206.26690862352132	2.451570054410549	11.721
44.40792042248406	0.08104718314218314	36.49619094426219	0.0802042780583506	-5.340425341408943	0.07669277522130048	-14.375264235555848	0.07615875446000525	19.5067	0.2346	235.7834773187112	3.3981029586553424	8.204385695166723	0.021761962084081477	206.47353094349197	2.4700253701897505	11.721
44.38296116779841	0.0701929453608936	36.49213945618882	0.07845647406717612	-5.349957428582395	0.07004114860924972	-14.382719379608687	0.07172103650617812	19.5013	0.2341	236.4082165531003	3.153977398990856	8.203311060953684	0.020619421907244043	206.52100632057008	2.2920261010379535	11.721
44.380274151493424	0.0739655973028399	36.48509409847793	0.07705591233898196	-5.340441748903833	0.07313253597549718	-14.380790083150645	0.0684278136890916	19.5013	0.2341	236.27771316850607	3.196505347271999	8.206559204425018	0.020844393313655733	206.3477002222751	2.2860241521862923	11.721
44.3872314595718	0.07800254565256293	36.489592369048296	0.07257141048212111	-5.332855238183091	0.06937967659790394	-14.382614538908351	0.0683370045226221	19.5013	0.2353	236.2041448840696	3.186452302111192	8.207165190613813	0.019702312719088344	206.1331164720155	2.2181695444066016	11.721
44.362202411990786	0.07634601921031403	36.45212055280579	0.07578135136379682	-5.3687238535336945	0.07570149959233746	-14.402157704657835	0.07134568644357148	19.5013	0.2341	235.83258949640117	3.2071420386597334	8.207479812060136	0.021021589848794712	206.50564544156862	2.377996624787644	11.721
44.37611571879423	0.07197440601243757	36.46561335093325	0.07667619122904504	-5.361138544060327	0.06890271474717244	-14.409454488720328	0.07047950771578383	19.5067	0.2346	235.82005304228608	3.1350571579431175	8.206320611508533	0.020225350258912603	206.16599811382935	2.2457916345444535	11.721
44.36507288361789	0.07546841408569734	36.45256689990119	0.07299585695235684	-5.368773390587807	0.07073319357579955	-14.402315169254273	0.06787999817456342	19.5067	0.2346	235.7603383579187	3.1284114545558444	8.207382494300399	0.019947574420058893	206.5031782313276	2.241043226575226	11.721
44.3797222927529	0.08075565973883964	36.45541086546352	0.07599180240410458	-5.35366818261737	0.07101637366093008	-14.386106109975737	0.07178803559219847	19.4959	0.2346	235.40910842498397	3.294183042632094	8.209789452515933	0.020423797682597066	206.52841491772955	2.308914152681953	11.721
44.39937951013633	0.07717915612317577	36.496786867343154	0.06695725456403351	-5.331007689562986	0.06461781883828724	-14.379122835582166	0.07145207481189376	19.5013	0.2341	236.0560859329274	3.052064403973017	8.20611604853708	0.018255761301393687	206.1705734150425	2.195142438573626	11.721
44.380090197054926	0.07099877721388875	36.47594890418921	0.07528372656621551	-5.344218490745658	0.06497589909721178	-14.393508511730792	0.06730416757348236	19.5013	0.2341	236.00983571281378	3.0898616605684	8.207612679950966	0.019517240192558613	206.14380616094195	2.131093241340459	11.721
