18.8579803449258	0.07952137942604007	8.781373526967688	0.07219578582686373	-1.2598826597456458	0.07319019913038324	-12.4897604243967	0.0677719442237326	19.21	0.2342	184.98515692507664	1.9717323330969434	34.15709839735124	0.3497120741875139	165.98779902660849	1.4743792912340308	11.712000000000002
18.869284237113646	0.0784253899021366	8.797847655475415	0.07388535258803758	-1.2309428970430036	0.07375152618976866	-12.486583117599046	0.07600005890870659	19.21	0.2342	185.0801202373331	1.980052647322806	34.199555151388665	0.3560015848748803	165.60787809191305	1.5581747811890316	11.712000000000002
18.839701254684364	0.07780241213620676	8.781644803911838	0.07512170605677353	-1.2541013797445022	0.07686266794978333	-12.49748436033343	0.07194015931714569	19.1992	0.2342	185.32633045115884	1.9927405647864238	34.17585193227961	0.366000865695884	165.78841943838518	1.5523543899275456	11.712000000000002
18.813722750895128	0.07207202193926543	8.77322208767597	0.07280495202275636	-1.2521596760755598	0.07535487727085911	-12.498821471135981	0.07490498030367773	19.2046	0.2343	185.65037302578503	1.8942198481053758	34.21118354242453	0.3575583804240833	165.74008603254742	1.5657911938320856	11.712000000000002
18.81357444828732	0.06615446166926901	8.763092647795537	0.06969479171124977	-1.2598772085770287	0.06767963763550994	-12.498730106019451	0.06294279984459596	19.2046	0.2343	185.46600357020395	1.7732383629106774	34.21941605306872	0.3316758069681102	165.85524434762075	1.3639403540443367	11.712000000000002
18.840981337088078	0.0693260840132953	8.759135730587023	0.06930743296925876	-1.246369726237562	0.07343458144073245	-12.474905917313441	0.0693110893084826	19.2046	0.2343	184.84167496686686	1.7972690682127765	34.27036480601902	0.34585811728921284	165.96510862601087	1.4925288131417687	11.709
18.89003453670527	0.07033714943789007	8.795733057793754	0.06889080320740595	-1.2348003497331261	0.07391256982535425	-12.479087126126966	0.06707160722321125	19.21	0.2342	184.66088984824725	1.8010821597083604	34.193612808787215	0.34443937411047	165.77509365961672	1.4714767710829464	11.712000000000002
18.826600081376053	0.07670856201805817	8.757258714240919	0.07382203089050568	-1.2637435705843987	0.07150819002872658	-12.495324997241054	0.07295139852939958	19.2208	0.2338	185.11863145053135	1.9572156197547343	34.22613485698431	0.3510287349273074	165.96262117356602	1.5094628297373098	11.712000000000002
18.81530034953752	0.07832298043135978	8.748838086430203	0.07478017105058542	-1.2907472749810633	0.07564050413392884	-12.520574848539853	0.07623823254368405	19.2262	0.2334	185.17157714123212	1.9919701715554274	34.162782949271765	0.361940435274132	165.98854089988134	1.587414565212116	11.712000000000002
18.83071957387642	0.07766329541540477	8.76527417510979	0.07303189798397274	-1.2656723451025658	0.07358723362037778	-12.515514175575474	0.07171838584651256	19.21	0.2342	185.19028414983873	1.9614381266377343	34.19220458522775	0.3533978871432266	165.69323565448929	1.5134277471444821	11.712000000000002
18.828622716026487	0.07306974363692818	8.75320036347292	0.07406221652465404	-1.2791810605427152	0.07318415369189854	-12.50447720421554	0.07436589232879506	19.2208	0.2338	185.00690375722576	1.9104099782037998	34.18731416865283	0.3548119751764505	166.055547188654	1.5434546045562139	11.712000000000002
18.809529389083902	0.07834898617667624	8.757123460738917	0.07208137902382535	-1.2579494843730985	0.07106675305750404	-12.506179606414069	0.06794771456463461	19.21	0.2342	185.43050358086452	1.9638499320054361	34.246398152294546	0.34613250161956505	165.71697709488674	1.4485620369662342	11.712000000000002
18.817693679353233	0.07294338222563555	8.75299758127448	0.06991036614005736	-1.2753146140406444	0.06767415841318004	-12.500523959862216	0.06654737366500471	19.2262	0.2334	185.20407127325993	1.8591925476837667	34.201186493057875	0.3318373549356964	166.05683119719592	1.404057177512164	11.712000000000002
18.834245211725907	0.07810753554827261	8.75893281070699	0.07220976336997943	-1.248293447112799	0.0696839444579305	-12.485670358410948	0.0701218316568319	19.2208	0.2338	185.00892273114724	1.9532693855404624	34.27325082557913	0.3436833681992125	165.8770287946981	1.459262919815317	11.712000000000002
18.826451671143417	0.0799678279947191	8.769265051777886	0.07390389601830952	-1.2540917645272698	0.07277841173212712	-12.509950032216812	0.0713138078109705	19.2046	0.2343	185.34235905526754	2.0066839760162787	34.21809498437169	0.35409366490158	165.6046699560034	1.4991390953791564	11.712000000000002
18.832296847862203	0.07103660448093968	8.76302497619465	0.06843469142650292	-1.2772431992725142	0.0688094922964029	-12.51703337780702	0.066175717607098	19.2154	0.2341	185.1199090906641	1.8134285972403998	34.160459622047966	0.3301862337814667	165.8414137527359	1.4086030625992112	11.712000000000002
18.83094224333697	0.06934291688865295	8.769400497228798	0.06967674313921866	-1.267605567267409	0.06724637446102141	-12.495416339958476	0.06564768027394603	19.2262	0.2334	185.26213382887238	1.8100251311107978	34.17156205731501	0.3296786549750013	166.01835667074678	1.3895782353166817	11.712000000000002
18.79687564757379	0.07521083715769458	8.757089648016214	0.07626081776152141	-1.283035840294488	0.07318534648320846	-12.515331204635489	0.07804671807663781	19.2208	0.2338	185.66358820540805	1.9807473797541049	34.16094509992895	0.35962713552448283	165.95207239741606	1.5807650031931308	11.712000000000002
18.811329492532117	0.07302988736360312	8.742903012067014	0.0705121253963309	-1.2695241693603843	0.06528632784227524	-12.498638742252009	0.0661771641585997	19.2208	0.2338	185.13545260611286	1.866632487062473	34.255447693921006	0.3287694314705638	165.99908046109388	1.3742327881724599	11.712000000000002
18.800179622808127	0.0707857839190166	8.744611264645366	0.06721811086322277	-1.2868809007891158	0.07382595850032755	-12.511103603759093	0.06856964719349118	19.2154	0.2341	185.3721865437004	1.7995311628512813	34.19034476091067	0.34029366399611016	166.071428090878	1.4907881036821415	11.712000000000002
18.828622716026487	0.07077517896230757	8.771311306648581	0.0735234374948838	-1.2540928328521117	0.07124714343801145	-12.500798096907172	0.06958464707454105	19.2208	0.2338	185.3400593476878	1.880673141307001	34.21110718631449	0.34936889660116893	165.73944544005906	1.4676298244542418	11.712000000000002
18.81118121175725	0.07351624473019693	8.748871865948587	0.06747983121610579	-1.2849596072449418	0.07070692458847348	-12.509584257104834	0.06807628810382231	19.2262	0.2334	185.20055035271204	1.8366833369707016	34.17361782386585	0.3328848053732888	166.0229439107582	1.4517646843484309	11.709
18.81350029786078	0.0741962556323138	8.775132840310489	0.07620670407435723	-1.263735836635756	0.06968316949805348	-12.498684423967275	0.06955216279885156	19.2262	0.2334	185.68982470254824	1.9674567675263268	34.16522186311849	0.3514336709280272	165.91288148787285	1.453930565465518	11.712000000000002
18.798675843925082	0.08024934079926224	8.742869255754695	0.07144400034107953	-1.2926792899605206	0.07390065445897356	-12.500432583546852	0.07048259434515527	19.2262	0.2334	185.36779493005642	1.9806116473204403	34.176524984179196	0.35005225547151037	166.31546436331453	1.5154358082100905	11.712000000000002
18.809010460280653	0.07224795647173518	8.752862398361517	0.0740043123923792	-1.2695207891955493	0.07193839568725238	-12.49298308314262	0.07018275377440839	19.2154	0.2341	185.36150044876572	1.9063682917683513	34.22141911600367	0.35240164180550526	166.08267971796596	1.4872169938462476	11.712000000000002
18.791497613805586	0.06985743296062318	8.734416294013833	0.07051384625669578	-1.2752985335905416	0.06968649689563605	-12.518277984113926	0.06585259431085323	19.2154	0.2341	185.3442996253784	1.8292593354238629	34.2647299658051	0.3393651559050224	165.79436987279243	1.4138769248975127	11.712000000000002
18.83274221895286	0.07923481216353223	8.771277437767335	0.0705953706535612	-1.2598815694955814	0.06809637906077898	-12.491554415711029	0.068041606858796	19.2316	0.2328	185.26355098692142	1.9540418902565249	34.19148030195208	0.33432811984876165	165.96127033030237	1.4224161152738748	11.712000000000002
18.839032926876648	0.07193097370715501	8.7813396185279	0.07202186019771775	-1.257951650232221	0.06799250634676693	-12.493394043096039	0.06850493006308978	19.2262	0.2334	185.33302183165395	1.8756842261791982	34.16378371945954	0.33705461215533516	165.90558950097156	1.4252248892665642	11.712000000000002
18.79492725802356	0.07394543166290855	8.751120540761079	0.0709860834271958	-1.2811084728763467	0.07015549515887032	-12.502546264277054	0.07033149593873421	19.2154	0.2341	185.58926370900264	1.894056167455638	34.18783354490265	0.34011174975841907	166.1126433299599	1.4705359190513025	11.712000000000002
18.822480626302696	0.06992516120643621	8.753267959627184	0.06768376707768531	-1.2830429079108214	0.06588659274426152	-12.493531035817679	0.0709712000065072	19.2208	0.2338	185.12099755935648	1.7891608457199226	34.17392905912601	0.3216290102686355	166.27489117552955	1.4363365301829325	11.712000000000002
18.79860175529423	0.0747389988187642	8.754908382649711	0.07177873092346718	-1.2772408873647543	0.0710650530911763	-12.511423685529225	0.06986325583341692	19.2208	0.2338	185.59135811226773	1.9148206854057483	34.18810529740898	0.34421739720084826	165.9241911033206	1.4718625539294512	11.712000000000002
18.775763065992283	0.07293877151413583	8.740924656265083	0.07293312226375191	-1.283033484493508	0.07318637907009881	-12.493165728638271	0.0684822118051951	19.2208	0.2338	185.75512802332733	1.9093566236055757	34.21604228453245	0.35268286933738924	166.28016984062685	1.48671456004276	11.712000000000002
18.816561092380496	0.07407378912917652	8.765511098467586	0.07208304096324164	-1.2579603139984141	0.06920226806272212	-12.495599029440584	0.07139387427530942	19.2154	0.2341	185.4555190374302	1.907096759616147	34.21770377636049	0.3411182639236494	165.8731643446445	1.467615290844759	11.712000000000002
18.789845543843274	0.0717460048740062	8.728582730652748	0.07261165725378557	-1.2830240616471664	0.0747508853704427	-12.520391811790075	0.06851664501350488	19.2262	0.2334	185.2672699343969	1.8796580926976378	34.258254715553825	0.35659833770032556	165.87716402433955	1.4968061891822642	11.712000000000002
18.800772384113294	0.07594777426329388	8.738845079358061	0.07325498295548563	-1.2849607924200361	0.0726101616466825	-12.528023670932805	0.06919924222231161	19.2154	0.2341	185.25503484917326	1.9427701165496194	34.2165620513697	0.35208254636480757	165.79313961275747	1.4791000158300296	11.712000000000002
18.775319101996846	0.07390233828681753	8.730662094322453	0.07091802899123614	-1.2830264173054033	0.06588655666375735	-12.509447097009142	0.06314420418024207	19.2262	0.2334	185.5735533894402	1.8922905054683172	34.251132857219595	0.3311006609240544	166.03891361939145	1.3497237714451937	11.712000000000002
18.794556888964905	0.07745755471226634	8.742903012067014	0.07064525635156262	-1.2888212724321786	0.07141697644283568	-12.50967569885703	0.07010118714119559	19.2316	0.2328	185.44437724586146	1.934119877731456	34.18955364757631	0.3423638408086993	166.12127941902074	1.4815465328714734	11.712000000000002
18.765355477359623	0.07261264089554652	8.716814265658511	0.06739890869953526	-1.2984717070380143	0.06767649799492786	-12.52632170997103	0.06788502821112001	19.2154	0.2341	185.50182103265905	1.8289209064738752	34.245669723021884	0.3265912255387511	166.01777660062666	1.4173592971774227	11.712000000000002
18.78878579674752	0.07898639673420119	8.710946762284049	0.07673851700424031	-1.2849702741471278	0.07358873187861986	-12.511835243548251	0.06658678403902646	19.2208	0.2338	184.96253880597098	2.0211786559782383	34.31202703589393	0.3649570485578223	166.03234282880234	1.4676837923963306	11.712000000000002
18.80368414427432	0.07302986503221161	8.747265006796837	0.06798924236333412	-1.2714652912719813	0.06540892152026576	-12.500935169985407	0.06897244404434372	19.2316	0.2328	185.35650394140626	1.8390972233239855	34.233896451798	0.3223737951115309	165.99382817043914	1.4051069549183597	11.712000000000002
18.762889496658598	0.0802973080685512	8.71664599812825	0.07903862181158139	-1.3042540481581235	0.07657137890317499	-12.520574848539853	0.07484713961375493	19.21	0.2342	185.54424783402513	2.0809232687465897	34.22648405017109	0.3758656576264664	166.18842547984534	1.5865088587070515	11.712000000000002
18.795371720163093	0.073602755787881	8.739249982486404	0.07422160293643867	-1.28497501522623	0.07015502593557266	-12.512018167004815	0.07184128055754142	19.2208	0.2338	185.3619856756957	1.9267482020760223	34.21513141223803	0.3485952866725949	166.02970775942737	1.4849542801376598	11.712000000000002
18.769474087565754	0.08392593376118665	8.710744976564122	0.08169996751218814	-1.2946113184779704	0.0789376392981512	-12.520757890696562	0.07608589635064138	19.2208	0.2338	185.31393707118752	2.157831090108435	34.27965636491472	0.3892246441254944	166.04296777178968	1.6216080371225838	11.712000000000002
18.778377472264804	0.07669216745015539	8.747197457580977	0.07747945228695813	-1.2888308711340024	0.07374159687221701	-12.511880973906184	0.07431377405938128	19.2316	0.2328	185.7752752851719	2.0189752224477493	34.166137324753514	0.3641362226180153	166.04623623685796	1.5489255590042441	11.709
18.786467170890553	0.06808006726300539	8.737001681767644	0.07201700970737684	-1.2695286763669846	0.06713618104376584	-12.493302716300946	0.06737167584455667	19.2208	0.2338	185.4847599118394	1.8291560509492817	34.27563434350245	0.33724625895117105	166.07806668774015	1.407364807005099	11.712000000000002
18.790363915932154	0.07330062185433792	8.734854694504826	0.0745828667790561	-1.2791729174408417	0.07920521532242952	-12.51703337780702	0.07293376167007636	19.21	0.2342	185.37327672279636	1.927809304449326	34.24997302718044	0.3720961825751657	165.86989134331543	1.5891982990680233	11.712000000000002
18.780547929067065	0.07594608298864702	8.731134027478788	0.07770382544475235	-1.2869023657021759	0.07150430882433141	-12.517445120398463	0.07275334938172356	19.2262	0.2334	185.43820036793144	2.004952992386226	34.22749814598308	0.3607817851357671	165.93545560242154	1.5072267906348589	11.709
18.7673038358337	0.07895813151133889	8.722782719643037	0.07602329090423544	-1.2888212724321786	0.07614674714201812	-12.51703337780702	0.07552359648498568	19.2154	0.2341	185.5760639984796	2.025047538242886	34.25826429751602	0.3681933895755291	166.01242263672486	1.585693761899721	11.712000000000002
18.786911423675665	0.07713545283770398	8.747265006796837	0.07391732708575968	-1.2811143260889222	0.0710650104912394	-12.50829340551327	0.07179970418444487	19.2208	0.2338	185.66616951354496	1.9757255781622376	34.20095752439826	0.3496967870072136	166.02769763496573	1.4939140731422984	11.712000000000002
18.765281524196165	0.0702476156132113	8.716780611632817	0.06768023893754568	-1.3061885864654479	0.07043209494195851	-12.511560868495991	0.06664657001772228	19.2262	0.2334	185.50256498078687	1.8007807912935299	34.2194183004828	0.3334877478910979	166.3508044691663	1.4395243753480342	11.712000000000002
18.771570395924496	0.07215873915567839	8.718792523417655	0.07248502280993228	-1.298470470693654	0.070059650830179	-12.507881957376526	0.06919992134561169	19.2208	0.2338	185.42364281122337	1.886534875588276	34.23891094844985	0.3445638557087291	166.2908615413749	1.4608442186660737	11.712000000000002
18.786096976285904	0.07024943240697551	8.724760988528443	0.07102727018839036	-1.294608875040022	0.06850495624544267	-12.51146941284726	0.06744139507701634	19.2262	0.2334	185.26592251371028	1.8395094605076427	34.23171120268681	0.3371465141376418	166.1804287580696	1.4242112214894018	11.712000000000002
18.7673038358337	0.07344498580796134	8.712723200254798	0.07541614389552524	-1.2791729174408417	0.07006258548695227	-12.505996771747471	0.07018411607803149	19.2262	0.2334	185.39039678057696	1.941009479570768	34.3258348127901	0.3536320051145064	166.03295087570436	1.4666118815812412	11.712000000000002
18.7559357186194	0.07274974012974027	8.700249262640845	0.07006242451986777	-1.319677567644234	0.07210542020036888	-12.520163023455959	0.07118051044402224	19.2208	0.2338	185.37000946206248	1.8618934658995432	34.22980840198621	0.34345602341715814	166.42338413332538	1.5054803838418727	11.712000000000002
18.790289861025645	0.08024815977452034	8.720737113015227	0.07153567868076131	-1.2965384443976118	0.07358396612709513	-12.513308833276605	0.07056367775848531	19.2262	0.2334	185.1147454250716	1.9763126617472837	34.238868007256926	0.3507714527914318	166.18176434639216	1.5104397159687046	11.712000000000002
18.782348295044578	0.07514704900374856	8.702832093395793	0.07426190648878311	-1.311982158203724	0.07389919239951522	-12.528298398894686	0.07246689111169512	19.2316	0.2328	184.9317622196357	1.9383896122202435	34.24728277389669	0.3582644492137527	166.18849303926623	1.5335465086546884	11.712000000000002
18.748142567892927	0.06790089132767069	8.682413074219967	0.06930012665211965	-1.3081117118968368	0.06756777712862706	-12.524207729388815	0.06849983296585313	19.2154	0.2341	185.18505734372775	1.7849481502532472	34.33054648732737	0.3325935462246923	166.19175607851932	1.4256657164700106	11.712000000000002
18.752630359725647	0.06736738506095423	8.704675885595519	0.06831964129508443	-1.3081168032445747	0.06528346359472054	-12.524390823074771	0.06440301359158289	19.2316	0.2328	185.5126531764716	1.7714540836447912	34.254197231592826	0.32327508745778394	166.1891186143202	1.3587628913269283	11.712000000000002
18.771940296202292	0.07674879826833392	8.729020843032217	0.0738415425770461	-1.283039374062283	0.07318527971132045	-12.500752406556197	0.0684141895472985	19.2208	0.2338	185.60566000595523	1.9683135073280287	34.256703232465384	0.35571977724120685	166.1677998084669	1.4840056675697886	11.712000000000002
18.79687564757379	0.08438044911706732	8.728919736271926	0.08040311526875976	-1.294613761952926	0.07733927244477243	-12.507973387932292	0.07532202628836447	19.2316	0.2328	185.14410570668127	2.1433542140347024	34.217491831929365	0.3808400761558946	166.232311784032	1.6004111217692212	11.712000000000002
18.765355477359623	0.07460750170587331	8.700719509826914	0.06700631091314407	-1.3158371795496395	0.07244382470376762	-12.504248689719134	0.06619929518596142	19.2262	0.2334	185.20517776354643	1.8453144584954553	34.24132526163808	0.33733853819721593	166.60297950231902	1.4612944091763187	11.712000000000002
18.761384779508777	0.07526962361498107	8.706855762939568	0.07398335399421231	-1.29461620546537	0.07285550570735909	-12.5191015365893	0.07490036441799514	19.2316	0.2328	185.39134855749987	1.9460404587662468	34.29296974346053	0.3560245859271575	166.06754238642944	1.545929391456829	11.712000000000002
18.748290331787842	0.0717054786470147	8.70662046150755	0.0725046909389203	-1.3254787596827646	0.06766820010468032	-12.527977884122196	0.06977607393463603	19.2262	0.2334	185.62875672791344	1.8850673681761283	34.18827585737179	0.33798138050068993	166.39346924167276	1.4437236766917463	11.712000000000002
18.735049620001114	0.07575738946718151	8.684189986005068	0.07637441270758746	-1.33704194595417	0.0731723702720174	-12.531244249227475	0.07621061417096044	19.2208	0.2338	185.4590315028781	1.9849673327630155	34.22535052888689	0.36123381568769364	166.51679530101202	1.5715957045836026	11.712000000000002
18.766786124066066	0.07859081645679138	8.70846416180484	0.07438966885035726	-1.2946015449477408	0.07114894199078062	-12.513034434771244	0.07051472146310621	19.2316	0.2328	185.32143835582943	1.9938150407309296	34.287506016385564	0.35283661184950277	166.15713725784073	1.483660825580008	11.712000000000002
18.76976997231968	0.07514550664471537	8.70886762278231	0.07434590501908982	-1.29461620546537	0.07115155255926431	-12.511743783846486	0.07146657215717873	19.2262	0.2334	185.2739077204136	1.9466361554857607	34.28607288133732	0.352704920074913	166.17647258330456	1.493993334478171	11.712000000000002
18.779659760258244	0.07363947352706951	8.71664599812825	0.07255011901495768	-1.3023245562960233	0.07252782057087856	-12.515056758360258	0.068515805608398	19.2262	0.2334	185.2350337139685	1.9028676248360445	34.23307551803541	0.3505170954493494	166.24161354260445	1.4792527728779277	11.712000000000002
18.77164437481341	0.07991735109621004	8.724862044717835	0.07387510752600224	-1.2733859984799805	0.07210729150260031	-12.493211390855905	0.0732459370678637	19.2208	0.2338	185.53429667810332	2.009796912913803	34.304027477686105	0.3541918346572609	166.136515347103	1.5219556901967952	11.712000000000002
18.77381469757955	0.06686494234391571	8.714836009059093	0.06753421478710345	-1.2965433605334122	0.07015664624836832	-12.511652325496213	0.06404096093550536	19.2262	0.2334	185.30933916974544	1.7507750594186746	34.25903294048676	0.3332345729374578	166.20638277485173	1.407746592274906	11.712000000000002
18.765059668202273	0.07057748431989712	8.71064408720953	0.07238355725192859	-1.3235494334346996	0.06880588590934608	-12.524299275555807	0.06740513860216388	19.21	0.2342	185.39344017330052	1.8641244005847617	34.181140207923626	0.34019716033699937	166.41945581915476	1.431123866195096	11.712000000000002
18.739536856405113	0.07330100874791004	8.68834726421362	0.07260706724626784	-1.3254720669339564	0.07149975073065912	-12.535105864843013	0.06992462334868427	19.2316	0.2328	185.45294329542736	1.9036430164515277	34.25068540389513	0.34853938998688916	166.28756363477072	1.4835580596070705	11.712000000000002
18.746489745232566	0.06884106470295177	8.696695988002396	0.07161656400350934	-1.3081193489763578	0.06713371346648761	-12.506088188405744	0.07150037487037812	19.2208	0.2338	185.4787012072995	1.8333779546517361	34.28150985804722	0.33635375386178085	166.4607858997457	1.457951395039747	11.712000000000002
18.76984394496587	0.07255959433989301	8.708901246217275	0.07015934296712699	-1.3061949143896834	0.07042820151536745	-12.520986700996755	0.06974362210287466	19.2262	0.2334	185.27316468307984	1.8586681643696175	34.24631876742691	0.3399315019403865	166.21108344769556	1.4689928114745165	11.712000000000002
18.77433263024504	0.07944454635953654	8.711047658649866	0.07929171009525932	-1.2926926489617756	0.07614527367083125	-12.510132927877429	0.07572493844110809	19.2208	0.2338	185.2300415573747	2.0660127168124554	34.285193843108125	0.3767667097012781	166.1718402010041	1.5908269083906013	11.712000000000002
18.771792334342116	0.07586628509539935	8.71285775361892	0.0728577566153052	-1.3042628559144755	0.0764337965096577	-12.520895175862963	0.0734318623014744	19.2154	0.2341	185.31015173957547	1.9377700982101358	34.239397624519114	0.3609341763865994	166.18380992815133	1.5703644901171994	11.712000000000002
18.736776376132173	0.07308990946744381	8.696091678419263	0.07542354893831774	-1.3158137434452115	0.07277359443991635	-12.529176094128157	0.06921842177832423	19.2262	0.2334	185.6469702625828	1.9419093785291959	34.257232879324135	0.3586161103302723	166.23227139170714	1.4888964571098096	11.712000000000002
18.755640079279555	0.0668906773824817	8.704138219698626	0.0737221955174254	-1.3119551225491048	0.06756683145181537	-12.523658480782142	0.0661538531776399	19.2316	0.2328	185.44718187715623	1.836586185055149	34.24290927440683	0.3418829777629059	166.2568687320361	1.4022189622394163	11.712000000000002
18.758623184054297	0.06965659691582002	8.704541462894074	0.06833429211648541	-1.2984642891126734	0.07185338927824876	-12.524207729388815	0.0702478955765809	19.2316	0.2328	185.3995964215391	1.7993751857580396	34.28771152448578	0.3398909712023727	166.0489306039606	1.48638630290782	11.712000000000002
18.73332281047169	0.07383913938911021	8.696427395596745	0.0679625568785428	-1.3235441084297124	0.06798569407936204	-12.516758897949709	0.07049928891131146	19.2262	0.2334	185.7170585567473	1.8569125350410804	34.229655789415666	0.32839359534910073	166.53148613189566	1.4571381571510194	11.712000000000002
18.741854411556748	0.06873970400120864	8.708565023544194	0.07195137083392109	-1.3061822587810397	0.06635068202663782	-12.516850389883986	0.06484385708560501	19.2262	0.2334	185.7838064273669	1.842592060006637	34.24751178773088	0.3347021274423083	166.27222139603998	1.3759973771631067	11.712000000000002
18.743211832810072	0.07455392245610162	8.686100940110942	0.07802272840873552	-1.331250319029612	0.07276739286930758	-12.538463468126922	0.06965589296994874	19.2262	0.2334	185.34375462096668	1.9887949390014326	34.2386092620661	0.36465712705521103	166.3234801278333	1.4949461578877286	11.712000000000002
18.742002124011808	0.07693209265118395	8.704608673725971	0.07649765601865953	-1.310043709555854	0.07841590047930805	-12.516941883169759	0.07220058105640907	19.2154	0.2341	185.70784364731625	2.007269177172108	34.24783631782771	0.3746320937719379	166.32815473250477	1.5820030014883195	11.712000000000002
18.746046498000958	0.07333458264254983	8.696494542142403	0.07081459057886128	-1.3138999769233333	0.06767378949320932	-12.524207729388815	0.06656835430117578	19.2262	0.2334	185.43565293740463	1.8810920552059534	34.25362720928949	0.3351701782444716	166.23497497231094	1.4076460707191516	11.709
18.75741405513273	0.07473494089519896	8.721040146263553	0.07700394096910475	-1.298479125300267	0.0741364094465255	-12.511880973905702	0.07150160654116697	19.2154	0.2341	185.7267087115034	1.98576549758641	34.23120074991859	0.36518995729026277	166.23168585758827	1.526888205005274	11.712000000000002
18.744467509682316	0.07647961451550477	8.696729563219558	0.07625319656438546	-1.3254854526858186	0.06967762119266874	-12.524528146888466	0.06992639496252559	19.2316	0.2328	185.51665095410812	1.9940333625727351	34.22199334760485	0.35270697286100705	166.44482429352806	1.4671448678618042	11.712000000000002
18.73428252211518	0.08029391893305059	8.69284033264464	0.07875588822692803	-1.3274201835351331	0.0765689107348995	-12.537586540874608	0.07531816558585684	19.2316	0.2328	185.63296569559432	2.0792057359360676	34.22866851103992	0.3752146955741867	166.27966384030273	1.593116843373893	11.712000000000002
18.748733637449384	0.07726909656488011	8.694751387040178	0.07592525033032309	-1.3139103350864338	0.07534512865930904	-12.50985858641302	0.07162919569817319	19.2316	0.2328	185.40143070338237	1.9976500830395723	34.26833528046383	0.36623435989289305	166.4908279002999	1.545947233125298	11.712000000000002
18.75965818044015	0.07823295992977627	8.711047658649866	0.07919838606320131	-1.3119885958982573	0.07466883784563251	-12.52484858095255	0.0715661513123172	19.2262	0.2334	185.50054153757563	2.0550554510697343	34.21918936459459	0.3716119182140874	166.23971903482683	1.5333892945981296	11.712000000000002
18.720526203709003	0.07007206279775212	8.678222439372657	0.06853368061921039	-1.3196815173808758	0.07088187189779713	-12.527657385918461	0.07222241547086722	19.2262	0.2334	185.6170394000688	1.8116632065743037	34.30520808022945	0.3383053903954546	166.31216156744776	1.5015974519069177	11.712000000000002
18.729352383418178	0.07209700735362563	8.694516419490673	0.07057708476027527	-1.3158306691999007	0.06977596959234886	-12.509538536735544	0.06823987827816602	19.2262	0.2334	185.75517329759361	1.8676066098278832	34.26256577956914	0.3396915088462036	166.52415049157912	1.4519247725799878	11.712000000000002
18.732732267562266	0.07905901395768869	8.686100940110942	0.07329156772139868	-1.315816347298852	0.07781427411784865	-12.532946034159785	0.07201312263013691	19.2262	0.2334	185.53708529136924	1.9909041672115844	34.291442905083365	0.36649090509889043	166.17644134717295	1.5706855285380579	11.712000000000002
18.744172041164937	0.08364147453101137	8.706654075219172	0.07745553488369379	-1.306186055363136	0.07474575846059656	-12.526184367341699	0.07377190595832135	19.2262	0.2334	185.70553993689862	2.1090697668734255	34.254034932108006	0.36823631804247353	166.133954895718	1.5550274564580608	11.712000000000002
18.75038643660666	0.07265311766786378	8.704608673725971	0.0692396630120391	-1.3119731458409585	0.07436821262289321	-12.509584257105313	0.06986190390733157	19.2316	0.2328	185.5528499127138	1.8537663544422827	34.241239354984685	0.34735212246514435	166.46610379397313	1.5168871149414804	11.712000000000002
18.72247446739166	0.07432619804267054	8.698271183548306	0.07319073186755101	-1.2984556352923484	0.06968109201052533	-12.509172785935046	0.06928706836274112	19.2262	0.2334	185.95220395187343	1.9350455709441763	34.30924759854101	0.3468294410765628	166.27149436068115	1.457425825718575	11.712000000000002
18.75413526056211	0.08256772312456397	8.69434859330194	0.0804083737428194	-1.3100360288806143	0.08093959920966981	-12.514828062420246	0.07702067662487429	19.2262	0.2334	185.29445555329596	2.1228567294748544	34.28298576627043	0.3909661233834092	166.3594190693272	1.6588613800699952	11.712000000000002
18.751891380424134	0.0758010680282994	8.694281464640484	0.07457717030637881	-1.3081040751643207	0.07141414321689372	-12.527611601813238	0.07597821907519489	19.2208	0.2338	185.33455851842325	1.9595032975544908	34.28983758301246	0.3539775858235302	166.14122224748235	1.5440867732087626	11.712000000000002
18.730636407844646	0.07161552951917921	8.690124041849655	0.06851619130377648	-1.3216042045793612	0.06967921254906834	-12.527428468773481	0.06982582394539223	19.2316	0.2328	185.65015663994538	1.8325975398265544	34.25783912232271	0.33438354158213823	166.34409478010247	1.4643291563355925	11.712000000000002
18.751374129565825	0.07713425144035654	8.68398884493638	0.07034495739093476	-1.3273878831774584	0.07293448882724989	-12.525451924703653	0.06949551008454974	19.2262	0.2334	185.15459980837403	1.9199650605217937	34.25904197965362	0.34675379646825544	166.45937070728067	1.4975396537929593	11.712000000000002
18.745677141319597	0.07441913883562598	8.682245486480227	0.06938767918799903	-1.3100347488025985	0.07218991960348659	-12.542370865930025	0.07252347819352209	19.2316	0.2328	185.22734166887247	1.8727901921140866	34.324515278456005	0.3439572002774013	165.95147029565445	1.5118402733717287	11.712000000000002
18.741780556202016	0.07426369206638544	8.696460968740048	0.07249943523190722	-1.306180993272899	0.06929853765948651	-12.522322650452674	0.06401617881934096	19.2262	0.2334	185.561313133218	1.9171540685727855	34.28895854766328	0.3437994825611241	166.19107982637362	1.3978738265275996	11.712000000000002
