18.252884746219518	0.07200245480722585	8.43462692520047	0.06987697596582498	-1.1285964012817273	0.07152156371276744	-12.17565013926761	0.07092379011313689	20.8498	0.2404	189.85269357072247	1.9401508514853048	35.86449504455351	0.3749900309084215	168.7348262897226	1.5384924760372534	11.712000000000002
18.308934410696317	0.06685612868935731	8.493660584898942	0.06608518465707296	-1.0783995872973091	0.0663692544571671	-12.137986319194276	0.06618575023197332	20.8498	0.2404	189.9104117292264	1.8188572893778765	35.831385243359215	0.3505990195086249	168.54361186175686	1.4284167870378228	11.712000000000002
18.27524213338575	0.07567783855963764	8.445325873518428	0.07316333259433111	-1.1228153554194105	0.0690200121628122	-12.18022471287113	0.06657684491677884	20.8551	0.2409	189.6275252214039	2.0305870192484305	35.84606115190605	0.37681823561443206	168.57680069844673	1.4620072594926095	11.712000000000002
18.253675169016958	0.07549378405848403	8.439003936907374	0.07315166220691201	-1.1382571207682541	0.0737609550702385	-12.174297792492403	0.07291674738947611	20.8498	0.2404	189.92207170363076	2.0341838284562885	35.81192718221878	0.388449172038637	168.90320985026455	1.587380001518184	11.712000000000002
18.277190334868525	0.07210553197349318	8.441241466019823	0.07134811387398922	-1.140192371024597	0.07044682021895589	-12.169083019658554	0.0669826719533185	20.8498	0.2404	189.51122238910773	1.9544353819203297	35.7963308452358	0.37459545073775824	169.01270969833735	1.489671142578589	11.712000000000002
18.27509823405607	0.07545503535988839	8.455309072953424	0.07295891800897215	-1.1150901785018168	0.07360596078440285	-12.17092515973684	0.06958769822964495	20.8498	0.2404	189.82308712654387	2.0289344659119277	35.83760369771689	0.3880860699063503	168.60080642086905	1.5447130525754673	11.712000000000002
18.275026285241196	0.07068240156373262	8.443218495029784	0.07303831498200197	-1.1324682951603546	0.06969927529533243	-12.159827636965979	0.06989633401144182	20.8551	0.2409	189.5910429970068	1.9599597530620985	35.81781475496328	0.37763419454681607	169.0361795344435	1.5130920001146515	11.712000000000002
18.237299861250143	0.07718243381649874	8.425100186203466	0.07556748969502736	-1.1305367957776016	0.07514553828882418	-12.165309730679546	0.07175951624642371	20.8498	0.2404	189.96991044043455	2.091263294987801	35.89296833370002	0.40030151412737275	168.9226144016567	1.5906017831221584	11.712000000000002
18.279426386907097	0.07557579332725362	8.453364602543822	0.07621585532912693	-1.12088435568508	0.07624409378690088	-12.176540537933423	0.07234521518032974	20.8498	0.2404	189.70191053129696	2.0721870504910784	35.82319376683783	0.40336700087546234	168.603533138564	1.6028916504636208	11.712000000000002
18.28353872723251	0.0772957586995997	8.459361181837068	0.07424428849509834	-1.13440040837148	0.07890027225693505	-12.163600987910332	0.07253411264322633	20.8444	0.2409	189.73829461845784	2.069947069898953	35.75033342006611	0.40371824164524	169.00796028230508	1.6423134412901508	11.712000000000002
18.26478180983949	0.07436470969649593	8.463413389285927	0.07144498035694662	-1.109298026741192	0.07477336646716545	-12.163645464555403	0.06786079581901072	20.8498	0.2404	190.1798415804272	2.0009498701175494	35.82894758828146	0.3870779607985242	168.62349441957235	1.5402916236527708	11.712000000000002
18.270482503719403	0.07349047522361546	8.453103657452889	0.06975098992660546	-1.1189488890770294	0.07017142560295381	-12.170658149609508	0.07347887954255215	20.8551	0.2409	189.86969156244328	1.9595745639817461	35.831413788771684	0.37036771905375343	168.66374689651116	1.5505969715477932	11.712000000000002
18.267377265426354	0.07151214171139747	8.457612517818287	0.07014077812024117	-1.1131639406563014	0.07152573067145794	-12.167641282979979	0.07089564184830432	20.8498	0.2404	190.01706375749598	1.9402821777240242	35.83619125268382	0.37510047919478495	168.62151287384668	1.5361696717144966	11.712000000000002
18.256270124519	0.07387386785482414	8.43722229992561	0.06707487751206358	-1.1189522274023165	0.07229696542656561	-12.167240864942148	0.0679508757693902	20.8498	0.2404	189.83741873866154	1.9291382015130871	35.89094931468173	0.37039537780955045	168.71596630438395	1.5151330951083233	11.712000000000002
18.27329391773057	0.07124108108627121	8.457449337529862	0.0701568584451858	-1.1054368015560068	0.06892317927763503	-12.165576629348175	0.06780181681707952	20.8498	0.2404	189.8993691538425	1.9343573092156088	35.865759626765275	0.3688569199833401	168.53518332637356	1.4732535225951409	11.712000000000002
18.28259824187673	0.08578311447931329	8.467923164852861	0.0839278970210652	-1.1054433694398096	0.08169507400029904	-12.153258565874177	0.07786561221424383	20.8498	0.2404	189.92199730136264	2.3223106514415477	35.82649576551707	0.43831333113393056	168.72319642836567	1.7235914545554767	11.712000000000002
18.25612638119007	0.07561007573762413	8.42108131861458	0.07359583957646082	-1.1266749650094923	0.07295794184806068	-12.165309730679546	0.07013783612898819	20.8551	0.2409	189.52863780820837	2.0333357677359563	35.922594315781296	0.38989935241990553	168.86351736986117	1.548162745933733	11.712000000000002
18.270770222719545	0.07286761811774768	8.43514764714319	0.07590978735561767	-1.138260268458155	0.06940874410793982	-12.180046569568713	0.07021656896101282	20.8498	0.2404	189.51750935634587	2.027497096775008	35.826340904542484	0.3849249364882617	168.8153205161016	1.5094855176726236	11.712000000000002
18.273437804508966	0.06999726834619702	8.467563720331095	0.06860861711785565	-1.1170245053981658	0.07320571957745461	-12.158296615248206	0.07480473490923066	20.8498	0.2404	190.09245657151013	1.9000587938550588	35.784549896663194	0.37458924367144514	168.82318223362716	1.6003526966812993	11.712000000000002
18.287579104810472	0.06937228189299595	8.465325198368784	0.06846693335933002	-1.1189516710041951	0.06921759098364125	-12.172722776036522	0.06664085627600624	20.8498	0.2404	189.7754539077639	1.8831982593885093	35.78571239929316	0.36351882124142565	168.63228628315505	1.4658178573742349	11.712000000000002
18.298760728688364	0.07687189362349652	8.463642005637846	0.07489238442255604	-1.101576926603878	0.07287920802699227	-12.16395681027373	0.07428992014595248	20.8498	0.2416	189.52721832666623	2.0681569029363653	35.857012581958514	0.39173776719239767	168.5010561103516	1.5851695819860376	11.712000000000002
18.267017672355784	0.07140478780741226	8.44137175323326	0.06751195374536441	-1.1324713332592276	0.06970048296484543	-12.169261006465184	0.06671431492457952	20.8498	0.2404	189.70993956382512	1.89731316322995	35.824712448701185	0.3631032384693147	168.8917473907808	1.4764412763046537	11.712000000000002
18.236869105962523	0.07532926205749606	8.416867665456587	0.07579835753687003	-1.145979536573201	0.0709002029273023	-12.201882389134388	0.06697920730023725	20.8498	0.2404	189.81898371251586	2.0656608975460062	35.865905661420484	0.38926682210799723	168.59977139365537	1.4873826983058525	11.712000000000002
18.28353872723251	0.07896083218891799	8.463380730815002	0.07885851104908792	-1.1131596648937772	0.07595572510134113	-12.167285354519633	0.072762067713167	20.8498	0.2404	189.81595756120143	2.157046811611328	35.814622131836636	0.40947175829205046	168.62687704389305	1.604539631215881	11.712000000000002
18.254178200986093	0.07327990167423079	8.455309072953424	0.07449405741368988	-1.1382615275673742	0.07229606140941172	-12.176451492144404	0.0675631528444332	20.8498	0.2404	190.22834871420727	2.028602004670091	35.751045140998926	0.38684676763928855	168.8703219888557	1.5138403762387442	11.712000000000002
18.260669695246452	0.07410165201165543	8.44937780814608	0.06973444467741749	-1.1208849194125958	0.06541869462716624	-12.172900814571856	0.07161393868465256	20.8444	0.2409	189.9874873708575	1.9703881383431667	35.83811493648218	0.3580582985416687	168.6590673750943	1.4802006241031518	11.712000000000002
18.25951951154925	0.07511001607687823	8.432780205118663	0.0761991820764509	-1.1266685230576623	0.07344301783673757	-12.179556702640546	0.07467268854454766	20.8551	0.2409	189.68883119474515	2.065351188656671	35.87865632791675	0.3972062376826451	168.64575694663577	1.5980881281722938	11.712000000000002
18.254106337579092	0.07283232906030716	8.43116114419341	0.07309416664278634	-1.1343991785149556	0.07212458936392027	-12.163512035606416	0.0698143496365151	20.8498	0.2404	189.76209851475355	1.9933685784367228	35.8557328616029	0.3849156621081413	169.00930452386802	1.5382046118726398	11.712000000000002
18.280295032589176	0.07701018298009801	8.464867902833051	0.07422875710994895	-1.1208747729747934	0.07536966446629634	-12.162889406295152	0.06978079010871693	20.8498	0.2404	189.90744558037306	2.0694495755941187	35.780240217399154	0.39485907933098646	168.81182966986913	1.5702892450985697	11.712000000000002
18.26853434862425	0.075754526182705	8.457188262165552	0.0786117220582527	-1.1247428693461385	0.07507018591277564	-12.189167482198979	0.07467192577680276	20.8498	0.2404	189.98643785126916	2.114003664416439	35.794473044649095	0.406056026119087	168.46991675707758	1.6122189395281519	11.712000000000002
18.26406276290062	0.07621526059191873	8.442990448617822	0.07330602779945622	-1.1382564912448847	0.07195237803917473	-12.181621363705077	0.0727920096779002	20.8498	0.2404	189.798286158776	2.0436362670331203	35.7970291085613	0.38376917088582957	168.79118955317284	1.564380503335973	11.712000000000002
18.251008531570267	0.06961070044163296	8.44075292478494	0.0692778964604774	-1.124736507962857	0.07320426033083247	-12.172099682607335	0.06669858878349369	20.8498	0.2404	190.00755619486768	1.9021439867978893	35.85599858888289	0.37780260107466845	168.73010002699274	1.5125667200734325	11.712000000000002
18.281230641369625	0.07490289313793967	8.467302325299453	0.06895369969318815	-1.0996403868383913	0.0673704365202508	-12.159783174569252	0.06640707186907183	20.8498	0.2404	189.93644883669745	1.9703857638038083	35.850551834854286	0.361251547436351	168.53513822263304	1.4414815676132648	11.712000000000002
18.255623297363428	0.07772114437003233	8.440948334492596	0.07236842127342913	-1.1363250683680328	0.07477064536413472	-12.17420876588573	0.06854815864925623	20.8498	0.2404	189.92199951031742	2.0549954596828472	35.811881020347066	0.38909541961164335	168.8750076168566	1.5519463087113616	11.712000000000002
18.2921956312525	0.07197341128712662	8.465521197295828	0.07056425472016002	-1.109299586231103	0.06811048307839934	-12.137986319194276	0.07303471975739062	20.8498	0.2404	189.69008345804502	1.9456912572978524	35.821054342099224	0.3669087281044481	169.01583467059413	1.5304489893156785	11.712000000000002
18.257858914249848	0.0753740522466801	8.441013473072552	0.07174390627378184	-1.1228102162205795	0.07072172018667111	-12.168771555406858	0.07122074656361052	20.8498	0.2404	189.88000826350316	2.012751469254063	35.862243674206546	0.37775669378578297	168.7515134494935	1.5333602198169056	11.712000000000002
18.240980742869848	0.0715366709011523	8.43491982338189	0.06964318086812402	-1.113154320555049	0.06931501448586892	-12.17236671475409	0.06996353925348647	20.8551	0.2409	190.08883473157255	1.9353468143325208	35.92139843408871	0.3696645726761571	168.54931680939828	1.5009863965624781	11.712000000000002
18.24451784417338	0.07225886789053818	8.428598777220648	0.0660995962179704	-1.138250196271684	0.06821099912465997	-12.197752719693922	0.06449270048543898	20.8498	0.2404	189.8979281285933	1.894566684619825	35.85090310852644	0.35594272018530565	168.54489517449636	1.4306007831788758	11.712000000000002
18.255479564220195	0.0686320016366859	8.442892718212525	0.0711500295741882	-1.138254602702652	0.06714937366704501	-12.179645766392591	0.06409288543099619	20.8498	0.2416	189.9560828000073	1.9137116218564203	35.796208057606535	0.365516045835072	168.81573451832818	1.4192717853151873	11.711609600000001
18.279930171994337	0.06625108313570002	8.473691485786803	0.06501032649799696	-1.0996457024982804	0.0671534327140745	-12.156587689185015	0.06296515661278211	20.8498	0.2404	190.08538881620586	1.7992343885126725	35.8266055876821	0.34978145670937527	168.58392634570038	1.4035579440187889	11.712000000000002
18.261101051492027	0.07298684178318596	8.459622330403043	0.07004044416326712	-1.0996457024982804	0.06922001779344159	-12.156587689185015	0.0652581258146469	20.8551	0.2409	190.1777013994454	1.962745650573269	35.87933452876325	0.3696069343120236	168.58392634570038	1.4504615985859006	11.712000000000002
18.26413466504671	0.06879643774812805	8.441013473072552	0.06756779672295786	-1.130533794394429	0.07108168823502123	-12.183507894900407	0.06856900598990832	20.8498	0.2404	189.75869859116182	1.8627531190990234	35.83330531818454	0.36715328141861586	168.64444596924804	1.506923752623696	11.712000000000002
18.281590516402716	0.07782927320230507	8.459426467466784	0.0793586366321581	-1.111229648059115	0.07279520433750034	-12.15816324203626	0.07545135726075344	20.8444	0.2409	189.77719005764462	2.1476402008324635	35.83664186263919	0.4032340575139975	168.73666141240815	1.6014266009822913	11.712000000000002
18.264566089813233	0.07620658794697546	8.453266746246921	0.08102940883402904	-1.1401917341516472	0.07595280999361849	-12.18377518151028	0.0740757771361471	20.8498	0.2404	189.98734298272106	2.1539683605963225	35.75146296858001	0.41388630374475827	168.7878488334427	1.6215269454926875	11.712000000000002
18.257140174454417	0.07549337731017075	8.416575403919344	0.07586628637558208	-1.1440429358574316	0.07151837931693016	-12.192271848617546	0.07138039587146026	20.8444	0.2409	189.42232859170784	2.0601916434122813	35.874267062373626	0.39122198618088905	168.716878353184	1.543048506005858	11.712000000000002
18.308501889203427	0.07716385502876427	8.473364500205816	0.07679536911390157	-1.0861223728070037	0.07416019478278549	-12.146931780589473	0.07114716100893284	20.8498	0.2404	189.52685862604488	2.0978879729601205	35.87851316275553	0.40068228796790273	168.52498083736424	1.5658253690064505	11.712000000000002
18.272430644645038	0.07073562593062985	8.459067408972448	0.06898053654154405	-1.1305331941314438	0.07360544062780332	-12.168727061828724	0.0686008620249996	20.8498	0.2404	189.94738589888973	1.9124115611043961	35.76584571119322	0.37623408269594066	168.87026227608186	1.5393159832876089	11.712000000000002
18.263487566110467	0.07514439448688812	8.430673198374018	0.07396499687570696	-1.1401821816475972	0.07446221372563186	-12.173897183124215	0.0731165236630757	20.8498	0.2404	189.57163471005137	2.032820816112504	35.83589574642644	0.392978214723947	168.9388110208412	1.597844522058164	11.712000000000002
18.270122867713003	0.07715784724990425	8.450930970233719	0.07315280106685802	-1.1247388211317535	0.07081067249661263	-12.170435650214458	0.07106326324489454	20.8551	0.2409	189.83463333380803	2.0555524466820567	35.81787833910581	0.3808250264464029	168.75555452367757	1.5326862616323162	11.712000000000002
18.284911012107468	0.08036190560277341	8.444967425320899	0.07566995810650828	-1.113154320555049	0.07595484210487631	-12.17236671475409	0.0769305021473066	20.8498	0.2404	189.4342865944227	2.125007851097968	35.88363746784929	0.40251300122077616	168.54931680939828	1.6476406514125277	11.712000000000002
18.2815185402629	0.07400466890490444	8.447335530745015	0.07619130303344446	-1.1247463394145272	0.07186990383905331	-12.154434258693371	0.06923548951597426	20.8498	0.2404	189.54525166841094	2.0472172427893187	35.831304020894535	0.3920734155686408	169.00049277315856	1.5290758834418585	11.712000000000002
18.26254600148045	0.07775640968746178	8.443251074094771	0.07295749603846682	-1.1286070742166057	0.07352455882622187	-12.183819730430868	0.06842459381372296	20.8551	0.2409	189.83264147546709	2.0613368126199867	35.832141501500026	0.38774766448463366	168.6102973735643	1.5318453377563475	11.712000000000002
18.273437804508966	0.07894114094181373	8.44947562012201	0.06892969324777191	-1.1286106321848595	0.06810865068144145	-12.16750780734107	0.06710182045251475	20.8444	0.2409	189.74245406346697	2.0241302180899843	35.808841825784654	0.36228172715717655	168.85950325612134	1.4625380975003788	11.712000000000002
18.266586179358608	0.07113672751435202	8.451224452258836	0.07391334983486526	-1.1189511146103992	0.07296077858884037	-12.172678267224782	0.06817849180179819	20.8498	0.2416	189.90871098981464	1.98481987207103	35.83844133329531	0.38892749514913033	168.63295680782272	1.5234062961293429	11.712000000000002
18.273797531368135	0.07666269736997018	8.471746940738013	0.07380010142967386	-1.0899902391752232	0.07507776996381783	-12.13825263479444	0.07176365464865553	20.8444	0.2409	190.16660608486518	2.06447695221432	35.87006933458627	0.39493585091386907	168.71636703988753	1.586015428586251	11.712000000000002
18.240837129273125	0.07269587532156757	8.424807627174996	0.06846269187381133	-1.1498389446198354	0.07071981743815609	-12.196223053465703	0.06810455306615193	20.8498	0.2404	189.8957916837814	1.9318212036170073	35.82170611006536	0.36825637970798664	168.74505495418927	1.4998184092490605	11.712000000000002
18.27892262958793	0.07250271083398027	8.465194537460045	0.07250090559870298	-1.109294388070298	0.07352671965369739	-12.167018421984876	0.07354456981569177	20.8498	0.2404	189.93399265847577	1.9844150536607963	35.82110184654704	0.386326126455865	168.56638433782916	1.5853243488204216	11.711609600000001
18.2852709527211	0.06799310753093721	8.453168892215166	0.06658030591532131	-1.124742869345658	0.06810971778052269	-12.163378609616583	0.06679642994771309	20.8498	0.2404	189.58536862425134	1.8349601691736432	35.80949419257199	0.35610312346935763	168.8635024609055	1.4593441149331297	11.712000000000002
18.292123611266085	0.07730285463621685	8.469508226631662	0.07888611341771681	-1.1112301752059839	0.07328461664198352	-12.156365430370489	0.07297959506694386	20.8498	0.2404	189.76847005617066	2.133804303408679	35.79892918658477	0.40232889125144	168.7641346556345	1.5802767109580305	11.712000000000002
18.273365860836684	0.0696138686187112	8.447433318295078	0.07079154110159491	-1.1035061434050997	0.06715247501926129	-12.16009441824847	0.06853272662525918	20.8498	0.2404	189.70440570622162	1.9168483640194467	35.91062187944439	0.36687301732561733	168.58931952213666	1.4630153259048781	11.712000000000002
18.26622661743244	0.07830972562271893	8.44503259545714	0.07020401344549958	-1.1363263127804943	0.07254467257596567	-12.166929447104021	0.06911551593182197	20.8498	0.2404	189.79593411162188	2.032451244953439	35.79661078218245	0.3771640561053554	168.98647071183865	1.5350152673392903	11.712000000000002
18.277766014117866	0.07872325678007794	8.443511715662742	0.07622159176158369	-1.120887738113136	0.06969955547660012	-12.160227813326522	0.06818454077591485	20.8498	0.2404	189.54387764663565	2.1119667126330754	35.86008481349824	0.3872489117906748	168.85272858633698	1.491387036636894	11.712000000000002
18.242857038031417	0.07594697775993495	8.448888782234924	0.0735985081343698	-1.1266691086676257	0.07295718554296757	-12.159338568673622	0.069883223815155	20.8551	0.2409	190.32353840733248	2.0551601355619655	35.81829690867771	0.38764367448571196	168.9548209750558	1.5471293041525165	11.712000000000002
18.310017533283606	0.07263376456109742	8.47310292991033	0.07094063628681949	-1.10929230891671	0.07007885111366381	-12.153945398383755	0.06818431652959067	20.8498	0.2404	189.49261721282687	1.9558052328471875	35.79273939910693	0.37247154611125044	168.7715022276201	1.4940987694494714	11.712000000000002
18.268900211187198	0.06915448286170137	8.446357779745561	0.06890855184321834	-1.1343825772698055	0.06647878164102064	-12.18073063309123	0.06376724792275518	20.8498	0.2404	189.76987948920464	1.886107641599151	35.79892188096264	0.35776993577748706	168.74560570359165	1.407204898271532	11.712000000000002
18.294867560307615	0.07653711761714264	8.466844922825212	0.07263962261447628	-1.1170124260173802	0.072545014824474	-12.16837112504507	0.07175814652201949	20.8498	0.2404	189.6640618615604	2.0363535830569273	35.78727887096522	0.3833487888311705	168.66909709991384	1.557353306146453	11.712000000000002
18.290683330620976	0.0714056785765389	8.456796679339742	0.06796750510054214	-1.1189433255399044	0.0682132958724733	-12.15916073551561	0.07236446568869771	20.8498	0.2404	189.55096388561887	1.9001904317210423	35.81761570675498	0.36018524708283667	168.83931033894203	1.5208515881690354	11.712000000000002
18.250721149437265	0.08266103923209035	8.430575615986923	0.07702295140493477	-1.1228033644998496	0.07407602842705206	-12.170079668283176	0.07260362172990983	20.8498	0.2404	189.81619846089467	2.1838975580184723	35.90145186359009	0.40159113925155987	168.7314268453585	1.5842273638182172	11.712000000000002
18.250361934498084	0.07410078146246676	8.42840366504315	0.07101363685026543	-1.144038376032091	0.07652466628886685	-12.188276194938531	0.07028207287844825	20.8444	0.2409	189.78116607246815	1.9831193280095678	35.829955838944244	0.3907653798061173	168.77784814641444	1.5878262362519284	11.712000000000002
18.258153856586876	0.07671194705354237	8.460293620194474	0.07169861399206638	-1.1247266777785714	0.07320213207262345	-12.180552502765925	0.06863731415129319	20.8498	0.2404	190.24793664321714	2.0388541972319234	35.78293680558085	0.382526869445111	168.60094605320094	1.5302966975195498	11.712000000000002
18.276907877938626	0.06927435833777552	8.4542325345433	0.06874708888562855	-1.118933868493407	0.06921637085866014	-12.174982426627261	0.06542892981938613	20.8498	0.2416	189.76731168720033	1.8854992467183045	35.82724473417514	0.3650979494063189	168.5975494491593	1.4524435797326554	11.712000000000002
18.29198328496524	0.07410271486599153	8.45241875323201	0.07053514652443238	-1.113144701766359	0.07117106431945702	-12.18261702512515	0.06663872315775518	20.8498	0.2404	189.44158427750384	1.9696928215669751	35.85572112046981	0.3756005026467067	168.39309400131202	1.483191310576553	11.712000000000002
18.23911394247785	0.07423736096691111	8.407954581225352	0.07759697269849704	-1.1498227846561362	0.06800041589653481	-12.202519609975177	0.06690154861796288	20.8498	0.2404	189.6035477604953	2.0711092193649128	35.884930405150435	0.38737813507822993	168.64867669420337	1.4555675477123393	11.712000000000002
18.268252988686495	0.06844266383645246	8.43601791755448	0.07053289377078774	-1.1285851369853532	0.07415387982312181	-12.174804382423542	0.06782149589432923	20.8498	0.2404	189.58280391049158	1.8950437099424415	35.85932146340186	0.3836939153129224	168.74757345252524	1.53515933027078	11.712000000000002
18.24942804182926	0.06498627282095032	8.440036499922744	0.06966415765301703	-1.136307648572749	0.06681631125152707	-12.174804382423542	0.06791225317196511	20.8498	0.2404	190.02429310003816	1.8455326318356438	35.81535607786857	0.36101027463814733	168.86562893804583	1.4574389800506662	11.712000000000002
18.243225187426948	0.0694055269703713	8.444087726916829	0.06848093989524505	-1.1324470316917352	0.07152033770983919	-12.17484889298088	0.06577579558518892	20.8498	0.2404	190.22313963899043	1.8927441152804783	35.81464321363911	0.3703152195597305	168.8059098833289	1.4854129965033662	11.712000000000002
18.249643547038417	0.07585153586656729	8.436115557369424	0.07023073501266733	-1.1266562262774256	0.07514404846557349	-12.178621612712497	0.06985948081996123	20.8498	0.2404	189.94419697529713	2.000804343574501	35.866188523823645	0.38576553017915416	168.6598381659915	1.5657555530217282	11.712000000000002
18.251807007263718	0.07210526148015955	8.43815741886893	0.07204251385864115	-1.1324488540536215	0.07383916709942688	-12.182349789866217	0.06880948760251347	20.8498	0.2404	189.94184341945464	1.9728001368079982	35.83682849569825	0.3862858622665451	168.69134884739134	1.5408377187364979	11.712000000000002
18.269187880352742	0.0756510394852745	8.446488133468087	0.0725313361320479	-1.118938875013377	0.07544391689056362	-12.168015209303746	0.06889319613552311	20.8551	0.2409	189.766840229792	2.0247305615836955	35.856232586215526	0.392300171266767	168.703938419482	1.5599442618159287	11.712000000000002
18.232695960785335	0.07653091099196714	8.415926006497024	0.08153603575360394	-1.1459604340585372	0.08066150285619218	-12.195063776330617	0.07371609657416538	20.8551	0.2409	189.88146836200514	2.163005615739708	35.86950940432331	0.43024658252381986	168.70352604639237	1.6684203871174348	11.712000000000002
18.281739308545344	0.07698281593858139	8.456535644267879	0.07016813088598342	-1.1054226575434463	0.07007804385579294	-12.173541108275915	0.06933686554267798	20.8551	0.2409	189.71847884125836	2.011320829090944	35.869239833184416	0.37200728416282686	168.4136921545975	1.5000438648044827	11.712000000000002
18.258585093979473	0.06996323824805864	8.450441878819884	0.07554434403503749	-1.1189377624233183	0.07017015535113778	-12.17713592580999	0.0671182594636341	20.8551	0.2409	190.0484783512563	1.9951128018902327	35.84142216746885	0.38617521325840254	168.56477573932398	1.4801598906433628	11.712000000000002
18.296599538897983	0.07481941457151291	8.472710604745672	0.07347412742286806	-1.0919070305530805	0.06882365723884112	-12.144201332290073	0.06810878293489289	20.8551	0.2409	189.74386884730416	2.025393529465139	35.859266797743366	0.37744070702509824	168.6548188641092	1.4775547472392527	11.712000000000002
18.280223066649476	0.07407954988722427	8.442729839230458	0.07031914225478181	-1.1228050773716374	0.07016930163049509	-12.170213159040824	0.0719099646009618	20.8551	0.2409	189.48147159043347	1.9673325564252204	35.85582809460006	0.3723714252008466	168.72941414966158	1.5345417189700938	11.712000000000002
18.249643547038417	0.07193359434916671	8.440134187060584	0.07238127322918889	-1.118933312234664	0.07229468462222358	-12.18598883237174	0.06709369191916562	20.8498	0.2404	190.02201079468574	1.976763850802004	35.88008721853525	0.38398955227757003	168.42986737534602	1.5010691330941837	11.712000000000002
18.252238087573215	0.07150819176644208	8.42428757240038	0.06801911304921215	-1.1247295688771872	0.07476969907032628	-12.173407585635161	0.06612117002693436	20.8444	0.2409	189.6654537092465	1.9046063367090502	35.91785107600004	0.3802031028904705	168.7100203902259	1.5241057401737723	11.712000000000002
18.26276862106988	0.0710934841027426	8.454460868268004	0.06668489992516674	-1.1324531063933236	0.06541768692230177	-12.182661565486448	0.0635717492535626	20.8498	0.2404	190.04529022448293	1.8886493273020355	35.775868700719776	0.34860022460601553	168.68665422853536	1.3924957130785116	11.712000000000002
18.25642149124527	0.06936787456186808	8.434334047359684	0.06962861200888065	-1.1459670206584895	0.07212257673675905	-12.18077516649561	0.07121447496678208	20.8498	0.2404	189.77867017999966	1.89903597420491	35.80056338182801	0.37461884669364554	168.92207538700893	1.551578692021479	11.712000000000002
18.281955220086516	0.06827793508014716	8.444576425625074	0.06839231212405564	-1.118940543928984	0.0727962229547683	-12.182884272232231	0.06590383523370855	20.8444	0.2409	189.4836757268862	1.861450708738084	35.86339384292139	0.37456686125086674	168.47723915332517	1.4953005054273023	11.712000000000002
18.246250410715273	0.0781631460908074	8.440492392581145	0.06713189448979859	-1.1170085830005663	0.07044800290359225	-12.171743658163162	0.06925329367858317	20.8498	0.2404	190.0947066045355	1.9974354657514362	35.885968149922576	0.36538138468052384	168.61758159001943	1.5068007799014242	11.712000000000002
18.263199981301685	0.0738730471892556	8.456666159789789	0.0692961569251278	-1.1170102299827802	0.07044898099488975	-12.186612580725333	0.07067395372470509	20.8498	0.2404	190.07966804777692	1.9632542836734623	35.82533622809524	0.36978391634151314	168.39111599769788	1.5179948854432603	11.712000000000002
18.28051093380768	0.07109605568553654	8.46094651337459	0.0734312382279787	-1.1189455509040975	0.06736833971990155	-12.161180702375093	0.06863612645218667	20.8498	0.2404	189.82743161331248	1.975869705978675	35.802091850437115	0.3724229230377973	168.80845842555365	1.4702603743421374	11.712000000000002
18.251878852567835	0.07361627254280378	8.428143529523965	0.07175589844929077	-1.1305187891842712	0.07514392046619395	-12.191603236195746	0.07508581931253618	20.8498	0.2404	189.74683582117459	1.9856364088657235	35.88160813373412	0.39002865672509923	168.52079038198713	1.6184404673957187	11.712000000000002
18.28606723437547	0.0748137360794442	8.46463927359197	0.07200879902783688	-1.1131473735204709	0.069315261591632	-12.16994618048468	0.0672135522429759	20.8444	0.2409	189.7914133194515	2.0065911086247734	35.80996197132691	0.3736961957342811	168.5861094187777	1.4721536906917807	11.712000000000002
18.283903253772777	0.06916168794640944	8.450539692573615	0.0707900043158017	-1.1112159436362372	0.06921766132900205	-12.175427560163834	0.06542932798766131	20.8498	0.2404	189.5610471321742	1.907829467051048	35.870000097443594	0.3714137174139803	168.47315995907218	1.4503196198762585	11.712000000000002
18.265004212759525	0.07483596974400925	8.456535644267879	0.07010247459956065	-1.1073535929660652	0.07017223398328154	-12.14775245276423	0.06509224236602353	20.8444	0.2409	190.04217431864896	1.986775825262048	35.861997885472746	0.3719327094504761	168.83653545161462	1.4637148739343477	11.712000000000002
18.273587427905852	0.07638924029617512	8.460652698973691	0.07352910094382767	-1.1170096809842232	0.07415559575770861	-12.171832662301037	0.06848176952624649	20.8444	0.2409	189.9556804343608	2.052448015899111	35.810426594311245	0.39045804556023406	168.61624077043723	1.539604735376188	11.712000000000002
18.286715148237043	0.07449593797800699	8.462923538689093	0.07419993088853274	-1.1150831358794393	0.074693936773044	-12.166662530350772	0.07037650452168405	20.8498	0.2416	189.74574864562433	2.030849210285463	35.809139339321845	0.3936252518072334	168.66572884820204	1.5662413256851235	11.712000000000002
18.237381369570677	0.07782895437272846	8.432227121240302	0.07584933951289845	-1.1382426429327774	0.07543991821076018	-12.193534131182215	0.06914497546745435	20.8498	0.2404	190.10641202403167	2.107055120741394	35.83733965562701	0.40058731410945675	168.60909506307726	1.5607377969587022	11.712000000000002
18.285995246780654	0.07016347034124613	8.460587409655727	0.07309165691127598	-1.1092850323737053	0.06970078012948863	-12.180953303402472	0.06699982422671649	20.8498	0.2404	189.7145364744189	1.9563020349987972	35.83957651266721	0.3782416472760898	168.35969502174	1.4701622155771064	11.712000000000002
