18.60759857175923	0.06964302914413151	8.626028796525324	0.06843747293547447	-1.445059131554742	0.07041905719929788	-12.616062555826487	0.06812184649793214	19.9328	0.2361	186.41160474618286	1.8235094140119172	33.994857690388564	0.33146094852801344	166.56341145188122	1.4608651741056464	11.690999999999999
18.597490762918707	0.07581431505482575	8.626195281715075	0.06603221992049438	-1.4527813676746582	0.06539745732632454	-12.623647337433985	0.06271653851291051	19.9274	0.2366	186.6036808551928	1.8814930614066212	33.96825023135674	0.3132133363821555	166.56546097002686	1.3510603750860264	11.690999999999999
18.599072687678724	0.07102901803801115	8.619929038280885	0.06923137770047082	-1.4489121187740626	0.06765976600912006	-12.606777422887873	0.06852938169069567	19.9274	0.2366	186.45692506887858	1.85327971221337	34.002443336052295	0.3269035296785932	166.7595358944987	1.4392820895482024	11.690999999999999
18.61843990023199	0.07229770474076014	8.62820642575378	0.0698296322935925	-1.4469964309804808	0.06859238285118074	-12.610777220032162	0.06892217177407968	19.922	0.237	186.29773861354448	1.8743903404738682	33.98969323998905	0.3302181676369916	166.71394213883718	1.4520967002693876	11.693999999999999
18.595029666046955	0.0772814407249344	8.587820983958322	0.07619464387022937	-1.464341496438954	0.075321633254508	-12.619739651586642	0.07305525633888786	19.9112	0.2374	185.93401005194195	2.0164268938564893	34.058860625275265	0.36301294938500983	166.7964167490277	1.568929982119185	11.690999999999999
18.625018502532228	0.07154068439061897	8.636384519777309	0.07099318967440599	-1.4335046853646265	0.06679409366794338	-12.607284199398482	0.07284429922590338	19.922	0.237	186.27976987641736	1.8796019581143466	33.998904449480136	0.3291061134503707	166.52202930533957	1.4728845505876738	11.690999999999999
18.59943904838529	0.06984103120395789	8.604007378723974	0.07098974117812773	-1.4527777269520141	0.06967095935954158	-12.61068505208789	0.06584585409213999	19.9112	0.2374	186.15308484724957	1.854665924787727	34.04320538869258	0.3367038946454866	166.75890787295904	1.432707090004992	11.690999999999999
18.616418250097535	0.07523252328600946	8.65237485780694	0.07007205225496878	-1.4354278882218159	0.06918695364914085	-12.592436115768141	0.06698761652048384	19.9112	0.2374	186.78741463095636	1.9273030532866684	33.94723935951975	0.3313789713428396	166.8151413495851	1.4398769031354297	11.693999999999999
18.594956411608365	0.0759934083976869	8.621973357108141	0.07527471314004609	-1.446985640306691	0.07510409382844044	-12.608662113328624	0.06983246888059835	19.9274	0.2366	186.57210480747102	2.001054640533305	34.00204539420342	0.35908096795684274	166.70259563468463	1.5316621128840475	11.690999999999999
18.593520898375793	0.07720203405481414	8.608195417929451	0.07549938342304727	-1.4682128107504033	0.07316118340650116	-12.623785730601522	0.07101176954302496	19.9274	0.2366	186.341491154295	2.0151269306445703	33.97690855041177	0.354497034153096	166.793803693964	1.5244215809307302	11.690999999999999
18.571842013115013	0.07168591207934083	8.601830442330439	0.07520535121907605	-1.4546968551378672	0.07806741980446313	-12.623324431964907	0.07109078442473796	19.9328	0.2361	186.675601257117	1.9453488099621254	34.05281408794765	0.36705461095216585	166.64159420788667	1.5753980210730427	11.693999999999999
18.592641930562394	0.07327712961972223	8.61181857019347	0.07205168237688023	-1.466262161173954	0.0695665448955503	-12.634262779720126	0.06832561181359306	19.922	0.237	186.47338373973886	1.9200062692887034	33.97998721772431	0.33768859376860694	166.65094926892166	1.4550385990846828	11.693999999999999
18.584336433293142	0.07370954603898827	8.621906796949121	0.0732404799316459	-1.4546950275709094	0.07258954329375267	-12.628793691153785	0.07013440323512554	19.9274	0.2366	186.76974469153438	1.9480412097372448	33.97625577199778	0.3476943977417886	166.51727317850063	1.5041560102834823	11.690999999999999
18.588306089149697	0.07071234213248778	8.61376303078505	0.06974928504675847	-1.4546895449536632	0.06838698224639156	-12.628655249792956	0.0747775452533189	19.9166	0.2373	186.5429252046772	1.857542155165866	34.003755624518405	0.32989671779412894	166.5192545634459	1.5101142120095175	11.690999999999999
18.593227899871064	0.07325095573351396	8.614095518129103	0.07176329270272483	-1.4566360786464325	0.07148627404330808	-12.616246968249289	0.07076860986328021	19.922	0.237	186.4571356014567	1.916040807088862	33.996060525740866	0.34193747765475907	166.73345138054052	1.5029045610796203	11.690999999999999
18.60392190246938	0.07429983804464937	8.63631784385423	0.07838782112537272	-1.4354296429480502	0.07419249275058896	-12.601675944401475	0.07206368465535028	19.9328	0.2361	186.7206897035599	2.0232344147344357	34.00135427142104	0.36436696806524893	166.6771316225016	1.5438817548956292	11.693999999999999
18.618513252338005	0.07143044558033833	8.630250900109823	0.06657432170229582	-1.4489265647076894	0.06723363804378123	-12.608984651325896	0.06391883768611752	19.9274	0.2366	186.28670073651676	1.8211247934729187	33.96757345503002	0.3188685260238773	166.72677016963303	1.3859228197466793	11.690999999999999
18.571695695487925	0.07340831035196836	8.587688400813763	0.07518724211343923	-1.4778305569986867	0.07241837077724199	-12.62323217632455	0.07099504587631857	19.9166	0.2373	186.4139167355611	1.9619836066720395	34.02239426167496	0.3528523170862116	166.98885944939124	1.5194553686639545	11.693999999999999
18.584336433293142	0.07704447646399647	8.619895766230545	0.07462035388946352	-1.448910313093878	0.07759756671221847	-12.608569962676436	0.06580450042409318	19.9274	0.2366	186.7320506847732	2.009977955976147	34.00256179384512	0.3635528074868607	166.73272287089415	1.5201062372241072	11.690999999999999
18.603262288662805	0.07315708689877772	8.623951132222096	0.07380526025992623	-1.460481450156343	0.07283853516290696	-12.634355114603013	0.07571584543105493	19.922	0.237	186.50164077862442	1.9421259822937034	33.958584346080315	0.34918553254642576	166.5633566664089	1.5661293181153064	11.693999999999999
18.575445758635386	0.06805949295499229	8.595532466791088	0.07200057416431219	-1.4585385306533294	0.07340737223007315	-12.61192452654314	0.07048878596679348	19.9328	0.2361	186.4425456690008	1.8509276886765544	34.05239539182643	0.3482564650320971	166.82650814497381	1.5222354821600204	11.690999999999999
18.579195708110422	0.06939831150612291	8.605387224463326	0.07416730096568291	-1.473951682988339	0.06838465196665	-12.617163410109159	0.06959270293779117	19.9274	0.2366	186.55666416074575	1.8998733534395598	33.96702939012807	0.3399700994774436	166.9788284789336	1.4620441582146295	11.690999999999999
18.565046515724624	0.07210726054950188	8.587522677640242	0.07254735059579948	-1.4874606974725872	0.07442261834886642	-12.632193584077015	0.0698961503482908	19.922	0.237	186.53504964954854	1.9123041487843109	33.99043369907533	0.3506398907124144	166.99887951138513	1.5299076573995436	11.693999999999999
18.605723604957884	0.08114127540048553	8.628139815104122	0.07470942725037798	-1.4508494450191367	0.07627145432467733	-12.612523670865079	0.07209241335884148	19.922	0.237	186.53392882646014	2.0620336180410623	33.976924232467226	0.35991278972098517	166.74540636627182	1.5678694665942294	11.693999999999999
18.592861664724477	0.0770213764619265	8.603874539734527	0.07572168421332579	-1.4681959022978912	0.07993416123063292	-12.608662113328624	0.07698869719865954	19.922	0.237	186.3209834218799	2.0146635401125574	34.0002640372674	0.3716832166258624	167.06283823865456	1.6642715671916024	11.693999999999999
18.59120636813252	0.0718553706405266	8.612117741165257	0.07171042988742046	-1.4508530711497976	0.06344811869532667	-12.623647337434466	0.06723554677476773	19.9328	0.2361	186.50579968666406	1.8973073193137815	34.031009412445584	0.32380764144893404	166.57944827042107	1.3783142306722798	11.693999999999999
18.582827423769267	0.07488381588086912	8.598041019077618	0.07323825330183857	-1.4585661630138944	0.07086432295537881	-12.619970234010887	0.06918934279475275	19.922	0.237	186.39937091113973	1.9554073117230901	34.05254358954065	0.3450751946686224	166.749442335204	1.479640119522492	11.693999999999999
18.57805256372992	0.07049050511945458	8.605819018876923	0.07792779325340195	-1.4720483229564643	0.07348553714092557	-12.62327830397459	0.07560816943854454	19.9274	0.2366	186.6340069298949	1.9665970001893402	33.98070671257308	0.3611600576487102	166.90158015615577	1.5780690366217733	11.693999999999999
18.59980542352427	0.07485536265019409	8.596129664262937	0.06964580329165831	-1.4739972948234752	0.06838598193659307	-12.63113984155953	0.06985019854868435	19.9328	0.2361	186.0474039048674	1.901526641054883	34.00682591415184	0.329619842543461	166.8131330867591	1.4615320600786772	11.693999999999999
18.5428852328754	0.07074602798394401	8.575855909390826	0.07253505548724316	-1.481700071356972	0.06817896414919367	-12.625393593636636	0.06850528669245484	19.9274	0.2366	186.73145669706378	1.8982764490164372	34.04933117812949	0.3370128803313803	167.0144553774382	1.4485370866276095	11.693999999999999
18.571842013115493	0.07708334587641477	8.58976546326701	0.07176020791089265	-1.483618416878848	0.06888330541169485	-12.643546948822227	0.06843508354649368	19.9274	0.2366	186.44997313157995	1.967134335545956	33.995830845483496	0.3356957348483099	166.77148954757007	1.4510300604674098	11.693999999999999
18.57639704205875	0.07839873664101138	8.601996450928361	0.08110606363693564	-1.4662752607314677	0.07449140377988805	-12.625393593636636	0.07448936982821278	19.9328	0.2361	186.5455896509646	2.10969410350766	34.00436646003375	0.37192841929607134	166.74081089369886	1.5740816408645664	11.690999999999999
18.57863805816304	0.07005824981253268	8.608095737055505	0.07361350114916478	-1.4566379136062262	0.0700432770186968	-12.64019358041051	0.06733361886171592	19.922	0.237	186.61777662267247	1.9020570778572727	34.01632003246926	0.34342368596409584	166.37646336489695	1.4454236276425068	11.690999999999999
18.517097925142746	0.07564845379655949	8.557463017604963	0.07998445431287679	-1.4855386183480583	0.07858680548570546	-12.630493663188497	0.07786400369558956	19.9274	0.2366	186.8700933111552	2.0656241559002213	34.09867555981554	0.3807152951109599	166.99555063510533	1.6576545491066665	11.693999999999999
18.571988333048093	0.07427726386958361	8.591842575038193	0.06883219121336093	-1.46626964655039	0.06526576737056465	-12.645477687371542	0.06686274848525631	19.9274	0.2366	186.48604435690623	1.8922430298755095	34.047448157918005	0.3210914928785887	166.48387772376722	1.3914718448529053	11.693999999999999
18.578125748515713	0.07510189654051574	8.603841330628066	0.07385942726150488	-1.4643377683119598	0.07077196169515966	-12.615970351657705	0.07133164764215366	19.9328	0.2361	186.59563198126443	1.970576761416706	34.01340511186498	0.34557766817592117	166.89555458419113	1.503833642726694	11.693999999999999
18.5611501288179	0.06598851417526491	8.57559112016805	0.07456043389495795	-1.4816846336572722	0.0751070153766209	-12.617670570112907	0.06927529611263689	19.9328	0.2361	186.3849487949971	1.858477335615164	34.050279898192656	0.35830724004681613	167.13005163052443	1.5334825392879767	11.693999999999999
18.597490762918707	0.07431267438919871	8.620161949826153	0.07326981326170205	-1.4469964309804808	0.07050653308366478	-12.623647337434466	0.0670398648036458	19.9328	0.2361	186.53869581549284	1.9511260266274932	34.01685376123184	0.34358949917767834	166.52196799328263	1.4495458777447714	11.693999999999999
18.572793133892148	0.07861926224972184	8.59220737357541	0.0778449019118932	-1.4682184471575692	0.07590727735019465	-12.620246944156786	0.07230633038682148	19.9274	0.2366	186.47782296673134	2.067170815359089	34.03961825604996	0.3678824617393922	166.8896295429503	1.5688329445429747	11.693999999999999
18.583339881547737	0.0730748732894959	8.592240538614668	0.07086991516596663	-1.4759330567301838	0.07316566941658156	-12.618454443868615	0.06921092930967196	19.9328	0.2361	186.28159330965548	1.897966579552544	34.013423704712075	0.344119762154256	167.03202442715684	1.5097580628201752	11.693999999999999
18.606163411006605	0.07746105449142326	8.62230617331948	0.07978145277308867	-1.4527886492838362	0.07703996580919902	-12.598090542437214	0.07428551767291913	19.9274	0.2366	186.4167185294992	2.0762934814693117	33.9900577077221	0.3741618388458836	166.9903536359068	1.6034984811284674	11.693999999999999
18.576470221742323	0.07458617835552352	8.595996946542526	0.0700529831188206	-1.475917793045207	0.06765765873601859	-12.629116732920762	0.07027181519795397	19.9166	0.2373	186.4799246686391	1.9118994228951198	34.00078964976189	0.32877225071845256	166.87211575349076	1.459500987238896	11.693999999999999
18.5702595400913	0.07921479693414703	8.614128768275366	0.0759271767032436	-1.4643508170034762	0.07379801306154425	-12.612615852019083	0.07411424870978608	19.922	0.237	186.93586365752012	2.0602211484649984	33.978642466197364	0.35697252001280483	166.94596860326786	1.5662418497723058	11.693999999999999
18.555378535039722	0.07018920678568669	8.587887277065448	0.06787755701264944	-1.4951939754275783	0.07148762622165825	-12.638216618752159	0.06614522274606932	19.9328	0.2361	186.72280279429845	1.8291381407244	33.96313545984644	0.33204692263978525	167.0245106817209	1.4598600645559938	11.693999999999999
18.559055700350783	0.06950120042045196	8.601730840247244	0.07136441183367555	-1.4720445365591022	0.07148515338475972	-12.63421661278982	0.06703836775062917	19.9328	0.2361	186.91344619816607	1.8699321325126648	33.994509667102136	0.3408635782393407	166.73796925957325	1.463922118702937	11.693999999999999
18.586650750834984	0.07737295966242581	8.591842575037713	0.07609233603038115	-1.470125899661356	0.07725139976470469	-12.617901111004239	0.06912281165677193	19.9382	0.2366	186.21246869184284	2.0218298187172024	34.034399460916696	0.3667740382343929	166.95330406580968	1.5524764365387516	11.693999999999999
18.56136947598267	0.07690663798519375	8.599819570734219	0.07490910320214145	-1.4778343871897812	0.07987054979455414	-12.632516703980624	0.07133037134178875	19.9328	0.2361	186.83416960407277	2.0135795295153684	33.98142621892569	0.36923600170946624	166.849924691721	1.6017690569896976	11.693999999999999
18.578857628089494	0.07328941774312245	8.604173433229859	0.07210048256569723	-1.4759254247721074	0.07411172831593112	-12.638493719005435	0.0706854790942078	19.9328	0.2361	186.5881533849217	1.9231744194959834	33.973184118051236	0.348482675226394	166.73205085590502	1.5297543614717182	11.693999999999999
18.58984395348053	0.07357955635222024	8.606416959607522	0.07247329673588633	-1.4720824031189177	0.07148653698475034	-12.620431424397875	0.06743334034223732	19.922	0.237	186.42475230788457	1.9285523551555588	33.97857578853071	0.3431988621285267	166.94471091317777	1.4716220044546662	11.693999999999999
18.540644829173974	0.06701272860173413	8.577800405442256	0.07011493480317084	-1.4874802129623403	0.06722914909323462	-12.647362223907026	0.0670564499677869	19.9274	0.2366	186.80989337576167	1.8186021795017138	34.023199890212254	0.32835230754820477	166.77218474992432	1.4189883092027196	11.693999999999999
18.563244575043782	0.069789565036493	8.569559277847578	0.06888363392613578	-1.4913243382060535	0.06765732186277718	-12.63789335063714	0.06752665655184212	19.9328	0.2361	186.23339130348486	1.827337160392472	34.03806936844237	0.3266587153438328	166.9713705123961	1.4318951929881287	11.693999999999999
18.56346394789027	0.0708601184894124	8.587754691874427	0.07380104873405288	-1.4739782888847572	0.07031837031338511	-12.6417086111636	0.06941838349337703	19.9274	0.2366	186.5689803854552	1.9134730532311577	34.03519603292234	0.34481785142780064	166.6549827769161	1.4745450464092154	11.693999999999999
18.569454871464234	0.07690738972833225	8.587622110776811	0.07678431029873024	-1.4836106690298285	0.07249827906693031	-12.645200445016929	0.07636464222580039	19.9274	0.2366	186.45452685268702	2.030010099257451	34.00309196682411	0.35654049350803	166.74666798099813	1.573073737313774	11.693999999999999
18.586870414858367	0.07324383633631038	8.591942062476202	0.07026976121993656	-1.4720596824941135	0.07316588952212895	-12.634585957776352	0.07066397852770154	19.9328	0.2361	186.21022971845923	1.8910157197242043	34.027523355926135	0.3429969486664705	166.7326784831748	1.5193506369902343	11.693999999999999
18.565339039028906	0.07076332899041834	8.61580724317412	0.07285941357499837	-1.4662602898656507	0.06859008280412786	-12.626862961980324	0.06590853752259104	19.9166	0.2373	187.05984791083608	1.9095559906425548	33.96655034384682	0.33712113302876234	166.76141595532476	1.4213369842799317	11.693999999999999
18.565192776224247	0.07877970934489326	8.585578250941225	0.07866725773595229	-1.485536674128862	0.07871421079516878	-12.632285902345485	0.07556900150738967	19.9382	0.2366	186.49597134252454	2.0805353554474153	34.003489879614854	0.37573751198730615	166.96867099201734	1.6344839456551568	11.693999999999999
18.56346394789027	0.07458424739108117	8.593787056152076	0.07055031603337336	-1.4720502161770133	0.06966609338433741	-12.634355114603013	0.06806448497398788	19.9328	0.2361	186.68186790074947	1.922403707065949	34.021318362900594	0.3351148806233754	166.735985215658	1.4548566171518544	11.693999999999999
18.573863406158342	0.07603843508224276	8.599786377683216	0.07472710700566618	-1.4739763883698986	0.07258399924283856	-12.628793691153785	0.07167277909094782	19.9328	0.2361	186.59951183484742	1.994533375811582	33.99455222283653	0.3515475318328637	166.84790561761497	1.525766913582291	11.693999999999999
18.589111605397438	0.06934405302072426	8.594019248800542	0.07052786839426053	-1.4547096484934678	0.06690177454119949	-12.616293072206402	0.07071459630091088	19.9382	0.2366	186.20717429271525	1.8426408518864714	34.079241059361934	0.3296820671817898	166.7467628797693	1.4542977421823917	11.693999999999999
18.57474145616286	0.07398617975629947	8.606217636798663	0.07418332482008733	-1.4778554542791722	0.06976033140799057	-12.63118599971379	0.07193560377078692	19.9274	0.2366	186.70346164005358	1.9623014945897035	33.959794949726586	0.3429347794869044	166.87014671850196	1.4992278407374153	11.693999999999999
18.581611145685724	0.06775653129882203	8.61050556291433	0.06838215450762977	-1.4605165924143741	0.0663423441322014	-12.61868501369928	0.0631102990628396	19.9274	0.2366	186.65511954185217	1.802053718737774	34.003803104520294	0.32168831978262413	166.7977963987664	1.3687642004355902	11.693999999999999
18.57264680127801	0.07848797925654956	8.594151935948007	0.07361774997963622	-1.4682146895390142	0.07112921329391383	-12.642216767940477	0.07496541616259962	19.9328	0.2361	186.51689755167024	2.0114360260551574	34.033052777430875	0.3462257842477627	166.56144248568805	1.540404045443269	11.693999999999999
18.55820403439513	0.07135176148620272	8.57816459858447	0.06843401399890972	-1.466292104040322	0.0710505996177526	-12.64603220892624	0.07056853780952513	19.9328	0.2361	186.48803108316034	1.847401428690335	34.09373593512228	0.33483885509819206	166.47595445472265	1.4911772487215613	11.693999999999999
18.60061149964114	0.07351377639228653	8.612583159551146	0.07229962130246108	-1.4412362266063912	0.07316457325768774	-12.613261158214767	0.0701716233616102	19.9328	0.2361	186.33886900844084	1.9236283841303645	34.06198592572297	0.3484878751560069	166.5909193642198	1.5116629295643078	11.693999999999999
18.552066637078937	0.07324703591954757	8.582252464083194	0.07176049872895868	-1.483649410621293	0.07077443037431494	-12.627739690054783	0.06906914742356049	19.9328	0.2361	186.67929734916822	1.9200276561710672	34.02110001604923	0.34065310972897056	167.0085092500916	1.4820190755658247	11.693999999999999
18.5410830358133	0.06737840268577716	8.569956183495897	0.06837838768211303	-1.4913479327234467	0.06330558645691782	-12.638447534777757	0.06723449081416677	19.9274	0.2366	186.65472138528352	1.7970207167202836	34.03664678806466	0.3152335429467663	166.9634228596674	1.3831998675805521	11.693999999999999
18.570479007274542	0.06558348239347352	8.582053711591577	0.06967897495213057	-1.4759254247721074	0.06438744009519484	-12.629301335712208	0.06357261960254201	19.9274	0.2366	186.3314636112885	1.7850501685628029	34.04789866713402	0.32116085079992646	166.86946798691284	1.353750975340912	11.693999999999999
18.5428852328754	0.0765711551160967	8.557760264660216	0.0725622529531602	-1.481700071356972	0.07509992597552377	-12.647454654642528	0.07106913223190023	19.9328	0.2361	186.39305070703602	1.9692144401876477	34.11070346107024	0.354812332731929	166.68447175998855	1.5435211423281698	11.693999999999999
18.54273914917855	0.07200616819133615	8.577800405442256	0.07703200814061237	-1.4874802129623403	0.06927809603336449	-12.640008823222606	0.06811588496120931	19.9274	0.2366	186.7706317498941	1.9763473494729569	34.023199890212254	0.3502011922861116	166.88214570499903	1.4538003727369728	11.693999999999999
18.540936964631694	0.07076165093880557	8.594019248800542	0.0661136496798477	-1.4720634691216905	0.07148926926950727	-12.623647337434466	0.06503441625532669	19.9328	0.2361	187.10900780394243	1.8216566172769997	34.02048880656779	0.3290969468926566	166.8962836575264	1.4463985841039024	11.693999999999999
18.585214997021886	0.07365786545006045	8.602195669704516	0.07356166965118038	-1.4682146895390142	0.06927744416765742	-12.625670418574789	0.07679736163003985	19.9328	0.2361	186.4323651486662	1.9440612068844487	34.005868898552336	0.34121971488106273	166.8084507539843	1.546279202110704	11.693999999999999
18.55472071948829	0.07461452820374834	8.593621211941658	0.0705663327934021	-1.4913204059950753	0.0696629540906353	-12.632285902345485	0.06813468789632733	19.9436	0.2371	186.84261743461064	1.9263349389005238	33.95687029283178	0.33387738758334984	167.05535127330822	1.461137405135597	11.693999999999999
18.563610199335084	0.0720012171675162	8.581788722589215	0.07484777984594995	-1.4855502839698698	0.07308263641915362	-12.638124254728563	0.06645726811447844	19.9274	0.2366	186.45473763004748	1.939997584333179	34.01624343909978	0.35346389112228077	166.88146695071976	1.4781053774572095	11.693999999999999
18.568091808962503	0.07977202137427167	8.598007832131882	0.07999151954873192	-1.4682052957401441	0.07441830950443426	-12.621762669249602	0.07286343206354197	19.9274	0.2366	186.67424555718392	2.1151865585321743	34.020048063839525	0.36924230232913785	166.86675310757937	1.5581688700965775	11.693999999999999
18.570040078094866	0.07408149731134839	8.59391973612923	0.07463121046656108	-1.4739858910874148	0.07641015185087902	-12.616154761357818	0.06998914171661216	19.9274	0.2366	186.56129243824984	1.9665088850094965	34.01432900853807	0.36085588179019307	167.03730900027693	1.5534062507342579	11.693999999999999
18.542593067782896	0.0755611333751487	8.57371285034026	0.0736144400825739	-1.4739801894135536	0.07121637073569409	-12.639916446675118	0.07138847581021708	19.9328	0.2361	186.69678679257677	1.9756506863532004	34.08275442692559	0.34743519922023636	166.6817597410386	1.5052635200859965	11.693999999999999
18.563756453083975	0.07735750033368212	8.583865721192623	0.07254419710701625	-1.4816981415932637	0.07612086682483567	-12.629024433569338	0.07716424560890763	19.9274	0.2366	186.49080982111155	1.9817413554870031	34.02224247934747	0.3554220788503119	166.9600275230392	1.6234422108172863	11.693999999999999
18.551043531548867	0.08395614955526123	8.569724650733237	0.07932271115460829	-1.4990457958712278	0.08138831939620825	-12.645477687371542	0.0771630397571263	19.9328	0.2361	186.46412630838006	2.1577300880858603	34.01140747493611	0.38389700349761785	166.97342455713076	1.6800438571640026	11.693999999999999
18.555305442119835	0.07736190398902665	8.575789710552208	0.07443906316881993	-1.4778401325862438	0.0776544904909662	-12.634493619484457	0.0777151846566077	19.9328	0.2361	186.49781758741364	2.0063390052691386	34.06262810290168	0.36445851619354436	166.82044545905003	1.6427316512464543	11.693999999999999
18.56353707332431	0.07890014916181941	8.591809413070553	0.07409675592551927	-1.491332202806799	0.07249682220062355	-12.634401282556071	0.07570067505909853	19.9328	0.2361	186.64347522596324	2.0259278801485756	33.962932137322895	0.34916855251064655	167.02381464178282	1.5710894487570752	11.693999999999999
18.561808185865907	0.07795935681868263	8.581921215044893	0.0717597659641729	-1.4720615758006927	0.07411494027958637	-12.647500870521657	0.06649811762896563	19.9382	0.2366	186.490880102975	1.980004882581604	34.0614323253936	0.3494993412612729	166.5400218670415	1.483887235094564	11.693999999999999
18.548729952534593	0.06579164954370151	8.5756573159413	0.06511978728894939	-1.487472406589188	0.06966974761720952	-12.643500748194967	0.07071075650164477	19.9274	0.2366	186.61830434159737	1.7321821862925013	34.030472017501246	0.3224952858825845	166.8297935005723	1.4844574173269862	11.693999999999999
18.546197287315152	0.08037856474080092	8.567416435010784	0.0742720051520745	-1.4836048582979426	0.06966282550853856	-12.641385260156254	0.07191788703896987	19.9328	0.2361	186.51155206869112	2.0455169434170646	34.07146840481179	0.3451867535693273	166.80359690594477	1.4968275889638643	11.693999999999999
18.561515710306022	0.0719010736899677	8.583799459679271	0.0679520938679098	-1.4855502839698698	0.07139753195558657	-12.643639351099974	0.06848975783280813	19.9328	0.2361	186.53145246535902	1.849487055587999	34.0094507738246	0.33290606733289596	166.79898263218647	1.4789743320765703	11.693999999999999
18.53175675147302	0.07102211224897523	8.559473506935056	0.070048837812828	-1.4816827040103537	0.06838449568826754	-12.632332061991097	0.07027084076346994	19.9328	0.2361	186.63307678670486	1.866925292685689	34.10494242264315	0.3324992435612052	166.91027085203393	1.4677249624147861	11.693999999999999
18.581025527390647	0.07722913096680475	8.604206644899925	0.07719998979228307	-1.4759273327398785	0.0714801848510059	-12.629347487261843	0.07170450568506628	19.9274	0.2366	186.54823009596262	2.04180025389775	33.973065753957556	0.35459094109931305	166.8688060461929	1.5147787929371543	11.693999999999999
18.578711247562264	0.0786043290924639	8.58198746280686	0.07062795131338453	-1.4874899712613674	0.07442151558070766	-12.625532004572547	0.07209418497536818	19.9274	0.2366	186.17678597410222	1.9680452708101106	34.00901950208775	0.34652677557722095	167.0991992084742	1.5544954938397157	11.693999999999999
18.534288968955373	0.07427301312791845	8.561682270130488	0.07316136704778642	-1.495190013835581	0.07502884294816728	-12.639962634778485	0.06528465347462256	19.9328	0.2361	186.62702347781672	1.9510210406389097	34.05164595527782	0.35482496766653654	166.99828411206838	1.4902871949527146	11.693999999999999
18.547147020226994	0.06846975159485555	8.557793293385233	0.0701498544163946	-1.5009816740980695	0.07372305721612799	-12.636470563082701	0.06959206872949747	19.9328	0.2361	186.31414558037164	1.8283106801630502	34.04520486223188	0.3444362034077909	167.13751170437655	1.5216753925095081	11.693999999999999
18.556182595170366	0.07290092482484706	8.59629556717724	0.0707309668363679	-1.475934964755629	0.07077430223565363	-12.609307205994297	0.07306703423150061	19.9274	0.2366	186.86536295900527	1.905723265120321	33.999723630763825	0.33775933709957157	167.16928745297722	1.5274029849432862	11.693999999999999
18.560930786837055	0.07982324109299066	8.579513092744	0.07382217208735714	-1.4990298334190886	0.07216614778942279	-12.650622796432325	0.0672591089388644	19.9274	0.2366	186.46228036504738	2.031114343913142	33.97842891972789	0.348045959891079	166.89614754498055	1.476402138165746	11.693999999999999
18.53616418465719	0.0779821216819298	8.571636039439039	0.07195190012689043	-1.491328270476628	0.07347682024017063	-12.641662417139525	0.07266322701810632	19.9382	0.2366	186.77832782375853	1.9888677568365558	34.0310314023094	0.34778291098188946	166.9149892762305	1.5469220585110999	11.693999999999999
18.56570470612291	0.07571751030044664	8.603907749097155	0.07014729338578844	-1.4759101615494832	0.07348296083604383	-12.617901111004239	0.07081729037661924	19.9328	0.2361	186.82953613143113	1.9357969282276384	33.97413102763974	0.3424078317495998	167.03997633454387	1.529973108974794	11.693999999999999
18.57176885401334	0.07383920709578534	8.599786377683216	0.07303386716122418	-1.4662640324966756	0.07191106295919827	-12.617762785448322	0.072289864885051	19.9328	0.2361	186.63870588765468	1.9438105010642848	34.0205979978734	0.3464048018247981	166.89755751656267	1.5260589007711198	11.693999999999999
18.57055216415529	0.0761107924591263	8.596162844333943	0.08060347886662145	-1.4739991954964564	0.07597910703209093	-12.638539903574351	0.0720135915581469	19.9382	0.2366	186.5936695310344	2.073874779082938	34.0067074468671	0.3740639916420021	166.70259468622996	1.5630851723803645	11.693999999999999
18.573085806038886	0.07257191990669702	8.572231563054066	0.07366696285321832	-1.470154190695614	0.07356371356770304	-12.620431424397875	0.076583295051105	19.9328	0.2361	186.0998929988554	1.924283533913446	34.10076677279518	0.35351729137695304	166.9158412394611	1.5896495186178772	11.693999999999999
18.539987558051887	0.07660068623643305	8.56946005717934	0.06850477369549414	-1.487462648954853	0.0731628470665653	-12.637754812273098	0.0660405015012637	19.9328	0.2361	186.66594163184936	1.9239359600806352	34.05147523130316	0.33936031632778435	166.91561774850905	1.4754113849637134	11.693999999999999
18.552553282236968	0.0732046487561152	8.573481221312132	0.07616666569186935	-1.483606795193512	0.07216792044752451	-12.639593139499954	0.07015371814764292	19.9274	0.2366	186.506109300922	1.9744242634474956	34.0509155203799	0.35525624000123296	166.83042154013418	1.505104655846281	11.693999999999999
18.542227874364823	0.06923429607243844	8.579579318574014	0.06541550182145528	-1.4913223720928745	0.06678987258891073	-12.645200445016929	0.06532703525928049	19.9328	0.2361	186.81356610083594	1.7860717407169309	34.004209846316336	0.3156617135888341	166.86195530813353	1.3976597488524987	11.693999999999999
18.535580096706504	0.07505355165343912	8.563329288909184	0.07217101619369677	-1.5009516349993959	0.06733223709608609	-12.635777954968022	0.06956977624417597	19.9382	0.2366	186.633683848122	1.9487016470147136	34.026579446677765	0.33370750514260633	167.14745708955687	1.453346477641616	11.693999999999999
