69.9638531364602	0.19079534688157537	68.18985242077456	0.19070880118619768	-10.044763708975868	0.18796494926523802	-10.058913881873154	0.3617588218724237	1.0545	0.1824	790.9835993057482	120.28125911812454	3.3001990613001113	0.01129543041306568	99165.2527110167	2857022.335320041	8.816600000000001
69.9638531364602	0.19079534688157537	68.18985242077456	0.19070880118619768	-10.044763708975868	0.18796494926523802	-10.240426392589091	0.4764002452252872	1.0545	0.1824	790.9835993057482	120.28125911812454	3.3001990613001113	0.01129543041306568	7171.553846403303	18771.305664832562	8.816600000000001
69.79753282461547	0.5127138545327593	68.18985242077456	0.19070880118619768	-10.044763708975868	0.18796494926523802	-10.179937980952662	0.4573436053361124	1.0545	0.1824	872.8136935124669	296.9856968083435	3.3001990613001113	0.01129543041306568	10380.714101459327	37972.33379158011	8.816600000000001
69.88068025896489	0.4297137884500681	68.18985242077456	0.19070880118619768	-10.044763708975868	0.18796494926523802	-10.058913881873154	0.3617588218724237	1.0545	0.1824	829.8925766243807	230.7501532025695	3.3001990613001113	0.01129543041306568	99165.2527110167	2857022.335320041	8.816600000000001
69.88068025896489	0.4297137884500679	68.18985242077456	0.19070880118619768	-10.044763708975868	0.18796494926523802	-10.179937980952662	0.4573436053361124	1.0545	0.1824	829.8925766243807	230.75015320256944	3.3001990613001113	0.01129543041306568	10380.714101459327	37972.33379158011	8.816600000000001
69.9638531364602	0.19079534688157537	68.18985242077456	0.19070880118619768	-10.044763708975868	0.18796494926523802	-9.998378182054696	0.1879847555603545	1.0545	0.1824	790.9835993057482	120.28125911812454	3.3001990613001113	0.01129543041306568	-30250.933090586943	173368.83530237147	8.816600000000001
70.01048503091813	0.3203322907202581	68.23601569868384	0.3189236512043917	-10.015053488144472	0.26949708210132745	-10.150220111651144	0.47137435778066217	1.0545	0.1824	790.7747098098251	201.43971745118122	3.2995051619823346	0.01760590134950467	10381.301499291656	41702.551147760125	8.816600000000001
69.9638531364602	0.19079534688157537	68.18985242077456	0.19070880118619768	-10.044763708975868	0.18796494926523802	-10.240426392589091	0.4764002452252872	1.0545	0.1824	790.9835993057482	120.28125911812454	3.3001990613001113	0.01129543041306568	7171.553846403303	18771.305664832562	8.816600000000001
69.9638531364602	0.19079534688157537	68.18985242077456	0.19070880118619768	-10.044763708975868	0.18796494926523802	-10.119433812775858	0.42217972057027	1.0545	0.1824	790.9835993057482	120.28125911812454	3.3001990613001113	0.01129543041306568	18792.065362900823	116303.92293200678	8.816600000000001
70.01048503091813	0.3203322907202581	68.23601569868384	0.3189236512043917	-10.015053488144472	0.26949708210132745	-10.029173051688804	0.3825128524203867	1.0545	0.1824	790.7747098098251	201.43971745118122	3.2995051619823346	0.01760590134950467	99380.2299099595	3293411.5347993267	8.816600000000001
69.88068025896489	0.4297137884500679	68.18985242077456	0.19070880118619768	-10.044763708975868	0.18796494926523802	-10.240426392589091	0.4764002452252872	1.0545	0.1824	829.8925766243807	230.75015320256944	3.3001990613001113	0.01129543041306568	7171.553846403303	18771.305664832562	8.816600000000001
69.9638531364602	0.19079534688157537	68.18985242077456	0.19070880118619768	-10.044763708975868	0.18796494926523802	-10.179937980952662	0.4573436053361124	1.0545	0.1824	790.9835993057482	120.28125911812454	3.3001990613001113	0.01129543041306568	10380.714101459327	37972.33379158011	8.816600000000001
69.88068025896489	0.4297137884500679	68.18985242077456	0.19070880118619768	-10.044763708975868	0.18796494926523802	-10.058913881873154	0.3617588218724237	1.0545	0.1824	829.8925766243807	230.75015320256944	3.3001990613001113	0.01129543041306568	99165.2527110167	2857022.335320041	8.816600000000001
69.88068025896489	0.4297137884500679	68.18985242077456	0.19070880118619768	-10.044763708975868	0.18796494926523802	-10.119433812775858	0.42217972057027	1.0545	0.1824	829.8925766243807	230.75015320256944	3.3001990613001113	0.01129543041306568	18792.065362900823	116303.92293200678	8.816600000000001
69.9638531364602	0.19079534688157537	68.18985242077456	0.19070880118619768	-10.044763708975868	0.18796494926523802	-10.119433812775858	0.42217972057027	1.0545	0.1824	790.9835993057482	120.28125911812454	3.3001990613001113	0.01129543041306568	18792.065362900823	116303.92293200678	8.816600000000001
69.9638531364602	0.19079534688157537	68.18985242077456	0.19070880118619768	-10.044763708975868	0.18796494926523802	-10.300899053869236	0.48242908737976387	1.0545	0.1824	790.9835993057482	120.28125911812454	3.3001990613001113	0.01129543041306568	5478.375004621783	11074.018781516981	8.816600000000001
69.79753282461547	0.5127138545327593	68.18985242077456	0.19070880118619768	-10.044763708975868	0.18796494926523802	-10.058913881873154	0.3617588218724237	1.0545	0.1824	872.8136935124669	296.9856968083435	3.3001990613001113	0.01129543041306568	99165.2527110167	2857022.335320041	8.816600000000001
69.9638531364602	0.19079534688157537	68.18985242077456	0.19070880118619768	-10.044763708975868	0.18796494926523802	-10.058913881873154	0.3617588218724237	1.0545	0.1824	790.9835993057482	120.28125911812454	3.3001990613001113	0.01129543041306568	99165.2527110167	2857022.335320041	8.816600000000001
69.9638531364602	0.19079534688157537	68.18985242077456	0.19070880118619768	-10.044763708975868	0.18796494926523802	-10.240426392589091	0.4764002452252872	1.0545	0.1824	790.9835993057482	120.28125911812454	3.3001990613001113	0.01129543041306568	7171.553846403303	18771.305664832562	8.816600000000001
70.01048503091813	0.3203322907202581	68.23601569868384	0.3189236512043917	-10.015053488144472	0.26949708210132745	-10.210719996251568	0.48956526151618257	1.0545	0.1824	790.7747098098251	201.43971745118122	3.2995051619823346	0.01760590134950467	7171.4136713472735	20482.18266053683	8.816600000000001
69.9638531364602	0.19079534688157537	68.18985242077456	0.19070880118619768	-10.044763708975868	0.18796494926523802	-10.179937980952662	0.4573436053361124	1.0545	0.1824	790.9835993057482	120.28125911812454	3.3001990613001113	0.01129543041306568	10380.714101459327	37972.33379158011	8.816600000000001
69.88068025896489	0.4297137884500679	68.18985242077456	0.19070880118619768	-10.044763708975868	0.18796494926523802	-10.179937980952662	0.4573436053361124	1.0545	0.1824	829.8925766243807	230.75015320256944	3.3001990613001113	0.01129543041306568	10380.714101459327	37972.33379158011	8.816600000000001
69.88068025896489	0.4297137884500679	68.18985242077456	0.19070880118619768	-10.044763708975868	0.18796494926523802	-10.119433812775858	0.42217972057027	1.0545	0.1824	829.8925766243807	230.75015320256944	3.3001990613001113	0.01129543041306568	18792.065362900823	116303.92293200678	8.816600000000001
69.9638531364602	0.19079534688157537	68.18985242077456	0.19070880118619768	-10.044763708975868	0.18796494926523802	-10.240426392589091	0.4764002452252872	1.0545	0.1824	790.9835993057482	120.28125911812454	3.3001990613001113	0.01129543041306568	7171.553846403303	18771.305664832562	8.816600000000001
70.057130684395	0.366922326007184	68.28219253602809	0.36504479378338633	-9.985335802902554	0.2991523259685628	-10.181006131269294	0.4994525530193302	1.0545	0.1824	790.565841719649	230.5328533736709	3.2988112975090846	0.019892278488683322	7171.27365695433	21337.12573218431	8.816600000000001
69.9638531364602	0.19079534688157537	68.18985242077456	0.19070880118619768	-10.044763708975868	0.18796494926523802	-10.179937980952662	0.4573436053361124	1.0545	0.1824	790.9835993057482	120.28125911812454	3.3001990613001113	0.01129543041306568	10380.714101459327	37972.33379158011	8.816600000000001
69.9638531364602	0.19079534688157537	68.18985242077456	0.19070880118619768	-10.044763708975868	0.18796494926523802	-10.240426392589091	0.4764002452252872	1.0545	0.1824	790.9835993057482	120.28125911812454	3.3001990613001113	0.01129543041306568	7171.553846403303	18771.305664832562	8.816600000000001
70.01048503091813	0.3203322907202581	68.23601569868384	0.3189236512043917	-10.015053488144472	0.26949708210132745	-10.27120412551412	0.4953349480304589	1.0545	0.1824	790.7747098098251	201.43971745118122	3.2995051619823346	0.01760590134950467	5478.04793957648	12059.629614853522	8.816600000000001
69.88068025896489	0.4297137884500679	68.18985242077456	0.19070880118619768	-10.044763708975868	0.18796494926523802	-10.421797150074422	0.4570548862251401	1.0545	0.1824	829.8925766243807	230.75015320256944	3.3001990613001113	0.01129543041306568	3721.700301107286	4878.215959272335	8.816600000000001
69.9638531364602	0.19079534688157537	68.18985242077456	0.19070880118619768	-10.044763708975868	0.18796494926523802	-10.179937980952662	0.4573436053361124	1.0545	0.1824	790.9835993057482	120.28125911812454	3.3001990613001113	0.01129543041306568	10380.714101459327	37972.33379158011	8.816600000000001
70.057130684395	0.366922326007184	68.28219253602809	0.36504479378338633	-9.985335802902554	0.2991523259685628	-10.301981579347343	0.49927507833994345	1.0545	0.1824	790.565841719649	230.5328533736709	3.2988112975090846	0.019892278488683322	4431.467512432371	8145.633757310363	8.816600000000001
69.9638531364602	0.19079534688157537	68.18985242077456	0.19070880118619768	-10.044763708975868	0.18796494926523802	-10.421797150074422	0.45705488622514023	1.0545	0.1824	790.9835993057482	120.28125911812454	3.3001990613001113	0.01129543041306568	3721.700301107286	4878.215959272336	8.816600000000001
70.01048503091813	0.3203322907202581	68.23601569868384	0.3189236512043917	-10.015053488144472	0.26949708210132745	-10.210719996251568	0.48956526151618257	1.0545	0.1824	790.7747098098251	201.43971745118122	3.2995051619823346	0.01760590134950467	7171.4136713472735	20482.18266053683	8.816600000000001
69.88068025896489	0.4297137884500679	68.18985242077456	0.19070880118619768	-10.044763708975868	0.18796494926523802	-10.058913881873154	0.3617588218724237	1.0545	0.1824	829.8925766243807	230.75015320256944	3.3001990613001113	0.01129543041306568	99165.2527110167	2857022.335320041	8.816600000000001
69.79753282461547	0.5127138545327593	68.18985242077456	0.19070880118619768	-10.044763708975868	0.18796494926523802	-10.179937980952662	0.4573436053361124	1.0545	0.1824	872.8136935124669	296.9856968083435	3.3001990613001113	0.01129543041306568	10380.714101459327	37972.33379158011	8.816600000000001
70.01048503091813	0.3203322907202581	68.23601569868384	0.3189236512043917	-10.015053488144472	0.26949708210132745	-9.968625863946217	0.26962466577172356	1.0545	0.1824	790.7747098098251	201.43971745118122	3.2995051619823346	0.01760590134950467	-30223.50368978682	248164.8191626821	8.816600000000001
69.9638531364602	0.19079534688157537	68.18985242077456	0.19070880118619768	-10.044763708975868	0.18796494926523802	-10.058913881873154	0.3617588218724237	1.0545	0.1824	790.9835993057482	120.28125911812454	3.3001990613001113	0.01129543041306568	99165.2527110167	2857022.335320041	8.816600000000001
70.01048503091813	0.3203322907202581	68.23601569868384	0.3189236512043917	-10.015053488144472	0.26949708210132745	-10.27120412551412	0.4953349480304589	1.0545	0.1824	790.7747098098251	201.43971745118122	3.2995051619823346	0.01760590134950467	5478.04793957648	12059.629614853522	8.816600000000001
69.79753282461547	0.5127138545327594	68.18985242077456	0.19070880118619768	-10.044763708975868	0.18796494926523802	-10.421797150074422	0.4570548862251401	1.0545	0.1824	872.8136935124669	296.98569680834356	3.3001990613001113	0.01129543041306568	3721.700301107286	4878.215959272335	8.816600000000001
69.9638531364602	0.19079534688157537	68.18985242077456	0.19070880118619768	-10.044763708975868	0.18796494926523802	-10.179937980952662	0.4573436053361124	1.0545	0.1824	790.9835993057482	120.28125911812454	3.3001990613001113	0.01129543041306568	10380.714101459327	37972.33379158011	8.816600000000001
69.88068025896489	0.4297137884500679	68.18985242077456	0.19070880118619768	-10.044763708975868	0.18796494926523802	-10.240426392589091	0.4764002452252872	1.0545	0.1824	829.8925766243807	230.75015320256944	3.3001990613001113	0.01129543041306568	7171.553846403303	18771.305664832562	8.816600000000001
69.79753282461547	0.5127138545327593	68.18985242077456	0.19070880118619768	-10.044763708975868	0.18796494926523802	-10.240426392589091	0.4764002452252872	1.0545	0.1824	872.8136935124669	296.9856968083435	3.3001990613001113	0.01129543041306568	7171.553846403303	18771.305664832562	8.816600000000001
69.88068025896489	0.4297137884500679	68.18985242077456	0.19070880118619768	-10.044763708975868	0.18796494926523802	-10.240426392589091	0.4764002452252872	1.0545	0.1824	829.8925766243807	230.75015320256944	3.3001990613001113	0.01129543041306568	7171.553846403303	18771.305664832562	8.816600000000001
69.79753282461547	0.5127138545327593	68.18985242077456	0.19070880118619768	-10.044763708975868	0.18796494926523802	-10.119433812775858	0.42217972057027	1.0545	0.1824	872.8136935124669	296.9856968083435	3.3001990613001113	0.01129543041306568	18792.065362900823	116303.92293200678	8.816600000000001
69.92729275213416	0.4662627092866481	68.23601569868384	0.3189236512043917	-10.015053488144472	0.26949708210132745	-10.210719996251568	0.48956526151618257	1.0545	0.1824	829.6721512311478	277.11762424362564	3.2995051619823346	0.01760590134950467	7171.4136713472735	20482.18266053683	8.816600000000001
69.9638531364602	0.19079534688157537	68.18985242077456	0.19070880118619768	-10.044763708975868	0.18796494926523802	-10.058913881873154	0.3617588218724237	1.0545	0.1824	790.9835993057482	120.28125911812454	3.3001990613001113	0.01129543041306568	99165.2527110167	2857022.335320041	8.816600000000001
69.9638531364602	0.19079534688157537	68.18985242077456	0.19070880118619768	-10.044763708975868	0.18796494926523802	-10.240426392589091	0.4764002452252872	1.0545	0.1824	790.9835993057482	120.28125911812454	3.3001990613001113	0.01129543041306568	7171.553846403303	18771.305664832562	8.816600000000001
69.9638531364602	0.19079534688157537	68.18985242077456	0.19070880118619768	-10.044763708975868	0.18796494926523802	-10.179937980952662	0.4573436053361124	1.0545	0.1824	790.9835993057482	120.28125911812454	3.3001990613001113	0.01129543041306568	10380.714101459327	37972.33379158011	8.816600000000001
69.79753282461547	0.5127138545327594	68.18985242077456	0.19070880118619768	-10.044763708975868	0.18796494926523802	-10.361355970972374	0.476245926637927	1.0545	0.1824	872.8136935124669	296.98569680834356	3.3001990613001113	0.01129543041306568	4432.216575399085	7167.837609126637	8.816600000000001
69.88068025896489	0.4297137884500679	68.18985242077456	0.19070880118619768	-10.044763708975868	0.18796494926523802	-10.240426392589091	0.4764002452252872	1.0545	0.1824	829.8925766243807	230.75015320256944	3.3001990613001113	0.01129543041306568	7171.553846403303	18771.305664832562	8.816600000000001
69.89073277115648	0.5615326924052992	68.28219253602809	0.36504479378338633	-9.985335802902554	0.2991523259685628	-10.301981579347343	0.49927507833994345	1.0545	0.1824	872.3471384923153	363.22501609060197	3.2988112975090846	0.019892278488683322	4431.467512432371	8145.633757310363	8.816600000000001
70.01048503091813	0.3203322907202581	68.23601569868384	0.3189236512043917	-10.015053488144472	0.26949708210132745	-10.27120412551412	0.4953349480304589	1.0545	0.1824	790.7747098098251	201.43971745118122	3.2995051619823346	0.01760590134950467	5478.04793957648	12059.629614853522	8.816600000000001
69.9638531364602	0.19079534688157537	68.18985242077456	0.19070880118619768	-10.044763708975868	0.18796494926523802	-10.300899053869236	0.48242908737976387	1.0545	0.1824	790.9835993057482	120.28125911812454	3.3001990613001113	0.01129543041306568	5478.375004621783	11074.018781516981	8.816600000000001
69.88068025896489	0.4297137884500679	68.18985242077456	0.19070880118619768	-10.044763708975868	0.18796494926523802	-10.240426392589091	0.4764002452252872	1.0545	0.1824	829.8925766243807	230.75015320256944	3.3001990613001113	0.01129543041306568	7171.553846403303	18771.305664832562	8.816600000000001
69.88068025896489	0.4297137884500679	68.18985242077456	0.19070880118619768	-10.044763708975868	0.18796494926523802	-10.300899053869236	0.48242908737976387	1.0545	0.1824	829.8925766243807	230.75015320256944	3.3001990613001113	0.01129543041306568	5478.375004621783	11074.018781516981	8.816600000000001
69.92729275213416	0.4662627092866481	68.23601569868384	0.3189236512043917	-10.015053488144472	0.26949708210132745	-10.089704465526362	0.4381274363033296	1.0545	0.1824	829.6721512311478	277.11762424362564	3.2995051619823346	0.01760590134950467	18796.880100921888	129518.65652693142	8.816600000000001
69.9638531364602	0.19079534688157537	68.18985242077456	0.19070880118619768	-10.044763708975868	0.18796494926523802	-10.179937980952662	0.4573436053361124	1.0545	0.1824	790.9835993057482	120.28125911812454	3.3001990613001113	0.01129543041306568	10380.714101459327	37972.33379158011	8.816600000000001
69.9638531364602	0.19079534688157537	68.18985242077456	0.19070880118619768	-10.044763708975868	0.18796494926523802	-10.119433812775858	0.42217972057027	1.0545	0.1824	790.9835993057482	120.28125911812454	3.3001990613001113	0.01129543041306568	18792.065362900823	116303.92293200678	8.816600000000001
69.9638531364602	0.19079534688157537	68.18985242077456	0.19070880118619768	-10.044763708975868	0.18796494926523802	-10.119433812775858	0.42217972057027	1.0545	0.1824	790.9835993057482	120.28125911812454	3.3001990613001113	0.01129543041306568	18792.065362900823	116303.92293200678	8.816600000000001
69.92729275213416	0.4662627092866481	68.23601569868384	0.3189236512043917	-10.015053488144472	0.26949708210132745	-10.210719996251568	0.48956526151618257	1.0545	0.1824	829.6721512311478	277.11762424362564	3.2995051619823346	0.01760590134950467	7171.4136713472735	20482.18266053683	8.816600000000001
69.88068025896489	0.4297137884500679	68.18985242077456	0.19070880118619768	-10.044763708975868	0.18796494926523802	-10.179937980952662	0.4573436053361124	1.0545	0.1824	829.8925766243807	230.75015320256944	3.3001990613001113	0.01129543041306568	10380.714101459327	37972.33379158011	8.816600000000001
69.8441259262276	0.5409627991123556	68.23601569868384	0.3189236512043917	-10.015053488144472	0.26949708210132745	-10.331672505620965	0.48939762142645354	1.0545	0.1824	872.5804035257398	340.74715680201786	3.2995051619823346	0.01760590134950467	4431.842036677997	7820.258169701863	8.816600000000001
69.88068025896489	0.4297137884500679	68.18985242077456	0.19070880118619768	-10.044763708975868	0.18796494926523802	-10.058913881873154	0.3617588218724237	1.0545	0.1824	829.8925766243807	230.75015320256944	3.3001990613001113	0.01129543041306568	99165.2527110167	2857022.335320041	8.816600000000001
69.88068025896489	0.4297137884500679	68.18985242077456	0.19070880118619768	-10.044763708975868	0.18796494926523802	-10.361355970972374	0.476245926637927	1.0545	0.1824	829.8925766243807	230.75015320256944	3.3001990613001113	0.01129543041306568	4432.216575399085	7167.837609126637	8.816600000000001
69.76098454144021	0.5859088900673834	68.23601569868336	0.31892365120439153	-10.015053488144472	0.26949708210132733	-10.27120412551412	0.4953349480304587	1.0545	0.1824	920.1535348927397	402.5131533895209	3.2995051619823554	0.017605901349504877	5478.04793957648	12059.629614853517	8.816600000000001
69.9638531364602	0.19079534688157537	68.18985242077456	0.19070880118619768	-10.044763708975868	0.18796494926523802	-10.300899053869236	0.48242908737976387	1.0545	0.1824	790.9835993057482	120.28125911812454	3.3001990613001113	0.01129543041306568	5478.375004621783	11074.018781516981	8.816600000000001
69.67786858602233	0.6105524568675	68.23601569868384	0.3189236512043917	-10.015053488144472	0.26949708210132745	-10.452562043080809	0.4377012212451736	1.0545	0.1824	973.1960060462069	464.93403725449167	3.2995051619823346	0.01760590134950467	3207.264076169188	3768.11065260918	8.816600000000001
69.88068025896489	0.4297137884500679	68.18985242077456	0.19070880118619768	-10.044763708975868	0.18796494926523802	-10.542632318967378	0.3613805840972536	1.0545	0.1824	829.8925766243807	230.75015320256944	3.3001990613001113	0.01129543041306568	2818.425269445954	2305.9504993795063	8.816600000000001
69.88068025896489	0.4297137884500679	68.18985242077456	0.19070880118619768	-10.044763708975868	0.18796494926523802	-10.058913881873154	0.3617588218724237	1.0545	0.1824	829.8925766243807	230.75015320256944	3.3001990613001113	0.01129543041306568	99165.2527110167	2857022.335320041	8.816600000000001
69.63131423835445	0.5871690302427139	68.18985242077456	0.19070880118619768	-10.044763708975868	0.18796494926523802	-10.361355970972374	0.476245926637927	1.0545	0.1824	973.4600349108679	416.9228708721995	3.3001990613001113	0.01129543041306568	4432.216575399085	7167.837609126637	8.816600000000001
69.79753282461547	0.5127138545327594	68.18985242077456	0.19070880118619768	-10.044763708975868	0.18796494926523802	-10.482222597349374	0.4218016479190164	1.0545	0.1824	872.8136935124669	296.98569680834356	3.3001990613001113	0.01129543041306568	3207.628210461544	3386.0136536012133	8.816600000000001
69.79753282461547	0.5127138545327594	68.18985242077456	0.19070880118619768	-10.044763708975868	0.18796494926523802	-10.179937980952662	0.4573436053361124	1.0545	0.1824	872.8136935124669	296.98569680834356	3.3001990613001113	0.01129543041306568	10380.714101459327	37972.33379158011	8.816600000000001
69.67786858602281	0.6105524568675005	68.23601569868384	0.3189236512043917	-10.015053488144472	0.26949708210132745	-10.392125142750903	0.4710572952795689	1.0545	0.1824	973.196006045881	464.93403725418034	3.2995051619823346	0.01760590134950467	3721.32313347341	5355.913878386836	8.816600000000001
69.88068025896489	0.4297137884500679	68.18985242077456	0.19070880118619768	-10.044763708975868	0.18796494926523802	-10.421797150074422	0.4570548862251401	1.0545	0.1824	829.8925766243807	230.75015320256944	3.3001990613001113	0.01129543041306568	3721.700301107286	4878.215959272335	8.816600000000001
69.88068025896489	0.4297137884500681	68.18985242077456	0.19070880118619768	-10.044763708975868	0.18796494926523802	-10.240426392589091	0.4764002452252872	1.0545	0.1824	829.8925766243807	230.7501532025695	3.3001990613001113	0.01129543041306568	7171.553846403303	18771.305664832562	8.816600000000001
69.88068025896489	0.4297137884500679	68.18985242077456	0.19070880118619768	-10.044763708975868	0.18796494926523802	-10.179937980952662	0.4573436053361124	1.0545	0.1824	829.8925766243807	230.75015320256944	3.3001990613001113	0.01129543041306568	10380.714101459327	37972.33379158011	8.816600000000001
69.71441082165995	0.5610073316738835	68.18985242077456	0.19070880118619768	-10.044763708975868	0.18796494926523802	-10.240426392589091	0.4764002452252872	1.0545	0.1824	920.4012587835825	357.7239189917064	3.3001990613001113	0.01129543041306568	7171.553846403303	18771.305664832562	8.816600000000001
69.88068025896489	0.4297137884500679	68.18985242077456	0.19070880118619768	-10.044763708975868	0.18796494926523802	-10.179937980952662	0.4573436053361124	1.0545	0.1824	829.8925766243807	230.75015320256944	3.3001990613001113	0.01129543041306568	10380.714101459327	37972.33379158011	8.816600000000001
69.88068025896489	0.4297137884500679	68.18985242077456	0.19070880118619768	-10.044763708975868	0.18796494926523802	-10.300899053869236	0.48242908737976387	1.0545	0.1824	829.8925766243807	230.75015320256944	3.3001990613001113	0.01129543041306568	5478.375004621783	11074.018781516981	8.816600000000001
69.9638531364602	0.19079534688157537	68.18985242077456	0.19070880118619768	-10.044763708975868	0.18796494926523802	-10.240426392589091	0.4764002452252872	1.0545	0.1824	790.9835993057482	120.28125911812454	3.3001990613001113	0.01129543041306568	7171.553846403303	18771.305664832562	8.816600000000001
69.88068025896489	0.4297137884500681	68.18985242077456	0.19070880118619768	-10.044763708975868	0.18796494926523802	-10.482222597349374	0.4218016479190164	1.0545	0.1824	829.8925766243807	230.7501532025695	3.3001990613001113	0.01129543041306568	3207.628210461544	3386.0136536012133	8.816600000000001
69.79753282461547	0.5127138545327593	68.18985242077456	0.19070880118619768	-10.044763708975868	0.18796494926523802	-10.179937980952662	0.4573436053361124	1.0545	0.1824	872.8136935124669	296.9856968083435	3.3001990613001113	0.01129543041306568	10380.714101459327	37972.33379158011	8.816600000000001
69.88068025896489	0.4297137884500679	68.18985242077456	0.19070880118619768	-10.044763708975868	0.18796494926523802	-10.179937980952662	0.4573436053361124	1.0545	0.1824	829.8925766243807	230.75015320256944	3.3001990613001113	0.01129543041306568	10380.714101459327	37972.33379158011	8.816600000000001
70.01048503091813	0.3203322907202581	68.23601569868384	0.3189236512043917	-10.015053488144472	0.26949708210132745	-10.029173051688804	0.3825128524203867	1.0545	0.1824	790.7747098098251	201.43971745118122	3.2995051619823346	0.01760590134950467	99380.2299099595	3293411.5347993267	8.816600000000001
69.79753282461547	0.5127138545327594	68.18985242077456	0.19070880118619768	-10.044763708975868	0.18796494926523802	-10.361355970972374	0.4762459266379271	1.0545	0.1824	872.8136935124669	296.98569680834356	3.3001990613001113	0.01129543041306568	4432.216575399085	7167.837609126638	8.816600000000001
69.79753282461547	0.5127138545327594	68.18985242077456	0.19070880118619768	-10.044763708975868	0.18796494926523802	-10.240426392589091	0.4764002452252872	1.0545	0.1824	872.8136935124669	296.98569680834356	3.3001990613001113	0.01129543041306568	7171.553846403303	18771.305664832562	8.816600000000001
69.79753282461547	0.5127138545327594	68.18985242077456	0.19070880118619768	-10.044763708975868	0.18796494926523802	-10.240426392589091	0.4764002452252872	1.0545	0.1824	872.8136935124669	296.98569680834356	3.3001990613001113	0.01129543041306568	7171.553846403303	18771.305664832562	8.816600000000001
69.88068025896489	0.4297137884500679	68.18985242077456	0.19070880118619768	-10.044763708975868	0.18796494926523802	-10.421797150074422	0.4570548862251401	1.0545	0.1824	829.8925766243807	230.75015320256944	3.3001990613001113	0.01129543041306568	3721.700301107286	4878.215959272335	8.816600000000001
69.88068025896489	0.4297137884500681	68.18985242077456	0.19070880118619768	-10.044763708975868	0.18796494926523802	-10.482222597349374	0.4218016479190164	1.0545	0.1824	829.8925766243807	230.7501532025695	3.3001990613001113	0.01129543041306568	3207.628210461544	3386.0136536012133	8.816600000000001
69.88068025896489	0.4297137884500681	68.18985242077456	0.19070880118619768	-10.044763708975868	0.18796494926523802	-10.240426392589091	0.4764002452252872	1.0545	0.1824	829.8925766243807	230.7501532025695	3.3001990613001113	0.01129543041306568	7171.553846403303	18771.305664832562	8.816600000000001
69.76098454144069	0.5859088900673841	68.23601569868384	0.3189236512043917	-10.015053488144472	0.26949708210132745	-10.210719996251568	0.48956526151618257	1.0545	0.1824	920.1535348927397	402.5131533895213	3.2995051619823346	0.01760590134950467	7171.4136713472735	20482.18266053683	8.816600000000001
69.9638531364602	0.19079534688157537	68.18985242077456	0.19070880118619768	-10.044763708975868	0.18796494926523802	-10.179937980952662	0.4573436053361124	1.0545	0.1824	790.9835993057482	120.28125911812454	3.3001990613001113	0.01129543041306568	10380.714101459327	37972.33379158011	8.816600000000001
69.88068025896489	0.4297137884500681	68.18985242077456	0.19070880118619768	-10.044763708975868	0.18796494926523802	-10.179937980952662	0.4573436053361124	1.0545	0.1824	829.8925766243807	230.7501532025695	3.3001990613001113	0.01129543041306568	10380.714101459327	37972.33379158011	8.816600000000001
69.88068025896489	0.4297137884500679	68.18985242077456	0.19070880118619768	-10.044763708975868	0.18796494926523802	-10.421797150074422	0.45705488622514023	1.0545	0.1824	829.8925766243807	230.75015320256944	3.3001990613001113	0.01129543041306568	3721.700301107286	4878.215959272336	8.816600000000001
69.79753282461547	0.5127138545327593	68.18985242077456	0.19070880118619768	-10.044763708975868	0.18796494926523802	-10.179937980952662	0.4573436053361124	1.0545	0.1824	872.8136935124669	296.9856968083435	3.3001990613001113	0.01129543041306568	10380.714101459327	37972.33379158011	8.816600000000001
69.8441259262276	0.5409627991123556	68.23601569868336	0.31892365120439153	-10.015053488144472	0.26949708210132733	-9.968625863946698	0.2696246657717235	1.0545	0.1824	872.5804035254777	340.74715680181293	3.2995051619823554	0.017605901349504877	-30223.50369010019	248164.81916782825	8.816600000000001
69.9638531364602	0.19079534688157537	68.18985242077456	0.19070880118619768	-10.044763708975868	0.18796494926523802	-10.300899053869236	0.48242908737976375	1.0545	0.1824	790.9835993057482	120.28125911812454	3.3001990613001113	0.01129543041306568	5478.375004621783	11074.01878151698	8.816600000000001
69.9638531364602	0.19079534688157537	68.18985242077456	0.19070880118619768	-10.044763708975868	0.18796494926523802	-10.058913881873154	0.3617588218724237	1.0545	0.1824	790.9835993057482	120.28125911812454	3.3001990613001113	0.01129543041306568	99165.2527110167	2857022.335320041	8.816600000000001
69.9638531364602	0.19079534688157537	68.18985242077456	0.19070880118619768	-10.044763708975868	0.18796494926523802	-10.058913881873154	0.3617588218724237	1.0545	0.1824	790.750339618545	120.2457883840879	3.2992258383389483	0.011292099410289783	99136.00905052981	2856179.804404287	8.814
69.9638531364602	0.19079534688157537	68.18985242077456	0.19070880118619768	-10.044763708975868	0.18796494926523802	-10.361355970972374	0.476245926637927	1.0545	0.1824	790.9835993057482	120.28125911812454	3.3001990613001113	0.01129543041306568	4432.216575399085	7167.837609126637	8.816600000000001
