18.676336035963185	0.07389387401225259	8.755550693930354	0.07744399902301097	-1.1208933758347865	0.07152326385719932	-12.179095152509099	0.07447790722720804	19.6901	0.2365	187.8906386165522	2.027268064531968	34.72709136809147	0.370669109087151	168.56472066047542	1.574027910743764	11.712000000000002
18.656593871111752	0.07513163102790935	8.716915229295193	0.0743468791735134	-1.1498503930387678	0.07160712137959767	-12.182244953473162	0.07339541412711109	19.7009	0.2363	187.53349687285393	1.9942346418352936	34.761155654313406	0.3636611447294717	168.95903090497188	1.570381781668101	11.712000000000002
18.697145933158236	0.07379086250685034	8.747433884400898	0.07393206524032757	-1.1247544368554747	0.07352646649990316	-12.19005890120541	0.06853433771149882	19.6955	0.2364	187.34438588351753	1.9668139413436743	34.7420616829289	0.3669430834106372	168.45652096585002	1.530212391215589	11.712000000000002
18.67670401100756	0.07061691037295399	8.743645716886736	0.07171616532197597	-1.126689607807289	0.07035830650456246	-12.175633349518126	0.07153633829073978	19.7009	0.2363	187.65848727531943	1.9014679734485993	34.7485839457244	0.3536926951598255	168.70596294697492	1.5320595443100162	11.712000000000002
18.68747719224307	0.0702030772355769	8.757867406705797	0.06647953430932774	-1.1170360375956812	0.06636718149557988	-12.183180459113888	0.06889503583410758	19.6955	0.2364	187.72366021948565	1.827873749361761	34.732509288534175	0.33039942479144185	168.44373455561194	1.4561156192049527	11.712000000000002
18.65813769799819	0.07161072451711507	8.731707157764683	0.07059264859375322	-1.1324853099972245	0.07044966094169394	-12.177653721361978	0.06740207042507085	19.6901	0.2365	187.78378450713763	1.9022649652236896	34.770223383566865	0.351544720021996	168.76362804702205	1.4897378205790062	11.712000000000002
18.659350939714514	0.07874757809570143	8.739351214131885	0.0749776380004544	-1.1459946898294362	0.07178033716680754	-12.193698469519767	0.07135206081193536	19.6901	0.2365	187.90551865492105	2.0596268610903605	34.695819340539	0.36431330530034445	168.72489801175024	1.5457243442328767	11.712000000000002
18.666078729996105	0.07871636369357268	8.717420082563569	0.07686624668487402	-1.145998643287007	0.07863834830037804	-12.177386538579585	0.07313236493874428	19.7009	0.2363	187.3642226103847	2.0720436304703935	34.77295095499478	0.3876774178760495	168.974449197613	1.6449377356750117	11.712000000000002
18.643101956214764	0.07453774938337374	8.72751425843488	0.07325531121881845	-1.1305512040006531	0.07195541256020582	-12.188484213036228	0.0684253587697492	19.7009	0.2363	187.98912886521452	1.9813886455043221	34.79183384503947	0.36239877041389906	168.56881769578115	1.513676885704658	11.712000000000002
18.6828438861046	0.07902313411045218	8.751627410880308	0.0778335421505401	-1.1266884362812095	0.07438718016376465	-12.175544303170149	0.07448816671004517	19.7063	0.236	187.69328995521477	2.096267966545567	34.72051115890699	0.3784192867479369	168.7073047154463	1.6074018632159532	11.712000000000002
18.66541678142415	0.07244346430170909	8.71108129129103	0.06853796450498818	-1.138269082623522	0.07017014850274708	-12.189880606863156	0.06896574810364522	19.7009	0.2363	187.25737095559265	1.8760315410821136	34.82261901362986	0.34679336114423814	168.66523849520902	1.5015522111210964	11.712000000000002
18.676041666367627	0.07412860835806616	8.737305296138421	0.07113332523631334	-1.1344084028966759	0.07125887321689689	-12.19181182526144	0.07183202047942805	19.6901	0.2365	187.55127654616425	1.938732914132325	34.743732046858646	0.3543686400302015	168.57689118243587	1.542571729456392	11.712000000000002
18.71733651661879	0.07476402578367136	8.774204605725574	0.0740097012024678	-1.1112459914782777	0.06979738439234784	-12.166911300245307	0.07120468803779195	19.7117	0.2356	187.46836612417312	1.9834516604789116	34.69545188962786	0.35704881440678193	168.60339395532603	1.520594999774391	11.712000000000002
18.646925392408196	0.06873265399906134	8.709237494854193	0.07195284682243253	-1.1421341506760496	0.0680053295631512	-12.195629707029745	0.06749300832400584	19.7009	0.2363	187.5710640853469	1.8781426286990912	34.81547422466758	0.3498900284161037	168.63649005773686	1.4617529796492308	11.712000000000002
18.64909426234898	0.07475452625444605	8.737440242632516	0.0726144281979252	-1.1305488024483914	0.07360589511861908	-12.179095152509099	0.06818318280795903	19.7009	0.2363	188.06373686816818	1.977405424443097	34.75684600334568	0.3641786038135032	168.71203092541097	1.5320963413297475	11.712000000000002
18.651630631560323	0.07531894940500534	8.737642670189196	0.07780855827211573	-1.1286213070609459	0.07320400797723546	-12.177520128489762	0.07112614541750614	19.6955	0.2364	188.01946308138145	2.0537615991855365	34.762923067275594	0.37641197965133866	168.70664883608987	1.5584765759945618	11.712000000000002
18.625972489119885	0.07490974273299836	8.701189807849662	0.07201405556335783	-1.165304348094287	0.06998080566333267	-12.195629707029745	0.06739987971518173	19.7009	0.2363	187.81496314372816	1.9663945604153834	34.76211207158675	0.3537899087517852	168.99072627828417	1.488544617291895	11.712000000000002
18.653432108693252	0.06935100305387096	8.725434740679676	0.06900612428547549	-1.1305500032156308	0.06693001141408451	-12.175499780489753	0.06905299881048715	19.6901	0.2365	187.75414863604442	1.8501876442450498	34.79917882533428	0.33942164991663043	168.76696871249302	1.469421122348027	11.712000000000002
18.66549032894672	0.07700423870229009	8.733247278438293	0.07324769270581245	-1.1440624807060955	0.073200432998793	-12.197293353153926	0.0737198071992584	19.7063	0.236	187.6738903803668	2.0081552096032844	34.72404773830739	0.36404956247475473	168.64052827655044	1.5850466846980729	11.712000000000002
18.65284412357763	0.07421641451136843	8.741262157236457	0.07474712910858838	-1.1402000138676653	0.07624236580105725	-12.184354343159654	0.06870374892284752	19.6847	0.2364	188.06510401894766	1.99863272925375	34.70945591488873	0.3750417549182811	168.77912404287963	1.5684274581123872	11.712000000000002
18.65754954334382	0.07507663330681778	8.731437440022555	0.07250892894662744	-1.1479282449472807	0.07320263243273671	-12.188350505746639	0.07335430078964136	19.7063	0.236	187.78980874783582	1.9746377676591198	34.71682155913905	0.3620719089842399	168.83617758994282	1.5847889357521234	11.712000000000002
18.665563877049394	0.07158883040423394	8.73529313900631	0.06977971375722289	-1.159509880888088	0.07116879812094479	-12.199179966430783	0.07159315673504796	19.7063	0.236	187.71116545203216	1.8897413382097834	34.66265825736869	0.3491574389411747	168.8476810492155	1.543968417644352	11.712000000000002
18.638103395799735	0.06916192948699379	8.711047658649866	0.06658104598855923	-1.1595077506243494	0.06931315199648454	-12.20088812652227	0.06779938739225717	19.717	0.2351	187.77195805565742	1.815896639756755	34.74780915370989	0.33834480011661494	168.82152684108485	1.4824945132315055	11.712000000000002
18.59646509302914	0.08606188437687244	8.671987134402377	0.08332261672845861	-1.18844686787072	0.08028295347421603	-12.231081503945362	0.07820736181778311	19.6955	0.2364	187.82072984221747	2.266998886801029	34.783476622176366	0.4081642737333031	168.8023515151714	1.7132895247887425	11.712000000000002
18.625458791890832	0.07960786889660339	8.702966493811553	0.07645385340698985	-1.1730219145810765	0.07016643854007668	-12.210053155684033	0.07026232455427847	19.7009	0.2363	187.85831598509805	2.089679714927283	34.72869361724991	0.36491011424782666	168.8880508510731	1.5194549406417366	11.712000000000002
18.652292102859413	0.07018464416793592	8.739958653254455	0.07244997704987038	-1.1247642706179468	0.06541962274178796	-12.176078601005562	0.07306074937598692	19.7117	0.2356	188.0508462481724	1.9136570537528073	34.768353683059374	0.3440461162896716	168.66977426990798	1.4967755852503217	11.712000000000002
18.616564938913992	0.07017937445198506	8.676579381594319	0.07161451286972756	-1.1768777343801666	0.07035204964555569	-12.220791455732618	0.06663687448409708	19.7063	0.236	187.52770642806792	1.8916659357655923	34.808105578146545	0.3546336948943331	168.78280114488328	1.4809326124013897	11.712000000000002
18.668100751567927	0.07292826165689985	8.745556702992987	0.07463734571621647	-1.1459979843648358	0.06901876129927337	-12.184710777987915	0.06851354139124492	19.7009	0.2363	187.8573362201387	1.9756244953395277	34.67404128503021	0.356353408138768	168.86232374567263	1.4876712640168699	11.712000000000002
18.638837777451425	0.07738168540423962	8.721444223356167	0.07889955883194459	-1.1479295774186915	0.07506835558679531	-12.184755333823126	0.07483130275430067	19.717	0.2351	187.9548979603169	2.0944425152251833	34.75196932713718	0.3834771233207702	168.89119522527807	1.6219931328570232	11.712000000000002
18.62821449245804	0.06680780781599713	8.69723322259014	0.06785739776375717	-1.1556517655591902	0.06441013169031634	-12.201245036072766	0.06622145740873112	19.6955	0.2364	187.6977352830184	1.7997843085864451	34.810126781658624	0.33054294131815	168.75713670068978	1.4113933226586197	11.712000000000002
18.623363659260193	0.07549942004356372	8.706990226611126	0.07254489289790433	-1.1730219145810765	0.07359972188535478	-12.213736909784252	0.07241390446876783	19.7117	0.2356	187.97423333767316	1.9847629717271253	34.71455001280924	0.3631058056979298	168.83170105397474	1.5788813973668683	11.712000000000002
18.6489472991844	0.07201876188308629	8.725299981924774	0.06948344816823857	-1.1324786251665653	0.06931433079151497	-12.191900986351685	0.06994283051222712	19.6955	0.2364	187.83645104459646	1.8942028087158052	34.79284626618124	0.3464006825124212	168.5461168419045	1.5006978844856644	11.712000000000002
18.64034555021521	0.0707189577126963	8.703067296847506	0.06975926883001221	-1.1517859516521058	0.07116984398740392	-12.186241005529997	0.06734014593227536	19.7009	0.2363	187.57879632288336	1.8750827833864763	34.80317432984581	0.35194610951886907	168.92748073111196	1.4999661443774526	11.712000000000002
18.639904890656343	0.0705052572869051	8.708901246217275	0.07207605078442876	-1.1633663377225758	0.075068141944863	-12.202551617319042	0.07053613153487445	19.7009	0.2363	187.69731239964358	1.905631238012	34.74178274508457	0.3662292942591507	168.85509630294177	1.5756020757911906	11.712000000000002
18.638103395799735	0.07356498537336029	8.715071540981581	0.07458130599845829	-1.1517845900010542	0.07287503958945177	-12.211939692035411	0.07013382588947456	19.7063	0.236	187.84810134285698	1.9831174218222092	34.760836790312254	0.36735754891199945	168.53495057672546	1.5411911028306358	11.712000000000002
18.634133174965584	0.07740971238069369	8.697065329651533	0.07290536966285528	-1.1653021519501066	0.06940833179537897	-12.204705918621084	0.07318544251758279	19.7063	0.236	187.5827681272481	2.007322479497836	34.776657454958226	0.3549518562406987	168.85175439636896	1.5427580927144537	11.712000000000002
18.630162927615846	0.06980500784886151	8.699177927885929	0.07058870625495056	-1.165304348094287	0.06998080566333267	-12.193787644529134	0.06844253816606613	19.7009	0.2363	187.69766478783046	1.8763159716357332	34.76920187060683	0.35034879230793636	169.01895241522982	1.5001710102993262	11.712000000000002
18.65957151211805	0.07338765473983552	8.725367360781478	0.07113228634673045	-1.1382728604096866	0.06940994644737483	-12.19014805035331	0.07063257277305154	19.7063	0.236	187.636841874393	1.9304150322351454	34.77217010264795	0.35036364292710925	168.66121463155858	1.5112653289987341	11.712000000000002
18.632698662186698	0.06924385754267216	8.71748740075067	0.06739995918041967	-1.1517927602188034	0.06492313837833719	-12.199581440395006	0.06865655546293423	19.6901	0.2365	187.9962659738942	1.8321531560806412	34.75229905408702	0.32952987314313065	168.723601387943	1.4430968596483191	11.712000000000002
18.640933128705644	0.07143389430102999	8.695288503417528	0.06886420450806902	-1.1768917008079884	0.06758042681288763	-12.203176297228092	0.06711881414413792	19.7009	0.2363	187.42100323520052	1.8697990900907446	34.74209024828942	0.3395498526510513	169.05265569668586	1.4603114844817762	11.712000000000002
18.63052995722457	0.07306041403300358	8.709405628909213	0.07468861073661733	-1.1556538520609168	0.07384045836344866	-12.194010587819227	0.0692365596485239	19.7063	0.236	187.88421874446928	1.9786337160164074	34.76716752333769	0.3701460711405375	168.86777063961455	1.548538283395519	11.712000000000002
18.630309737723927	0.07427269130975209	8.717352765415562	0.07013388784532418	-1.1595134314361109	0.07116815824423314	-12.204929055857527	0.06911317556368424	19.7063	0.236	188.03901789338803	1.9377379084402802	34.72560716798075	0.3512980701305802	168.7598508625537	1.5157185040813974	11.712000000000002
18.61583151794886	0.06787191372076475	8.710442315512537	0.06975875820296348	-1.1749394827863098	0.07254161609376183	-12.196401423564577	0.0673381944981458	19.7063	0.236	188.18268070009862	1.849052097103404	34.69569335820715	0.3532288757919532	169.12662798349717	1.5188437536016002	11.712000000000002
18.626232982481735	0.07704967174304758	8.698338343313308	0.06853562758198595	-1.1633554680350304	0.06589367262434956	-12.194514948413401	0.06923084754013632	19.7063	0.236	187.7560914212534	1.9502073858333702	34.77903311172519	0.3352963190044837	168.97794803963274	1.4640652840951787	11.712000000000002
18.643213944378573	0.07534664846614147	8.70648600925639	0.06851818045234986	-1.1672188307763411	0.0681044730968223	-12.183596989120142	0.06853411848457067	19.717	0.2351	187.58918485669076	1.9226166032538492	34.736725591793395	0.33987439445729845	169.20467568376532	1.4840005104416774	11.712000000000002
18.60947351013983	0.07892913988327693	8.714432269666526	0.0709943830600589	-1.1633554680350304	0.0681042854800464	-12.201882389134388	0.0721822499596382	19.7009	0.2363	188.37947697155005	2.0210551226439675	34.7223674683241	0.3458209791996307	168.86516713831918	1.518145359009092	11.712000000000002
18.619434570970263	0.07503159746222489	8.702126559312497	0.07323481855822202	-1.1517668904117853	0.06969466595885641	-12.201570108034419	0.07181765450670463	19.7009	0.2363	187.9565191785034	1.9871162349557452	34.80656426340555	0.35710283554828154	168.69284065796452	1.527813097536404	11.712000000000002
18.604917347867932	0.07534151544378698	8.682077905210058	0.06936982768260408	-1.1787957550608787	0.06969344064711824	-12.203501120011481	0.07053116545074746	19.7117	0.2356	187.85174387473432	1.9388147222030185	34.78192576226106	0.34684611910855656	169.0768716067752	1.5206672494425968	11.712000000000002
18.595395946892918	0.0703398192667218	8.696595263905705	0.06900238047278572	-1.1537078345872496	0.0660143519804863	-12.167240864942148	0.06594647105728546	19.7063	0.236	188.30793276764544	1.8744493277618521	34.81925095838456	0.3375582699009309	169.24838635837935	1.4339300078665613	11.712000000000002
18.617706410958824	0.07257565518643325	8.706317949781923	0.07884381697492307	-1.1479089263870612	0.07352144263744069	-12.185216212724788	0.07124902144850612	19.6955	0.2364	188.06877571126296	2.0333901760008537	34.80538655265052	0.3807673215700559	168.883826927571	1.5665468664862199	11.712000000000002
18.616051538170236	0.0781939443441703	8.700484379879654	0.07672316239709824	-1.1517743782734868	0.0773594847898562	-12.191009434751944	0.07562010375467534	19.7009	0.2363	187.98951827316665	2.076921232183792	34.81233938549871	0.38498147840347047	168.85433492045837	1.6547020115087996	11.712000000000002
18.650013899212034	0.07853126279175887	8.726840337705653	0.07813935805321909	-1.1614320451071263	0.0757302269133846	-12.176540537933423	0.07639390876368991	19.6955	0.2364	187.84541880060718	2.097123204838357	34.68555095617385	0.3816973861925513	169.22417919952784	1.65257392568873	11.712000000000002
18.62854816912154	0.08212015509441899	8.696427395596745	0.07717049424675533	-1.155635075253487	0.07680377322772253	-12.19833249797414	0.07508633812663702	19.6955	0.2364	187.67620088360627	2.129374552357957	34.81303296821057	0.3847238276786193	168.80139173758403	1.6418864313521846	11.712000000000002
18.634759977610962	0.07328891961537365	8.696393822712494	0.0729631946028273	-1.1614263065161865	0.07016578629410364	-12.207497081923012	0.07029716835101014	19.7117	0.2356	187.55826304241472	1.9516837274067456	34.79269971518698	0.35727510342056973	168.74984158551408	1.5173387323645462	11.712000000000002
18.641486003285333	0.07228559752561567	8.722749042414163	0.07493317358126447	-1.1440540107262074	0.07151997186531493	-12.172767285176523	0.07018537425666194	19.7117	0.2356	187.92944110179934	1.9726809849368112	34.76102378403273	0.3649368495093837	169.01542792036943	1.535649140286299	11.712000000000002
18.657954102247754	0.07463945194122949	8.712555014393697	0.07473104644406456	-1.1594971000299459	0.07736035246013918	-12.183641536723844	0.07205248726745603	19.7063	0.236	187.42563038709423	1.9904747784998134	34.74254102664889	0.37853730343008785	169.08547454148672	1.621467312700806	11.712000000000002
18.607085443163818	0.07324527184134694	8.692169173043439	0.0702790711015618	-1.149838271229199	0.06601314967374725	-12.181443207049703	0.07037937873164217	19.7009	0.2363	188.0018592905018	1.924759141595949	34.84859948995159	0.34140536424879536	168.9711247218116	1.47799100744517	11.712000000000002
18.632591485179166	0.07277821779472962	8.712454105993254	0.0731257905339685	-1.147910924661623	0.07080952349501628	-12.189033780711386	0.06801553598826468	19.6901	0.2365	187.9029112442844	1.9542012192096716	34.783719926827104	0.3590803344312817	168.82546438389866	1.501293207393745	11.712000000000002
18.615464829135828	0.0712747311305168	8.698204024820473	0.06850597257141586	-1.1691441758381742	0.07195036641735728	-12.199862129098166	0.0667154165288576	19.7063	0.236	187.95741387391726	1.8736356125661948	34.7591033201489	0.34996531521375496	168.9847117287039	1.5031669237840823	11.712000000000002
18.62549919687274	0.07164045174503886	8.691967845371734	0.06990297073858953	-1.167209221027558	0.06969392276464123	-12.21064491846807	0.0674707149964116	19.7117	0.2356	187.6495505508839	1.8908247313951663	34.78791113017715	0.3482963542455687	168.790107042892	1.482610201459895	11.712000000000002
18.63880333290416	0.08248541205847972	8.70035002561553	0.08068026012825251	-1.165286048413613	0.07978986392589248	-12.196356830545545	0.07619632931202301	19.7117	0.2356	187.55661830450495	2.1774789490949122	34.76513557047372	0.3998570081471923	168.9793067515814	1.6900604152067134	11.712000000000002
18.6284013867748	0.07427040050828657	8.696360250087293	0.07347135421087808	-1.171078449005977	0.07116513177038218	-12.212977763866888	0.07121589144347079	19.7009	0.2363	187.67770570410258	1.97409833697649	34.75878452977833	0.36031157093194205	168.81359269265883	1.5392202535663067	11.712000000000002
18.63273830178662	0.0749087104203732	8.712521378000844	0.07088143485033327	-1.1459815129350361	0.0680023909234504	-12.167018421984876	0.06690628642897993	19.7009	0.2363	187.9014045572832	1.9533841727278984	34.79029010763111	0.3466387019334953	169.13315043538697	1.4640149184074167	11.712000000000002
18.588672224244522	0.0730394873094393	8.68231252080012	0.0752825001248739	-1.1807317058881357	0.07194675764226913	-12.19644601691283	0.07214233620873718	19.7117	0.2356	188.1642449187632	1.9923388394970039	34.774271281732126	0.3671450030833372	169.21487257768987	1.5651010382666162	11.712000000000002
18.604844055233823	0.07379163879813652	8.684055890924189	0.06940767346458039	-1.161420568273213	0.06779196443844428	-12.19240557999561	0.06553284405153169	19.7009	0.2363	187.8905851652152	1.9186166167363907	34.83632072292201	0.34329195178679284	168.9806206346415	1.4443781650143985	11.712000000000002
18.60874040964658	0.07204052694042752	8.698002554859508	0.07248128990427283	-1.163348222263467	0.06810374351626078	-12.197752719694403	0.06851007508100673	19.7009	0.2363	188.08112178972843	1.9393654397121398	34.78024292556834	0.35077669658093186	168.92825470792428	1.478886855453403	11.712000000000002
18.632077645271554	0.06958844565270754	8.7102069270126	0.07098054296990003	-1.155628817171892	0.0731998497365605	-12.20161471863102	0.07219648643531486	19.7009	0.2363	187.87008482805234	1.8821745018246774	34.76443197473181	0.35928898772744716	168.75113820723317	1.5706920011556744	11.712000000000002
18.59661161037285	0.07645960656703668	8.68211142094666	0.07356979581913933	-1.1749356404178468	0.07253958834942723	-12.199862129098166	0.07029760343132804	19.7063	0.236	188.0097491430035	2.012108867320048	34.795428434842094	0.3647113391354812	169.07348048135614	1.5491004758805542	11.712000000000002
18.598633073882663	0.07331872762306807	8.674032035913607	0.07090878483282823	-1.1691434293194063	0.06714614673273903	-12.19613387039352	0.06815820623897781	19.7117	0.2356	187.81840059474345	1.930273351626522	34.84446424977552	0.3456978926773536	169.04183452894227	1.4667163014514073	11.712000000000002
18.6176330652104	0.0766683187520142	8.702260937937606	0.0736732034694258	-1.163353294246224	0.07972828396241216	-12.179645766392591	0.07291909793728639	19.7009	0.2363	187.99321594448065	2.0159663136772243	34.765212538282874	0.3825369532228246	169.20599178038168	1.6595345367977838	11.712000000000002
18.60910695267291	0.0673913241335789	8.68811248262599	0.07194864329491513	-1.1652823888935955	0.0657768802946758	-12.201659329557327	0.06498103137773883	19.717	0.2351	187.88667800592606	1.8669541324141528	34.80832546292596	0.34437554093548567	168.8980635143272	1.4150088859442618	11.712000000000002
18.608111728656194	0.07991977407480103	8.690627279367689	0.07750304074019468	-1.1652933678698614	0.07422626315992928	-12.18943489406604	0.0749331883877679	19.6955	0.2364	187.95317532622965	2.109851971124649	34.799405137125454	0.3789050055023725	169.08551918195934	1.617716044336292	11.712000000000002
18.616124879399912	0.07843269298307112	8.690459527052525	0.07744061558524232	-1.1672203092834126	0.07319697377469576	-12.213156377855327	0.07235850564527521	19.6955	0.2364	187.79826110613766	2.0854389954813195	34.793194879218525	0.3761059667688427	168.75189951495622	1.572414034608752	11.712000000000002
18.633105353428707	0.07580556206428694	8.684525241826728	0.07108795119785787	-1.1884583433079632	0.0690133759234949	-12.209606720279275	0.07026171875043731	19.7009	0.2363	187.365701696312	1.9572237132571444	34.73926322727702	0.3486157851777947	169.13143982229238	1.5113790770763538	11.712000000000002
18.57111044803377	0.07168515024355307	8.665852626504085	0.07553115879105818	-1.182653384474476	0.0696918646015789	-12.212531251992276	0.07556976354016981	19.7009	0.2363	188.18517670895056	1.9783754251523056	34.82560453537259	0.36341226532651355	168.997582374116	1.5750739686371982	11.712000000000002
18.61164170379571	0.07291270262455146	8.696360250087775	0.07352931098620039	-1.1575643351616411	0.07212032356446624	-12.190875713377903	0.06981484414042438	19.7063	0.236	187.99493511051125	1.963340594029796	34.806454284823204	0.36380215870434923	168.94499118120896	1.5369924984876535	11.712000000000002
18.589111605397438	0.07344594070540497	8.662398430446475	0.06931608297690359	-1.1826669458669852	0.06969503621352893	-12.2022393016003	0.0685982686641668	19.717	0.2351	187.77843790187748	1.910379234098497	34.83777532120463	0.34783074366734446	169.15562903150737	1.5011411441246365	11.712000000000002
18.581729395125787	0.07571864287354872	8.673965068448364	0.07425393151801683	-1.1749333350661701	0.07044113754573642	-12.214462241129022	0.07324777106656599	19.7117	0.2356	188.13756888355258	2.013805026294768	34.82421703935826	0.3618954818378173	168.84984036488794	1.5543227131414408	11.712000000000002
18.56743352077231	0.07149028465362947	8.647984951796326	0.06767374573236032	-1.1903805076726282	0.07476400144241638	-12.198109499736661	0.06746813158282589	19.717	0.2351	187.9159592925545	1.8648821595795433	34.86149981067	0.3573309267884296	169.33762584781442	1.549205666706785	11.712000000000002
18.614249930646658	0.07038734979980993	8.698606992743573	0.0693897784370833	-1.1517771012877012	0.07152031873160074	-12.185661753410422	0.06966880155973787	19.7009	0.2363	187.9880815763293	1.8738792935614983	34.8189646544244	0.35224062326968364	168.93621351512624	1.5286845993939586	11.712000000000002
18.582388196739817	0.0716803723678402	8.680300973082403	0.07290206249853202	-1.1807317058881357	0.06820687653025165	-12.207497081922533	0.06671503134998218	19.717	0.2351	188.2454326436227	1.9436306553388316	34.781364870031574	0.3521308110855081	169.04528480705235	1.4626787440443856	11.712000000000002
18.603775317580855	0.07106637294831737	8.706654075219172	0.07254412315042062	-1.155638552150468	0.07383871180456439	-12.187503761753296	0.0705175511059912	19.7063	0.236	188.33988670502328	1.9325359877579027	34.77692140778174	0.3650105259652849	168.96713820159042	1.5638274846740452	11.712000000000002
18.60932688542025	0.07163928596818561	8.684189986005068	0.07108724931147285	-1.1865197694822067	0.0700703971148038	-12.205476770356583	0.07059396860661274	19.7009	0.2363	187.80826021675452	1.909726426009576	34.74726580952413	0.3513766787724029	169.16507554611246	1.5270115483357598	11.712000000000002
18.601020921921247	0.06897623401348515	8.684223510422557	0.07047371724243805	-1.1614241546343393	0.06881754499699619	-12.196312237856215	0.06845841896819443	19.6955	0.2364	187.966196761357	1.8691180044736138	34.83571495452221	0.3485138250226138	168.92085170546076	1.4859230511448596	11.712000000000002
18.592641930562394	0.07116185446119583	8.670143076317693	0.07905048981098076	-1.1730074514231326	0.0761670954220429	-12.194470362353208	0.06661903839830365	19.7063	0.236	187.8581918600955	2.0137139188524444	34.84455252776665	0.3885989396824566	169.126613096317	1.5527894258198474	11.712000000000002
18.60774518512714	0.07408623839017021	8.700517969094278	0.07707078974156956	-1.1537057703760139	0.07468977113170233	-12.181844066929864	0.07037539576589365	19.717	0.2351	188.14776857804688	2.0302285682411845	34.80539763155569	0.37907186443084884	169.02423993674086	1.5728485967708175	11.712000000000002
18.600947644104053	0.06934454276355276	8.66608679224043	0.07415527665403467	-1.1845893767894697	0.06692400122717838	-12.201793164314456	0.06859773051230204	19.7063	0.236	187.62443896158015	1.9173786403346045	34.81793226346168	0.353065204232813	169.1919954864547	1.4717549099627454	11.712000000000002
18.618293197753545	0.06577646763089796	8.692504739888554	0.07552163989558763	-1.1652904400204602	0.07453932628890422	-12.202150071505606	0.0686330849677972	19.7117	0.2356	187.79593192067932	1.894841855198595	34.79278777282781	0.37451695441696303	168.89067685292753	1.5505069649283032	11.712000000000002
18.598999417269745	0.07440228701641274	8.682245486480227	0.0731890895371749	-1.1826605638172145	0.06810242411373518	-12.18346334828389	0.06698092578701995	19.7009	0.2363	187.96702091244438	1.978211756539941	34.76770826339881	0.35234284008725314	169.4442423896837	1.4713101416575927	11.712000000000002
18.583970389587936	0.0693024677020718	8.686100940110942	0.06707511447685373	-1.18265657523286	0.07007253808914893	-12.203501120011481	0.06699845170516817	19.7117	0.2356	188.32564957610893	1.8350743137749417	34.75413952256083	0.3416025790426142	169.1361025843888	1.4878569715397822	11.712000000000002
18.5714030671503	0.07174289248670974	8.659952407898906	0.07206907891106284	-1.201959732230173	0.07006735459228666	-12.212709852782998	0.07086179090381053	19.717	0.2351	188.0675955090783	1.929558312134478	34.77826315314244	0.35447061580525757	169.2911630074019	1.5321811068110407	11.712000000000002
18.582241792344238	0.07591944818896967	8.670176545664276	0.07588155721552435	-1.1749387143009862	0.0738357211867104	-12.20372421272846	0.07559672965428789	19.7117	0.2356	188.0559345709141	2.0364912795899413	34.83759880367205	0.3746492582286842	169.014321092568	1.619406550040984	11.712000000000002
18.58419001408065	0.07203845775075843	8.68217845319606	0.06938755439811041	-1.178798104321155	0.0704421567164887	-12.20731855142767	0.06785594406339593	19.7117	0.2356	188.24687105553704	1.9014938030080688	34.781562820075735	0.3487594465097662	169.01838305802215	1.4989730727814021	11.712000000000002
18.56453462212256	0.07017291259236454	8.657673741428386	0.07015827786007206	-1.194231925834895	0.06681061605279721	-12.230768494471322	0.06963036385692747	19.717	0.2351	188.15472589554182	1.88459606761118	34.8135870547626	0.34234592037646683	168.89562064148356	1.4767539397388074	11.712000000000002
18.59877960950516	0.07776030183269149	8.672087563051901	0.07644098396622848	-1.176866872920287	0.07728902859936405	-12.19990673405522	0.0697276961019988	19.7117	0.2356	187.77883757946148	2.0626758767560354	34.82401891817907	0.38436075217830035	169.10241793322868	1.5968856952596848	11.712000000000002
18.579488454976133	0.06877544337811722	8.669875330846397	0.06968543860009081	-1.182653384474476	0.06274664118396134	-12.203322651772258	0.06928051161995889	19.717	0.2351	188.10246879905085	1.8584859018380655	34.81138553488694	0.3313195846928698	169.13879259796792	1.4345467025338543	11.712000000000002
18.641265667772632	0.08023194879101088	8.706553234862904	0.0749719036105109	-1.1614284584470567	0.07343943584759703	-12.187370076201491	0.07012314487404539	19.7063	0.236	187.62724196399654	2.0738501300757424	34.75687189763476	0.3696473410219742	169.05791433638203	1.5569042989970814	11.712000000000002
18.58793996847816	0.07474441161851066	8.68398884493638	0.07399503226711983	-1.1961664036840873	0.073595436759637	-12.208892492249984	0.06845631184608203	19.7117	0.2356	188.21000530399226	1.9987150652705	34.7140471958139	0.3666792949404937	169.2607877923727	1.5448173234664841	11.712000000000002
18.59040075769702	0.07087891925065516	8.678121937260013	0.06555316081553006	-1.1865189571411512	0.06768487317899852	-12.214640871068145	0.06621901415715728	19.7009	0.2363	188.05188264570012	1.831623964961444	34.768642799480226	0.3321048772644627	169.02449102764052	1.451283597135919	11.712000000000002
18.571476223370198	0.0736550343731108	8.649929421232681	0.07178200315259785	-1.2000303508237289	0.07160048313817086	-12.205387520343718	0.07418993242505022	19.7063	0.236	187.87621836251282	1.9475492961210104	34.82046460490002	0.3584111912140056	169.3741206923119	1.5868116499913816	11.712000000000002
