13.937166	0.071413	11.450336	0.067301	9.797892	0.068955	9.809944	0.072803	19.9004	0.2374	0.0	0.0	0.0	0.0	-0.0	0.0	0.0
13.973149	0.074722	11.711781	0.077246	10.257937	0.076259	10.357011	0.074282	19.9112	0.2374	0.0	0.0	0.0	0.0	-0.0	0.0	0.0
14.044845	0.075959	11.972428	0.076332	10.665089	0.072093	10.888122	0.07416	19.9382	0.2366	0.0	0.0	0.0	0.0	-0.0	0.0	0.0
14.062915	0.065839	12.19442	0.069911	11.04839	0.068265	11.349043	0.071161	19.9328	0.2361	0.0	0.0	0.0	0.0	-0.0	0.0	0.0
14.135019	0.074191	12.423213	0.071708	11.43479	0.070628	11.803124	0.070061	19.976	0.2372	0.0	0.0	0.0	0.0	-0.0	0.0	0.0
14.191014	0.070205	12.64434	0.067848	11.779313	0.077771	12.209355	0.069282	19.976	0.2372	0.0	0.0	0.0	0.0	-0.0	0.0	0.0
14.284246	0.067567	12.888346	0.069705	12.134703	0.070255	12.598036	0.06695	19.9921	0.2369	0.0	0.0	0.0	0.0	-0.0	0.0	0.0
14.318015	0.078906	13.067424	0.077151	12.431695	0.073646	12.97135	0.073954	19.9975	0.2373	0.0	0.0	0.0	0.0	-0.0	0.0	0.0
14.40935	0.070619	13.275059	0.072465	12.757468	0.074058	13.318304	0.074713	20.0299	0.2375	0.0	0.0	0.0	0.0	-0.0	0.0	0.0
14.487459	0.081686	13.465637	0.080081	13.02957	0.083435	13.660817	0.077879	20.0407	0.2366	0.0	0.0	0.0	0.0	-0.0	0.0	0.0
14.565705	0.079164	13.652359	0.073601	13.306183	0.068555	13.946345	0.068983	20.0461	0.2371	0.0	0.0	0.0	0.0	-0.0	0.0	0.0
14.640425	0.078195	13.831543	0.077999	13.550832	0.085161	14.236882	0.081022	20.0623	0.2381	0.0	0.0	0.0	0.0	-0.0	0.0	0.0
14.70818	0.07127	13.995711	0.074523	13.796989	0.074186	14.483713	0.071949	20.0892	0.2373	0.0	0.0	0.0	0.0	-0.0	0.0	0.0
14.797274	0.080368	14.172993	0.080476	14.019409	0.082314	14.745917	0.08003	20.0946	0.2368	0.0	0.0	0.0	0.0	-0.0	0.0	0.0
14.860769	0.084441	14.320745	0.083092	14.253501	0.078924	14.997205	0.078528	20.0946	0.2368	0.0	0.0	0.0	0.0	-0.0	0.0	0.0
14.947215	0.076006	14.456444	0.074944	14.438599	0.073021	15.215911	0.072537	20.1054	0.2378	0.0	0.0	0.0	0.0	-0.0	0.0	0.0
15.026076	0.068993	14.632007	0.06839	14.659554	0.076569	15.435476	0.069041	20.1108	0.2382	0.0	0.0	-0.0	0.0	-0.0	0.0	0.0
15.125267	0.074946	14.778477	0.072764	14.851456	0.075795	15.630037	0.073243	20.127	0.2384	0.0	0.0	-0.0	0.0	-0.0	0.0	0.0
15.199346	0.077091	14.881346	0.076411	15.016288	0.075152	15.81195	0.074881	20.1486	0.2371	0.0	0.0	-0.0	0.0	-0.0	0.0	0.0
15.25697	0.073181	15.017346	0.071234	15.187486	0.074015	15.96918	0.071346	20.1539	0.2376	0.0	0.0	-0.0	0.0	-0.0	0.0	0.0
15.354366	0.068882	15.149761	0.076163	15.332431	0.066146	16.151906	0.068618	20.1647	0.2384	0.0	0.0	-0.0	0.0	-0.0	0.0	0.0
15.439212	0.072096	15.300674	0.07438	15.495893	0.072311	16.309671	0.076783	20.1647	0.2384	0.0	0.0	-0.0	0.0	-0.0	0.0	0.0
15.507718	0.067274	15.40843	0.069145	15.659661	0.071285	16.461502	0.070128	20.1863	0.2385	0.0	0.0	-0.0	0.0	-0.0	0.0	0.0
15.599072	0.074993	15.536988	0.076644	15.804964	0.073452	16.632203	0.072597	20.1971	0.2378	0.0	0.0	-0.0	0.0	-0.0	0.0	0.0
15.694236	0.076123	15.644549	0.069765	15.935449	0.074574	16.761036	0.072735	20.2025	0.2373	0.0	0.0	-0.0	0.0	-0.0	0.0	0.0
15.74381	0.078176	15.76452	0.07495	16.082528	0.074688	16.89611	0.07797	20.2079	0.2379	-0.0	0.0	-0.0	0.0	-0.0	0.0	0.0
15.797165	0.068148	15.846881	0.072	16.175337	0.07007	16.985057	0.065696	20.2079	0.2379	-0.0	0.0	-0.0	0.0	-0.0	0.0	0.0
16.014685	0.077806	16.286416	0.075836	16.530306	0.078017	17.274469	0.073615	20.2133	0.2383	-0.0	0.0	-0.0	0.0	-0.0	0.0	0.0
16.189652	0.071853	16.424205	0.072558	16.724447	0.072711	17.444144	0.076248	20.1809	0.2387	-0.0	0.0	-0.0	0.0	-0.0	0.0	0.0
16.297049	0.066794	16.506768	0.070406	16.859089	0.069338	17.539532	0.067791	20.1647	0.2384	-0.0	0.0	-0.0	0.0	-0.0	0.0	0.0
16.363283	0.072073	16.587601	0.071299	16.946276	0.074121	17.664519	0.072315	20.1755	0.2387	-0.0	0.0	-0.0	0.0	-0.0	0.0	0.0
16.446985	0.072205	16.665152	0.072709	17.063564	0.073527	17.752897	0.072066	20.1863	0.2385	-0.0	0.0	-0.0	0.0	-0.0	0.0	0.0
16.529425	0.074078	16.762213	0.0702	17.131578	0.072489	17.846165	0.071575	20.1971	0.2378	-0.0	0.0	-0.0	0.0	-0.0	0.0	0.0
16.608382	0.069023	16.839165	0.067253	17.233658	0.065065	17.958978	0.070036	20.1917	0.2382	-0.0	0.0	-0.0	0.0	-0.0	0.0	0.0
16.678787	0.073461	16.922117	0.077005	17.345915	0.073289	18.017208	0.075071	20.1971	0.2378	-0.0	0.0	-0.0	0.0	-0.0	0.0	0.0
16.797566	0.071948	17.041017	0.069796	17.437946	0.073569	18.134567	0.072007	20.2025	0.2373	-0.0	0.0	-0.0	0.0	-0.0	0.0	0.0
16.84983	0.071404	17.095419	0.070604	17.502894	0.07208	18.20178	0.070727	20.2079	0.2379	-0.0	0.0	-0.0	0.0	-0.0	0.0	0.0
16.906202	0.078099	17.18101	0.073422	17.607436	0.072056	18.266849	0.072027	1.1569	0.2347	-0.0	0.0	-0.0	0.0	-0.0	0.0	0.0
17.008445	0.076373	17.14587	0.071698	17.799804	0.073321	18.350845	0.077752	0.8711	0.1842	-0.0	0.0	-0.0	0.0	-0.0	0.0	0.0
17.046185	0.073378	17.119065	0.07094	17.965156	0.070391	18.434872	0.071088	0.7848	0.187	-0.0	0.0	-0.0	0.0	-0.0	0.0	0.0
17.091925	0.070885	17.262737	0.074355	18.20555	0.067034	18.51228	0.071443	0.0836	0.182	-0.0	0.0	-0.0	0.0	-0.0	0.0	0.0
17.136731	0.068344	17.349249	0.073361	18.3802	0.068905	18.603344	0.068958	0.0782	0.1827	-0.0	0.0	-0.0	0.0	-0.0	0.0	0.0
17.186854	0.071832	17.418181	0.072924	18.50599	0.070735	18.714556	0.073456	0.0836	0.182	-0.0	0.0	-0.0	0.0	-0.0	0.0	0.0
17.28754	0.071033	17.514798	0.073312	18.628275	0.073167	18.822223	0.073185	0.0836	0.182	-0.0	0.0	-0.0	0.0	-0.0	0.0	0.0
17.331239	0.068581	17.529331	0.070279	18.70994	0.072168	18.887164	0.072968	0.0836	0.182	-0.0	0.0	-0.0	0.0	-0.0	0.0	0.0
17.381268	0.075659	17.571055	0.074198	18.804292	0.070624	18.994163	0.0721	0.0836	0.182	-0.0	0.0	-0.0	0.0	-0.0	0.0	0.0
17.475307	0.078313	17.617167	0.072892	18.890524	0.07834	19.074145	0.073462	0.0836	0.182	-0.0	0.0	-0.0	0.0	-0.0	0.0	0.0
17.474139	0.075104	17.63477	0.076227	18.941638	0.079397	19.125338	0.073994	0.089	0.1827	-0.0	0.0	-0.0	0.0	-0.0	0.0	0.0
17.55576	0.079072	17.687223	0.074094	19.002808	0.076154	19.182335	0.077698	0.0836	0.182	-0.0	0.0	-0.0	0.0	-0.0	0.0	0.0
17.584484	0.078958	17.726397	0.070944	19.07572	0.074308	19.249008	0.073579	0.0836	0.182	-0.0	0.0	-0.0	0.0	-0.0	0.0	0.0
17.636857	0.071647	17.74957	0.075709	19.147344	0.073969	19.322767	0.072744	0.089	0.1827	-0.0	0.0	-0.0	0.0	-0.0	0.0	0.0
17.703922	0.071408	17.793697	0.070692	19.210669	0.068681	19.352492	0.078081	0.0944	0.1833	-0.0	0.0	-0.0	0.0	-0.0	0.0	0.0
17.745674	0.069269	17.806227	0.069832	19.284196	0.072472	19.407135	0.072094	0.2939	0.1828	-0.0	0.0	-0.0	0.0	-0.0	0.0	0.0
17.764395	0.070099	17.818687	0.068757	19.429135	0.075069	19.444895	0.07829	1.1569	0.1894	-0.0	0.0	-0.0	0.0	-0.0	0.0	0.0
17.829549	0.071525	18.055212	0.072345	19.67993	0.078873	19.539978	0.075815	1.9984	0.1849	-0.0	0.0	-0.0	0.0	0.0	0.0	0.0
17.854683	0.074091	18.172376	0.077518	19.72842	0.074914	19.590535	0.075397	3.8592	0.1849	-0.0	0.0	-0.0	0.0	0.0	0.0	0.0
17.95036	0.072367	18.502605	0.072032	19.443932	0.072246	19.648971	0.073715	19.2748	0.234	-0.0	0.0	-0.0	0.0	-0.0	0.0	0.0
18.012698	0.07434	18.567168	0.072045	19.275392	0.074254	19.663309	0.074099	19.9867	0.2363	-0.0	0.0	-0.0	0.0	-0.0	0.0	0.0
18.110876	0.080475	18.627848	0.071729	19.199688	0.075301	19.633776	0.074258	20.4722	0.2386	-0.0	0.0	-0.0	0.0	-0.0	0.0	0.0
18.217961	0.079391	18.686962	0.073856	19.204367	0.079684	19.63214	0.078078	20.4398	0.2399	-0.0	0.0	-0.0	0.0	-0.0	0.0	0.0
18.29342	0.075459	18.745797	0.079359	19.21713	0.074283	19.630193	0.078352	20.3373	0.2395	-0.0	0.0	-0.0	0.0	-0.0	0.0	0.0
18.351437	0.075538	18.749399	0.077253	19.182886	0.079933	19.604325	0.081662	20.3158	0.2384	-0.0	0.0	-0.0	0.0	-0.0	0.0	0.0
18.39655	0.070898	18.754774	0.07206	19.169459	0.071087	19.586639	0.069619	20.3373	0.2395	-0.0	0.0	-0.0	0.0	-0.0	0.0	0.0
18.378718	0.07393	18.648874	0.083248	19.080077	0.076924	19.503454	0.071353	20.3373	0.2395	-0.0	0.0	-0.0	0.0	-0.0	0.0	0.0
18.400881	0.074988	18.679462	0.077291	19.047835	0.078518	19.500566	0.076852	20.3481	0.2393	-0.0	0.0	-0.0	0.0	-0.0	0.0	0.0
18.419578	0.072024	18.69189	0.069962	19.053974	0.072601	19.477282	0.0775	20.3373	0.2395	-0.0	0.0	-0.0	0.0	-0.0	0.0	0.0
18.431486	0.071558	18.687035	0.07498	19.046964	0.073212	19.451356	0.069071	20.3373	0.2395	-0.0	0.0	-0.0	0.0	-0.0	0.0	0.0
18.475091	0.076339	18.730681	0.077354	19.057064	0.080526	19.459379	0.077712	20.3481	0.2393	-0.0	0.0	-0.0	0.0	-0.0	0.0	0.0
18.531633	0.073172	18.760028	0.071729	19.088554	0.075962	19.471993	0.071305	20.3373	0.2395	-8154.603588018908	3658.4267936435976	-1043.126288069962	331.72977162142905	-4857.2600997503	1319.7786159635605	11.7022198
18.712259	0.069356	18.77934	0.073839	19.101626	0.074444	19.270703	0.085754	20.3481	0.2393	-27773.718299787004	41943.70511324271	-1063.6630830138336	346.0534171236518	-11019.064565620723	7400.892469256086	11.706
19.089973	0.071484	18.867559	0.071049	19.110184	0.081401	17.370686	0.087348	20.3212	0.2389	8376.55640063525	3795.8054078650266	-1412.9003339494611	629.1972364135005	1071.0382011241984	73.51506088149041	11.706
19.539918	0.077481	18.920295	0.087263	18.858666	0.083161	15.032662	0.103643	20.3158	0.2384	3006.7789822599993	566.2805302565868	5562.360647099259	10879.600662705927	486.94867885798106	16.912335511597416	11.706
19.944091	0.088867	18.909966	0.080834	18.309833	0.079062	12.823572	0.097649	20.2834	0.2392	1801.5894950918257	209.28487989384544	571.2141298699238	107.62168742481285	339.5878612667409	7.777012044125891	11.706
20.366429	0.06913	18.814168	0.065438	17.535324	0.077649	10.843123	0.089496	20.2618	0.2381	1200.2282299021717	73.60189521895813	268.0582009762791	21.28495045768158	278.39385368933347	4.928973778556333	11.706
20.726917	0.07376	18.595689	0.073988	16.626941	0.075645	9.000824	0.08021	20.2564	0.2376	874.1755283325458	42.8525654578679	174.12309379181963	9.358510373346872	244.30096716101596	3.5319485828871025	11.706
21.051577	0.073665	18.374749	0.077491	15.712974	0.073446	7.355116	0.080819	20.251	0.2381	695.9981852993092	27.79944311985136	128.78796677623728	5.165820069127059	222.91209282880115	2.9126335413860733	11.706
21.351358	0.069661	18.114322	0.073444	14.839509	0.079334	5.845633	0.097709	20.2187	0.2387	575.5474392696026	17.998026010097202	104.67910071624658	3.455746965944304	207.14848721534523	2.898837906656166	11.706
21.524454	0.068133	17.754374	0.069232	13.901918	0.075498	4.451717	0.083547	20.2025	0.2373	494.1720381497117	12.73217824365392	88.98334348861381	2.3660344884801554	197.14584822888332	2.3491309900030957	11.706
21.683413	0.076057	17.403791	0.078328	13.015452	0.079056	3.174141	0.081496	20.2025	0.2373	435.33473952745123	11.105990407801395	78.11711867686085	1.981056761085391	189.31094680846468	2.1841005523791206	11.706
21.835021	0.081306	17.075334	0.080837	12.183841	0.078144	1.989527	0.080598	20.1593	0.2381	391.4265618609075	9.4288174335422	70.08176929149576	1.6108544485285459	182.75557239990795	2.012518743386819	11.706
21.970385	0.07906	16.735773	0.076659	11.421318	0.083873	0.939136	0.081648	20.1539	0.2376	355.9132628492161	7.487511261749029	64.50416153271762	1.3791517352186888	177.7366374636308	1.9847286321279458	11.706
22.019061	0.069686	16.342971	0.075082	10.632998	0.076414	-0.093021	0.07867	20.1432	0.2376	328.2308306213163	5.923634206623905	60.036084894380174	1.126368728766002	173.6961216962176	1.776022729108387	11.706
22.072872	0.075751	16.017763	0.074612	9.924498	0.070317	-0.981647	0.070009	20.127	0.2384	307.68527806104805	5.402866492138857	56.259572325435826	0.9466224970502487	170.82733659351217	1.5542117921495788	11.706
22.081283	0.071103	15.68413	0.074295	9.292287	0.076006	-1.759118	0.078583	20.1054	0.2378	291.2338843914957	4.681690578854978	53.631552756719174	0.8918062289307026	168.58198021627868	1.667700200978819	11.706
22.11263	0.069435	15.358922	0.071749	8.689707	0.070382	-2.520558	0.072717	20.0892	0.2373	275.85850072669075	4.078237838647913	51.40102516734028	0.7746239440793788	166.19302184636055	1.5002952319055536	11.706
22.10102	0.075637	15.07245	0.071616	8.139501	0.074161	-3.182123	0.071225	20.0676	0.2382	265.1385859175972	3.9293339939089527	49.45836979524515	0.7354646821770192	164.60052059380916	1.4949205510518857	11.709
22.079421	0.073458	14.768798	0.073403	7.605955	0.077556	-3.822575	0.069632	20.0461	0.2371	254.84392495887502	3.620044822776516	47.85871201195199	0.713486949030979	163.0190218273441	1.4867446438804812	11.706
22.059424	0.081386	14.477554	0.073662	7.107394	0.080431	-4.385	0.073329	20.0407	0.2366	245.72668836056164	3.5576691974401706	46.51248656223644	0.6883018908265779	162.1131133561595	1.5353178617616214	11.706
22.006579	0.073297	14.199745	0.071672	6.634218	0.06939	-4.927276	0.075176	20.0083	0.2379	238.64575009978256	3.1337784261648247	45.31138224505638	0.597476174875949	161.14420842833263	1.4259374095922677	11.706
21.994533	0.069228	13.975969	0.065974	6.263665	0.075989	-5.384976	0.070335	19.9975	0.2373	232.40386746882842	2.771667681448379	44.460426206458855	0.580133493245847	159.9796251548825	1.4220462978034154	11.709
21.940828	0.072326	13.739254	0.070162	5.847524	0.068763	-5.816884	0.075858	19.9813	0.2368	227.15978905011016	2.7909188922794113	43.438443867193705	0.5407398155941184	159.72244123845445	1.4019801856595635	11.706
21.86448	0.073792	13.472423	0.06559	5.460114	0.072639	-6.24249	0.068091	19.9598	0.2377	222.00370977433607	2.611780201403903	42.784730044297014	0.522611799439196	159.20112482650887	1.35444683024741	11.706
21.807082	0.075894	13.259072	0.077375	5.122835	0.0739	-6.610683	0.072748	19.949	0.2374	218.00925996566644	2.7641947165444254	42.1438413850932	0.5542129310684906	158.82237861829546	1.4036476159549178	11.709
21.786032	0.078956	13.070643	0.079191	4.825694	0.081587	-6.961418	0.077489	19.9328	0.2361	213.82238274550403	2.743552184036124	41.588170275024794	0.5735113983445905	158.10023238172244	1.5092438521983818	11.709
21.696227	0.075763	12.86548	0.07061	4.501023	0.072429	-7.283147	0.070658	19.9166	0.2373	211.0291816248957	2.474921211306434	40.99397314558086	0.4957426413242198	158.13970887166943	1.3578755953517931	11.709
21.608665	0.071892	12.664641	0.069425	4.232124	0.073555	-7.589413	0.07393	19.9004	0.2374	208.30306892693642	2.3276053258948646	40.65268802712983	0.48761380434172713	157.59945312936108	1.3903213370631655	11.706
21.56559	0.073402	12.512145	0.069747	4.003457	0.068492	-7.824639	0.073526	19.8843	0.2364	205.83823127728238	2.30212123951446	40.29908296588485	0.46298491154947946	157.5524280582411	1.3384734712938837	11.709
21.482229	0.06711	12.319718	0.066385	3.723275	0.076749	-8.109544	0.06852	19.8789	0.2358	203.38804836674709	2.095395949201621	39.887696849629414	0.47084873814790307	157.48954368730287	1.3693584106809584	11.709
21.412887	0.071563	12.144488	0.070525	3.498819	0.068649	-8.323381	0.068639	19.8519	0.2372	201.01289554651925	2.179068638678234	39.65043042115665	0.4513683499391004	157.59061697552244	1.2940478083906897	11.706
21.329075	0.071763	11.996946	0.066389	3.284057	0.072672	-8.551345	0.070101	19.8411	0.2369	199.64017409337146	2.091392100361296	39.34452232498674	0.44448047098147936	157.41482813757617	1.3429605539144902	11.706
21.270193	0.080044	11.862614	0.078602	3.091425	0.075977	-8.747894	0.074175	19.8303	0.2361	198.08978160757832	2.362197866141236	39.09302559803301	0.48723663379921034	157.4030776253013	1.411676494495015	11.709
21.225136	0.074061	11.713545	0.074697	2.90662	0.071977	-8.938287	0.073724	19.8195	0.2361	195.87341634355434	2.16616068990439	38.924421759836875	0.45846844548284893	157.2885125465571	1.3681853122149934	11.706
21.15366	0.077528	11.575338	0.07662	2.718226	0.071237	-9.114017	0.072184	19.7926	0.2369	194.55862885936997	2.2140610572112545	38.71378246459786	0.45728419148689153	157.49721217132236	1.3499283532709399	11.709
21.081785	0.06941	11.465469	0.071079	2.57109	0.068326	-9.27826	0.069249	19.7872	0.2367	193.74029231353717	2.001562995863537	38.541697733838845	0.42723240045868793	157.22952357862127	1.2908470829767726	11.706
21.018059	0.070129	11.337167	0.067319	2.414192	0.06723	-9.414289	0.067811	19.771	0.2353	192.44795017150565	1.932456452464445	38.418179417802214	0.4096284974388709	157.5069363041479	1.2715207064275431	11.706
20.928641	0.068929	11.227057	0.069529	2.284775	0.065558	-9.548232	0.070535	19.771	0.2353	192.03749156402876	1.9379768088885598	38.335231582154215	0.4096703083903775	157.44669520513514	1.2812974684410512	11.706
20.906207	0.067064	11.136025	0.074662	2.167385	0.073474	-9.675246	0.068382	19.7656	0.2358	190.68916504709796	1.9587572057140477	38.22257083842965	0.4464300641848778	157.31873649146803	1.3333528840089774	11.706
20.844807	0.076155	11.020173	0.075519	2.02252	0.071611	-9.807388	0.071468	19.7386	0.2366	189.63227979755075	2.0701176604783726	38.09932319974115	0.44068472150506477	157.48792697330376	1.346872262193104	11.706
20.760257	0.070034	10.922692	0.068175	1.914916	0.076018	-9.909728	0.064349	19.7386	0.2366	189.38302922831312	1.8815453748277173	38.05650550701915	0.43140174961533045	157.55803992053455	1.3270819482994558	11.706
20.720843	0.069781	10.852016	0.072291	1.811367	0.072799	-10.004915	0.073018	19.7224	0.2356	188.78309367305735	1.922020829894228	37.91812531169879	0.43030060950267124	157.6695510471682	1.3758228167412756	11.706
20.657621	0.074516	10.762799	0.072602	1.692149	0.071825	-10.097951	0.069104	19.717	0.2351	188.28715128718366	1.9797089046301728	37.79271103493812	0.4255113375376103	158.01967734163713	1.3358600804459382	11.706
20.598882	0.074546	10.669681	0.067944	1.594505	0.069979	-10.183631	0.067568	19.717	0.2351	187.68330175634904	1.9065406232548043	37.78354579283168	0.40608484504717	158.22072529107038	1.3067443312413847	11.709
20.539586	0.071533	10.56617	0.074138	1.508549	0.069593	-10.287594	0.070083	19.7063	0.236	186.8512420712301	1.9300968165800152	37.8567725462363	0.42499210466688275	157.97921230931343	1.3227225263580844	11.709
20.486558	0.075264	10.49104	0.073006	1.418711	0.075089	-10.361764	0.068638	19.6901	0.2365	186.39030278584517	1.955274198196284	37.785719772011426	0.43619321810813877	158.14878843716204	1.3657253313841968	11.706
20.41893	0.069093	10.428173	0.070674	1.326975	0.068426	-10.424848	0.071848	19.6685	0.2354	186.47913591179284	1.844796122974872	37.66586541573879	0.4071136597023434	158.53436397898042	1.3384701898432971	11.706
20.375836	0.074477	10.350741	0.072691	1.250796	0.072819	-10.517219	0.068651	19.6685	0.2354	185.84041196516208	1.9292253488364675	37.67104818516681	0.42593769630679357	158.31623697649485	1.3463566656964563	11.706
20.341575	0.071723	10.31103	0.070723	1.1749	0.067355	-10.564375	0.070057	19.6631	0.2348	185.7394344486289	1.8651978738635855	37.52184855077337	0.40110483292768456	158.70381981696232	1.3138233265493469	11.706
20.258258	0.072867	10.182945	0.073862	1.069519	0.072212	-10.649192	0.069046	19.6685	0.2354	184.91413478824748	1.9042473666820117	37.61532240857286	0.42635288428978074	158.98231449830047	1.3554213815391971	11.706
20.241465	0.069301	10.178936	0.070547	1.050036	0.066881	-10.69188	0.067244	19.6631	0.2348	185.1490527914815	1.8195808225677312	37.55156468752006	0.39987525628247467	158.6681233464703	1.2815826748928005	11.706
20.195709	0.073194	10.100314	0.075967	0.966305	0.069905	-10.740397	0.066352	19.6577	0.2353	184.5462951645826	1.9283943601584437	37.530557641019584	0.42418469153808624	159.14540679943133	1.3102422252946448	11.706
20.129313	0.071359	10.057314	0.069615	0.89803	0.072519	-10.815875	0.066824	19.6469	0.236	184.97496432144345	1.8308603050109016	37.42699555632553	0.4107670341496874	159.04753784699102	1.338922760828851	11.706
20.095825	0.0738	9.990672	0.077243	0.839628	0.073023	-10.847495	0.069695	19.6523	0.2357	184.36808774897656	1.9491365822300457	37.46069351650576	0.4351321121225445	159.4120178125425	1.376871445471818	11.706
20.041663	0.076121	9.948507	0.074726	0.783219	0.074087	-10.890426	0.070529	19.6361	0.2362	184.58724456964646	1.9508025149409929	37.402474168927355	0.4294206669115737	159.59607111601946	1.3984507394961694	11.706
19.994988	0.073031	9.873536	0.075363	0.730634	0.07301	-10.938428	0.069945	19.6307	0.2361	184.07119229805502	1.908520057509967	37.49405498117611	0.4303028437809178	159.65874244177613	1.3833865540117045	11.706
19.970022	0.08086	9.855494	0.068519	0.709251	0.068697	-10.971925	0.068188	19.6146	0.2351	184.1971995232558	1.930141331655114	37.48035982938675	0.39760649500936013	159.4931673575447	1.3215982241490725	11.706
19.889427	0.067352	9.764272	0.068475	0.623591	0.072385	-11.032748	0.063209	19.6092	0.2346	184.0038756591666	1.7454692305185238	37.503161936614624	0.4088159299954136	159.83301775622726	1.317712411496923	11.706
19.87984	0.067671	9.756642	0.078026	0.602263	0.067077	-11.061003	0.069861	19.6092	0.2346	184.039455047234	1.877691072427588	37.44704849799339	0.42090471837885	159.7380748511262	1.3264436005838247	11.706
19.843491	0.071734	9.717986	0.070987	0.573043	0.071706	-11.086635	0.069975	19.6092	0.2346	183.99751335382015	1.8339000718485867	37.485689522676324	0.4135982734486125	159.78723030441495	1.3730433768108958	11.706
19.791011	0.078983	9.679674	0.074317	0.528322	0.067302	-11.103375	0.069363	19.6092	0.2346	184.25534757531582	1.9762370323720657	37.45943272053248	0.41040674699721785	160.17161885906492	1.3308669322646536	11.706
19.761383	0.076127	9.623042	0.079066	0.469976	0.077804	-11.14771	0.073905	19.6038	0.2351	183.76455589692821	1.989436756073225	37.4524226034119	0.45389162025215324	160.36477858517335	1.4812530156093666	11.706
19.742595	0.080578	9.584745	0.076337	0.438881	0.076103	-11.164446	0.072952	19.6092	0.2346	183.41162511800806	2.004165409069121	37.48191445570625	0.44175516816996524	160.56323183389688	1.458789784448041	11.706
19.706659	0.078354	9.55842	0.069034	0.392219	0.076364	-11.206919	0.066691	19.6092	0.2346	183.58532332803048	1.8891292862900106	37.398752603383286	0.420012448363332	160.62121322099352	1.403955811893978	11.706
19.664572	0.073338	9.505928	0.078088	0.357237	0.071249	-11.236518	0.069271	19.6038	0.2351	183.39727687530262	1.9339937577224773	37.47033154058921	0.432948395503014	160.69579598977145	1.3773623576795975	11.706
19.609948	0.070567	9.453483	0.072191	0.333923	0.068763	-11.262455	0.068986	19.5876	0.2359	183.4366478410065	1.8232862502602973	37.59002344659497	0.41095093214226075	160.65944197356058	1.3494546487538175	11.706
19.601301	0.070708	9.445301	0.068558	0.300878	0.069453	-11.266031	0.067908	19.6038	0.2351	183.44503306209205	1.7789535526161926	37.48781934510896	0.4000752297849503	161.0687684803389	1.352600394801336	11.706
19.562185	0.066397	9.417448	0.068496	0.262076	0.067808	-11.297926	0.069168	19.593	0.2358	183.64870494917903	1.726933405379601	37.44298520636838	0.39418096476995085	161.16500117651916	1.3504046430884984	11.706
19.485168	0.072497	9.34823	0.073251	0.24063	0.071582	-11.324961	0.065399	19.5822	0.236	183.7899909398205	1.8685587482077024	37.639386034759774	0.42327212886748244	161.08712990933248	1.3504622930087142	11.706
19.50681	0.066953	9.368694	0.071363	0.219302	0.066475	-11.351178	0.069417	19.5714	0.2357	183.7686253400962	1.7737396565818448	37.467458337937636	0.39937975894985406	161.01905700144968	1.3375308827418388	11.706
19.469116	0.069552	9.324383	0.068579	0.18047	0.070585	-11.366052	0.069337	19.593	0.2358	183.64877338628844	1.7682148698975217	37.489907216477356	0.4034953763962146	161.35315629845485	1.3826525945120625	11.706
19.424967	0.076957	9.271941	0.075048	0.162993	0.073285	-11.375296	0.070472	19.5714	0.2357	183.49876586058065	1.9427421309487118	37.6338166094727	0.4333745479741513	161.46828164162628	1.4227936115393787	11.706
19.404483	0.073711	9.256058	0.072521	0.131957	0.071394	-11.38668	0.067193	19.5876	0.2359	183.58196211853053	1.8705744617098794	37.57131473160255	0.41905498093774296	161.74377303715548	1.3766858234106245	11.706
19.360115	0.071243	9.223686	0.070231	0.102823	0.071655	-11.399495	0.071684	19.566	0.2354	183.79921660748883	1.813974170013899	37.58465509984511	0.41344971500950267	161.97323982859118	1.4272729362721954	11.706
19.359275	0.075721	9.20918	0.073113	0.085308	0.073761	-11.443395	0.072438	19.5606	0.2349	183.5517565641414	1.9034477338713114	37.572259704132144	0.42768219058984724	161.60253880848464	1.4491541988620318	11.706
19.315223	0.073368	9.187038	0.068472	0.062021	0.071555	-11.432348	0.067183	19.5714	0.2357	183.9488316143909	1.8226645408250985	37.567541739872034	0.40773859635020343	162.0852615658923	1.384057109599449	11.706
19.32378	0.072323	9.166949	0.07176	0.063969	0.069035	-11.443521	0.068641	19.566	0.2354	183.4300294478241	1.8399870476889386	37.65848898444413	0.41193992914214367	161.90044118539348	1.369657296088386	11.706
19.266901	0.076751	9.118502	0.07286	0.025147	0.074909	-11.482245	0.069604	19.5552	0.2343	183.58244490026925	1.914387767679173	37.69834627286306	0.43321973575880174	161.90182970079366	1.4386594138352575	11.706
19.205532	0.071715	9.088062	0.070201	-0.007863	0.071912	-11.491231	0.070281	19.5606	0.2349	184.1436384627583	1.8265311169077278	37.68770036951194	0.41639287150374904	162.2405231457401	1.4206351962338066	11.706
19.226383	0.082151	9.069856	0.070271	-0.021451	0.067797	-11.49669	0.069186	19.5606	0.2349	183.43551406450499	1.9524869214398188	37.7068409896315	0.404989941882056	162.35546386982838	1.370507756541047	11.706
19.184531	0.079046	9.049777	0.07903	-0.033085	0.076972	-11.511555	0.074289	19.5552	0.2343	183.829593422162	2.0274552450285284	37.74190323438118	0.4584090011684264	162.30975431400373	1.5126580788665802	11.706
19.169831	0.069356	9.011497	0.0665	-0.066063	0.068098	-11.524488	0.065034	19.5552	0.2343	183.40288928711982	1.7347719310285126	37.76394094249518	0.39596943142782837	162.5937097166226	1.3361722568283347	11.706
19.139982	0.073315	9.011289	0.07351	-0.08742	0.073326	-11.533472	0.068082	19.566	0.2354	183.93346886307447	1.8853431824375269	37.67491111579841	0.4299204913738822	162.76404570976692	1.4228502231143167	11.7056098
19.120785	0.069237	8.982949	0.068359	-0.097131	0.072905	-11.544386	0.067055	19.5552	0.2343	183.77371512658348	1.7637550577441665	37.75346458788712	0.41553598770100747	162.75235402427558	1.4082938639950606	11.706
19.11299	0.077833	8.983226	0.071401	-0.108741	0.072919	-11.559502	0.070811	19.5606	0.2349	183.92015666859695	1.9177214101048408	37.704101523144466	0.423220439408513	162.70252981136434	1.444235194653488	11.706
19.049491	0.067564	8.920551	0.073836	-0.159182	0.070264	-11.596145	0.067245	19.566	0.2354	183.9351098449487	1.8174370376957678	37.75490628484999	0.4238210323949722	162.89882158194357	1.3852543111985387	11.706
19.046044	0.075489	8.914854	0.069082	-0.143639	0.067888	-11.5781	0.069044	19.5606	0.2349	183.89425652645218	1.857380695070719	37.84343386703255	0.4046343064528154	162.93445961849213	1.3797575403301114	11.706
19.029254	0.067562	8.89069	0.068575	-0.178541	0.066093	-11.585488	0.067638	19.5498	0.2348	183.76051603895183	1.7448202302819014	37.798624237119554	0.3969443140251216	163.327467856089	1.3540563419295115	11.706
18.984811	0.080936	8.874411	0.07724	-0.182434	0.078524	-11.592664	0.075328	19.5552	0.2343	184.272405141197	2.0390934435078023	37.850318679855526	0.4603210355919398	163.28047548207033	1.5571277019120926	11.706
18.973946	0.077908	8.8682	0.075583	-0.203774	0.07458	-11.623846	0.068501	19.5606	0.2349	184.35726756553527	1.9802088080279419	37.787196164096926	0.4422834995533555	163.139762822435	1.4466059162252485	11.706
18.9681	0.072082	8.842234	0.06909	-0.221204	0.070265	-11.638874	0.069289	19.5552	0.2343	183.99094150291734	1.8142340209421945	37.822786857749286	0.41122880283669627	163.1740802048238	1.4103012692503525	11.706
18.944275	0.072958	8.829814	0.069088	-0.221232	0.0683	-11.643987	0.073802	19.5606	0.2349	184.1984288254679	1.8298591895278329	37.87456582671121	0.4065269541136763	163.10144247506025	1.4358142642384988	11.706
18.907943	0.073796	8.813405	0.07138	-0.25227	0.070821	-11.650989	0.070799	19.566	0.2354	184.5619670018744	1.8771374880324976	37.81345222174931	0.41940948781471354	163.4453602709796	1.4359060842264055	11.706
18.914683	0.076174	8.777382	0.077062	-0.277448	0.071622	-11.662322	0.069789	19.5606	0.2349	183.7834196895415	1.9644387480902108	37.85873997457976	0.4398701967103738	163.64411937549787	1.437394004869378	11.706
18.886286	0.074795	8.779836	0.068545	-0.273537	0.068192	-11.653645	0.071936	19.566	0.2354	184.34441657808733	1.850534098914434	37.86483356047888	0.4043878348959779	163.71266321318788	1.4259407505108481	11.706
18.876767	0.071487	8.794366	0.070826	-0.271565	0.072888	-11.672664	0.065023	19.5552	0.2343	184.78413428133499	1.8443136122212536	37.81238661111998	0.4238892485601773	163.4112432429885	1.3999929270149092	11.706
18.863141	0.069907	8.763702	0.070582	-0.306485	0.073216	-11.681297	0.068509	19.566	0.2354	184.47239305748042	1.8145392298790923	37.79464335929325	0.4237637026446713	163.78888318944482	1.4438080629699168	11.706
18.825171	0.075351	8.731404	0.07352	-0.296803	0.072639	-11.694091	0.071647	19.5552	0.2343	184.57605613744818	1.925083649845561	37.970381375811286	0.4346705000650575	163.46588443630912	1.4633375855299398	11.706
18.817154	0.070737	8.725536	0.070067	-0.310355	0.068899	-11.686921	0.070368	19.5552	0.2343	184.6153558021127	1.8214255586044277	37.93809157558703	0.4125861028512815	163.76363868747129	1.4176331367500983	11.706
18.823297	0.068238	8.70736	0.067986	-0.321987	0.065358	-11.697912	0.068683	19.5606	0.2349	184.1715518387106	1.7537111585840284	37.96558919415481	0.3965306352446026	163.77285643167053	1.364931018671557	11.706
18.778303	0.066865	8.672724	0.068099	-0.354955	0.066881	-11.732426	0.065146	19.5552	0.2343	184.36030400016358	1.74111821929295	37.97260342829829	0.4014813951090393	163.75060827086423	1.34376302275435	11.706
18.755983	0.075332	8.663	0.071848	-0.37043	0.076346	-11.727318	0.074186	19.5552	0.2343	184.59040549724534	1.9038986291561015	37.94842547162951	0.4404093602790774	164.04738784776	1.537690876186598	11.706
18.768339	0.073096	8.660889	0.070486	-0.364625	0.071517	-11.727189	0.067048	19.5552	0.2343	184.32617625994163	1.85183089361012	37.9817121114386	0.42256972331012665	163.96543792688294	1.4146228238951324	11.706
18.74866	0.075465	8.652475	0.072243	-0.385959	0.069391	-11.737791	0.069925	19.5552	0.2355	184.53186237188467	1.9094415265495561	37.92741883098933	0.4203394801743913	164.12044444548306	1.4242530932729958	11.706
18.739361	0.072014	8.679161	0.069319	-0.368488	0.068281	-11.72925	0.067991	19.566	0.2354	185.19191615342845	1.8400173429762408	37.88878968156162	0.4074659423610984	163.99145598434907	1.3909364795959733	11.706
18.704718	0.068904	8.620328	0.068401	-0.397578	0.071601	-11.756289	0.06744	19.566	0.2354	184.74768805573663	1.778703785532114	38.013751493779914	0.4174145052558253	164.0210553674071	1.4203411257928515	11.706
18.69207	0.073256	8.59013	0.072447	-0.397581	0.081561	-11.719334	0.066242	19.5606	0.2349	184.42672453863977	1.8809559974650123	38.141466127520765	0.46295359669970576	164.55646456124754	1.5271869953017376	11.706
18.690196	0.07369	8.608328	0.077009	-0.407259	0.070061	-11.75453	0.07301	19.5552	0.2343	184.79391582413007	1.9536603723340396	38.023532938529215	0.43908837431532105	164.18641140082192	1.4641095307154057	11.706
18.701485	0.075325	8.612716	0.074045	-0.414983	0.073694	-11.767922	0.074461	19.5606	0.2349	184.66750493068503	1.933380743007899	37.972519191600476	0.4394163567785163	164.10444667593953	1.514331229042866	11.706
18.646485	0.072671	8.554168	0.066649	-0.455668	0.067319	-11.797145	0.068952	19.5606	0.2349	184.60259568645776	1.803646952714998	38.04780384077818	0.40004359164943054	164.27028599808435	1.395764004739436	11.706
18.630016	0.072052	8.568375	0.08294	-0.447913	0.076333	-11.784401	0.0705	19.5714	0.2357	185.16540402191072	2.0218800151042506	38.02057301249805	0.47532702617197625	164.342594480036	1.506337480575205	11.706
18.617225	0.075805	8.540127	0.071074	-0.467284	0.071942	-11.784272	0.069006	19.566	0.2354	184.88138409277116	1.9064505667175966	38.05804371835237	0.42729093783728284	164.62577201092174	1.4501290104346372	11.706
18.604728	0.074982	8.552224	0.076377	-0.46341	0.074852	-11.78616	0.068151	19.5768	0.2359	185.3336934145621	1.9732920233045894	38.023337574506286	0.4510206775792819	164.54197882108556	1.4710651312938208	11.706
18.585728	0.069879	8.534063	0.066648	-0.461477	0.067643	-11.789764	0.070341	19.5606	0.2349	185.34917861478803	1.780649059524102	38.108270418501604	0.4022871255342339	164.4615566902687	1.4167664744620578	11.706
18.615937	0.07542	8.54049	0.071287	-0.478882	0.074235	-11.775519	0.070281	19.566	0.2354	184.91167711563017	1.9046198037244353	38.00757666288633	0.4337088223511441	164.92233742089226	1.492435119789308	11.706
18.552432	0.071167	8.487925	0.072527	-0.500197	0.068272	-11.813881	0.072332	19.5606	0.2349	185.11267336042366	1.8688964048741212	38.139718451480455	0.4226585796338433	164.67384768475145	1.4477133118568106	11.706
18.535603	0.078146	8.481862	0.075245	-0.511816	0.072869	-11.810147	0.070781	19.5552	0.2343	185.31089929327692	1.9995733066871835	38.11615921897564	0.44392554556262676	164.89760084999347	1.4826485960951148	11.706
18.582709	0.082263	8.506444	0.073272	-0.467256	0.081798	-11.786764	0.069131	19.5768	0.2359	184.89664837260855	2.0214765698730823	38.20102110048463	0.46749000329278617	164.58911006106388	1.5572339756615994	11.706
18.536333	0.078258	8.478169	0.074321	-0.521479	0.074852	-11.82903	0.075161	19.5552	0.2343	185.22940920585754	1.9875336649077144	38.09087400643353	0.44644866264862865	164.76314685884216	1.5456331461531307	11.706
18.528394	0.074583	8.460275	0.070042	-0.540829	0.069372	-11.831135	0.070016	19.5714	0.2357	185.04627392779804	1.8805048589220683	38.08471365209192	0.4171102107075267	165.01481165580276	1.4405632298244653	11.706
18.478988	0.072128	8.435603	0.071816	-0.550535	0.068268	-11.843313	0.069356	19.5714	0.2357	185.5019826553099	1.8799599655747863	38.148138824013536	0.42064344705023354	164.97869493645268	1.4217372031189779	11.706
18.451914	0.076677	8.415573	0.077811	-0.562146	0.073678	-11.867382	0.071408	19.566	0.2354	185.6321657587212	2.020543569105213	38.183915678536465	0.4557662291485175	164.79690467999333	1.4956591466106004	11.706
18.49177	0.075489	8.429672	0.076201	-0.554402	0.07596	-11.847133	0.07171	19.566	0.2354	185.15698404642143	1.9737772065273085	38.15690551118678	0.45697300106999755	164.97938230889716	1.5261166206919696	11.706
18.47957	0.073043	8.421796	0.073219	-0.571815	0.071587	-11.84366	0.073713	19.5768	0.2359	185.23658916274906	1.9047582227710629	38.11644141306855	0.4339870170462394	165.28508274455987	1.5067290796517396	11.706
18.463183	0.072034	8.427988	0.072766	-0.571808	0.073271	-11.867859	0.06734	19.5768	0.2359	185.65337067795136	1.8942505194634534	38.09025118197065	0.4370516712713633	164.93088626930012	1.4529940978715372	11.706
18.458849	0.083242	8.411846	0.083423	-0.569875	0.082439	-11.851169	0.080055	19.5768	0.2359	185.4351642269669	2.175132904361844	38.166902388827125	0.4983869605322412	165.14663358519255	1.6822124002369843	11.706
18.45235	0.072559	8.411748	0.071874	-0.554394	0.073676	-11.84735	0.070967	19.5768	0.2359	185.5534012272641	1.8874065247653604	38.23321608994814	0.4388998283534564	164.97610075083276	1.4944147922190585	11.706
18.469755	0.076979	8.418069	0.079968	-0.56793	0.073276	-11.879101	0.071741	19.5714	0.2357	185.34878405686362	2.0467578863307203	38.14872915171262	0.4604632594283117	164.71042762425947	1.493282616386	11.706
18.414375	0.071182	8.363396	0.069448	-0.61053	0.071226	-11.871158	0.068925	19.5714	0.2357	185.36181674853762	1.8340360212913813	38.20005490219097	0.42346362828291884	165.44972640913514	1.4562753418999688	11.706
18.40824	0.069083	8.377525	0.077297	-0.604721	0.077504	-11.882312	0.067829	19.5768	0.2359	185.73627830778287	1.9196132876638097	38.16467167630936	0.4650871471085454	165.2008663609045	1.5087041687700742	11.706
18.428812	0.076112	8.375354	0.073492	-0.595052	0.077163	-11.878406	0.071499	19.5822	0.236	185.31611582348916	1.9502562676479018	38.215047146069686	0.4539601570381966	165.116484934175	1.5393933987373905	11.706
18.414955	0.075547	8.385756	0.075879	-0.600842	0.075217	-11.860437	0.070174	19.5822	0.236	185.76434984606524	1.9832700536225039	38.146189650037755	0.45351913428493823	165.46490691551247	1.511704879832765	11.706
18.383483	0.076441	8.363622	0.07547	-0.593102	0.074457	-11.856704	0.071183	19.5768	0.2359	185.93748420624834	1.9933625166458104	38.27342191237149	0.45302395997092904	165.40603747156806	1.5126798124940493	11.706
18.41936	0.06929	8.363751	0.068307	-0.618256	0.065459	-11.880859	0.066622	19.5876	0.2359	185.27647174388227	1.7927393593487373	38.165686140649015	0.40200202096882703	165.42071581492482	1.3718135711581556	11.706
18.355264	0.072061	8.323924	0.076159	-0.624048	0.067415	-11.879492	0.068208	19.5822	0.236	185.7247162607177	1.941196484493048	38.31085687507433	0.43547415819800506	165.52591470164975	1.4103565131835856	11.706
18.334839	0.074023	8.327235	0.074301	-0.662777	0.072009	-11.896981	0.0681	19.5984	0.2355	186.16522595508485	1.9510321337155017	38.131703039870416	0.43887039948175793	165.8388701340907	1.4630692244513959	11.706
18.329138	0.07491	8.305396	0.070477	-0.655028	0.075204	-11.889951	0.065903	19.5822	0.236	185.86549494526543	1.907130524465951	38.25761823983413	0.44005240386487754	165.82825286484484	1.4759235388156917	11.706
18.348046	0.070172	8.31748	0.067047	-0.641481	0.067732	-11.891839	0.072232	19.5984	0.2355	185.73905946240845	1.797173660301874	38.263861875812786	0.40704731926030335	165.6007519092181	1.4575440317114423	11.706
18.337076	0.066437	8.309221	0.067502	-0.660839	0.06773	-11.902601	0.073288	19.5822	0.236	185.78926370625524	1.7547567022686807	38.216516415526584	0.40739902998296296	165.72738170655109	1.4711471982338202	11.706
18.318675	0.083982	8.311422	0.077258	-0.653093	0.07716	-11.897329	0.075941	19.6038	0.2351	186.17175609722764	2.1229185654840967	38.240158918995675	0.46577285697928494	165.69090627162882	1.5953100465007712	11.706
18.288803	0.074842	8.293089	0.068847	-0.660842	0.071919	-11.909892	0.067219	19.593	0.2358	186.3866507174336	1.8962056002873486	38.28536222833138	0.42570005122081134	165.6200114208276	1.4493523904796783	11.706
18.283395	0.088266	8.250373	0.089095	-0.703422	0.086001	-11.933125	0.084533	19.593	0.2358	185.69358223270547	2.321204989085908	38.28594027438386	0.5294951447442368	165.9053571992299	1.7815772892649997	11.706
18.304029	0.070318	8.282375	0.070048	-0.67054	0.07594	-11.916353	0.068096	19.593	0.2358	185.9042282093947	1.8411866022533898	38.28970290098713	0.4418480867540088	165.66767382335934	1.5026009430796385	11.706
18.300133	0.073085	8.270454	0.069199	-0.691816	0.068962	-11.920216	0.068131	19.6038	0.2351	185.7554779053776	1.8640532145239912	38.24973894780492	0.4169477622097942	165.92459265789498	1.4325166381951728	11.706
18.271999	0.072076	8.266023	0.068588	-0.701501	0.068252	-11.936245	0.066618	19.5822	0.236	186.19550599549777	1.8514540394165135	38.22732544754548	0.412477958743761	165.83090840108915	1.4077731175362163	11.706
18.287651	0.071606	8.264461	0.074166	-0.682142	0.069064	-11.912883	0.071355	19.5984	0.2355	185.8757336684163	1.9117988201019778	38.31671761161284	0.43403326982573615	165.89001078860773	1.4668332459650482	11.706
18.273006	0.068506	8.266469	0.065185	-0.68988	0.068252	-11.935012	0.069074	19.6038	0.2351	186.1850720769056	1.7594610480634547	38.275021368636544	0.40332822731654816	165.67771252780787	1.4306874806320518	11.706
18.251224	0.075143	8.23396	0.07069	-0.713105	0.071304	-11.927113	0.071625	19.5984	0.2355	185.9856905947424	1.9154715423164466	38.31474032964467	0.4299771423381017	166.13754972919446	1.4973182239651344	11.706
18.274882	0.078965	8.256333	0.072477	-0.693752	0.071129	-11.912752	0.071459	19.6038	0.2351	185.9618348551119	1.9895264518152298	38.30180901286728	0.43457963033166	166.06361977088795	1.4924106834081992	11.706
18.231814	0.072209	8.226595	0.073364	-0.720822	0.068456	-11.950157	0.071241	19.6092	0.2346	186.20959669367846	1.9158180426151574	38.313232842507404	0.4296664945945505	165.91077509316867	1.4597470774218035	11.706
18.238664	0.071567	8.234881	0.070834	-0.709207	0.069646	-11.954195	0.068466	19.6038	0.2351	186.23632420396655	1.874574092503785	38.327490551368	0.42568698803307853	165.67984455457125	1.4389400528730398	11.706
18.264128	0.072126	8.247089	0.072767	-0.701464	0.069059	-11.923063	0.064625	19.6038	0.2351	185.9898621466712	1.902329353009476	38.30836955960018	0.4294667031939775	166.02516038774456	1.3993306852995757	11.706
18.185799	0.074454	8.200494	0.067547	-0.753703	0.072919	-11.975971	0.06614	19.6092	0.2358	186.58096242880208	1.8784416692800252	38.28422229009132	0.424980662937886	166.0152587149961	1.4563546168167811	11.706
18.234983	0.072731	8.200969	0.071676	-0.718873	0.074206	-11.937904	0.067824	19.6038	0.2351	185.67521835042405	1.8895741868944782	38.431677016361505	0.4445098008694833	166.0631584379167	1.4880572345781942	11.706
18.223878	0.070906	8.206707	0.070769	-0.730488	0.066398	-11.952263	0.066718	19.6146	0.2351	185.98742922340438	1.8600226556972081	38.357054863070616	0.41648468070177275	166.02254259565706	1.3925825753783778	11.706
18.194738	0.073909	8.170633	0.072736	-0.744025	0.072841	-11.963415	0.070563	19.6092	0.2346	185.8587720068341	1.9226641302431247	38.45402124597169	0.4440321458729588	166.0578617732146	1.5010346288362892	11.706
18.197187	0.073536	8.208937	0.072431	-0.73435	0.06974	-11.947037	0.071353	19.6092	0.2346	186.52592942090862	1.9275351927761366	38.330928327693115	0.4309491243465427	166.15711043292882	1.47852902739504	11.706
18.217889	0.073078	8.214865	0.071939	-0.734352	0.069353	-11.946906	0.065276	19.6038	0.2351	186.25045332592006	1.9093432490268016	38.30552387530008	0.4277129333855288	166.1590932691727	1.4113728604761309	11.706
18.181974	0.074894	8.170539	0.068057	-0.767237	0.074584	-11.946688	0.068381	19.6038	0.2351	186.09397018698084	1.8810641476388827	38.35456253101383	0.43328460255814244	166.6510988890048	1.5083838057202432	11.706
18.197116	0.078217	8.190835	0.067903	-0.751759	0.071477	-11.959902	0.068204	19.6092	0.2346	186.18983743659686	1.9273329043132625	38.33389667085014	0.4226154113637571	166.2244826039203	1.465217447916845	11.706
18.175771	0.074108	8.184623	0.068401	-0.757566	0.069736	-11.970702	0.066717	19.6092	0.2346	186.47182983008813	1.8822306148179173	38.33563321721781	0.4187661137666838	166.15045879635093	1.4300334158045371	11.706
18.15241	0.075984	8.158368	0.074996	-0.759504	0.078563	-11.972327	0.070547	19.6092	0.2346	186.41784678226287	1.9914037139139282	38.44016317917143	0.4681656628916013	166.15510004385902	1.5646481167253061	11.706
18.154215	0.076984	8.156235	0.075593	-0.782714	0.077756	-12.00165	0.07208	19.593	0.2358	186.34441233836338	2.010922973945651	38.34952679763203	0.4652466224913928	166.0645628741894	1.5694165181186361	11.706
18.149962	0.07529	8.130111	0.070823	-0.782715	0.068037	-11.981327	0.068554	19.5984	0.2355	185.93766693532834	1.9181460936085735	38.46193085660658	0.4238030457237607	166.365950264063	1.4348664374265392	11.706
18.12993	0.066944	8.137605	0.068053	-0.776926	0.065445	-11.980582	0.064554	19.6092	0.2346	186.4498887768746	1.7812237137248537	38.4545701114819	0.40727944304606317	166.29105155152502	1.3644036124467078	11.706
18.128838	0.06975	8.134031	0.069784	-0.761444	0.073244	-11.971977	0.067585	19.6092	0.2346	186.40356988865648	1.8401186068250914	38.536948886700465	0.4382699000170664	166.18905131741604	1.4774266640420568	11.706
18.130572	0.075899	8.127853	0.074294	-0.786588	0.076218	-11.990194	0.073138	19.6092	0.2346	186.25612918055998	1.977660158032522	38.45496116481762	0.4591445359915385	166.29178985410636	1.5678775319427756	11.706
18.110045	0.073568	8.101014	0.075382	-0.811739	0.073238	-11.996515	0.069484	19.6092	0.2346	186.13868016255327	1.9588567813334687	38.462242572719035	0.4535556592777309	166.57175185577142	1.5034908350657816	11.706
18.141026	0.080706	8.137888	0.072011	-0.771118	0.075929	-11.988351	0.072457	19.6092	0.2346	186.24832093196684	2.013867158522388	38.478420843091456	0.45196936493825557	166.0897811278773	1.5540112331845242	11.706
18.130358	0.075816	8.135787	0.07548	-0.778855	0.069446	-11.980845	0.074218	19.6146	0.2351	186.40797294315414	1.9953171511014816	38.45409323075181	0.4424317823023574	166.31578897181106	1.5090754471081353	11.706
18.108809	0.074969	8.115436	0.071357	-0.805932	0.075923	-12.002572	0.075034	19.6092	0.2358	186.4303143563698	1.930833139203783	38.42510418684706	0.4487682899685755	166.39524868946998	1.586347270523745	11.706
18.119975	0.075525	8.12779	0.072874	-0.778854	0.071823	-11.990107	0.072911	19.6092	0.2346	186.45248380026163	1.958348879950659	38.48862141104148	0.44215363568851146	166.17838373640149	1.5170154686546082	11.706
18.103535	0.078702	8.121895	0.0713	-0.800122	0.077684	-11.982908	0.073814	19.6092	0.2346	186.64945609300764	1.985800252309181	38.422307826661594	0.45409062132006495	166.60140284580206	1.596470082447561	11.706
18.085885	0.067358	8.093393	0.066182	-0.819465	0.068136	-11.987868	0.068265	19.6092	0.2346	186.44676199038219	1.7619479003475456	38.461789003700886	0.4098988841502379	166.81594091260064	1.4406194626937918	11.706
18.145923	0.073497	8.154259	0.070825	-0.763374	0.069252	-11.959289	0.066621	19.6092	0.2346	186.4622256341774	1.9047863905234	38.441191647629495	0.4270004386812995	166.4060327168889	1.4282757387091853	11.706
18.098474	0.072453	8.112392	0.072765	-0.802045	0.069828	-11.992871	0.066614	19.6092	0.2346	186.56643489800732	1.9184233628775977	38.45497896880843	0.43504537045577774	166.48169486169007	1.4356827476660659	11.706
18.091775	0.072246	8.100163	0.067047	-0.796247	0.069732	-11.994452	0.071102	19.6092	0.2358	186.46318182559187	1.8393877989755234	38.53289797829094	0.4189920194678121	166.37201294445742	1.479602575298588	11.706
18.089684	0.069858	8.096149	0.071253	-0.817517	0.06905	-12.011043	0.069333	19.6038	0.2351	186.4273008758363	1.8614723079609037	38.45830098110681	0.4280928305436498	166.44154372866294	1.455002367435291	11.706
18.106481	0.076642	8.106215	0.075077	-0.805915	0.073161	-11.992652	0.071858	19.6092	0.2346	186.3018179817398	1.9987189507062015	38.46493195908007	0.45244144188018837	166.5425603757201	1.526681035490617	11.706
18.091632	0.071389	8.112142	0.068384	-0.803983	0.067287	-11.986989	0.065127	19.6146	0.2351	186.689662302917	1.8493456349456279	38.4476963111699	0.4136929280862596	166.59812024120285	1.395041426498082	11.706
18.064172	0.06889	8.077902	0.06892	-0.823321	0.065442	-12.02737	0.066418	19.6092	0.2346	186.5629258074281	1.8204975759692643	38.51206425086284	0.41120239357669297	166.28522236662985	1.3838499517731337	11.706
18.093794	0.074921	8.096118	0.07383	-0.823318	0.071557	-12.01653	0.06983	19.6038	0.2351	186.35007886365506	1.9605881250858817	38.43342269029815	0.4430305933030321	166.44622338264085	1.4867790559694452	11.706
18.034341	0.070553	8.051569	0.072812	-0.863924	0.070568	-12.041764	0.071911	19.6038	0.2351	186.6282942418158	1.8954332864410945	38.45042547148646	0.43730233675098035	166.67510990029078	1.5023342126448462	11.706
18.055953	0.072448	8.079971	0.075749	-0.82332	0.071203	-12.00165	0.072296	19.6092	0.2346	186.7553243115392	1.9622223495524056	38.50311976467493	0.44958780624444783	166.66780604949864	1.512945748622113	11.706
18.031541	0.076953	8.051258	0.06889	-0.848463	0.072325	-12.03948	0.067013	19.6092	0.2346	186.6748404763933	1.931865735946707	38.518561298424956	0.43230221712223826	166.47885837420435	1.4667571791644562	11.706
18.066333	0.071548	8.071913	0.0724	-0.836855	0.070013	-12.031101	0.071834	19.6146	0.2351	186.4107904665493	1.8985083741464943	38.479449426401274	0.43501919105950415	166.43083632283268	1.491354335311115	11.706
18.048829	0.076607	8.043481	0.070512	-0.850393	0.067283	-12.025087	0.070312	19.6092	0.2346	186.20719195240642	1.9377143175509184	38.54388589391476	0.422378112440964	166.72203161038146	1.45194807896338	11.706
18.05928	0.069502	8.087623	0.074124	-0.83106	0.067285	-12.015871	0.067134	19.6092	0.2346	186.83632076588418	1.903869126266561	38.43666768175461	0.43143374310722526	166.57124288330272	1.4155217382827376	11.706
18.049611	0.075961	8.0679	0.070913	-0.832988	0.067176	-12.029257	0.07096	19.6146	0.2351	186.64813820797252	1.9431331384426604	38.51351475604509	0.42265106797164387	166.4007582549498	1.452236116126287	11.706
18.045146	0.072057	8.05373	0.071621	-0.848456	0.071466	-12.018022	0.070572	19.6092	0.2346	186.46683835806968	1.8960549147184984	38.50789569915315	0.43766064067064503	166.79858959593585	1.4998678664415408	11.706
18.059109	0.073088	8.074418	0.071566	-0.821378	0.070755	-12.002309	0.068107	19.6092	0.2346	186.59242599012723	1.9116031140906546	38.53555956061549	0.4359518028334589	166.62904190800066	1.4635883466095028	11.706
18.011635	0.070326	8.051693	0.070537	-0.846523	0.070477	-12.017978	0.068529	19.6146	0.2351	187.05607713171705	1.8706759413596836	38.525077034960574	0.43170787700837343	166.77038831603375	1.4674757431564371	11.706
18.024671	0.069855	8.049904	0.068781	-0.85232	0.070012	-12.027502	0.068458	19.6146	0.2351	186.7780636382145	1.8356878298951602	38.507734986360795	0.4245397201644591	166.71475395275257	1.4607851261569917	11.706
18.048515	0.074795	8.04827	0.06843	-0.850381	0.067284	-12.011439	0.065818	19.62	0.2356	186.3022077850978	1.8885975016554435	38.523195863400446	0.4154547852738753	166.9257349030456	1.4077102661482426	11.706
18.016808	0.071382	8.048115	0.066039	-0.858116	0.069726	-12.018593	0.065893	19.6092	0.2358	186.8918782205861	1.8231340623768173	38.49040817988234	0.41504241503961936	166.93442721372287	1.434965464462326	11.706
18.020491	0.071403	8.039872	0.069243	-0.881317	0.068542	-12.040405	0.066711	19.6146	0.2351	186.66855258968067	1.8602804676362024	38.42587414082658	0.4196584986905446	166.9551930525895	1.4310084777978669	11.706
18.008093	0.072924	8.027896	0.066018	-0.860052	0.064299	-12.04418	0.066749	19.6092	0.2346	186.6764488262658	1.83994472683689	38.569585095343996	0.3999145945349206	166.5814099673367	1.3804311436921388	11.706
18.008022	0.080497	8.031878	0.077482	-0.881316	0.081255	-12.040449	0.075326	19.6092	0.2346	186.7522785551724	2.0915329928195554	38.46033955158489	0.4844674656419624	166.9545290917349	1.6576828752718469	11.706
18.018543	0.07789	8.023884	0.072429	-0.87745	0.073233	-12.02759	0.069131	19.62	0.2356	186.40632992206184	1.9837104629205529	38.51158517745607	0.4456303664962974	167.08917734916093	1.5091534324044316	11.706
17.997007	0.068481	8.017587	0.071339	-0.869721	0.068543	-12.03641	0.066686	19.6146	0.2351	186.69099211481833	1.8499700730741817	38.57236237910055	0.42937837016303093	166.84154993899367	1.4288193388427477	11.706
18.006358	0.072023	8.036076	0.072026	-0.858116	0.069727	-12.03334	0.071611	19.6146	0.2351	186.86210177978205	1.9090150619471642	38.54250525645003	0.4344186262918452	166.71413701615216	1.4910696997646777	11.706
18.006216	0.074692	8.029995	0.073549	-0.869716	0.071552	-12.027722	0.069337	19.6092	0.2346	186.7508567777511	1.9622894793493926	38.51860360166579	0.44410890555252963	166.97139388784726	1.4909731836594509	11.706
17.984539	0.07769	8.003576	0.067927	-0.890983	0.068843	-12.04567	0.064438	19.6146	0.2351	186.66211223753774	1.9299942209485046	38.540918110750184	0.4190683921211072	167.02106943494962	1.411898465563984	11.706
18.006003	0.079708	8.019871	0.073481	-0.861985	0.067714	-12.025747	0.073373	19.6146	0.2351	186.56550389039353	2.025373824596773	38.59603812694675	0.4342145280018183	166.88530277743376	1.492546428177699	11.706
17.980785	0.075646	8.005767	0.073755	-0.881317	0.075402	-12.045935	0.07327	19.6146	0.2351	186.77337789281387	1.978225941455738	38.57333725274217	0.45780822172159463	166.87250379938465	1.5714395769389684	11.706
17.974021	0.073382	8.025611	0.067621	-0.871654	0.066037	-12.027194	0.067189	19.62	0.2356	187.27293236509632	1.8784343129834662	38.52919357314494	0.40930291536861957	167.00829703926786	1.4103897252384134	11.706
17.971436	0.072824	7.989288	0.071108	-0.902582	0.064813	-12.050847	0.064576	19.6146	0.2351	186.63996044941265	1.903065170672708	38.552572155961265	0.4171552058809222	167.1172870290633	1.37150721379626	11.706
17.98036	0.070997	8.015612	0.067998	-0.892916	0.070101	-12.038298	0.066114	19.6092	0.2346	186.9658629314683	1.8445112039611768	38.480484025750286	0.42185193794925707	167.16051900705577	1.4452232145010075	11.706
17.973809	0.075951	7.997435	0.073701	-0.883253	0.071461	-12.038122	0.066918	19.6092	0.2346	186.74798701449814	1.9810705083953968	38.601118223998085	0.44621526821696056	167.01835155412437	1.465852231898541	11.706
17.946505	0.071711	7.991355	0.074224	-0.896784	0.077941	-12.054621	0.07603	19.62	0.2356	187.14613046474815	1.9401849019905864	38.56875717748939	0.46704059119444424	166.9739064699728	1.62939915412503	11.706
17.995413	0.077803	8.023822	0.074885	-0.875518	0.073476	-12.025659	0.075239	19.6254	0.2359	186.83756771547854	2.023336870988657	38.52021496016306	0.4541033560809415	167.08916215066816	1.575939149797909	11.706
17.96106	0.070688	7.987313	0.06844	-0.906447	0.070193	-12.052734	0.067131	19.6146	0.2351	186.79717755172004	1.8427545179821911	38.54437869068257	0.4248748864713553	167.14694419338994	1.4564826261257244	11.706
17.982591	0.073428	8.013668	0.06959	-0.873586	0.07155	-12.040229	0.067836	19.6092	0.2346	186.88755382195282	1.8965510185821215	38.57259901979095	0.4332013701621277	166.842244069829	1.473131773857885	11.706
17.932163	0.075335	7.963398	0.072422	-0.902581	0.070379	-12.051112	0.068124	19.62	0.2356	186.8905340770088	1.9591287297258728	38.66515734317897	0.44040642383988	167.11329961373016	1.468234451021605	11.706
17.939673	0.075607	7.971052	0.070902	-0.923842	0.072232	-12.067169	0.074472	19.6254	0.2359	186.89323419098926	1.9432612652621424	38.539464406215295	0.438540785964919	167.19134406164392	1.5566021637396932	11.706
17.940026	0.069884	7.987251	0.072404	-0.902583	0.068642	-12.04896	0.073753	19.6146	0.2351	187.19079750989988	1.8926157568915263	38.56140304328181	0.43277158520551745	167.14558433279313	1.5108447404684098	11.706
17.968176	0.070252	8.00373	0.067945	-0.873585	0.068132	-12.042204	0.068722	19.62	0.2356	186.97152833136323	1.833859280282044	38.61578348987539	0.41855579991388964	166.8127192665569	1.4453557693658432	11.706
17.923454	0.073077	7.981296	0.070209	-0.904515	0.070835	-12.047205	0.067812	19.62	0.2356	187.39067960297402	1.9100490403791146	38.57886372425075	0.4330097639768996	167.2008930879817	1.4714635293255498	11.706
17.94059	0.069441	7.961423	0.079048	-0.919975	0.06972	-12.071429	0.072274	19.6254	0.2359	186.69571776601887	1.9684476752586262	38.59803020394285	0.4580674688681578	167.0694952172205	1.504494608666252	11.706
17.949795	0.072366	7.977838	0.072849	-0.90451	0.068541	-12.059057	0.070278	19.6361	0.2362	186.83070176723547	1.9238326555035528	38.593902477680345	0.4346075571800741	167.02316909250973	1.4699206455910652	11.706
17.955639	0.073702	7.977653	0.07144	-0.912243	0.0701	-12.055106	0.068821	19.6092	0.2346	186.71781290731073	1.9207707792405242	38.561133786861085	0.43414742341361057	167.19829424932766	1.4740278828321307	11.706
17.941014	0.073975	7.96963	0.071061	-0.908377	0.071195	-12.055106	0.07761	19.6254	0.2359	186.83521982908138	1.9219935530655379	38.611484025608824	0.43747700664803973	167.13474121077599	1.579151985352867	11.7056098
17.94059	0.080327	7.973457	0.076275	-0.908379	0.07387	-12.060371	0.07549	19.6307	0.2361	186.9211283696269	2.077384237141655	38.59612704763205	0.4614159941490914	167.061431402073	1.582223838286398	11.706
17.936412	0.077396	7.969446	0.076788	-0.912244	0.071547	-12.075114	0.069598	19.6146	0.2351	186.92426177935778	2.044704693942781	38.59676142744762	0.4560919922714005	166.8986302531871	1.4923397718275948	11.706
17.948947	0.067708	7.993515	0.070897	-0.900648	0.065436	-12.054842	0.066781	19.6307	0.2361	187.1408208018758	1.8428361663446007	38.54263424423956	0.41808887995442373	167.0284521266318	1.400058537303257	11.706
17.917398	0.082192	7.983394	0.080834	-0.912245	0.079257	-12.060239	0.080327	19.62	0.2356	187.54448783234133	2.176398229284088	38.53624087234065	0.49041820170300654	167.12135076292893	1.6916836799621984	11.706
17.934252	0.079198	7.969415	0.064287	-0.906446	0.069237	-12.067699	0.066231	19.62	0.2356	186.96419935323334	1.9138674891602847	38.62210725193347	0.4111212474486789	166.92282367139453	1.4329522433630149	11.706
17.93404	0.073572	7.967317	0.072748	-0.923841	0.069719	-12.06388	0.072592	19.6361	0.2362	186.9288176711103	1.9405257619303742	38.55566020379829	0.4369458603727086	167.2406769999453	1.5110115720441442	11.706
17.925613	0.08308	7.963275	0.075924	-0.914178	0.075024	-12.052778	0.074211	19.62	0.2356	187.0110982590022	2.1126959806515524	38.61518134942025	0.4642901716233488	167.26228657748828	1.5846339522302963	11.706
17.91099	0.078925	7.965281	0.080422	-0.925774	0.076199	-12.065679	0.075105	19.6146	0.2351	187.32377304552492	2.122283593665327	38.55610943474088	0.4804307063821849	167.24268740220984	1.606245803230621	11.706
17.913713	0.07722	7.95954	0.07519	-0.919974	0.073228	-12.069762	0.071457	19.6361	0.2362	187.16449483169305	2.0265404582321516	38.60621827072993	0.4563298279022173	167.09445250959047	1.533333418681932	11.706
17.934958	0.072833	7.969722	0.073096	-0.912242	0.074183	-12.064454	0.07233	19.62	0.2356	186.95672487641394	1.9358935478572021	38.59556878659987	0.4525493590169695	167.05814037554808	1.5520396661223659	11.706
17.947635	0.069259	7.981819	0.074027	-0.900645	0.071195	-12.060856	0.074209	19.6307	0.2361	186.94582788951772	1.9016643401383149	38.59340062330716	0.4462536687871216	166.93839536138293	1.5382945723528167	11.706
17.934817	0.073004	7.971667	0.070903	-0.918041	0.072819	-12.066209	0.069266	19.62	0.2356	186.99585756970512	1.9100718754133854	38.56195210577502	0.4408783342937831	167.11873833495412	1.5065721816155837	11.706
17.915591	0.071906	7.96346	0.070105	-0.919975	0.07449	-12.067787	0.066528	19.62	0.2356	187.2028898297525	1.8890292056918172	38.58918335020635	0.44434703794423247	167.1240701784247	1.4972726376703485	11.706
17.898738	0.065676	7.9273	0.06601	-0.948963	0.067165	-12.080599	0.066745	19.62	0.2356	186.8404166644074	1.74476881054251	38.62036333519311	0.4097417855908967	167.36692708484148	1.4236768766615568	11.706
17.897072	0.073873	7.957565	0.070475	-0.925772	0.073146	-12.077178	0.072143	19.62	0.2356	187.44067172888202	1.9253710048286192	38.5896047791662	0.4412384917687892	167.07020554102044	1.5392062694698887	11.706
17.914207	0.076287	7.967778	0.074492	-0.916107	0.073551	-12.082972	0.068383	19.62	0.2356	187.3102217432991	2.0079400128505545	38.58722420201887	0.4546956398273512	166.83892911768856	1.5004615050072507	11.706
17.898809	0.073374	7.951395	0.066062	-0.929638	0.070191	-12.060371	0.065955	19.6254	0.2359	187.29168054617787	1.858934849871046	38.599616206175945	0.4189372416451467	167.38050862669206	1.4483727713471353	11.706
17.934958	0.065539	7.979751	0.067457	-0.916108	0.067708	-12.081041	0.064575	19.6254	0.2359	187.14506712244642	1.7680536217940934	38.53528623801252	0.41401875567061164	166.86779478278265	1.3983825596737207	11.706
17.916084	0.078089	7.973703	0.072582	-0.931569	0.07627	-12.071782	0.071849	19.6361	0.2362	187.38647401715275	2.0093255411833826	38.494552600216764	0.45511907060339374	167.23807778496166	1.5730142419177147	11.706
17.913431	0.065749	7.951395	0.065985	-0.93157	0.065434	-12.064057	0.072419	19.62	0.2356	187.01676465228866	1.748698027864733	38.5912186204276	0.4037157704169413	167.35414495539337	1.4672352867693559	11.706
17.909394	0.067995	7.955468	0.070467	-0.941233	0.066495	-12.07336	0.068972	19.6307	0.2361	187.16912867062985	1.841304180566792	38.531641674240724	0.41961922987895084	167.35954527105937	1.440331550156613	11.706
17.926248	0.075791	7.967563	0.072436	-0.898714	0.071635	-12.058704	0.074765	19.6469	0.236	187.07969533015918	1.969469519517059	38.66385822991779	0.4442565681624028	166.9416992369399	1.548910044375869	11.706
17.905075	0.074446	7.953401	0.0729	-0.92384	0.073867	-12.069586	0.06916	19.6361	0.2362	187.21148332664964	1.9601210247340914	38.61610520972878	0.45145309159237756	167.1550578720048	1.5175703178233184	11.706
17.891838	0.075038	7.947078	0.077687	-0.941234	0.07517	-12.080201	0.071665	19.6254	0.2359	187.3416473155217	2.034698609718219	38.56800613743857	0.46906823550351734	167.2567756563187	1.5594703164596393	11.706
17.939136	0.079106	7.977745	0.07975	-0.912242	0.070836	-12.051552	0.073077	19.6307	0.2361	187.0288799958059	2.1090102701522624	38.56073654704124	0.4626710758941748	167.2516286497261	1.5280893258810793	11.706
17.891838	0.068633	7.925019	0.07176	-0.950896	0.071541	-12.082044	0.070689	19.6415	0.2362	186.92702125299874	1.862313834079989	38.62187376696433	0.4409154183057036	167.37426326630214	1.5122876279291868	11.706
17.885924	0.070276	7.945226	0.072654	-0.943166	0.070467	-12.082265	0.06808	19.6361	0.2362	187.4182020047141	1.9057396982022308	38.56766101758185	0.43917618027251537	167.2547957586323	1.4712084548423727	11.706
17.886064	0.072325	7.943281	0.073093	-0.929638	0.068023	-12.06761	0.069873	19.6146	0.2351	187.37890189139503	1.9378582603525822	38.634911605211904	0.4347660856168906	167.27172075411056	1.4645070807088487	11.706
17.895875	0.069033	7.932979	0.070598	-0.939302	0.07119	-12.072742	0.070307	19.6254	0.2359	187.0006290144356	1.8533255585449293	38.637692600193276	0.43662027576534396	167.33981341277516	1.5038688513387997	11.706
17.92653	0.073302	7.959663	0.069767	-0.908377	0.07323	-12.055194	0.071847	19.62	0.2356	186.92611705745387	1.8979022294794943	38.656171394494606	0.4408879180507261	167.1389831818603	1.5382586053250928	11.706
17.909183	0.06781	7.951365	0.069687	-0.925773	0.069236	-12.049268	0.066133	19.62	0.2356	187.09597923386863	1.8269115288806828	38.616555117804175	0.4273275736785478	167.48941376357246	1.441663919343321	11.706
17.883835	0.081537	7.94322	0.072496	-0.950895	0.074792	-12.078579	0.071992	19.6361	0.2362	187.41977270747222	2.057068474339799	38.54283971775922	0.45138386850214984	167.4263709947152	1.5619264147527818	11.706
17.887872	0.071101	7.939148	0.07347	-0.958625	0.071188	-12.087705	0.068491	19.6361	0.2362	187.26701441824932	1.9245024234989179	38.52699716868308	0.4429617106013453	167.40536611185033	1.4859636068221758	11.706
17.906953	0.07013	7.949298	0.066414	-0.935436	0.065434	-12.06761	0.069954	19.6254	0.2359	187.0990431285743	1.8148243702995155	38.58353920816744	0.4048811893318234	167.358834107123	1.4400357192287	11.706
17.92653	0.075106	7.971697	0.070566	-0.919973	0.069335	-12.066253	0.071214	19.6361	0.2362	187.15208991033595	1.9374508624820885	38.55343787881783	0.4289457988299351	167.14705102998437	1.4904628612513957	11.706
17.903339	0.072193	7.95556	0.071224	-0.9393	0.069718	-12.075335	0.06701	19.6254	0.2359	187.2847977612978	1.9092875736026511	38.53961606849616	0.431836940422781	167.30080963437487	1.4527663240762394	11.706
17.91991	0.071616	7.947476	0.071691	-0.941232	0.072816	-12.080776	0.069909	19.6254	0.2359	186.82177091811607	1.8983534749472513	38.566284804967765	0.44335971932459706	167.24812992041598	1.5155491166745905	11.706
17.888013	0.07812	7.94322	0.070511	-0.950895	0.069717	-12.087793	0.067409	19.6307	0.2361	187.3410432368205	1.9824300686891287	38.542839717761304	0.42970037213834916	167.28785284914886	1.4566810646821455	11.706
17.87541	0.073167	7.929152	0.068104	-0.941233	0.069429	-12.087749	0.069968	19.6469	0.236	187.31343972788258	1.8824614834860913	38.64594905256261	0.423715959172536	167.14351127144698	1.4780616904385342	11.706
17.866493	0.067958	7.914871	0.070053	-0.954761	0.068124	-12.096609	0.064639	19.6307	0.2361	187.21247567068477	1.8360664555126653	38.64923317432889	0.4257927113780688	167.21352788384442	1.4093753990007745	11.706
17.885713	0.072358	7.943128	0.071295	-0.931572	0.068127	-12.072918	0.068886	19.6307	0.2361	187.38264683566632	1.9144337909261229	38.62716170446646	0.42920638623748364	167.22105444141613	1.4541424802830523	11.706
17.885713	0.077921	7.935107	0.07428	-0.960557	0.082014	-12.096874	0.074945	19.6307	0.2361	187.23159194589147	2.0256132073851574	38.53613126807886	0.47934485269038846	167.29657665741072	1.6689978494828317	11.706
17.896086	0.068635	7.953125	0.064855	-0.935437	0.065914	-12.078403	0.069625	19.6307	0.2361	187.37554400518565	1.779525661284397	38.56692295124209	0.40122347042348616	167.19675426694778	1.4385927777223202	11.706
17.894279	0.069691	7.937204	0.068269	-0.929639	0.072817	-12.082265	0.068169	19.6415	0.2362	187.10994753286434	1.8332593184413586	38.6613910626802	0.43521190009684774	167.05192939320276	1.494064404604271	11.706
17.890735	0.073577	7.947507	0.075771	-0.943165	0.070832	-12.060547	0.068564	19.6469	0.236	187.37051822648377	1.9902442815582366	38.55776964379587	0.4498356407476569	167.581512164868	1.4860005749966538	11.706
17.885994	0.077267	7.935229	0.073937	-0.943166	0.073225	-12.078624	0.073269	19.6469	0.236	187.2285984534993	2.0121896277537026	38.61108590373945	0.45254633699638874	167.30948897719028	1.5563874525774768	11.706
17.894701	0.069812	7.929366	0.070001	-0.943165	0.067706	-12.078844	0.071212	19.6361	0.2362	186.95485000090935	1.8547223703633724	38.63660358987356	0.42408415298948915	167.30616249170353	1.4763015794653982	11.706
17.907376	0.072662	7.945471	0.06999	-0.943165	0.068939	-12.060503	0.068118	19.6254	0.2359	187.01922413106453	1.8940199016537431	38.56660173481776	0.4262525777958426	167.58217866730595	1.460895944661802	11.706
17.900193	0.079221	7.953094	0.076272	-0.937369	0.074256	-12.067301	0.072362	19.6361	0.2362	187.29759764676874	2.07065391915507	38.5586724583314	0.46167696987666024	167.39255120254305	1.559381880728583	11.706
17.900686	0.071832	7.947292	0.072386	-0.937368	0.069235	-12.074982	0.070545	19.6307	0.2361	187.17914464820166	1.9177649040103566	38.583856274807054	0.43499640536771833	167.27710313452434	1.4845449164771927	11.706
17.902634	0.072192	7.94322	0.068379	-0.948963	0.067165	-12.080422	0.066707	19.6307	0.2361	187.06599974284575	1.867670523284457	38.551215417609555	0.41553826088330365	167.3695892436057	1.4233108295103893	11.706
17.881817	0.068949	7.931219	0.068879	-0.945098	0.070559	-12.078624	0.066707	19.6469	0.236	187.23173666696334	1.8338023545032975	38.620126310754586	0.4290203727422505	167.33852826311568	1.4594255406755605	11.706
17.877288	0.077448	7.917029	0.072392	-0.950896	0.075093	-12.072874	0.073573	19.6307	0.2361	187.0501401716127	1.9908871514312307	38.656673785309245	0.45468380197057817	167.51225927211163	1.583380476294082	11.706
17.88759	0.072172	7.93702	0.069989	-0.941234	0.066264	-12.080157	0.074842	19.6415	0.2362	187.23226796709625	1.8916905277057325	38.61169638721498	0.41916498055675244	167.25744071553032	1.5009772295307486	11.706
17.905498	0.074299	7.967624	0.068883	-0.912243	0.068129	-12.062479	0.069955	19.6469	0.236	187.47146724622698	1.9112918319030971	38.60468412552703	0.4211968744526128	167.08774682428862	1.4632837754638932	11.706
17.866985	0.076587	7.915085	0.072416	-0.950895	0.071542	-12.098761	0.068119	19.6415	0.2362	187.20723812541289	1.9827451402058256	38.66515124149041	0.443934932898428	167.12326948208377	1.4809241775948125	11.706
17.853068	0.074628	7.9194	0.075124	-0.948962	0.068839	-12.073404	0.068493	19.62	0.2356	187.55085239860958	1.9992496234329504	38.65476413963246	0.4441263211928549	167.4751686572718	1.4619390189878068	11.706
17.884257	0.073349	7.943404	0.070103	-0.945098	0.069622	-12.077002	0.072229	19.6361	0.2362	187.41527784886992	1.9128658200133521	38.56718348718106	0.4286966454209043	167.36290339782042	1.5082775830678414	11.706
17.871795	0.075831	7.935413	0.070586	-0.937368	0.071976	-12.078889	0.075077	19.6415	0.2362	187.49960636544066	1.954900165223974	38.635518485523285	0.4389715492465302	167.21844053343378	1.560977707595795	11.706
17.886557	0.068288	7.939485	0.064993	-0.941232	0.067384	-12.08082	0.074892	19.6307	0.2361	187.29810413954982	1.7751140773727725	38.600989401172775	0.4069296724235144	167.24746486642144	1.5125474624324409	11.706
17.854173	0.075806	7.910953	0.073414	-0.968286	0.067163	-12.100427	0.067347	19.6361	0.2362	187.3706579368428	1.9885691100823149	38.607418186690126	0.4326359305097197	167.35933950079274	1.4299124544435575	11.706
17.882098	0.075969	7.923319	0.070524	-0.952827	0.070921	-12.088014	0.070934	19.6254	0.2359	187.07793899062665	1.9472351934487981	38.62086549387497	0.4351835614627288	167.31355707202104	1.507178698007883	11.706
17.867829	0.075061	7.933499	0.07842	-0.94703	0.070468	-12.088235	0.072374	19.6146	0.2351	187.53835100244677	2.0492491755132867	38.60180853273216	0.45827922794776116	167.22317155689686	1.5161554094825944	11.706
17.872568	0.078289	7.921711	0.072021	-0.950894	0.071543	-12.094118	0.070749	19.6415	0.2362	187.2268599529233	2.001505878037777	38.63628219748904	0.44205576640993466	167.19288789838623	1.5096564795671916	11.706
17.894302	0.073622	7.954167	0.071879	-0.923835	0.070471	-12.083591	0.063934	19.6577	0.2353	187.42882778189133	1.9401058809291536	38.61279102933001	0.43780175208275157	166.945218295725	1.4234094890940285	11.706
17.868321	0.082429	7.903633	0.079416	-0.962488	0.075392	-12.114344	0.075884	19.6523	0.2357	186.96699917946592	2.1476344697896304	38.6645364093917	0.4775339309132057	167.06348280273082	1.6024770495195895	11.706
17.872147	0.071015	7.919523	0.073092	-0.950894	0.068126	-12.092009	0.068907	19.6415	0.2362	187.19362537363418	1.9167600957247402	38.64581256723781	0.4353104670301894	167.22453205214433	1.4544082495587456	11.706
17.859474	0.073126	7.905425	0.074411	-0.98954	0.074788	-12.115876	0.068728	19.6415	0.2362	187.1668233433483	1.961694410505214	38.53916134430535	0.45709972138372384	167.44664948548942	1.5286086205999165	11.706
17.874446	0.077498	7.907582	0.074557	-0.943164	0.073866	-12.077399	0.074946	19.6361	0.2362	186.926177374699	2.01687419195449	38.731701121112316	0.459279054791458	167.32786636635623	1.5813946885423338	11.706
17.815617	0.069236	7.905425	0.07074	-0.956692	0.068021	-12.091921	0.06863	19.6361	0.2362	187.995118304814	1.8777131080505391	38.68200912571597	0.4283581822646018	167.31292233141312	1.451884456731801	11.706
17.852436	0.071504	7.893059	0.070981	-0.968286	0.073623	-12.093277	0.074618	19.6254	0.2359	187.0667081880419	1.8924421796184	38.68537651124208	0.4464638990753383	167.4668918678064	1.5779521866886086	11.706
17.841923	0.075804	7.876989	0.066935	-0.966354	0.065431	-12.093233	0.069207	19.6361	0.2362	186.96237839202988	1.8973392740902542	38.764126815768854	0.4103006649966555	167.43847686781783	1.4331971330397462	11.706
17.869917	0.073594	7.917456	0.070471	-0.958624	0.071542	-12.08455	0.070877	19.6361	0.2362	187.1966906423337	1.9165122262049676	38.62115476933846	0.43694577905866877	167.45283181053355	1.5157005713460179	11.706
17.867407	0.076038	7.905242	0.07165	-0.962489	0.072565	-12.091656	0.072704	19.6469	0.236	187.01434783197135	1.9612951861706602	38.65751835294513	0.44455397525787	167.40406527030302	1.545114229372488	11.706
17.854735	0.069576	7.897161	0.06782	-0.974082	0.065431	-12.087882	0.066706	19.6469	0.236	187.10056468242922	1.8256408379649625	38.642214194204605	0.4104875380420113	167.63553879579	1.4093928528522417	11.706
17.867618	0.078103	7.913354	0.078373	-0.97215	0.074252	-12.095474	0.074537	19.6469	0.236	187.16279341926193	2.0803875272490138	38.580192908721315	0.4687611748480855	167.49200158474923	1.584232013363013	11.706
17.861844	0.078364	7.901536	0.079236	-0.974082	0.07154	-12.093941	0.072327	19.6415	0.2362	187.04922370662746	2.0928086051757524	38.623163502087145	0.46454756820215326	167.5441994433687	1.5327890192963993	11.706
17.842836	0.067957	7.897435	0.069338	-0.976015	0.067809	-12.10855	0.064639	19.6469	0.236	187.32957270157266	1.828711065065904	38.63260644368006	0.42224071261818524	167.3534118956361	1.4083016648672826	11.706
17.857385	0.075374	7.90342	0.074163	-0.966353	0.070465	-12.08455	0.067317	19.6361	0.2362	187.16839189079826	1.9883072735176546	38.648618498299186	0.44575991462292974	167.56924371424137	1.4687601945886914	11.706
17.849172	0.077783	7.919523	0.079323	-0.966353	0.074791	-12.084638	0.0708	19.6361	0.2362	187.626749891537	2.099232005130218	38.57857967231814	0.4733273272348305	167.5679109455198	1.5521568334708726	11.706
17.871865	0.068761	7.921406	0.067863	-0.968286	0.068837	-12.084461	0.067832	19.6415	0.2362	187.23434369451388	1.8178819390976355	38.56202132401691	0.4193124343799701	167.59970440359209	1.4570787621993497	11.706
17.852787	0.069332	7.913263	0.071907	-0.970218	0.074175	-12.084285	0.067832	19.6415	0.2362	187.44033744407488	1.8836822521550076	38.58898170285392	0.4487581769066893	167.63150872813125	1.5160318459297757	11.706
17.852646	0.069239	7.911196	0.070837	-0.970218	0.065911	-12.09341	0.064876	19.6415	0.2362	187.40402878610502	1.8672642700528461	38.597959046396916	0.4205043883392403	167.49398443973777	1.392621907462715	11.706
17.872147	0.078119	7.909496	0.074362	-0.958624	0.07223	-12.086481	0.06808	19.6415	0.2362	187.00523373870413	2.0244601008883234	38.6558217126606	0.45187899191389747	167.42376873415458	1.4933724440376053	11.706
17.865951	0.076595	7.901506	0.076247	-0.979879	0.07662	-12.090211	0.071773	19.6415	0.2362	186.97155530326816	2.0279258056331138	38.5980875352749	0.4697693474009163	167.68785977195643	1.5845437400168607	11.706
17.861141	0.071202	7.905242	0.073381	-0.966353	0.074485	-12.093498	0.069123	19.6469	0.236	187.13204657194657	1.9218410542691269	38.64067889665825	0.4554141384537089	167.43448216287726	1.5290696728584532	11.706
17.850979	0.076586	7.899348	0.069744	-0.964421	0.070373	-12.088147	0.068492	19.6415	0.2362	187.21230682875898	1.948653745478127	38.67479528392648	0.4323061853709896	167.48594651325428	1.4785801908253757	11.706
17.855227	0.073421	7.897374	0.076199	-0.970218	0.077111	-12.086348	0.073641	19.6523	0.2357	187.0953303575498	1.9881486113649418	38.65812565090275	0.47260616692508095	167.60038606514934	1.607624613207972	11.706
17.867969	0.073374	7.903481	0.080581	-0.974082	0.07154	-12.099381	0.069262	19.62	0.2356	186.9707356760753	2.0449020335761925	38.61470472459131	0.46870507944422957	167.46227624911683	1.498844810633378	11.706
17.825427	0.074289	7.883095	0.068003	-0.976014	0.069809	-12.095208	0.072209	19.6523	0.2357	187.38739890111952	1.898194204036563	38.69513781783245	0.4256725073293373	167.5542086353343	1.5134688003420385	11.706
17.846802	0.078073	7.901354	0.067862	-0.970218	0.067703	-12.082618	0.068116	19.6307	0.2361	187.3286790182633	1.9484208860684358	38.64078347119897	0.41752050211188885	167.65664129235148	1.448973507586819	11.706
17.856683	0.071664	7.919156	0.074821	-0.962489	0.072228	-12.085951	0.073264	19.6361	0.2362	187.4780146206272	1.9545590596149662	38.5969553806557	0.45193324274534863	167.48992745467447	1.5491191661033525	11.706
17.876254	0.075692	7.925508	0.068557	-0.968286	0.069811	-12.093808	0.068992	19.6415	0.2362	187.2289602970088	1.9215282772681814	38.544234627932674	0.42404330677112817	167.4589010236997	1.4773336382137356	11.706
17.861703	0.077259	7.901475	0.077305	-0.952827	0.07502	-12.082795	0.074552	19.6415	0.2362	187.05071891996872	2.052504138935149	38.716147886127814	0.47102264986284187	167.39200720826176	1.5906627564271338	11.706
17.816864	0.06553	7.874985	0.07042	-0.991471	0.06626	-12.109817	0.064572	19.6415	0.2362	187.39592646136364	1.8131556689547286	38.663079306636355	0.4216363665489032	167.5669894967719	1.3943920369800595	11.706
17.850558	0.066158	7.907186	0.068376	-0.960557	0.065309	-12.091567	0.067108	19.6469	0.236	187.3678075647638	1.7928214338304755	38.65746603188831	0.4121943466267387	167.3763361199614	1.4080836208255103	11.706
17.840186	0.073571	7.895186	0.070557	-0.981811	0.074173	-12.095297	0.069542	19.6361	0.2362	187.33713205309843	1.9201990092695254	38.61716679834515	0.44534234963619296	167.6402658394567	1.5337017506844262	11.706
17.861703	0.06924	7.913507	0.068702	-0.960556	0.073142	-12.080952	0.065438	19.6361	0.2362	187.27693794121663	1.8362265050054263	38.62993428688413	0.4368286710253306	167.53609800147407	1.4785770245816001	11.706
17.83364	0.066397	7.895064	0.070039	-0.985675	0.067271	-12.109861	0.065885	19.6361	0.2362	187.45822066358278	1.8203329522110185	38.60089384119221	0.42210944652505655	167.47901541879904	1.4176217266953954	11.706
17.844433	0.072786	7.895216	0.073806	-0.976014	0.070738	-12.084285	0.07123	19.6361	0.2362	187.2577366240202	1.9509972011796306	38.64226648756701	0.44530752945339835	167.7189830063326	1.5157057334624444	11.706
17.859895	0.072719	7.913629	0.075053	-0.941232	0.071456	-12.079286	0.069461	19.6361	0.2362	187.31327050353624	1.9680747844216815	38.713707633098025	0.4530695453668467	167.27048191503079	1.496593890926052	11.706
17.8335	0.068467	7.882974	0.069245	-0.977946	0.072227	-12.091346	0.06897	19.6523	0.2357	187.233088609216	1.832307071899383	38.68723136909344	0.43685577306063833	167.64156878577998	1.5064630191959107	11.706
17.851049	0.07379	7.903389	0.074206	-0.954759	0.071542	-12.106619	0.077058	19.6469	0.236	187.28703108960002	1.97026527814932	38.69933650551647	0.4503194878808997	167.06342108455348	1.5752034775224744	11.706
17.820971	0.077242	7.880969	0.071325	-0.987607	0.064551	-12.106087	0.06668	19.6361	0.2362	187.43133172437885	1.982479155154902	38.65383633882097	0.41928029657752264	167.5649602255583	1.3986708765400182	11.706
17.86093	0.076719	7.899135	0.075774	-0.966353	0.06933	-12.080466	0.071515	19.6523	0.2357	187.021291950861	2.0244062274761574	38.667294941756985	0.4479534802240229	167.63081182962975	1.5022980285272516	11.706
17.856964	0.065673	7.915268	0.070026	-0.95476	0.069716	-11.986595	0.071312	19.6415	0.2362	0.0	0.0	0.0	0.0	0.0	0.0	0.0
17.633522	0.071176	7.893181	0.06854	-0.958624	0.071189	-10.568198	0.082862	19.6523	0.2357	0.0	0.0	0.0	0.0	0.0	0.0	0.0
17.340843	0.08039	7.937908	0.081365	-0.730485	0.081039	-8.633598	0.088148	19.6523	0.2357	0.0	0.0	0.0	0.0	0.0	0.0	0.0
