20.408643	0.075552	15.499023	0.073205	10.738605	0.078318	0.874693	0.078794	20.2025	0.2373	379.8618895051429	8.13942535690261	72.08524622828888	1.6233497250622968	189.07077063057528	2.1294638530875507	11.718
20.512871	0.075402	15.280456	0.075157	10.236426	0.077793	0.16893	0.083157	20.2025	0.2373	356.4277325995465	7.252028682695873	68.03208434932318	1.4589240661350924	185.24741165197403	2.095303638127487	11.718
20.581894	0.071647	15.052748	0.071519	9.73652	0.068949	-0.519285	0.081124	20.1917	0.2382	337.29936505698146	6.175638876753142	64.54875440746738	1.2062005381647345	181.84605413383045	1.887754203635791	11.718
20.655647	0.06937	14.823549	0.071398	9.254041	0.072564	-1.151443	0.074674	20.1809	0.2387	319.7781538597131	5.458289782529711	61.61332185230809	1.1261691605460722	179.23026510253146	1.7934924338389238	11.718
20.719759	0.077792	14.613745	0.079702	8.799107	0.069961	-1.770426	0.077239	20.1539	0.2376	305.4328920491264	5.5710630190181805	59.01587199541626	1.076374267922798	176.44843061028982	1.739741579701755	11.718
20.776811	0.076867	14.430372	0.075033	8.390882	0.080677	-2.322451	0.075686	20.1486	0.2371	293.8620482386131	4.973788431175169	56.81868056321412	1.0365154531267624	174.08006482889053	1.7974779935943441	11.718
20.81145	0.071809	14.218881	0.068689	7.949592	0.080521	-2.850292	0.071342	20.1486	0.2371	282.89088225250674	4.26407208015605	54.736008757712455	0.9240530389725088	172.68497666792499	1.7201423021707192	11.718
20.804368	0.067131	13.981847	0.071126	7.536481	0.070074	-3.382502	0.071454	20.1486	0.2371	273.3560644786403	3.918661622485604	53.24071289887357	0.8247631375884545	170.80140777416284	1.5655237226051666	11.718
20.844034	0.071189	13.796569	0.067918	7.182167	0.077212	-3.819999	0.068619	20.1486	0.2371	264.6309896157087	3.6945486131308973	51.88011023638042	0.8065691909303351	169.5100390292269	1.591495306468344	11.718
20.878353	0.074023	13.634658	0.068304	6.844722	0.077412	-4.24923	0.072387	20.1486	0.2371	257.4621766050951	3.5799352324258655	50.53889933551623	0.7684170637001411	168.10759827131693	1.6059718090523658	11.718
20.825805	0.079983	13.40574	0.08091	6.477026	0.07372	-4.682928	0.07531	20.1324	0.2383	251.34249901576922	3.8537829661370497	49.52663493686141	0.7824062697227391	167.11336755641435	1.5780866590582612	11.718
20.824433	0.074583	13.217601	0.079539	6.16056	0.080559	-5.055578	0.073619	20.1054	0.2378	245.17138324860505	3.514319368348721	48.62602842517466	0.7800547717684833	166.27628547276558	1.6178313482195763	11.718
20.823061	0.073685	13.037784	0.073462	5.856416	0.078541	-5.425767	0.073815	20.1	0.2374	239.55187485743764	3.2015527039340963	47.78419217056982	0.7155749716622531	165.30290386170083	1.579209101848717	11.718
20.823803	0.072833	12.88674	0.074786	5.580439	0.072999	-5.746173	0.070293	20.0946	0.2368	234.97075549410664	3.090436360928089	46.967114370558	0.6718058970216537	164.6545061240157	1.4731865190858389	11.718
20.800223	0.071779	12.716726	0.073628	5.30643	0.069905	-6.082893	0.065562	20.0784	0.238	230.71421140711774	2.9348112531229735	46.30798144650409	0.6344574082037561	163.7478988905283	1.3779087455144068	11.718
20.789821	0.073387	12.571656	0.070967	5.050713	0.074306	-6.370166	0.075856	20.0784	0.238	226.93360364743873	2.8190383227666582	45.62671042551823	0.6233492582689658	163.29545128030512	1.5182418208751478	11.718
20.740642	0.073659	12.397638	0.073833	4.795066	0.072501	-6.654986	0.068703	20.0784	0.238	223.5379172110865	2.7943520125834342	45.136815448240235	0.6143508430405403	162.87939673108764	1.4208480618600927	11.718
20.743411	0.081764	12.291833	0.077138	4.577596	0.081159	-6.900262	0.079183	20.0569	0.2379	220.66619413634547	2.9349346443337345	44.483450274500065	0.6456620664035173	162.4848213974265	1.6051619126488101	11.718
20.671728	0.080347	12.10702	0.079072	4.331996	0.076121	-7.172687	0.07347	20.0461	0.2371	217.75146932561225	2.8660726288673177	44.135669656213096	0.6230520902162882	162.10594893602507	1.4906753267326078	11.718
20.672136	0.070094	11.988964	0.073917	4.122781	0.068575	-7.404181	0.067487	20.0407	0.2366	214.78067703193145	2.5197034710603856	43.624193240476664	0.5591671797516774	161.79263887346926	1.350449926473097	11.718
20.634445	0.079699	11.838308	0.078366	3.931472	0.077339	-7.629792	0.076555	20.0407	0.2366	212.0223596045653	2.6941723185445583	43.39989879484968	0.6043409094476984	161.31260550179988	1.5183637486462223	11.718
20.597973	0.072456	11.709643	0.071198	3.730258	0.06616	-7.834234	0.07265	20.0299	0.2375	209.82318473430723	2.3980183006150506	43.005304819727584	0.5238183222523926	161.2675739066225	1.3702484809170141	11.718
20.558099	0.072982	11.605931	0.072071	3.551056	0.070526	-8.040657	0.070148	20.0245	0.2378	208.32693505293452	2.38692210134604	42.60225729502185	0.5333295883664745	160.88887897158205	1.380630766942672	11.718
20.521965	0.072363	11.495888	0.072758	3.375819	0.072296	-8.227987	0.07089	19.9975	0.2373	206.62106469794568	2.3490475383995935	42.26021366732655	0.533811086272329	160.72120363084576	1.4024221186269648	11.718
20.4778	0.067842	11.373915	0.067131	3.216524	0.065736	-8.407829	0.068516	19.9921	0.2369	204.85513736051976	2.147621326665501	42.066866046852994	0.4845244149064043	160.4371037617406	1.3104962114824907	11.718
20.450283	0.068976	11.264068	0.06876	3.069078	0.073396	-8.572477	0.062907	19.9867	0.2363	203.0191565952027	2.152446486031321	41.873861160345626	0.5138983142812251	160.20005287511634	1.3302234136052806	11.718
20.411814	0.074071	11.168279	0.078383	2.913793	0.075907	-8.740585	0.07433	19.9921	0.2369	201.76019521937107	2.3539356881916147	41.57205125092514	0.5495261862407632	160.0237727480502	1.4587499045221821	11.718
20.35907	0.077793	11.028105	0.071797	2.750852	0.074711	-8.903157	0.070547	19.9867	0.2363	199.86974533552603	2.267541739187303	41.45770542237954	0.5189807590332437	160.02883732898923	1.4110024559495988	11.718
20.309248	0.068683	10.959488	0.070046	2.629348	0.071274	-9.023009	0.071319	19.9867	0.2363	199.46796807645632	2.092880861252801	41.19448913481029	0.49418789650374195	160.0515378888524	1.384932213092759	11.718
20.288397	0.08076	10.854055	0.080764	2.49996	0.071868	-9.151905	0.073264	19.9598	0.2377	197.6796673865376	2.393171718174327	41.07636841230468	0.5315686723792914	160.05829594397832	1.4097783328817637	11.718
20.245739	0.067824	10.766549	0.066219	2.399918	0.065174	-9.287885	0.06655	19.9544	0.2376	196.74439752586923	1.967387190390957	41.014822154582596	0.45547220727073723	159.56613568466196	1.2716961791574863	11.718
20.203809	0.074945	10.665255	0.071583	2.254985	0.070043	-9.390539	0.069244	19.9382	0.2366	195.51993371144653	2.124359229770201	40.8020096920497	0.48587419620783895	160.14543547679372	1.354435136494001	11.718
20.167572	0.07915	10.590026	0.074871	2.155064	0.076338	-9.53945	0.074614	19.9328	0.2361	194.7239534877628	2.2151120512398004	40.682566084009395	0.5157110151671673	159.474566450847	1.4556613495892463	11.718
20.15751	0.068969	10.525406	0.070239	2.063144	0.075139	-9.621617	0.067568	19.9328	0.2361	193.62098828125372	1.9787809385996133	40.55131846595965	0.49288898159688194	159.6076925106574	1.3803117409878156	11.718
20.11114	0.075295	10.448399	0.073394	1.943802	0.072489	-9.73333	0.071018	19.9274	0.2366	193.00710097175102	2.100257802180737	40.3494588024213	0.4894228795568238	159.7119646472028	1.387983928148615	11.718
20.028485	0.070322	10.340795	0.067209	1.824456	0.065645	-9.868958	0.069193	19.9166	0.2373	192.51005954390294	1.9329970578626106	40.29382555533019	0.4445033129171356	159.48957709619367	1.3008770981512232	11.718
20.023034	0.078765	10.314908	0.074257	1.756159	0.073313	-9.92888	0.072951	19.9274	0.2366	192.1048005952877	2.142042502263527	40.09416123881792	0.4888343389058241	159.6038862814422	1.4126567118194011	11.718
19.980112	0.073393	10.211255	0.068647	1.666172	0.072253	-10.017771	0.068753	19.9004	0.2374	190.910525770801	1.9639236315862925	40.158283498986876	0.4683766963592094	159.61885689257412	1.3625457059224342	11.718
19.958125	0.075579	10.169342	0.075315	1.590139	0.076004	-10.090821	0.069684	19.8897	0.2368	190.52190499216968	2.076702525022622	39.99857432578837	0.4988611362525044	159.65961852482005	1.4093966810463896	11.718
19.933244	0.069396	10.098711	0.07024	1.514028	0.067586	-10.161625	0.068536	19.8843	0.2364	189.6355924445715	1.903951816708814	39.97304110249282	0.4538792693716001	159.73219322369135	1.3168497710678346	11.718
19.869676	0.071827	10.015573	0.072195	1.410522	0.073169	-10.274754	0.072064	19.8843	0.2364	189.2590005420814	1.955936233074291	39.87842386885743	0.4763596324607554	159.60064797118224	1.4026796352502449	11.718
19.847994	0.07766	9.954593	0.077355	1.342154	0.081551	-10.339444	0.075008	19.8789	0.2358	188.5072385359944	2.0885456420843918	39.8442151526626	0.5200150602422954	159.65090662077893	1.5142930935697492	11.718
19.769406	0.068117	9.87338	0.069514	1.256248	0.065724	-10.411497	0.065112	19.8735	0.2363	188.45721788114486	1.8534228620142854	39.822519178578034	0.4421015787697935	159.84044723846074	1.2674152600193618	11.718
19.770968	0.070417	9.851909	0.070633	1.209613	0.066669	-10.454946	0.067734	19.8735	0.2363	188.01961262939952	1.8905605387404807	39.70656747584801	0.4462458944071163	159.88409941045126	1.3026955377419276	11.718
19.711263	0.0765	9.774733	0.07875	1.133495	0.071792	-10.53249	0.069355	19.8735	0.2363	187.68902572771205	2.073807429887754	39.711424977052275	0.4897194392315449	159.86456977000856	1.3678978439361051	11.718
19.708848	0.081381	9.750337	0.081094	1.098379	0.084593	-10.574998	0.077592	19.8789	0.2358	187.27474361397262	2.16051626839306	39.662222063911415	0.5371967498957372	159.76334598838224	1.5710225492995091	11.718
19.691389	0.073545	9.694486	0.072197	1.024473	0.068309	-10.638789	0.071762	19.8519	0.2372	186.55554787296617	1.923230864884393	39.5796260739759	0.4537296927407651	159.9018846738065	1.358307259976099	11.718
19.637163	0.066813	9.627052	0.06943	0.969765	0.067855	-10.697298	0.065614	19.8411	0.2369	186.30938877274144	1.7933891817604901	39.63780704010788	0.4444903075684363	159.84979603651863	1.2932253800112234	11.718
19.608658	0.077743	9.59217	0.076098	0.919016	0.078473	-10.73934	0.075819	19.8303	0.2361	186.1907692004808	2.0222048094791902	39.56529488147195	0.4986580918809944	159.96917780826433	1.4972421093092214	11.718
19.573062	0.072255	9.533703	0.072167	0.86451	0.075618	-10.796863	0.070689	19.8303	0.2361	185.7665985277282	1.889637028254687	39.58336962871697	0.47727472241363983	159.92779437922866	1.4196149035283476	11.718
19.540344	0.074558	9.530108	0.069238	0.810082	0.067847	-10.82513	0.063051	19.8357	0.2366	186.30705660909354	1.8937077537366167	39.35262095246356	0.4374754829726987	160.28737983268397	1.275950017987694	11.718
19.499858	0.076496	9.447109	0.076654	0.739969	0.071746	-10.89339	0.0734	19.8249	0.2356	185.5191536074756	1.9985091260111916	39.41086223825571	0.4752230663123474	160.31290860596118	1.4144301139440727	11.718
19.510601	0.075575	9.439147	0.075964	0.724421	0.077051	-10.919438	0.069301	19.8249	0.2356	185.18079491100443	1.9702210883072837	39.377865551883986	0.48891020934612606	160.17368436048602	1.4255703973622642	11.718390600000001
19.463892	0.073723	9.374372	0.070697	0.656288	0.068594	-10.969193	0.067753	19.8249	0.2356	184.84304441464386	1.8712857513178978	39.36138669932354	0.4447400755194236	160.42154308073137	1.3304245886104127	11.718
19.400613	0.07591	9.329891	0.072239	0.613477	0.073489	-11.009801	0.072642	19.8195	0.2361	185.18808743011303	1.9269467086709282	39.368929745356894	0.46543375072896914	160.45193929878704	1.4264280742844702	11.718
19.394615	0.073993	9.281638	0.073192	0.564883	0.070611	-11.046983	0.070869	19.8141	0.2365	184.41431450540946	1.8978796712350912	39.36738877343159	0.4593092070553468	160.60964065477714	1.3837278113605815	11.718
19.36917	0.071319	9.25532	0.076174	0.545421	0.073399	-11.076473	0.068835	19.8034	0.2369	184.3983723547093	1.902534060768315	39.398379562373876	0.47849550634955107	160.47105236450543	1.3894099643144286	11.718
19.328947	0.07295	9.226953	0.073873	0.492907	0.071255	-11.098517	0.069924	19.798	0.237	184.61479387613147	1.8973548230540163	39.28945251683094	0.46170902075770504	160.8928825121365	1.3857198847624996	11.718
19.303816	0.077118	9.196753	0.079818	0.448207	0.07617	-11.150363	0.074545	19.8034	0.2369	184.52220671347138	2.0262569855290296	39.224334561150194	0.4946663480986521	160.79374987055127	1.4775077562473131	11.718
19.292964	0.074358	9.16532	0.073227	0.438613	0.07457	-11.167953	0.068996	19.8034	0.2369	184.14723750403695	1.8975694040787885	39.32249472094804	0.4709351528132003	160.68298288651215	1.4064711023216858	11.718
19.243439	0.079027	9.112359	0.079302	0.388001	0.075803	-11.22094	0.07675	19.7872	0.2367	184.0847652920387	2.0342716993160805	39.33308378615288	0.49459128111450323	160.65010334253626	1.4928063738113586	11.718
19.239315	0.068588	9.100304	0.074201	0.347205	0.068238	-11.25427	0.065141	19.7926	0.2369	183.94078686174893	1.8331549096611404	39.20392700389513	0.4515056662541108	160.753501544788	1.30718607280455	11.718
19.216974	0.071959	9.048273	0.071345	0.321999	0.07031	-11.243586	0.066021	19.7818	0.2363	183.4037324711492	1.8276279355230622	39.324445021905646	0.4513982965718132	161.25234164281034	1.3447192791747078	11.718
19.161474	0.077873	9.023682	0.073287	0.279208	0.072115	-11.283773	0.069682	19.771	0.2353	183.96289257491617	1.9404685129447654	39.24259786097279	0.46141665578694263	161.28865652625566	1.398790228858512	11.718
19.151658	0.076325	9.007882	0.074387	0.273424	0.073053	-11.300785	0.076096	19.771	0.2353	183.8543860896912	1.9317161387886614	39.28759853235361	0.46895962896601145	161.132184979026	1.4685369133915485	11.718
19.114023	0.076313	8.953575	0.0701	0.222941	0.07131	-11.326751	0.068632	19.7926	0.2369	183.5527069792218	1.871988565462224	39.30480384565242	0.4501746339692384	161.4742284126476	1.3837114077851544	11.718
19.13299	0.067294	8.961665	0.070982	0.207411	0.065512	-11.354522	0.066107	19.7764	0.2359	183.35639996707243	1.7632199590460156	39.19875858134724	0.4325149739565796	161.3032700422422	1.2984343020377014	11.718
19.090859	0.075429	8.925351	0.071112	0.174396	0.070304	-11.378468	0.068591	19.771	0.2353	183.4613240949393	1.8708896880291808	39.213536057716574	0.44809466413561005	161.42989869062993	1.3724496101956114	11.718
19.043337	0.073897	8.884467	0.073416	0.1452	0.074002	-11.407287	0.072131	19.771	0.2353	183.58120736302777	1.8823912323565173	39.265979364016076	0.46835890401398866	161.43515982319292	1.4440747301001526	11.718
19.035769	0.070909	8.858676	0.070642	0.106427	0.073017	-11.426226	0.066613	19.771	0.2353	183.25247684318785	1.8022952760271198	39.20773938479858	0.4551245859003937	161.71279940732117	1.3859065011310732	11.718
19.033746	0.071982	8.828519	0.07062	0.100609	0.070285	-11.439203	0.067274	19.771	0.2353	182.74728822649038	1.8057519699686289	39.31707413297557	0.44883086061093835	161.6124871251203	1.3625517170887316	11.718
18.988562	0.073293	8.793797	0.07178	0.065618	0.068534	-11.466288	0.071928	19.771	0.2353	182.93483069251263	1.8408334231991637	39.31586212345619	0.4470404364892079	161.72326982089956	1.3932907776263355	11.718
18.95073	0.076501	8.797788	0.074258	0.046212	0.070293	-11.477331	0.06853	19.7656	0.2358	183.6883940387099	1.9288918992200597	39.21075125360187	0.4581314787123289	161.8406570144654	1.3787457200578062	11.718
18.96646	0.078126	8.78619	0.071383	0.046266	0.068734	-11.492698	0.067441	19.7656	0.2358	183.195303257485	1.9043558463830164	39.263028579840785	0.4451715419458243	161.6243651257854	1.3487754427997931	11.718
18.934846	0.071525	8.749904	0.070931	0.022976	0.068723	-11.507392	0.070409	19.771	0.2353	183.11126646286675	1.811032444239092	39.32149488410073	0.44500295019557595	161.74486057542333	1.380164228259971	11.718
18.916045	0.072696	8.729819	0.070965	0.009399	0.067359	-11.507434	0.071667	19.7602	0.2362	183.08820176224745	1.8260162833620355	39.35084108139735	0.4415183210740938	161.93494236812865	1.382926550152844	11.718
18.890878	0.073456	8.685564	0.070174	-0.025519	0.070186	-11.544375	0.070025	19.7656	0.2358	182.74574072689978	1.819133895149957	39.39302172362323	0.4488218214169169	161.90649300651165	1.3935461248414862	11.718
18.857402	0.07079	8.683587	0.071403	-0.027455	0.066104	-11.540723	0.066727	19.771	0.2353	183.31153445237328	1.8116429394037787	39.393210560444665	0.4400319292938367	161.98507127996717	1.3214977394829035	11.718
18.845044	0.075531	8.655529	0.072129	-0.072054	0.072336	-11.577786	0.072128	19.7656	0.2358	183.02908794499416	1.8759896199680928	39.3185496253934	0.4602040576647657	162.09116482840045	1.439095364801104	11.718
18.879784	0.075165	8.69227	0.07552	-0.064241	0.083024	-11.582158	0.073049	19.7548	0.2365	183.06502824398427	1.914665643469925	39.188656020408935	0.5022846540397956	161.9196982245778	1.554623696794673	11.718
18.800476	0.077129	8.624051	0.069472	-0.081679	0.070277	-11.595297	0.067154	19.744	0.2367	183.26451802885296	1.8693853771975197	39.417243136695355	0.44742745685446006	161.9801614563618	1.3675134773469915	11.718
18.76395	0.072646	8.585446	0.0705	-0.157343	0.072646	-11.622485	0.065922	19.7602	0.2362	183.2270718595846	1.8222925307836981	39.250165122590595	0.4544684999074871	162.66502052565855	1.3917902241223112	11.718
18.785357	0.078051	8.591677	0.076968	-0.120484	0.075876	-11.617201	0.075551	19.7602	0.2362	182.95430582482848	1.9673953004296352	39.38814731364615	0.48863455159144065	162.218284287345	1.5108299922695194	11.718
18.747404	0.076283	8.561418	0.071469	-0.163149	0.072912	-11.628152	0.072046	19.7494	0.2367	183.09250080146086	1.8789567004358707	39.332137268912575	0.4602785562225193	162.66700986438093	1.4543155296676704	11.718
18.740747	0.070073	8.541149	0.069373	-0.167042	0.0724	-11.639017	0.072624	19.744	0.2367	182.84815565734613	1.7676888103816804	39.40610373978317	0.453745959843096	162.56814631038927	1.453192545332962	11.718
18.707288	0.076691	8.507009	0.076974	-0.201932	0.0729	-11.659367	0.069607	19.744	0.2367	182.83594168157933	1.9476545851326086	39.402708512177426	0.4796585538038832	162.77444872031953	1.4319733486994282	11.718
18.707583	0.073223	8.529252	0.074237	-0.198044	0.073555	-11.646614	0.070513	19.7332	0.2364	183.2301992048634	1.8771025859675572	39.319840896221926	0.47083734038957525	162.90047552348187	1.4498392968215525	11.718
18.684385	0.07382	8.505065	0.074288	-0.205803	0.071188	-11.670529	0.072118	19.7548	0.2365	183.21239971050497	1.8849640505910454	39.39399413777511	0.46531294908792903	162.6709359524564	1.4378191255047053	11.718
18.684164	0.072303	8.474818	0.080953	-0.227132	0.066438	-11.675938	0.06761	19.7494	0.2367	182.67357342990516	1.9420945037743373	39.43436208088426	0.47457970363169694	162.8971298612957	1.348702328592578	11.718
18.637628	0.067074	8.444479	0.075475	-0.256219	0.068294	-11.70706	0.068938	19.7494	0.2367	182.96381979308077	1.8124262135965756	39.440040705536646	0.4613956114817667	162.86817886290262	1.3802065943650355	11.718
18.618921	0.072084	8.430478	0.06815	-0.265903	0.078555	-11.714529	0.071325	19.7494	0.2367	183.04834283053174	1.782242339391194	39.45961859527735	0.4718826529483447	162.89969788435113	1.5097338866720538	11.718
18.613517	0.076295	8.422831	0.076288	-0.281374	0.073308	-11.718734	0.072401	19.7386	0.2366	183.0080574518552	1.9375683881957864	39.42415294924611	0.4792074009387062	163.06014057305393	1.4689338970089276	11.718
18.61447	0.073628	8.421244	0.071742	-0.267774	0.070447	-11.710063	0.068064	19.7332	0.2364	182.9624492391091	1.8452208539465857	39.493057759452036	0.45700527755613507	162.98991348919154	1.395343577405766	11.718
18.559907	0.071024	8.368035	0.073462	-0.322105	0.071163	-11.747532	0.075952	19.7224	0.2356	182.9867544455969	1.834588677496896	39.48795705303669	0.4647514094251763	163.2304523529428	1.4869653880152558	11.718
18.566629	0.076777	8.380282	0.079731	-0.320153	0.074879	-11.744099	0.073201	19.7332	0.2364	183.0860094317586	1.989456482428434	39.44123278634178	0.4958421430953269	163.25160948929	1.4964097146046962	11.718
18.562367	0.073035	8.38025	0.075242	-0.322093	0.072049	-11.751438	0.072726	19.7332	0.2364	183.1620614413936	1.8862754861387445	39.43258750367448	0.47204341921200244	163.1744986056881	1.4615500456057482	11.718
18.543446	0.071898	8.360129	0.077883	-0.339531	0.068593	-11.773537	0.068573	19.7224	0.2356	183.14049235818408	1.9062645465193646	39.44474764471154	0.470555459064779	163.10797086589545	1.383591524031432	11.718
18.54028	0.074644	8.370625	0.072025	-0.323998	0.073297	-11.740924	0.068874	19.7386	0.2366	183.3865250795561	1.8704810343016116	39.4675966283407	0.46646749205750304	163.35199723295437	1.4390637400030037	11.718
18.491097	0.072526	8.311924	0.074541	-0.376335	0.072881	-11.780918	0.068487	19.7224	0.2356	183.2150467902426	1.8719209842624136	39.49650969458664	0.4739134328295661	163.52878482912067	1.4340353520362976	11.718
18.469796	0.067746	8.309755	0.07168	-0.382156	0.066419	-11.782547	0.065203	19.7386	0.2366	183.5600450916546	1.7819111467258033	39.479909295557874	0.44386831241430164	163.58891908584943	1.3355744886215704	11.718
18.486982	0.073775	8.313964	0.075943	-0.399574	0.075239	-11.803101	0.069837	19.7278	0.2361	183.32589890587002	1.9080036696244445	39.381921645394016	0.4831609527119065	163.54393488940926	1.4722371820101219	11.718
18.470451	0.071559	8.295985	0.070136	-0.407314	0.075677	-11.775555	0.07279	19.7278	0.2361	183.29981221565458	1.8051524339764904	39.42824983420796	0.4674325956553581	164.05156453209773	1.5152518029462207	11.718
18.436956	0.069863	8.287953	0.072767	-0.405378	0.069383	-11.801385	0.067743	19.7386	0.2366	183.75968556905175	1.8264795992705531	39.4734663064605	0.45653629732694706	163.65184034168138	1.3925289372862668	11.718
18.456087	0.075461	8.280048	0.067042	-0.420862	0.066421	-11.803403	0.06455	19.7224	0.2356	183.2714652863902	1.8179498830386873	39.4390790197015	0.4277723532656901	163.84546154103023	1.3332140723416508	11.718
18.407651	0.073629	8.235746	0.0721	-0.434426	0.072541	-11.817989	0.068865	19.7224	0.2356	183.34594297536032	1.8574807975792287	39.578902272931565	0.4668892753669678	163.83074764379936	1.4395139532514494	11.718
18.37402	0.066787	8.227651	0.068374	-0.45573	0.067744	-11.840039	0.070427	19.7278	0.2361	183.80740165877856	1.731488555855744	39.51869275319884	0.4380460740050929	163.82001130365188	1.4061881869934294	11.718
18.395021	0.074181	8.215637	0.07492	-0.457665	0.073687	-11.838238	0.072763	19.7278	0.2361	183.21125585428564	1.8975863763142404	39.564619567840765	0.47936136812208213	163.8737845485569	1.4911753586204846	11.718
18.394876	0.074845	8.233643	0.074328	-0.447987	0.073285	-11.821549	0.079502	19.7332	0.2364	183.53851158551942	1.9052876579406042	39.526667260508724	0.4752367775085118	163.9748057336019	1.5588766702081995	11.718
18.391414	0.078677	8.223921	0.084954	-0.457649	0.075238	-11.845963	0.075748	19.7278	0.2361	183.42551770409983	2.0888924542111647	39.526937254819465	0.5166760587897428	163.76239885105963	1.5352485298671745	11.718
18.376764	0.078858	8.20786	0.076914	-0.453776	0.076697	-11.840429	0.075621	19.717	0.2351	183.4000723988321	1.9867138173945447	39.617903967947015	0.49682290594087314	163.78629161763737	1.5492761758298152	11.718
18.347032	0.070315	8.191611	0.072726	-0.480895	0.066068	-11.854926	0.07489	19.7278	0.2361	183.64355074434664	1.8293089046564233	39.568252420316206	0.4482889825402543	163.96804468026065	1.4396881460321287	11.718
18.327767	0.078256	8.171349	0.074474	-0.496394	0.070603	-11.869421	0.068922	19.7332	0.2364	183.62552585065424	1.9531531634851986	39.58999625239526	0.4687262452043978	163.98251639125192	1.422633711227462	11.718
18.298548	0.071712	8.151309	0.07098	-0.519622	0.071147	-11.884219	0.068476	19.7278	0.2361	183.79164070704124	1.827542760707954	39.57543780685862	0.4586934797753224	164.10415750208486	1.4258981491159362	11.718
18.285347	0.073247	8.138985	0.073505	-0.515766	0.068271	-11.891204	0.071231	19.7278	0.2361	183.80750751630006	1.8798384410442208	39.649424539123025	0.4595848979310802	163.94775798363642	1.422004976172318	11.718
18.281739	0.071575	8.131208	0.068897	-0.509945	0.071934	-11.882331	0.069366	19.7278	0.2361	183.73202593330973	1.7982572301850102	39.711816470193654	0.4577565530421067	163.99175651691607	1.4410207527879308	11.718
18.290683	0.07169	8.143501	0.072455	-0.511867	0.073355	-11.869768	0.069565	19.7224	0.2356	183.79265699576698	1.8461753274447745	39.646599252418476	0.4722819758256165	164.20089442271194	1.461534665996138	11.718
18.291619	0.078771	8.139895	0.073225	-0.521523	0.073278	-11.879555	0.073221	19.717	0.2351	183.7104241151197	1.946245880406142	39.6189022687046	0.4738519296410428	164.19901558180126	1.497560357968973	11.718
18.263128	0.07221	8.101201	0.074689	-0.552524	0.069754	-11.891683	0.070344	19.7386	0.2366	183.52598389128616	1.8762364448597282	39.654124136031285	0.46829558831030094	164.47230543421375	1.4369245674352153	11.718
18.245389	0.075675	8.100764	0.073764	-0.556417	0.070508	-11.896606	0.069808	19.717	0.2351	183.83899858903985	1.9150725795693195	39.638295165653744	0.4672112636298756	164.45736114263985	1.438897760281758	11.718
18.239617	0.070197	8.100983	0.071345	-0.556406	0.06857	-11.900599	0.06509	19.7278	0.2361	183.9414929806141	1.8158732169948033	39.6360234868048	0.45304167337636353	164.3938376813322	1.3700755888419278	11.717609399999999
18.226422	0.068273	8.072612	0.071492	-0.558355	0.066292	-11.907583	0.067454	19.7224	0.2356	183.6727023134583	1.7881840573367902	39.758681243997	0.44912198649084084	164.32638653011588	1.3693736203616445	11.718
18.230605	0.075488	8.070606	0.07582	-0.571902	0.076025	-11.909427	0.069498	19.7224	0.2356	183.5608163697022	1.9330118169424715	39.705590615614035	0.4932847333818208	164.49600748976013	1.4944860055947173	11.718
18.235649	0.070159	8.095057	0.071236	-0.558336	0.06763	-11.906262	0.06672	19.7278	0.2361	183.91210295575212	1.8133301001171134	39.65564547087552	0.4501367026981153	164.34524932980906	1.375855388395809	11.718
18.18878	0.069361	8.04252	0.072009	-0.581578	0.068871	-11.913115	0.066248	19.7278	0.2361	183.80937748436162	1.8112584693219662	39.790350602286004	0.45973230511716057	164.58293206545656	1.3879618245573035	11.718
18.189352	0.082096	8.040762	0.078792	-0.589306	0.074147	-11.920839	0.07431	19.717	0.2351	183.7671634711968	2.0604441353051164	39.76282170563588	0.4985010686263147	164.58299582880682	1.5246992368267713	11.718
18.157273	0.073245	8.026411	0.066526	-0.610606	0.06496	-11.949903	0.066323	19.7278	0.2361	184.08874235392716	1.7979795034318613	39.730836362534475	0.42771820883682504	164.47029509521838	1.3465353028571527	11.718
18.159721	0.068813	8.022554	0.071976	-0.602859	0.068153	-11.929841	0.068729	19.7224	0.2356	183.97424136399658	1.8071862647922583	39.78428580714743	0.45720105332331284	164.64912510244463	1.4069623385055616	11.718
18.183294	0.080293	8.020795	0.072226	-0.612523	0.074605	-11.928346	0.071786	19.7224	0.2356	183.51566075361413	1.9502349586906642	39.747856780042845	0.4780727341115345	164.81148599551705	1.507927693190269	11.718
18.155396	0.072719	8.000429	0.07211	-0.637688	0.067301	-11.957409	0.071615	19.7278	0.2361	183.651752910062	1.852081417133466	39.72577445931135	0.4536214118695481	164.75474378722367	1.4303734369323642	11.718
18.121946	0.073729	8.000429	0.073965	-0.635754	0.073663	-11.950034	0.07016	19.717	0.2351	184.25870009726958	1.9012066399896954	39.734673826246784	0.4802857939928085	164.8339556333291	1.4820449692173063	11.718
18.15763	0.070416	8.006507	0.070907	-0.622208	0.068155	-11.922465	0.071995	19.7278	0.2361	183.72131721673983	1.8086140326263558	39.769059045744825	0.45328928942445007	165.03850785058438	1.4478910295525629	11.718
18.13917	0.068932	8.004656	0.0696	-0.626071	0.068154	-11.948496	0.067729	19.7224	0.2356	184.02239805491934	1.7787252009110042	39.759790022373	0.4487559520871449	164.7153786493896	1.3978025470317599	11.718
18.10299	0.072862	7.974295	0.070527	-0.66284	0.070949	-11.970226	0.06934	19.7224	0.2356	184.12813047912957	1.8434208409464916	39.730291222527214	0.460174030454989	164.93446523682508	1.447059403246909	11.718
18.092752	0.076079	7.962355	0.070571	-0.657033	0.075426	-11.981418	0.06874	19.7278	0.2361	184.09718814778782	1.8857874682789502	39.81209559463028	0.47709934657218445	164.68688321911574	1.4840869266481502	11.718
18.085627	0.079521	7.953965	0.075804	-0.678325	0.07413	-11.979049	0.070176	19.717	0.2351	184.07421245114733	1.9960040747920635	39.752587235964796	0.4882583501282968	165.03170090241042	1.4907068515371544	11.718
18.099094	0.077263	7.952359	0.072587	-0.674442	0.073975	-11.968557	0.071451	19.7224	0.2356	183.80075891135058	1.9203290713139671	39.777885279312216	0.47787909462431494	165.12825899292937	1.5037039085216193	11.718
18.063347	0.080476	7.940235	0.07853	-0.693788	0.0768	-11.98686	0.075612	19.717	0.2351	184.22967260333752	2.0463278278579904	39.74460809639517	0.505626313788597	165.14351598366355	1.5760367770916746	11.718
18.0885	0.073224	7.958313	0.071703	-0.67251	0.074208	-11.986904	0.070235	19.7332	0.2364	184.10101037595555	1.8625028463948294	39.75934648816396	0.4753619399584921	164.8323001381504	1.4885274443896603	11.718
18.063347	0.063915	7.944246	0.065369	-0.691854	0.075713	-11.983173	0.065918	19.7224	0.2356	184.30268564267965	1.6651272513214386	39.73505338116045	0.46023217473776035	165.16914740351208	1.4684667466420658	11.718
18.044538	0.070552	7.932215	0.067406	-0.701525	0.068455	-11.983173	0.071314	19.7332	0.2364	184.42622683324055	1.7795753249467696	39.745914629296486	0.44226977008846335	165.3107344173513	1.4484903915383904	11.718
18.066077	0.074696	7.940511	0.073191	-0.666697	0.070216	-11.965133	0.070285	19.7332	0.2364	184.18501675590025	1.902275571695359	39.86843080970747	0.469805184903511	165.0651198936207	1.4514543709247694	11.718
18.032212	0.06797	7.910251	0.066536	-0.703456	0.070116	-11.999895	0.065103	19.7332	0.2364	184.2034534514834	1.7309492918248421	39.828150598675	0.44694005611766724	165.052028528817	1.3979815618342781	11.715
18.055698	0.071221	7.914475	0.072414	-0.69958	0.073251	-11.965177	0.071242	19.7278	0.2361	183.9006564244398	1.8418447736578352	39.83674112815782	0.4763477324668456	165.54628574029564	1.501544944785155	11.718
18.053537	0.074338	7.926475	0.074125	-0.691844	0.06856	-11.990941	0.06925	19.7386	0.2366	184.1578095389285	1.9090152713795425	39.817031942994596	0.46648501106183193	165.05545585155386	1.423498132273678	11.718
18.049144	0.068775	7.912348	0.073669	-0.703453	0.071565	-11.974219	0.069913	19.7224	0.2356	183.98097177146073	1.8291860320911946	39.828670417299946	0.4747869388483219	165.47034749535118	1.468825390302014	11.718
18.008659	0.06573	7.877932	0.073369	-0.742143	0.064437	-12.010603	0.064195	19.7386	0.2366	184.09118499545508	1.789999896472684	39.8089239284601	0.4509534525248552	165.50421401039318	1.335919862820259	11.718
17.994033	0.06744	7.887955	0.065644	-0.732474	0.067399	-12.016132	0.066724	19.7278	0.2361	184.54019422098543	1.7185298718171822	39.80728835863911	0.4344571624669117	165.28129082642363	1.3892095177634198	11.718
17.989642	0.071024	7.855791	0.074019	-0.742145	0.071908	-12.012314	0.067414	19.7386	0.2366	184.03444624341117	1.8629360369594121	39.91142344160387	0.47903631788819423	165.47912125254686	1.4472436735082017	11.718
18.00742	0.072467	7.882305	0.070518	-0.716991	0.070211	-12.007443	0.070696	19.7332	0.2364	184.19324016384638	1.8394507783998177	39.90511321114515	0.4617796830783917	165.18182899986888	1.4577073436130894	11.718
17.964713	0.073004	7.863869	0.075323	-0.74021	0.07002	-12.016088	0.068911	19.7386	0.2366	184.63583385497608	1.9174157382241308	39.88292898034077	0.47670507576411564	165.3953311725406	1.4410232400993526	11.718
17.981568	0.072954	7.869944	0.067516	-0.717001	0.071121	-12.010647	0.066134	19.7332	0.2364	184.43897815325244	1.813108186663284	39.96251086455896	0.45637897460045945	165.13513310913527	1.4200628159711433	11.718
17.979761	0.077117	7.854029	0.074184	-0.728601	0.074435	-12.00345	0.071401	19.7386	0.2366	184.18199441626183	1.946384680294319	39.98260173433707	0.48956374710130945	165.41043958969826	1.5131954364073212	11.718
17.943611	0.06978	7.831709	0.066635	-0.763416	0.067824	-12.027014	0.065889	19.7278	0.2361	184.43392252693917	1.7598365667375027	39.92447479667639	0.44165108195895275	165.5756578636331	1.3900306174896322	11.718
17.951502	0.076062	7.856457	0.075372	-0.759531	0.073487	-12.009594	0.075302	19.7224	0.2356	184.74189152176726	1.9596093331478748	39.827804858038874	0.48660433155486416	165.77485585576633	1.550430971144666	11.718
17.944387	0.066695	7.846072	0.068801	-0.765341	0.07481	-12.033027	0.066192	19.7278	0.2361	184.6820521728075	1.7524306540462569	39.84896341250392	0.47032155688677707	165.51558802208262	1.4673178126940032	11.718
17.927464	0.072457	7.833955	0.06845	-0.769211	0.070483	-12.034738	0.073681	19.7332	0.2364	184.76999674422262	1.8246718520211838	39.88716303268228	0.4555256946163974	165.54730251243825	1.4983680920010019	11.718
17.919461	0.077174	7.816068	0.07	-0.784675	0.06855	-12.046016	0.065335	19.7224	0.2356	184.58923181487015	1.9035786209873684	39.89839818247521	0.45450141016977097	165.6088524508416	1.3926250999072227	11.718
17.942933	0.073337	7.850353	0.073523	-0.759533	0.073001	-12.007619	0.071541	19.7278	0.2361	184.786992483545	1.9013307641920627	39.85603152870877	0.47961751690600407	165.80399907086672	1.506672162050115	11.718
17.906999	0.078869	7.792049	0.068529	-0.784675	0.071205	-12.038688	0.069628	19.7278	0.2361	184.37833424100396	1.9045370110926658	40.01013511921627	0.46101395922195104	165.71667267345268	1.4664726581275083	11.718
17.88562	0.075382	7.803863	0.078104	-0.798214	0.072831	-12.043909	0.071697	19.7386	0.2366	184.98536760158692	1.9917007861097797	39.892215717276564	0.4952516116373276	165.8392496762067	1.5071310600956176	11.718
17.88799	0.071527	7.78194	0.070492	-0.807878	0.066391	-12.042242	0.068546	19.7386	0.2366	184.54069545615707	1.833809615420644	39.94914915351111	0.45035302709724756	166.0065117070333	1.4100893309735827	11.718
17.860419	0.072941	7.775748	0.07189	-0.805948	0.070386	-12.062248	0.067348	19.7386	0.2366	184.93192522228895	1.878048951198039	39.98695266420388	0.4687972245853976	165.68300208820068	1.4338877159617087	11.718
17.909088	0.070956	7.824115	0.070914	-0.780808	0.078486	-12.029473	0.068371	19.7548	0.2365	184.92638671127094	1.8395083038780262	39.87902057700487	0.49021965205207335	165.79545934518777	1.5341883305976594	11.718
17.881021	0.076956	7.767614	0.07084	-0.809817	0.071467	-12.049173	0.069181	19.7494	0.2367	184.3592392779923	1.9067243578598436	39.99659636890514	0.46922697784613837	165.89030511337143	1.4680976997244164	11.715
17.890501	0.070566	7.782119	0.071994	-0.81754	0.067176	-12.048035	0.068471	19.7278	0.2361	184.49814261989715	1.839987595569339	39.90342588288169	0.45689601843456745	166.06371320994364	1.4183726766126685	11.718
17.846363	0.072318	7.761962	0.07126	-0.827209	0.068546	-12.062601	0.068452	19.744	0.2367	184.8895133317856	1.8614324319755826	39.9419300019382	0.4598010423339459	165.94882101838184	1.4308231272709349	11.715
17.860981	0.076741	7.769977	0.076109	-0.827209	0.075406	-12.057073	0.074687	19.744	0.2367	184.81585056669957	1.9795203201038674	39.914911804183035	0.4974221007669421	166.07303345860328	1.5695476655293894	11.718
17.865509	0.067823	7.782149	0.064384	-0.823339	0.068545	-12.062822	0.063272	19.7332	0.2364	184.95597175455356	1.7153445530553786	39.8763964531975	0.43576972321534835	165.93091864426935	1.3771560194090873	11.718
17.864736	0.075379	7.775808	0.072373	-0.834944	0.076564	-12.064179	0.071773	19.7494	0.2367	184.85389073568808	1.9146631276339385	39.85202123087755	0.48760579991289216	166.0823380847221	1.5521492115631472	11.718
17.856875	0.069481	7.757984	0.076619	-0.836874	0.07299	-12.057117	0.065786	19.7494	0.2367	184.67152989727902	1.8913788143876864	39.92572068727552	0.49156648031525335	166.2154347461587	1.4556326627440608	11.718
17.828957	0.07152	7.753648	0.070489	-0.836879	0.068029	-12.069531	0.070543	19.7332	0.2364	185.10376253722342	1.8448866975433615	39.94584634894294	0.4555260169151116	166.03182351675576	1.4485798307964082	11.718
17.822693	0.06912	7.73161	0.072575	-0.846544	0.070473	-12.067688	0.066706	19.7278	0.2361	184.81440787002438	1.8355520123271618	40.00346584934192	0.47175671102683087	166.20209110866733	1.4372638490618612	11.718
17.844205	0.070385	7.755921	0.071356	-0.840741	0.067819	-12.075456	0.067009	19.7278	0.2361	184.8656854847933	1.8366643498735047	39.91734384172248	0.4571096024571407	166.00132455252717	1.408713209686381	11.718
17.819288	0.068868	7.731938	0.068458	-0.846539	0.06443	-12.062645	0.06512	19.7386	0.2366	184.88279408678412	1.779750217874777	40.001962400256254	0.43837172735629865	166.2767394181882	1.3580533437104498	11.718
17.83029	0.071794	7.742194	0.070036	-0.82527	0.064035	-12.068526	0.06629	19.7386	0.2366	184.8691418039658	1.8379835249855927	40.05337884609846	0.44365236256423995	165.87522299616506	1.3597714429934236	11.718
17.810867	0.071821	7.723894	0.073668	-0.84074	0.07111	-12.071815	0.067014	19.744	0.2367	184.88972802475135	1.8858255181541586	40.06661313504835	0.47899283181215296	166.05513603749534	1.4446892287231246	11.718
17.782886	0.080274	7.703505	0.076069	-0.858142	0.076561	-12.109977	0.07482	19.7494	0.2367	185.02897484163103	2.0301336829335868	40.08059344381316	0.5052463927781121	165.74875803925758	1.5769283561212557	11.718
17.815042	0.071821	7.705864	0.072358	-0.848472	0.069242	-12.079185	0.072516	19.7386	0.2366	184.4836007822414	1.860513783891925	40.114846167319804	0.46964785817423543	166.06047922106166	1.482542062507487	11.718
17.768483	0.071187	7.685566	0.067517	-0.87167	0.076344	-12.099055	0.069006	19.7386	0.2366	184.9640897597115	1.7998044556029933	40.10125212093069	0.47760389963331296	166.1097032482681	1.5225397350759702	11.718
17.810867	0.073984	7.729904	0.074518	-0.850405	0.076278	-12.077343	0.072898	19.744	0.2367	184.99995923359663	1.92703683742366	39.99341600437621	0.4970378745778177	166.1163251199728	1.5611561480506158	11.718
17.768763	0.074661	7.703712	0.068974	-0.881332	0.072235	-12.091862	0.067866	19.7386	0.2366	185.29242898739574	1.8712259838239385	39.971357024359236	0.4650178718628656	166.35944761406404	1.4708112189895117	11.718
17.785813	0.080111	7.681826	0.07801	-0.898724	0.075911	-12.114193	0.074133	19.7602	0.2362	184.5783908930107	2.042685200430045	39.992292569122235	0.5073237224211616	166.28619651268764	1.5731654646222961	11.718
17.8335	0.072965	7.756698	0.074569	-0.85426	0.077946	-12.08029	0.070858	19.7332	0.2364	185.07633222827627	1.916147493402797	39.85107190229656	0.4992207565034462	166.12975812320065	1.558880237302041	11.718
17.780809	0.074064	7.698385	0.069212	-0.869727	0.068542	-12.087351	0.067501	19.7548	0.2365	184.973144843126	1.8597368078180796	40.05035007556359	0.4553183845901075	166.2542398220835	1.4257535033914857	11.718
17.76195	0.075084	7.688339	0.072133	-0.877459	0.069724	-12.105733	0.071526	19.7494	0.2367	185.1349739810569	1.9135126602625752	40.06116976277741	0.46919454084872486	166.09654842530904	1.4775988595952312	11.718
17.762508	0.072442	7.676556	0.072814	-0.885188	0.070473	-12.106087	0.070272	19.7494	0.2367	184.90843956575083	1.8830428928434555	40.08013803583398	0.4743699819630236	166.20570957996281	1.4741311465372984	11.718
17.781508	0.07218	7.690668	0.068357	-0.865857	0.066386	-12.10622	0.065435	19.7494	0.2367	184.81886915765773	1.8207708351868084	40.104584205184196	0.4466157050024743	165.91791443884836	1.3759247665174692	11.718
17.719713	0.073607	7.670104	0.072816	-0.904519	0.076838	-12.112793	0.074681	19.7386	0.2366	185.57712966545	1.9119460589388375	40.01993856739184	0.4940747717774978	166.39293476616123	1.590713566014829	11.718
17.738708	0.067858	7.674199	0.06701	-0.908384	0.066382	-12.125823	0.06718	19.7494	0.2367	185.3023909088324	1.755867305467101	39.982825438303664	0.43941571528963913	166.2569825251036	1.3997821076683077	11.718
17.719016	0.071269	7.659794	0.07221	-0.916117	0.069718	-12.134458	0.067496	19.7332	0.2364	185.3997803108584	1.8699410902162645	40.01393092353579	0.46832842475930236	166.24361717416565	1.4379880820069277	11.718
17.72319	0.068651	7.665802	0.072301	-0.906454	0.067167	-12.11235	0.064526	19.7548	0.2365	185.43359590524193	1.8382430921444737	40.03098547197652	0.4608431200033256	166.42824422826328	1.3833006093604179	11.718
17.732306	0.073523	7.644095	0.070955	-0.919979	0.069333	-12.140473	0.068274	19.7548	0.2365	184.86703246756048	1.8724118252031936	40.06923175812644	0.4641566036659505	166.2117309252126	1.4414074354118869	11.718
17.702807	0.069314	7.619945	0.065625	-0.925777	0.066031	-12.12003	0.067895	19.7548	0.2365	184.96510805101718	1.7510181094373822	40.15528071061026	0.4374431844339923	166.60135043100908	1.4095373246928244	11.718
17.737318	0.070405	7.674494	0.074754	-0.896785	0.07794	-12.104156	0.071013	19.7548	0.2365	185.33342888556388	1.8912850472625138	40.03555094433599	0.5044310815220857	166.40633837601132	1.5655582326591782	11.718
17.698633	0.069014	7.633964	0.071981	-0.939304	0.076266	-12.136611	0.068274	19.7494	0.2367	185.2994450472695	1.835940843939122	40.02626653450588	0.4896105694835751	166.55590729001415	1.5225832384429256	11.718
17.762718	0.072985	7.694675	0.067065	-0.883254	0.083519	-12.119118	0.074467	19.7656	0.2358	185.23735015053774	1.823644458591465	40.00451647523138	0.49953902464206823	165.98434673534248	1.653013434502927	11.718
17.720479	0.079153	7.652401	0.075903	-0.912247	0.074797	-12.102225	0.074069	19.7602	0.2362	185.2367080891548	2.017670241823318	40.06654678006174	0.4985187667012591	166.6649904205959	1.5678311164872392	11.718
17.663018	0.075376	7.615881	0.07455	-0.935439	0.074792	-12.147575	0.069588	19.744	0.2367	185.62280758082508	1.958653024851035	40.12899252632731	0.49555428323187806	166.33562936860307	1.5155551783860686	11.718
17.70573	0.081765	7.632314	0.074214	-0.918045	0.071632	-12.124247	0.073035	19.7548	0.2365	185.1385548965233	2.0294597813933235	40.1335064391545	0.4841399012151369	166.4237088645989	1.5192578514109052	11.718
17.673799	0.076717	7.61002	0.074504	-0.937371	0.072815	-12.131217	0.071751	19.744	0.2367	185.31585003945372	1.9692192676641807	40.147440413440584	0.48932431404656623	166.60740411233684	1.5215229669343848	11.718
17.66441	0.072684	7.593562	0.066032	-0.958626	0.072226	-12.141604	0.066676	19.7548	0.2365	185.18576295682345	1.8057278987051333	40.1249216440938	0.4591432352431355	166.76931556104043	1.4658814005824166	11.718
17.685415	0.0751	7.634552	0.071929	-0.921909	0.07128	-12.111704	0.066411	19.771	0.2353	185.5539744890101	1.9197977184037616	40.10488735177731	0.4746382728555353	166.66771867831307	1.451081134785228	11.718
17.678806	0.079271	7.620385	0.076348	-0.931572	0.075689	-12.139119	0.076754	19.7494	0.2367	185.41455208071457	2.028796620718755	40.126004265035235	0.5044277486360681	166.40373698245946	1.6005037224445764	11.718
17.676581	0.077437	7.614319	0.06835	-0.943167	0.066379	-12.13903	0.067496	19.7548	0.2365	185.34377969592495	1.902514596887054	40.10008365536928	0.44647059635384073	166.57738759802623	1.4085089751766877	11.718
17.680824	0.073179	7.620356	0.077609	-0.948964	0.073304	-12.139074	0.072751	19.744	0.2367	185.37682964648764	1.965511331991038	40.04470543554023	0.49887086123254226	166.66301995924064	1.538186229957609	11.718
17.63436	0.070286	7.594088	0.071257	-0.954761	0.071887	-12.158983	0.069322	19.7602	0.2362	185.7497135485777	1.8516911894291106	40.140592876104535	0.475268244727538	166.45311261824583	1.4836387497726693	11.718
17.663643	0.071879	7.61214	0.076524	-0.950896	0.068124	-12.151659	0.065676	19.7602	0.2362	185.54217598689584	1.9379950495259652	40.07408783968085	0.4794746803107046	166.50452418830466	1.4066680528626443	11.718
17.665521	0.082889	7.59403	0.075862	-0.952829	0.076049	-12.131261	0.073997	19.7656	0.2358	185.1739344693569	2.0659251009354036	40.149941602390044	0.5046080602722615	166.83713445067238	1.5836597137140338	11.718
17.648897	0.07292	7.606074	0.074056	-0.943168	0.075686	-12.13499	0.07032	19.7494	0.2367	185.70252954968285	1.9217973792208465	40.13875166082856	0.497154962854591	166.63752530966843	1.5382281182734956	11.718
17.631997	0.080708	7.597976	0.075735	-0.964422	0.075463	-12.153279	0.073031	19.7548	0.2365	185.86544315985924	2.050136652778216	40.07707626677108	0.5004146653283299	166.6816928529322	1.5644158371056383	11.718
17.640412	0.072842	7.604013	0.065376	-0.956693	0.067163	-12.147797	0.072202	19.7656	0.2358	185.8213918578961	1.8121751000206272	40.08499704786428	0.43887594560876897	166.64823187983208	1.4684195548605472	11.718
17.632066	0.070989	7.579984	0.072256	-0.964422	0.069231	-12.149639	0.071897	19.7548	0.2365	185.53148614693353	1.8695669109022985	40.161466600292165	0.4703564340785805	166.7359328493934	1.487855028351529	11.718
17.617253	0.069194	7.581899	0.070407	-0.987606	0.068224	-12.1624	0.065112	19.771	0.2353	185.84073664159513	1.8280861270952542	40.04384070933928	0.45811839995536735	166.8914464588269	1.408466961471037	11.718
17.671781	0.075215	7.61005	0.068404	-0.958625	0.067273	-12.12205	0.06631	19.7602	0.2362	185.35354477225022	1.8728880209914742	40.04771771473538	0.4484033277610217	167.0614315139837	1.413598102097724	11.718
17.642915	0.074481	7.588169	0.071126	-0.941235	0.069234	-12.140694	0.065258	19.7602	0.2362	185.4823273612693	1.8998305058399603	40.23210689137478	0.46818842565470337	166.52389274850515	1.4146535216439005	11.718
17.621149	0.077352	7.577778	0.077836	-0.974082	0.070091	-12.154854	0.072189	19.7494	0.2367	185.69239493429131	2.028896698707788	40.12646240853964	0.49146930240771924	166.80221967936745	1.5010918874451626	11.718
17.653348	0.074277	7.590171	0.075759	-0.952828	0.073783	-12.149906	0.074146	19.7386	0.2366	185.32693197591203	1.9539240851913808	40.168077811215845	0.49723125405440327	166.5593273696691	1.555981815067516	11.718
17.616067	0.075373	7.574269	0.072451	-0.968286	0.0718	-12.15561	0.07167	19.7602	0.2362	185.72148396529653	1.9335863914427478	40.170168943952746	0.4796476893584811	166.70453349268698	1.5117090279865948	11.718
17.630465	0.068737	7.578186	0.067441	-0.966354	0.067272	-12.153634	0.071982	19.7602	0.2362	185.52785548601165	1.777273098438515	40.160836903420446	0.4477219641236394	166.705180236794	1.4681343070352846	11.718
17.615721	0.072294	7.566114	0.066031	-0.979878	0.068633	-12.160914	0.066675	19.7602	0.2362	185.5771788197918	1.8080197211468216	40.15401054432651	0.44749058427006533	166.7982896581136	1.4274643133484386	11.718
17.617669	0.078495	7.576067	0.071349	-0.98181	0.072225	-12.158983	0.067476	19.7656	0.2358	185.72511829648664	1.961938208730494	40.09824644944636	0.4756966451226598	166.85593672611697	1.4755165740624159	11.718
17.645556	0.071103	7.5864	0.072745	-0.966354	0.071187	-12.152103	0.069452	19.7602	0.2362	185.40100582355734	1.8748497761600609	40.122267727271996	0.4774712876136917	166.72799706366786	1.4824144550076226	11.718
17.607376	0.072937	7.572121	0.073545	-0.977946	0.072226	-12.142492	0.071806	19.7494	0.2367	185.8425836411964	1.9181841310950092	40.13487452821032	0.48386557742952563	167.0446439319783	1.523826083837086	11.718
17.599377	0.074908	7.56626	0.072397	-0.983742	0.07281	-12.16482	0.072131	19.7548	0.2365	185.88218765431924	1.9300423570729892	40.135178501840265	0.4819867505655197	166.79765828879715	1.5289342412411588	11.718
17.599723	0.075681	7.564404	0.07097	-0.979879	0.072311	-12.150305	0.07188	19.7548	0.2365	185.84139071243862	1.9213506630359842	40.16204940763125	0.47624724366724924	166.95670198154681	1.5239026662014588	11.718
17.590755	0.072274	7.536112	0.06919	-1.006925	0.070734	-12.184904	0.070814	19.7548	0.2365	185.48422628466616	1.8457568712795445	40.16790166114111	0.465232861425539	166.8438958662199	1.4939469968176589	11.718
17.605774	0.074716	7.552303	0.071976	-0.999198	0.072139	-12.159383	0.069732	19.7656	0.2358	185.50584731122314	1.9142967045746178	40.12814455060125	0.4781896632730635	167.1099241374308	1.5023536542576428	11.718
17.578307	0.07873	7.534139	0.073824	-1.003061	0.070182	-12.179423	0.079451	19.7548	0.2365	185.67765946663832	1.9951610197339262	40.195362406341076	0.4795836148484006	166.86804587557958	1.5827626109456872	11.718
17.598961	0.068297	7.54206	0.070062	-1.020447	0.073215	-12.194025	0.066619	19.7602	0.2362	185.44257088709014	1.8041492550071536	40.07656660781421	0.474302919638332	166.9096215268571	1.4786568945414922	11.718
17.594997	0.071309	7.546151	0.070518	-1.00113	0.072559	-12.179423	0.068088	19.7602	0.2362	185.59123900297914	1.8522259326540926	40.14795827951114	0.4752661586723439	166.8392075689006	1.4851051310524321	11.718
17.565722	0.072658	7.518095	0.069704	-1.008857	0.071534	-12.186746	0.069552	19.771	0.2353	185.61373932797667	1.8600266536155263	40.243674201168055	0.4713869800982583	166.8452376446422	1.4892490518648596	11.718
17.582756	0.073261	7.536257	0.072116	-0.997266	0.075972	-12.172233	0.069878	19.7656	0.2358	185.63458575367875	1.8994938679078164	40.21268281623726	0.49361148261366145	166.88887216676247	1.5415227985433553	11.718
17.55731	0.073798	7.530077	0.06652	-1.001129	0.072223	-12.170124	0.075193	19.771	0.2353	185.9912678278448	1.8428692887964515	40.22360324621862	0.4629508013026073	166.97810922741215	1.5587050654307573	11.718
17.587205	0.074879	7.550388	0.074509	-0.999199	0.075459	-12.174253	0.073888	19.771	0.2353	185.81365539944363	1.9556201561172597	40.137130823295216	0.49784685325909217	166.88756145340244	1.5771754556755988	11.718
17.574481	0.06778	7.542293	0.070447	-0.995334	0.070735	-12.157541	0.07564	19.771	0.2353	185.89938454252228	1.8115074759985703	40.193356078502	0.4699839075421295	167.07965739088328	1.5501417119813787	11.718
17.56586	0.076813	7.518153	0.076427	-1.016584	0.076257	-12.184993	0.074812	19.7602	0.2362	185.61225774755326	2.0016952756693223	40.206964606232845	0.5086156021458069	166.9868616570634	1.5972402250206297	11.718
17.536521	0.068729	7.514092	0.070444	-1.033969	0.071091	-12.19043	0.068198	19.771	0.2353	186.03276219900695	1.8267963472029813	40.13402048624353	0.46989104595141234	167.12289816895836	1.475724649135993	11.715
17.545071	0.078949	7.522186	0.077073	-1.010789	0.076613	-12.166618	0.073478	19.771	0.2353	186.0243040025107	2.0477559250784347	40.20497348806574	0.5120365890677154	167.13237101061057	1.5903531598572498	11.715
17.558414	0.069897	7.530542	0.070461	-1.008859	0.069711	-12.167152	0.066307	19.771	0.2353	185.9793910375746	1.8406851017526273	40.185009146793405	0.4664319378520277	167.13825507657975	1.4411093620419357	11.718
17.560569	0.076848	7.526566	0.074049	-1.006927	0.071095	-12.183775	0.069636	19.7656	0.2358	185.86577029958312	1.976807702967674	40.21282485176683	0.4837389466388278	166.86078322438948	1.4857049582651645	11.718
17.543537	0.077932	7.512408	0.072827	-1.022381	0.068221	-12.179868	0.071519	19.7602	0.2362	185.91902694597746	1.976924112040638	40.20672057536578	0.47009968757042003	167.15032212602844	1.4806990244905043	11.718
17.523387	0.075625	7.48781	0.072057	-1.032035	0.073213	-12.201079	0.069612	19.7602	0.2362	185.78904419461134	1.9338235923747855	40.26693090309976	0.48550136018655676	166.9346175306117	1.509934043771748	11.715
17.592	0.078576	7.546645	0.077568	-0.977947	0.071187	-12.17097	0.074061	19.771	0.2353	185.6557317495169	2.0406323023606108	40.2548153566576	0.4971647625578903	166.61965433652097	1.529177345865262	11.718
17.528592	0.076435	7.492246	0.073624	-1.02238	0.069226	-12.194381	0.067821	19.7656	0.2358	185.8223862438502	1.9649208667392435	40.301931248594926	0.4783354148871605	166.93317467348194	1.4480714250051205	11.718
17.530264	0.079815	7.498078	0.076796	-1.033969	0.077307	-12.195956	0.07877	19.7656	0.2358	185.89943160651995	2.052433557604789	40.219644503826515	0.5136671124815502	167.0829433972341	1.6520857902620478	11.718
17.544726	0.070533	7.502024	0.073719	-1.033968	0.068829	-12.201392	0.068912	19.7602	0.2362	185.7047617246145	1.886622398030522	40.201056182639775	0.4749914773252381	167.00160251857537	1.4565163639513472	11.718
17.528385	0.070354	7.50417	0.070566	-1.020448	0.071534	-12.197931	0.071576	19.7656	0.2358	186.04724760140118	1.8494090456386298	40.25469574195394	0.47449340865130113	166.8512994356077	1.5105668981927902	11.718
17.52018	0.080201	7.506229	0.078263	-1.026243	0.081529	-12.190653	0.0781	19.7602	0.2362	186.19026601829862	2.0835280149293385	40.2073408311347	0.5325501882544942	167.00391859448936	1.6888315071687525	11.715
17.537141	0.072026	7.498338	0.074734	-1.026244	0.07575	-12.196357	0.072259	19.7602	0.2362	185.77688665296117	1.9207645654514194	40.25486361496141	0.5024931820186321	166.96139573601567	1.564782799255131	11.718
17.515389	0.082172	7.493959	0.072006	-1.02431	0.072887	-12.18841	0.069465	19.771	0.2353	186.09895408531418	2.0289201777406407	40.284696307629055	0.4845426068320371	167.05131639435712	1.5066087704431173	11.718
17.519423	0.078887	7.46388	0.078351	-1.043625	0.07153	-12.203055	0.071975	19.7656	0.2358	185.4676277187113	2.050731240080356	40.33566795427492	0.5029991648928069	167.12122188878257	1.5196484553129954	11.718
17.513097	0.071087	7.483865	0.070564	-1.045556	0.069801	-12.212219	0.068526	19.7602	0.2362	185.9541798130937	1.857137863815208	40.23202536889809	0.4681680944313194	167.0129783974311	1.4629770683614687	11.718
17.546812	0.076869	7.506027	0.079019	-1.032037	0.076539	-12.205075	0.071993	19.7656	0.2358	185.7402277735143	2.0392730921817392	40.19130124658642	0.517850264139094	166.91767516954835	1.5697876316502488	11.718
17.524214	0.081625	7.488156	0.074573	-1.032038	0.073535	-12.199773	0.077344	19.771	0.2353	185.78014791127754	2.0466286692341535	40.265282776544844	0.49494288026621336	166.95418762675845	1.5954491981431074	11.715
17.529005	0.077023	7.498425	0.074816	-1.022381	0.073134	-12.185439	0.073473	19.771	0.2353	185.9291832195066	1.9903799529571087	40.27270373206663	0.49449011683025323	167.06691424778032	1.5514871076313548	11.718
17.507185	0.073307	7.474002	0.067947	-1.047489	0.073534	-12.212442	0.066617	19.7602	0.2362	185.8809509610151	1.8518052811320376	40.26946685430891	0.47313107629942286	167.03855192260434	1.4844575890289204	11.718
17.500791	0.077899	7.485953	0.072367	-1.047488	0.072554	-12.199461	0.072983	19.7656	0.2358	186.22144539408458	1.9770756457935645	40.2130714132254	0.48290089686835225	167.23298160767385	1.5432310828961238	11.718
17.511494	0.07106	7.480064	0.070003	-1.049421	0.068423	-12.212531	0.067728	19.7656	0.2358	185.91344126582487	1.8486619196468295	40.23172547759481	0.4617178536229137	167.06612552930432	1.4408366791253946	11.718
17.511081	0.069246	7.479891	0.072245	-1.041693	0.069223	-12.206738	0.068067	19.771	0.2353	185.91789236311627	1.8547311332432506	40.269024153991815	0.47281779192885864	167.0371771434235	1.4524231076654681	11.718
17.498706	0.070071	7.48195	0.07044	-1.045557	0.072803	-12.208669	0.066637	19.7656	0.2358	186.13812795539707	1.8463151295139473	40.23075404358286	0.47791999901805043	167.02332232651818	1.4766863797710734	11.715
17.50157	0.069947	7.485405	0.070864	-1.041689	0.070546	-12.196772	0.07092	19.7656	0.2358	186.19679205179838	1.8509841031020613	40.24300354793403	0.4719065364764349	167.1863519816018	1.4992268565828353	11.718
17.493091	0.069741	7.469338	0.070395	-1.068725	0.067371	-12.21694	0.064651	19.771	0.2353	186.05580977334026	1.8392990664387978	40.19130437895168	0.45867471868495	167.2893589198587	1.4011599524120584	11.718
17.503242	0.074963	7.457216	0.073424	-1.057137	0.071263	-12.211237	0.069527	19.771	0.2353	185.64331349462142	1.9390459256255579	40.30322596364408	0.4843414347124999	167.20109281682574	1.4924342211669488	11.718
17.495176	0.070497	7.471339	0.068436	-1.049413	0.067373	-12.209574	0.065108	19.7656	0.2358	186.0542521216717	1.8236615465798809	40.272956585786474	0.45389995641280634	167.11029171327158	1.4029241272996624	11.718
17.475724	0.076834	7.457043	0.076667	-1.072584	0.071956	-12.2257	0.072963	19.771	0.2353	186.1500238559729	2.0167354173027303	40.231053301409005	0.4959318735585893	167.21583401283814	1.5363996537032798	11.718
17.487523	0.074611	7.471626	0.074184	-1.064867	0.069798	-12.206337	0.06891	19.771	0.2353	186.20176113952454	1.956000240138108	40.19869543633248	0.47965270800714405	167.39062225415032	1.4736172793757867	11.718
17.499553	0.071994	7.465421	0.072729	-1.041689	0.071442	-12.220757	0.071436	19.7602	0.2362	185.81579378778906	1.8950843400409008	40.32721032529664	0.4832749743974363	166.78494437812074	1.507306913337777	11.715
17.495245	0.073372	7.441351	0.070435	-1.064863	0.06922	-12.222509	0.074823	19.7656	0.2358	185.49803052289525	1.876555569543695	40.34178741151959	0.46835818723752387	167.14795850640326	1.5269814936046258	11.718
17.466261	0.07244	7.457445	0.0731	-1.076451	0.072297	-12.213435	0.070595	19.7656	0.2358	186.33350579444053	1.915935753477745	40.210925890453446	0.48444520962304227	167.4580496915983	1.5193646092910593	11.718
17.495658	0.07202	7.463535	0.077447	-1.076452	0.072798	-12.222777	0.072123	19.771	0.2353	185.90060002124417	1.9597675023699603	40.182246492394995	0.5001150956356673	167.3177242271782	1.5382623827937627	11.718
17.484957	0.071492	7.449412	0.068877	-1.062933	0.077371	-12.222598	0.072137	19.771	0.2353	185.83720718226178	1.8383274438738475	40.31273128577643	0.4905676646603418	167.11770572653387	1.5841182196745844	11.718
17.484613	0.077496	7.473282	0.067897	-1.062931	0.067263	-12.211326	0.066689	19.7656	0.2358	186.28668098802956	1.9171819390421563	40.20001086388791	0.45008959454328246	167.28665307356073	1.4213010207433536	11.718
17.446811	0.072274	7.443151	0.0709	-1.080309	0.068214	-12.235085	0.067942	19.771	0.2353	186.42952895500784	1.8867970234070894	40.260160494734684	0.46472549300392196	167.19095198786067	1.443034874874602	11.718
17.469126	0.072993	7.43489	0.071108	-1.091891	0.06715	-12.242048	0.068098	19.771	0.2353	185.86144311550365	1.887533764504731	40.244483982924805	0.4616083333991917	167.26021434139474	1.434619095826546	11.718
17.48899	0.073892	7.467365	0.064252	-1.055207	0.067694	-12.194885	0.06397	19.771	0.2353	186.0953364599473	1.818318718941317	40.26435457428115	0.44093973443674545	167.417552424751	1.399758587407392	11.718
17.483078	0.076864	7.451499	0.076181	-1.070659	0.077643	-12.213525	0.073553	19.7656	0.2358	185.91068018643023	2.0055959893921265	40.26631305961403	0.5139494095769453	167.36965557245003	1.6064328661480578	11.718
17.466192	0.076854	7.457417	0.070448	-1.057139	0.071441	-12.206024	0.067705	19.771	0.2353	186.33424916014013	1.9409640512831987	40.30226395586356	0.47490938114112996	167.27929445058828	1.4767960371080937	11.718
17.449033	0.073522	7.4232	0.07578	-1.099619	0.073605	-12.237016	0.076844	19.771	0.2353	186.01721579639158	1.9589844495008404	40.26319169528996	0.4990685892539667	167.4518421954181	1.5998502848009415	11.718
17.445549	0.070635	7.427487	0.070152	-1.086107	0.070815	-12.239305	0.070036	19.7656	0.2358	186.16151786486782	1.8499324183928565	40.30681592138317	0.4719253626989199	167.2146157506298	1.493226641587372	11.718
17.443396	0.070065	7.433461	0.072308	-1.080314	0.072129	-12.237419	0.066633	19.771	0.2353	186.31267113313064	1.874030678548089	40.30596047241514	0.4835154268392449	167.15605389549776	1.4711847722169638	11.718
17.444864	0.074487	7.445209	0.072322	-1.091896	0.067795	-12.229651	0.067793	19.7656	0.2358	186.45646480821478	1.9358643629521728	40.1855223846644	0.46661772663928125	167.40358804452413	1.4410372598650407	11.715
17.460074	0.081157	7.43146	0.078168	-1.093831	0.078706	-12.228212	0.07551	19.771	0.2353	185.9656399613353	2.089471344880497	40.25151485712837	0.523733583929726	167.49719877054267	1.6407748825613366	11.718
17.43263	0.076421	7.411309	0.07251	-1.089967	0.078444	-12.231671	0.071513	19.7656	0.2358	186.1009844631662	1.9563377825031811	40.365222149681124	0.5072116198119949	167.38710374513917	1.5947298187500212	11.718
17.458195	0.067305	7.443552	0.070503	-1.078384	0.071527	-12.224663	0.06679	19.771	0.2353	186.2250726202027	1.812503187281168	40.267361000004556	0.4745576627767209	167.31840474575466	1.4690196340526844	11.718
17.455973	0.078304	7.43349	0.073761	-1.082245	0.07288	-12.228256	0.068175	19.771	0.2353	186.07939476002915	1.9972452191006773	40.29668318106368	0.4906759709448067	167.32242503507337	1.4981268901577907	11.718
17.443601	0.072379	7.449556	0.07085	-1.074522	0.069317	-12.22098	0.068977	19.771	0.2353	186.60887240554553	1.8911719218055933	40.25724671691112	0.4681145380215675	167.31571409605198	1.4678778069978802	11.718
17.464382	0.079864	7.441523	0.070458	-1.062934	0.072215	-12.213569	0.070195	19.771	0.2353	186.02478383860782	1.9766783033514976	40.339792547642595	0.47857275944015143	167.2102245138503	1.5101982551472803	11.715
17.451323	0.079863	7.431289	0.077526	-1.101551	0.076242	-12.222419	0.071664	19.7602	0.2362	186.12486608963036	2.0674799726519386	40.21590417393745	0.5124730320132641	167.7007268680619	1.577880519054342	11.718
17.44736	0.073907	7.437377	0.069262	-1.089967	0.070078	-12.215187	0.069227	19.771	0.2353	186.2640825317594	1.8847689729256376	40.2315180167731	0.46486074419632945	167.59220612359616	1.4839040327665054	11.715
17.416911	0.071912	7.3877	0.073473	-1.109282	0.071523	-12.254393	0.071317	19.771	0.2353	185.9069481775089	1.9057246492618891	40.37527994363384	0.4872270233284155	167.29310103903464	1.516098450542109	11.715
17.424124	0.076086	7.436121	0.073176	-1.080323	0.072299	-12.225557	0.070279	19.7602	0.2362	186.72176999248407	1.973475059111401	40.29332944305226	0.4866927801058643	167.33409901451336	1.5138200501323744	11.718
17.444218	0.075119	7.413795	0.069246	-1.099629	0.067583	-12.247162	0.068063	19.771	0.2353	185.8844931156149	1.8933454866895876	40.29730156661266	0.45800139886310165	167.25674967996204	1.4391302371944565	11.715
17.433794	0.073907	7.395788	0.072287	-1.10156	0.073844	-12.234273	0.070859	19.771	0.2353	185.7916316886885	1.9134596950034577	40.3838799951569	0.491106779857896	167.52230435904463	1.5400111946506267	11.718
17.418928	0.076332	7.405678	0.072773	-1.097696	0.073204	-12.223045	0.070468	19.771	0.2353	186.25098060085304	1.9616700305034838	40.355261619310475	0.48986888987732763	167.63318735487576	1.5310224675570079	11.718
17.425729	0.074575	7.409907	0.07163	-1.103493	0.069217	-12.230768	0.072757	19.771	0.2353	186.15548295993966	1.921876459125466	40.29741377220151	0.471487663391078	167.56125007540638	1.5122147533162478	11.715
17.422891	0.078402	7.397589	0.075115	-1.10928	0.070811	-12.241325	0.071115	19.7764	0.2359	186.02707134655688	2.01474363223383	40.33867948496866	0.48950501094381865	167.53235183108958	1.5103251690937705	11.718
17.431162	0.070829	7.401562	0.071168	-1.101556	0.06769	-12.24128	0.066692	19.771	0.2353	185.94736783072707	1.861539065812364	40.35647460020092	0.4661534168057889	167.41686174474697	1.428116244850413	11.718
17.455398	0.072023	7.41611	0.073174	-1.086117	0.071872	-12.221874	0.068892	19.7764	0.2359	185.76792663071615	1.8998708456755176	40.36070663932374	0.48689365823540887	167.47650475800518	1.4973034461336756	11.718
17.423371	0.07357	7.407793	0.077483	-1.103491	0.074388	-12.249004	0.072352	19.771	0.2353	186.16001166203378	1.985953209699252	40.30743666025352	0.5086737468380874	167.28707195270422	1.5575403556146412	11.715
17.426003	0.07261	7.40602	0.067476	-1.088047	0.07036	-12.23463	0.071918	19.771	0.2353	186.12581793617892	1.841248178628248	40.39948208741439	0.46366232348340364	167.31382973313947	1.5102109521536682	11.718
17.432052	0.074623	7.405934	0.074396	-1.093839	0.073206	-12.241862	0.070589	19.771	0.2353	186.01193834875502	1.954945006887696	40.37235946258945	0.49575585954550166	167.2922222314879	1.5260912170913747	11.718
17.451159	0.071618	7.43209	0.073686	-1.084185	0.074392	-12.231037	0.07086	19.771	0.2353	186.1428062143274	1.909077667986666	40.294128615515184	0.49541787890929384	167.30980943809735	1.542068667696265	11.718
17.427814	0.072124	7.437922	0.067479	-1.08032	0.067153	-12.223402	0.068564	19.7656	0.2358	186.6864541385558	1.8457494433666586	40.28482530888521	0.4502189087706767	167.36640872259707	1.4414703856138493	11.718
17.41927	0.06947	7.383812	0.070553	-1.124731	0.068107	-12.245366	0.069935	19.7764	0.2359	185.83881893916444	1.833565640571352	40.33074382605242	0.46482245623495966	167.70424583124876	1.4721413418328435	11.718
17.408505	0.073014	7.407678	0.071863	-1.111213	0.070722	-12.239618	0.071511	19.771	0.2353	186.43461059209233	1.9098068480471275	40.271441527364416	0.4766375432276692	167.54423831435022	1.5142201180944455	11.715
17.395383	0.071909	7.385415	0.072336	-1.105416	0.070077	-12.248422	0.069224	19.771	0.2353	186.3120458330443	1.898445772052042	40.41487967170074	0.4793814548696262	167.3675499617699	1.4794998457909296	11.718
17.416911	0.069684	7.399704	0.071276	-1.118937	0.068212	-12.241504	0.066668	19.771	0.2353	186.1773956218704	1.8526298866629292	40.28293998543025	0.4665294868359062	167.6751023846774	1.437886132076983	11.718
17.37191	0.068829	7.355182	0.066598	-1.118927	0.086177	-12.231492	0.065106	19.771	0.2353	186.1863058278683	1.7802043362743019	40.49463012440339	0.5204489625262001	167.82601946516476	1.631149302526292	11.718
17.394494	0.074569	7.377043	0.071624	-1.115063	0.073761	-12.234951	0.072977	19.771	0.2353	186.17287676572298	1.9215886350507145	40.408808463249734	0.4892311982722145	167.71549633761998	1.5649743371716032	11.718
17.413185	0.076933	7.405022	0.076703	-1.111201	0.073601	-12.242271	0.07206	19.7656	0.2358	186.2979482345092	2.0222455308875693	40.28406087207875	0.5028457167551498	167.5041172317603	1.5500299305017344	11.715
17.411921	0.069535	7.411366	0.063936	-1.099622	0.064016	-12.24465	0.066764	19.7656	0.2358	186.4874130844073	1.761476126996335	40.31915839550841	0.42860914714676945	167.33719255464587	1.3887814436443242	11.718
17.382672	0.070593	7.401334	0.068368	-1.109276	0.069699	-12.235398	0.068099	19.7656	0.2358	186.8464571195088	1.8396236241328163	40.32095110930059	0.4625567307722681	167.62152277902322	1.46806128098273	11.718
17.435057	0.074249	7.419455	0.071958	-1.084176	0.07408	-12.219004	0.068388	19.771	0.2353	186.20724425709602	1.922325033139872	40.35404269049869	0.4900938936549356	167.49046522558857	1.51653849864911	11.718
17.386567	0.073533	7.363211	0.072638	-1.132442	0.069695	-12.246267	0.06977	19.771	0.2353	186.06319153305836	1.9186822911843988	40.39193858876711	0.4786105122171227	167.80699243664358	1.489005113071587	11.718
17.441791	0.070122	7.411652	0.068885	-1.089972	0.0659	-12.223	0.064952	19.771	0.2353	185.93735985000646	1.8222181570031328	40.36357102468947	0.45260816395953113	167.5175509247979	1.392270165743443	11.718
17.409905	0.074625	7.377384	0.074134	-1.122792	0.075588	-12.248377	0.071751	19.771	0.2353	185.89322002789322	1.9490557995461677	40.370443845052485	0.5028364198291302	167.62962450809377	1.5702786881751407	11.718
17.394939	0.073879	7.402104	0.070063	-1.115083	0.07054	-12.227398	0.071573	19.7656	0.2358	186.6314788614547	1.9016042004934663	40.2898184218277	0.470308445300767	167.82979014871646	1.5177363693407069	11.718
17.400987	0.073364	7.390013	0.068368	-1.117012	0.068921	-12.240155	0.069192	19.771	0.2353	186.29332237172073	1.86613820758207	40.3379416852891	0.46032149230308483	167.66642542939218	1.4721123920051975	11.718
17.392239	0.073412	7.385841	0.072325	-1.118939	0.069216	-12.254617	0.073602	19.771	0.2353	186.3308012964862	1.9189905332167483	40.33825751457164	0.4748148543899397	167.43481456209528	1.5191502661888179	11.715
17.417596	0.071913	7.40199	0.071237	-1.103495	0.066929	-12.229061	0.070999	19.771	0.2353	186.20716100695935	1.8819208142811128	40.34524938877292	0.4636516613847131	167.62990347443485	1.4701341842823294	11.718
17.381681	0.073565	7.375781	0.072336	-1.130523	0.077839	-12.249004	0.075207	19.771	0.2353	186.3878049228919	1.921851544880203	40.34136033340336	0.5039464537459938	167.73673162793023	1.6328804362789817	11.718
17.385508	0.075766	7.369638	0.074108	-1.124728	0.074768	-12.267192	0.069137	19.771	0.2353	186.2022593578026	1.9703115203305563	40.398059286351206	0.5006597604603856	167.37568697301128	1.5296928944285748	11.718
17.420502	0.071961	7.422342	0.068387	-1.107363	0.067368	-12.24433	0.068633	19.771	0.2353	186.53207716330317	1.8521025583840132	40.23068799107123	0.4527716139945285	167.4583004131007	1.446059403347382	11.718
17.380074	0.071643	7.389985	0.072744	-1.101564	0.071524	-12.249317	0.072408	19.771	0.2353	186.6827732185756	1.9079265208532397	40.41146137862474	0.48549842466656007	167.29627345871666	1.527379918345158	11.718
17.422108	0.077195	7.394129	0.075797	-1.113152	0.073841	-12.236651	0.073397	19.771	0.2353	185.9774160511192	2.0064041494679894	40.33672920293613	0.5017348311016472	167.66106417014527	1.5692702946303005	11.718
17.420091	0.069441	7.382152	0.07005	-1.122807	0.069794	-12.249586	0.06577	19.771	0.2353	185.7928848177746	1.8256506430792692	40.34773708807705	0.46911254476060577	167.611642045843	1.4446349699421561	11.718
17.407788	0.073545	7.392242	0.080773	-1.103499	0.072464	-12.23683	0.06936	19.771	0.2353	186.20827037056327	2.0309527855618796	40.39151958575181	0.5159094995682681	167.51300093882858	1.5092454248638731	11.718
17.397707	0.077304	7.402389	0.075398	-1.111226	0.073286	-12.23337	0.069248	19.771	0.2353	186.5851122288674	2.0157904411040075	40.306720829507334	0.49780184457394666	167.68147985578562	1.520099448764034	11.718
17.418349	0.07349	7.404304	0.071906	-1.109293	0.068921	-12.229553	0.068012	19.7764	0.2359	186.23619562138893	1.9121411609767438	40.30680213676635	0.47155886312148904	167.7099002361261	1.460313562136192	11.718
17.386669	0.073195	7.390127	0.066492	-1.128599	0.067689	-12.251383	0.069936	19.771	0.2353	186.5622734742307	1.8454930323260512	40.28253361588712	0.44867711169730795	167.67184926839158	1.4671882464388348	11.718
17.354722	0.072005	7.361834	0.071273	-1.157553	0.075878	-12.267506	0.072423	19.771	0.2353	186.63049586829584	1.8921729447002733	40.279408337648164	0.49219144971682743	167.8654827751686	1.584878696608298	11.718
17.392513	0.077382	7.389956	0.080313	-1.134388	0.074691	-12.241907	0.074951	19.771	0.2353	186.45010176054862	2.07886911826972	40.25598509731083	0.5179431540626869	167.90227184045892	1.5994798336051714	11.718
17.344097	0.071281	7.351747	0.070979	-1.15562	0.068915	-12.267372	0.072735	19.771	0.2353	186.64053969909446	1.8789197921133145	40.336317322734374	0.46906600544502713	167.83831910928825	1.5134471779330099	11.718
17.394597	0.071075	7.385955	0.070885	-1.126665	0.069214	-12.243748	0.072667	19.771	0.2353	186.3367277376641	1.8688540562013547	40.311430183962855	0.46915625700805313	167.75781791526273	1.5143623883510027	11.718
17.352638	0.075678	7.353833	0.075746	-1.142108	0.07344	-12.256459	0.072046	19.771	0.2353	186.5200412603533	1.997369069680441	40.390568471593035	0.5015735409604506	167.79906944737814	1.5532177796009572	11.718
17.360975	0.079851	7.351832	0.074436	-1.151761	0.075363	-12.265665	0.0731	19.771	0.2353	186.32741269804183	2.032174133356745	40.35421967417161	0.5026755798382242	167.80581500556866	1.5852375863999064	11.718
17.384653	0.072766	7.388155	0.070207	-1.113153	0.071171	-12.238537	0.071825	19.771	0.2353	186.5630911119273	1.8870583467818745	40.36507158096728	0.474674246238775	167.63264608405797	1.5235478367124318	11.718
17.380348	0.070936	7.362089	0.065492	-1.120875	0.067259	-12.245813	0.068243	19.7656	0.2358	186.1578719973875	1.7940022763183927	40.452353078669695	0.44766945506192946	167.63936995447864	1.4438433506049448	11.718
17.354927	0.071371	7.337915	0.074668	-1.149833	0.066926	-12.251069	0.069397	19.7764	0.2359	186.181027066961	1.9198261987755207	40.42955872927288	0.47762256627588573	167.99729339630744	1.459005942684157	11.718
17.380416	0.076976	7.356116	0.075311	-1.136323	0.07384	-12.260589	0.068438	19.771	0.2353	186.04567667773037	1.998651311612729	40.40722518945294	0.5018324809728628	167.6494872723959	1.5172845875638656	11.718
17.377922	0.07279	7.361948	0.075426	-1.159486	0.074459	-12.27505	0.070463	19.7764	0.2359	186.20032510728268	1.9486558763432975	40.269733825207545	0.5008599637847005	167.780748778396	1.5473641312405966	11.718
17.395486	0.083111	7.390326	0.081025	-1.132465	0.080232	-12.24433	0.079454	19.771	0.2353	186.40158887949747	2.1624630062482915	40.26332031132889	0.5386855019906036	167.83659982745644	1.7055110144443193	11.718
17.354859	0.070591	7.35789	0.069629	-1.134387	0.068416	-12.254707	0.069886	19.7656	0.2358	186.55431542572074	1.8503054120675706	40.407995042725794	0.46447818311802647	167.70898863624413	1.4749455251473909	11.718
17.401466	0.070263	7.390212	0.077189	-1.107361	0.069021	-12.233102	0.069315	19.7764	0.2359	186.28812089991123	1.9422756775953016	40.38281002895267	0.4920832004817961	167.62727017292227	1.4737920509411808	11.718
17.390838	0.066122	7.380123	0.068221	-1.115083	0.069605	-12.244017	0.069936	19.771	0.2353	186.29814774384974	1.7680549552163676	40.3940603661773	0.46342651283867453	167.5791839621023	1.4857869083260404	11.718
17.384995	0.07639	7.358287	0.073452	-1.130534	0.071079	-12.251651	0.070729	19.771	0.2353	186.00099072923283	1.9658914860230368	40.424448528357175	0.48674567806060737	167.6969625784884	1.5120487386763681	11.718
17.387557	0.077614	7.37449	0.076419	-1.126676	0.074231	-12.239074	0.073161	19.7818	0.2363	186.25438310221017	2.0260653680168415	40.36574061936323	0.5058674316568827	167.8285494303001	1.5740906926534841	11.718
17.413084	0.076871	7.403848	0.073633	-1.105423	0.070078	-12.221471	0.073606	19.771	0.2353	186.32566224284113	1.9815538455216963	40.327294948184615	0.4817429519624585	167.7734374613185	1.5338976829165079	11.718
17.360088	0.067389	7.351464	0.072706	-1.149822	0.071607	-12.276129	0.066396	19.771	0.2353	186.3370726121326	1.845635555183047	40.3651717353075	0.4845347633895769	167.6187544915372	1.4711417258240196	11.718
17.36002	0.07424	7.353436	0.074122	-1.130516	0.071077	-12.257673	0.072304	19.771	0.2353	186.37506411230956	1.9539257967117616	40.44764548044848	0.4895981935485608	167.60594522383164	1.5272086008707328	11.718
17.39405	0.074005	7.375724	0.066891	-1.130522	0.067148	-12.258121	0.067332	19.771	0.2353	186.10895679698987	1.853130470504504	40.331307232260166	0.44938599136455787	167.5563780587237	1.4318610896910537	11.715
17.355442	0.082091	7.351266	0.080396	-1.147887	0.078956	-12.227943	0.08161	19.771	0.2353	186.41990853703138	2.1411132578838896	40.37530320460819	0.5353046690132618	168.31842123003807	1.724995872219095	11.718
17.38766	0.071176	7.371667	0.073327	-1.113144	0.07117	-12.245142	0.068085	19.771	0.2353	186.19995813121426	1.8997532892156634	40.44355432681007	0.48707843129425993	167.53304884404702	1.482272533689335	11.718
17.355852	0.079222	7.367439	0.071103	-1.151752	0.067255	-12.250308	0.067332	19.7818	0.2363	186.71411085367188	1.9898894392205058	40.280338616804336	0.46275343489703863	168.03786586303767	1.4408782016373642	11.718
17.385303	0.094304	7.375554	0.078459	-1.140171	0.080229	-12.243122	0.076782	19.7656	0.2358	186.31612821528546	2.283394220791713	40.29672941637369	0.5310106288077341	167.97135730767968	1.6800248460850558	11.718
17.366613	0.076848	7.351577	0.07586	-1.138241	0.077429	-12.24869	0.072592	19.7764	0.2359	186.2177723896355	2.0078195703356783	40.41969455607504	0.5160744489633498	167.8579899910408	1.6035140634803986	11.718
17.391624	0.068245	7.373582	0.065986	-1.130519	0.066015	-12.241325	0.069691	19.771	0.2353	186.11422603900107	1.763586436921878	40.341482326763284	0.44277862115650696	167.8096188389464	1.4498238206193501	11.715
17.351956	0.075451	7.367552	0.070742	-1.153685	0.071431	-12.261534	0.071493	19.771	0.2353	186.78907650290824	1.9349414457259453	40.270663948800674	0.4751085016283946	167.89727860323492	1.5275763890069787	11.718
17.362786	0.070451	7.365722	0.069571	-1.144036	0.067687	-12.259962	0.071363	19.7764	0.2359	186.55253317052765	1.8476455493492498	40.32498601696848	0.4599623686913098	167.77529059178323	1.4845355171503227	11.718
17.381817	0.070963	7.353833	0.074047	-1.130524	0.07108	-12.249093	0.067393	19.771	0.2353	185.9773107574271	1.902080161673908	40.4457160984768	0.4893038281757255	167.7353986264784	1.477678056525059	11.718
17.390223	0.07736	7.38787	0.072098	-1.117009	0.068919	-12.254662	0.068543	19.771	0.2353	186.4538935871652	1.9712561592247873	40.34811857965966	0.47317808073779444	167.44799188243735	1.4613592420134565	11.718
17.347993	0.070647	7.351634	0.072727	-1.144034	0.067686	-12.239573	0.071394	19.771	0.2353	186.5656959260479	1.892292682548248	40.3918636206981	0.4723546978598844	168.0835583214946	1.4903320639071735	11.718
17.345568	0.069193	7.353493	0.06918	-1.151753	0.069696	-12.276173	0.066991	19.771	0.2353	186.59789170625012	1.8272002600529642	40.336049671672434	0.46571705676660397	167.6042560212222	1.4564856089209046	11.715
17.345636	0.071069	7.353521	0.070057	-1.145962	0.070167	-12.248601	0.070272	19.7764	0.2359	186.64493177231006	1.864069206237557	40.37373342911547	0.4709910951875655	167.97607617203812	1.502421095676298	11.718
17.368902	0.070655	7.361664	0.07538	-1.136313	0.069696	-12.235935	0.072667	19.771	0.2353	186.36287858192028	1.9240430999607134	40.38089161574415	0.48783500470115015	168.02171677682568	1.5241667559705783	11.718
17.366681	0.073483	7.369609	0.069688	-1.126658	0.070354	-12.248735	0.069545	19.771	0.2353	186.55238605870883	1.8898108589063318	40.38901670824157	0.47074019602668693	167.68249375424543	1.4914440721954465	11.718
17.355988	0.071097	7.347492	0.074341	-1.149823	0.071778	-12.266968	0.070854	19.771	0.2353	186.33944882998168	1.9151668623765605	40.3840381462944	0.49111617573802413	167.75688311535558	1.5219401577553338	11.718
17.341741	0.072297	7.345633	0.072688	-1.134381	0.071952	-12.250621	0.067466	19.7764	0.2359	186.5226155831356	1.9129833365393738	40.45606667461631	0.48794091461362576	167.7275941204454	1.4882543243255448	11.715
17.349804	0.073781	7.34752	0.070935	-1.153684	0.068616	-12.250442	0.071011	19.7764	0.2359	186.45517901143768	1.9079182530163021	40.36555940666505	0.468605091267742	168.0650956288161	1.4955456167505028	11.718
17.37085	0.080079	7.361608	0.074123	-1.126658	0.075293	-12.237687	0.071135	19.771	0.2353	186.32555915548434	2.0312848285572733	40.42709089795182	0.5032100234588318	167.84922582693332	1.5647589847403156	11.718
17.351479	0.068423	7.361353	0.070408	-1.140167	0.070445	-12.252015	0.067462	19.7764	0.2359	186.68208292939383	1.8346226813818571	40.36406502330162	0.47287901344046285	167.83686053533245	1.4732448942536063	11.718
17.352093	0.070056	7.333603	0.07003	-1.147895	0.069696	-12.248735	0.067815	19.7764	0.2359	186.15357968388182	1.840553734890544	40.459346630346474	0.4713117968609788	168.00328622106014	1.4717196942638668	11.718
17.351956	0.067162	7.335547	0.069895	-1.138241	0.07108	-12.256011	0.068975	19.771	0.2353	186.14456925378082	1.8014116145526404	40.48579373137041	0.47628602951350707	167.70451207173224	1.4940248850794773	11.715
17.350145	0.067255	7.345661	0.066473	-1.145966	0.074386	-12.245142	0.0663	19.7764	0.2359	186.3664570881687	1.7615285240751122	40.40074142103516	0.47462714002674156	167.98545328699487	1.5081074757454194	11.715
17.360088	0.079197	7.361466	0.07876	-1.155614	0.07708	-12.266923	0.073977	19.7764	0.2359	186.5234661303707	2.083625275476357	40.29032335332342	0.521313958123836	167.84498780981954	1.6138408993897364	11.718
17.345704	0.077396	7.339548	0.070294	-1.145963	0.068002	-12.246804	0.064399	19.7764	0.2359	186.38301104901342	1.9474928524486224	40.44021609196829	0.46611186314967895	168.00327071254733	1.417425360054652	11.718
17.326541	0.072655	7.339378	0.073999	-1.163333	0.071862	-12.253901	0.072664	19.771	0.2353	186.73747996072427	1.9390421984035655	40.358408175193766	0.4896066903824251	168.15889880032236	1.5495441710119622	11.718
17.356124	0.077317	7.35555	0.075354	-1.147894	0.074764	-12.257852	0.071968	19.7764	0.2359	186.48704776177223	2.0132655944024473	40.35493238713273	0.5037589612259484	167.8654047663141	1.5679684227258948	11.718
17.37085	0.079983	7.345605	0.07235	-1.142103	0.072791	-12.243211	0.071131	19.771	0.2353	186.02813776127942	2.001277138357188	40.4297463114989	0.4888643788460397	167.9992341383299	1.540213976135784	11.718
17.358618	0.071553	7.35972	0.0719	-1.130522	0.071079	-12.248914	0.067724	19.771	0.2353	186.47058114064376	1.891709221992493	40.40733092217034	0.4811774572216039	167.6951209379412	1.4807726837694357	11.715
17.375018	0.065637	7.353606	0.073644	-1.149825	0.066703	-12.2561	0.067906	19.771	0.2353	186.09928678872137	1.831930812580582	40.354988635952736	0.47154456644503595	167.9210786253416	1.4391761034692332	11.718
17.3414	0.067944	7.341491	0.072319	-1.155614	0.070443	-12.268809	0.066489	19.7818	0.2363	186.49946165285462	1.8506399154844089	40.38503280510057	0.4798276960240347	167.81651424420008	1.4627409762746435	11.718
17.363983	0.072005	7.365353	0.070851	-1.130514	0.0709	-12.263062	0.070254	19.7764	0.2359	186.5233190277125	1.8844786789517953	40.39091874914478	0.4765270648366265	167.52478399763353	1.5019826218417953	11.718
17.355783	0.078126	7.349407	0.074481	-1.155612	0.076803	-12.27788	0.071713	19.771	0.2353	186.37892725326242	2.0104950861806756	40.34745401348706	0.5075379191532798	167.67962061079157	1.5841625524440368	11.718
17.350009	0.07998	7.361608	0.072352	-1.113143	0.071522	-12.239528	0.072379	19.771	0.2353	186.71433176915295	2.0160513600433587	40.49156348302494	0.4860852441567587	167.6175579233769	1.5329318197274	11.718
17.352365	0.074239	7.35572	0.073019	-1.144036	0.073198	-12.250756	0.072305	19.771	0.2353	186.5603408611464	1.9433291889388684	40.37243882510562	0.49109357483901445	167.91435964510944	1.5554983844039405	11.718
17.332656	0.065634	7.335321	0.073557	-1.163332	0.068917	-12.264858	0.067424	19.7764	0.2359	186.54748161035317	1.8395054545870066	40.3776798426521	0.4788949389878362	167.99290296613918	1.4589693800244627	11.718
17.384038	0.079499	7.35589	0.073705	-1.138248	0.074384	-12.252866	0.075765	19.771	0.2353	185.9742706026084	2.010464597675092	40.39914206071869	0.49804237831271286	167.79503777304907	1.6029214793906832	11.718
17.324525	0.072165	7.319405	0.074745	-1.167194	0.069694	-12.272357	0.06974	19.771	0.2353	186.35460541577606	1.9351826103660754	40.4246738117798	0.4867975754631642	167.89490486929637	1.4906247539581048	11.715
17.332792	0.071843	7.337378	0.068375	-1.165263	0.078633	-12.26863	0.066509	19.771	0.2353	186.58332289677182	1.8513709910196567	40.358739504510346	0.4946119962436824	167.9650629790642	1.5579463192476768	11.718
17.297778	0.070816	7.309546	0.066484	-1.184571	0.073438	-12.272581	0.066992	19.771	0.2353	186.71749912201497	1.815807209931887	40.39924098585053	0.4711542974096702	168.19768393466086	1.5078845364418991	11.718
17.351888	0.067422	7.337519	0.065997	-1.161406	0.067791	-12.254125	0.066787	19.771	0.2353	186.23016849624761	1.7545041641880883	40.37638524088031	0.44947474601838483	168.12629456244855	1.4423472666380912	11.718
17.316054	0.076008	7.321349	0.074101	-1.159472	0.072203	-12.272267	0.068868	19.771	0.2353	186.59655999724518	1.981810425725045	40.46258021756196	0.4936208471242286	167.82254629062408	1.5068534113309329	11.718
17.326949	0.074873	7.333547	0.072369	-1.169129	0.071074	-12.281786	0.070853	19.7764	0.2359	186.62088810630948	1.9445814081523747	40.35857697004878	0.4814631323395011	167.82462482580652	1.5156111330963657	11.718
17.316871	0.075219	7.327688	0.067625	-1.171063	0.070442	-12.278329	0.071864	19.771	0.2353	186.69971315434307	1.8904843583599638	40.37721713936699	0.4639222688040313	167.90609153269085	1.5212086244777983	11.718
17.319023	0.070197	7.333716	0.075681	-1.178785	0.067681	-12.27285	0.071128	19.771	0.2353	186.72438545103267	1.930280733878408	40.301672006201194	0.48068580466565447	168.06284207438213	1.4873645320437967	11.715
17.344506	0.073897	7.333914	0.07123	-1.165277	0.074228	-12.278688	0.070586	19.7764	0.2359	186.3004275957684	1.9101127026489468	40.375121955314654	0.488709230139238	167.81325875473786	1.5467160526401253	11.718
17.325274	0.073105	7.335717	0.06917	-1.159481	0.073198	-12.278374	0.072751	19.771	0.2353	186.69271832101734	1.8808769053691088	40.39410372766129	0.4788653845679538	167.73051657088536	1.5568203367278937	11.718
17.31841	0.073844	7.325462	0.07231	-1.163335	0.068915	-12.27797	0.070284	19.771	0.2365	186.6293683558116	1.930212372667144	40.42455966492851	0.4756863430262395	167.79477930059272	1.486031138175431	11.718
17.339384	0.072497	7.335519	0.071366	-1.167197	0.073517	-12.276218	0.070604	19.771	0.2353	186.42570062335048	1.8957622090938784	40.3583831703279	0.48632532707389003	167.87956770662979	1.540366169196343	11.718
17.325206	0.072296	7.333688	0.074056	-1.163341	0.075066	-12.269123	0.07225	19.7764	0.2359	186.60830141960912	1.9329227192528842	40.37505639724496	0.5010530667543315	167.8855347799092	1.5749893012136444	11.715
17.338118	0.066752	7.337858	0.069583	-1.155623	0.068918	-12.260186	0.06969	19.771	0.2365	186.445170517344	1.7977432037567362	40.391921439554075	0.4657512879440178	167.90396936885185	1.4819703184327528	11.715
17.322918	0.080668	7.315602	0.076906	-1.172991	0.075286	-12.263465	0.074621	19.771	0.2353	186.3614317683214	2.075536427941969	40.42553040414184	0.5125313360585605	168.16031259604554	1.6072458294552792	11.718
17.316258	0.06928	7.315434	0.069108	-1.180707	0.066699	-12.279766	0.066112	19.7764	0.2359	186.43463771528718	1.824200589704391	40.37927797231738	0.4564684315416884	167.98723598248858	1.4213859681196566	11.715
17.311887	0.075103	7.321349	0.070404	-1.167193	0.065894	-12.266744	0.067461	19.7764	0.2359	186.62660191858734	1.9230017205822199	40.4154246538081	0.4591188400683488	167.9797852980515	1.4271632363547992	11.715
17.328488	0.080168	7.321321	0.075767	-1.172983	0.073753	-12.285109	0.074059	19.771	0.2353	186.3164709805434	2.0537139968970006	40.38800958719517	0.5027437527016164	167.7896893029927	1.5782054343231937	11.715
17.331321	0.074611	7.331631	0.074468	-1.155618	0.072205	-12.252462	0.070915	19.771	0.2353	186.50354812077603	1.9660815568824177	40.431932120045964	0.4941352245668202	168.06377544477382	1.5327732656796689	11.718
17.34659	0.075451	7.339915	0.072876	-1.145972	0.075733	-12.263958	0.074645	19.771	0.2353	186.37334915170453	1.953731178759453	40.438424891959656	0.5008477302193057	167.74418821604232	1.6043513920145698	11.718
17.327222	0.070651	7.327659	0.073663	-1.172992	0.071428	-12.261713	0.071113	19.7764	0.2359	186.5059264300142	1.9036960476929523	40.36818566796922	0.4872613799745551	168.1868977620435	1.5287521917881997	11.718
17.313903	0.074591	7.329321	0.069567	-1.178774	0.064919	-12.270381	0.064086	19.7764	0.2359	186.78575509419673	1.908100091835454	40.33287006170727	0.45107358190350605	168.14313618529627	1.3828743596539805	11.718
17.302873	0.071499	7.315068	0.07132	-1.205787	0.071857	-12.284705	0.067365	19.771	0.2353	186.7254666244283	1.8880050173949854	40.27247093379313	0.4785055789725166	168.33572669360734	1.496572657534427	11.718
17.316054	0.072294	7.321349	0.072329	-1.176844	0.075435	-12.279631	0.067847	19.7764	0.2359	186.59655999724518	1.9092198044130144	40.37986267183047	0.49658001093917004	167.97383220429944	1.5349579941679217	11.718
17.30738	0.07553	7.305209	0.068814	-1.157538	0.069598	-12.262837	0.066592	19.771	0.2353	186.45728347443446	1.9047521920708477	40.54899685277777	0.46895736834701	167.9358200773311	1.4566245001661218	11.718
17.320222	0.074282	7.317349	0.074756	-1.163332	0.073196	-12.270426	0.070834	19.771	0.2353	186.44420412873814	1.9643016776375646	40.46324457532019	0.4991801564481522	167.90869752822553	1.5398114284106568	11.718
17.36152	0.071372	7.348058	0.072588	-1.140183	0.072208	-12.242086	0.066999	19.7818	0.2363	186.19934122180504	1.8929453839032448	40.41686022738462	0.4875177392564455	167.94419452124404	1.4901122569963403	11.715
17.316531	0.06919	7.325546	0.075609	-1.159477	0.067685	-12.27074	0.06669	19.7818	0.2363	186.66605900343913	1.9148455916387286	40.44254021786465	0.483683884557346	167.8456859324459	1.435363154886333	11.718
17.312227	0.073525	7.31149	0.07367	-1.180709	0.071073	-12.276173	0.07204	19.7872	0.2367	186.48401465274492	1.9408304172260653	40.408367183429675	0.48708179340871854	168.0846803584611	1.5330456801413024	11.718
17.307788	0.077263	7.319377	0.070392	-1.190357	0.071161	-12.264947	0.073254	19.771	0.2353	186.71415249098848	1.9538137461921006	40.325102246684665	0.47431690807674737	168.40149046490652	1.5529575518330134	11.718
17.299386	0.072163	7.30135	0.068337	-1.192286	0.070163	-12.281472	0.068589	19.7764	0.2359	186.53440047136465	1.8542393723013326	40.40153110933726	0.4658833336126262	168.17984575340057	1.4880765362225064	11.718
17.328693	0.071368	7.339406	0.07127	-1.161403	0.072624	-12.285244	0.069305	19.771	0.2353	186.69778198510807	1.8850514035013688	40.3674352594303	0.48319030232785626	167.65591345062333	1.5130021513124372	11.718
17.31841	0.077349	7.339463	0.072092	-1.155614	0.070806	-12.244829	0.070207	19.771	0.2353	186.89121789309112	1.9802872306721322	40.39467926189905	0.4804928631039111	168.1794070919569	1.5122463570422238	11.718
17.316054	0.077627	7.325349	0.076017	-1.178775	0.072201	-12.29804	0.071234	19.771	0.2353	186.67126901464343	2.0300525334799056	40.3517040751849	0.49746387428213634	167.72489227016737	1.5299266962219358	11.718
17.302081	0.073994	7.319603	0.071098	-1.161408	0.071077	-12.280035	0.069538	19.771	0.2353	186.8251114071951	1.9204935613415082	40.46167185498516	0.4796282867748035	167.73453058757727	1.5000808814945708	11.718
17.282446	0.073279	7.303237	0.074219	-1.188422	0.073272	-12.281292	0.069765	19.7764	0.2359	186.88631206446078	1.9532633787999605	40.41093313523408	0.4963238579715621	168.12399274568025	1.533381167593164	11.718
17.344302	0.07319	7.345831	0.068327	-1.155623	0.068517	-12.267506	0.071011	19.771	0.2365	186.52628626355664	1.8679017985819704	40.36437762023483	0.45942359398018384	167.83631850642539	1.490433585216543	11.718
17.316735	0.065	7.331631	0.070835	-1.161409	0.066014	-12.272716	0.065169	19.771	0.2353	186.77599966626136	1.7983216346853463	40.404361605937126	0.460641334704996	167.8450346947293	1.401247127017599	11.718
17.322918	0.077482	7.325603	0.07048	-1.172991	0.072118	-12.272671	0.071446	19.771	0.2353	186.54784987120323	1.9544689174589636	40.37796139665277	0.47909816828802326	168.02084576451767	1.536700855065263	11.718
17.304233	0.075103	7.325631	0.068771	-1.182643	0.069693	-12.278239	0.064947	19.771	0.2353	186.89769616396552	1.9073134721538159	40.33202033982958	0.46413149789579855	168.08269238223937	1.443119872018998	11.718
17.31062	0.070782	7.315687	0.070943	-1.186505	0.076235	-12.296739	0.071862	19.771	0.2353	186.54454652499132	1.8703987968907336	40.350538327854736	0.49422638031422805	167.8182680440741	1.5824733548857248	11.715
17.323258	0.071006	7.317743	0.064947	-1.163342	0.070809	-12.269213	0.06266	19.771	0.2353	186.39496883691405	1.7926695447741214	40.46131484298315	0.4583925926437247	167.92719276869036	1.4296888905311202	11.718
17.278755	0.074673	7.305434	0.075091	-1.184568	0.073753	-12.276084	0.076475	19.7764	0.2359	186.99664815085708	1.9855909630476247	40.41882481702971	0.5010833378748961	168.14451892623234	1.610643823444847	11.718
17.327017	0.074086	7.321574	0.078395	-1.17106	0.072868	-12.27999	0.07054	19.771	0.2353	186.39630806118123	2.0094400598738598	40.40629554264633	0.5092306123517235	167.8809329677664	1.532658229910515	11.718
17.331253	0.074237	7.341604	0.072401	-1.153687	0.075289	-12.27083	0.072977	19.7764	0.2359	186.69100834606263	1.9379235042712224	40.39365940611308	0.4966545029148058	167.75691443528257	1.582224074548997	11.718
17.314243	0.069871	7.309462	0.069638	-1.176847	0.071948	-12.287175	0.070698	19.7818	0.2363	186.40864140761585	1.8380009007254066	40.43641010651897	0.4771072089897093	167.8598311184775	1.5239798006131202	11.718
17.291052	0.073553	7.311349	0.074511	-1.184565	0.072619	-12.286995	0.069223	19.771	0.2353	186.87707598652517	1.9605697933924555	40.39069437057646	0.49464572899548287	167.97923354812968	1.5179284866854805	11.718
17.299793	0.069196	7.305518	0.07078	-1.18457	0.070164	-12.300151	0.06627	19.771	0.2353	186.55681578645684	1.8476831195180166	40.40806394821175	0.4743440281191505	167.73753892455684	1.456414178036782	11.715
17.308196	0.069189	7.327547	0.066364	-1.163337	0.068105	-12.261534	0.066174	19.771	0.2353	186.85934920296432	1.7949220602208658	40.41462420772261	0.4526146038567482	168.04330071252593	1.4378266870124718	11.718
17.324797	0.066259	7.319518	0.069284	-1.169128	0.065536	-12.2799	0.068698	19.7818	0.2363	186.39935456821584	1.7860202781865269	40.42527983030798	0.45417218190950903	167.85309973452115	1.4343364458939298	11.718
17.31875	0.070901	7.313602	0.070028	-1.184572	0.068411	-12.267147	0.072824	19.7764	0.2359	186.40180510788477	1.8566073766205455	40.37995037282255	0.46516966708127483	168.28017382179667	1.5171558816197739	11.718
17.295422	0.071412	7.305434	0.071565	-1.192288	0.069208	-12.281607	0.073117	19.771	0.2353	186.68465944247467	1.8892704138405123	40.38210190693075	0.4731006023318252	168.177841117617	1.5268484746092403	11.718
17.299657	0.065677	7.315462	0.066595	-1.174917	0.068916	-12.270605	0.064057	19.7764	0.2359	186.79297429546426	1.7498992738423018	40.41702809110154	0.4562055705485098	168.08129450089163	1.4252846292318815	11.718
17.327085	0.075967	7.321603	0.065964	-1.176851	0.069212	-12.278194	0.066728	19.7764	0.2359	186.34784451824902	1.873811983608898	40.36828679337069	0.4541618275789923	167.95267226062845	1.4545090888540202	11.715
17.312839	0.070482	7.325744	0.072259	-1.163342	0.070809	-12.267372	0.063566	19.7764	0.2359	186.73874070698434	1.8873958893868388	40.42318239044487	0.48174837890678696	167.9550370575367	1.4392802488833256	11.718
17.270557	0.075185	7.291491	0.080948	-1.201941	0.071513	-12.294583	0.07052	19.771	0.2353	186.88899061422367	2.069040981709068	40.402501222299755	0.5138067374203033	168.12744156488458	1.522260367564486	11.718
17.284937	0.075865	7.285408	0.083805	-1.188427	0.075134	-12.285244	0.077749	19.7818	0.2363	186.4587865604463	2.1078814944952002	40.48556953375673	0.5377515636767086	168.02117516468974	1.6370955101650446	11.715
17.326677	0.076408	7.321434	0.071935	-1.174916	0.074149	-12.28713	0.07088	19.771	0.2353	186.35230272204998	1.9545939588739536	40.378283511540715	0.490965137363259	167.7883718063854	1.5488567883823674	11.715
17.301469	0.071867	7.313349	0.069191	-1.190356	0.065412	-12.279631	0.067939	19.7764	0.2359	186.7195848771126	1.8649474847081724	40.35369167959995	0.45184082934048975	168.1784938021268	1.4302938746135654	11.718
17.301877	0.079406	7.327518	0.076173	-1.172988	0.075433	-12.272536	0.073241	19.7764	0.2359	186.97719762703852	2.062691194874704	40.36887347198039	0.509106156725764	168.0228485642837	1.5915900692582001	11.718
17.304165	0.066877	7.303603	0.071472	-1.198084	0.067251	-12.28924	0.069967	19.7764	0.2359	186.43953971130097	1.824806797221204	40.352938421201536	0.46580649202108315	168.10692330236654	1.4709200022334215	11.715
17.268474	0.071764	7.279493	0.07186	-1.19422	0.066356	-12.296424	0.066993	19.7764	0.2359	186.65568294902803	1.8977132693598189	40.48615293391725	0.46732559625720094	167.93964221512286	1.4263450939784905	11.715
17.291459	0.073895	7.289519	0.070887	-1.1865	0.073515	-12.287264	0.06924	19.771	0.2353	186.46158995772052	1.908970697188061	40.485498881731075	0.487796763967067	168.00443716178822	1.5284095288910309	11.718
17.297098	0.068614	7.303265	0.067768	-1.192283	0.06529	-12.273973	0.067091	19.7764	0.2359	186.61284720178878	1.8007695398239618	40.39243352904304	0.4474128957719775	168.29360959151103	1.4217088244599068	11.718
17.31875	0.070901	7.309602	0.069624	-1.17106	0.069694	-12.27083	0.06819	19.771	0.2353	186.2796098165231	1.8493743178602287	40.45297349782927	0.4699063168742148	167.976479256775	1.4755657618483031	11.715
17.278619	0.069306	7.295378	0.070334	-1.190357	0.072868	-12.283358	0.070204	19.7872	0.2367	186.76301518734948	1.8472491816461034	40.428794024909806	0.48250709410944054	168.07896240155605	1.5331330424691154	11.715
17.295015	0.07133	7.305265	0.070388	-1.182633	0.070071	-12.281337	0.069326	19.7764	0.2359	186.68912517543885	1.8727770205504026	40.428842520155065	0.4730714875837686	168.03561089741143	1.4923563709462517	11.718
17.274249	0.069313	7.289295	0.070434	-1.188424	0.068204	-12.292428	0.066604	19.7764	0.2359	186.77878818545574	1.8485119434884791	40.477384327791576	0.46812015140925406	167.95541980503208	1.4419352463607136	11.718
17.288493	0.074111	7.307152	0.076216	-1.19035	0.07116	-12.275635	0.069102	19.7656	0.2358	186.8464115222671	1.990029639442658	40.38314626138888	0.49553689392337397	168.2390324094408	1.5054019766428286	11.718
17.280159	0.06855	7.293154	0.068296	-1.19807	0.069692	-12.28668	0.065352	19.7818	0.2363	186.69261426794768	1.8088826142411139	40.40265843467299	0.46428824145685554	168.14552010834348	1.448744263544065	11.715
