22.546258383135868	0.28323981724662173	11.113711155203815	0.18869118099894067	2.0352223430603082	0.18838669639084618	-10.204534070780817	0.18797755548460165	19.1777	0.2326	185.58069615612288	5.524573311279869	42.253303298357714	1.2409757696046222	173.34169093415449	3.7689803989381536	13.3307834
22.546258383135868	0.28323981724662173	11.113711155203815	0.18869118099894067	2.0352223430603082	0.18838669639084618	-10.204534070780817	0.18797755548460165	19.1777	0.2326	185.58649573411458	5.524745959591106	42.254623755350075	1.2410145513093507	173.34710803128044	3.7690981832563812	13.3312
22.546258383135868	0.28323981724662173	11.113711155203815	0.18869118099894067	2.0352223430603082	0.18838669639084618	-10.174619564998272	0.27010324258691254	19.1777	0.2326	185.59229531210627	5.524918607902344	42.25594421234243	1.2410533330140792	173.77724439622511	4.68692766397098	13.3316166
22.51198177329537	0.3173993792510697	11.113711155203815	0.18869118099894067	2.0352223430603082	0.18838669639084618	-10.174619564998272	0.27010324258691254	19.1777	0.2326	186.1445870550775	6.030229039040846	42.254623755350075	1.2410145513093507	173.77181402703678	4.686781202058416	13.3312
22.44344273130514	0.34810946373383944	11.113711155203815	0.18869118099894067	2.0352223430603082	0.18838669639084618	-10.204534070780817	0.18797755548460165	19.1777	0.2326	187.27066595489305	6.544881394080822	42.254623755350075	1.2410145513093507	173.34710803128044	3.7690981832563812	13.3312
22.58053972018441	0.18911316595000988	11.113711155203815	0.18869118099894067	2.0352223430603082	0.18838669639084618	-10.114778993177785	0.3173616713693494	19.1777	0.2326	185.0316646248967	4.310771073098717	42.254623755350075	1.2410145513093507	174.62766617304823	5.304421135784602	13.3312
22.51198177329537	0.3173993792510697	11.113711155203815	0.18869118099894067	2.066733988700449	0.2749125390620211	-10.144701206046381	0.29994686640373014	19.1777	0.2326	186.15040407342292	6.030417483698316	42.40312644964695	1.562824432265425	173.75457081479902	5.789320569590374	13.3316166
22.58053972018441	0.18911316595000988	11.113711155203815	0.18869118099894067	2.0982497973366567	0.30635035542492933	-10.114778993177785	0.31736167136934934	19.1777	0.2326	185.03744686441624	4.310905784694752	42.5513572240596	1.6981838679655843	173.7318987525774	6.274700136500355	13.3316166
22.546258383135868	0.28323981724662173	11.113711155203815	0.18869118099894067	2.066733988700449	0.2749125390620211	-10.174619564998272	0.27010324258691254	19.1777	0.2326	185.58069615612288	5.524573311279869	42.400476337059864	1.5627267587907046	173.31907489562903	5.456672748272784	13.3307834
22.546258383135868	0.28323981724662173	11.113711155203815	0.18869118099894067	2.066733988700449	0.2749125390620211	-10.204534070780817	0.18797755548460165	19.1777	0.2326	185.58069615612288	5.524573311279869	42.400476337059864	1.5627267587907046	172.89656318428354	4.692314330279078	13.3307834
22.546258383135868	0.28323981724662173	11.113711155203815	0.18869118099894067	2.0352223430603082	0.18838669639084618	-10.204534070780817	0.18797755548460165	19.1777	0.2326	185.58649573411458	5.524745959591106	42.254623755350075	1.2410145513093507	173.34710803128044	3.7690981832563812	13.3312
22.51198177329537	0.3173993792510697	11.113711155203815	0.18869118099894067	2.0352223430603082	0.18838669639084618	-10.204534070780817	0.18797755548460165	19.1777	0.2326	186.13877003673198	6.030040594383377	42.253303298357714	1.2409757696046222	173.34169093415449	3.7689803989381536	13.3307834
22.58053972018441	0.18911316595000988	11.113711155203815	0.18869118099894067	2.0982497973366567	0.30635035542492933	-10.204534070780817	0.18797755548460165	19.1777	0.2326	185.0316646248967	4.310771073098717	42.550027535699115	1.6981308013780414	172.4590466752087	5.038374938450058	13.3312
22.51198177329537	0.3173993792510697	11.113711155203815	0.18869118099894067	2.0352223430603082	0.18838669639084618	-10.204534070780817	0.18797755548460165	19.1777	0.2326	186.15040407342292	6.030417483698316	42.25594421234243	1.2410533330140792	173.35252512840643	3.7692159675746084	13.3316166
22.546258383135868	0.28323981724662173	11.113711155203815	0.18869118099894067	2.0352223430603082	0.18838669639084618	-10.174619564998272	0.27010324258691254	19.1777	0.2326	185.58649573411458	5.524745959591106	42.254623755350075	1.2410145513093507	173.77181402703678	4.686781202058416	13.3312
22.546258383135868	0.28323981724662173	11.113711155203815	0.18869118099894067	2.066733988700449	0.2749125390620211	-10.05492300269576	0.3298720028924509	19.1777	0.2326	185.58649573411458	5.524745959591106	42.40180139335341	1.5627755955280647	175.03600199648022	6.2006462160403775	13.3312
22.546258383135868	0.28323981724662173	11.113711155203815	0.18869118099894067	2.0352223430603082	0.18838669639084618	-10.144701206046381	0.29994686640373014	19.1777	0.2326	185.58649573411458	5.524745959591106	42.254623755350075	1.2410145513093507	174.1986613292239	5.065809566178427	13.3312
22.546258383135868	0.28323981724662173	11.113711155203815	0.18869118099894067	2.0352223430603082	0.18838669639084618	-10.174619564998272	0.27010324258691254	19.1777	0.2326	185.58649573411458	5.524745959591106	42.254623755350075	1.2410145513093507	173.77181402703678	4.686781202058416	13.3312
22.44344273130514	0.34810946373383944	11.113711155203815	0.18869118099894067	2.066733988700449	0.2749125390620211	-10.204534070780817	0.18797755548460165	19.1777	0.2326	187.27066595489305	6.544881394080822	42.40180139335341	1.5627755955280647	172.90196637073265	4.692460969684382	13.3312
22.477709889679574	0.3373066590987748	11.113711155203815	0.18869118099894067	2.0352223430603082	0.18838669639084618	-10.204534070780817	0.18797755548460165	19.1777	0.2326	186.7001328467905	6.34979767145269	42.253303298357714	1.2409757696046222	173.34169093415449	3.7689803989381536	13.3307834
22.44344273130514	0.34810946373383944	11.113711155203815	0.18869118099894067	2.0352223430603082	0.18838669639084618	-10.144701206046381	0.29994686640373014	19.1777	0.2326	187.27066595489305	6.544881394080822	42.254623755350075	1.2410145513093507	174.1986613292239	5.065809566178427	13.3312
22.51198177329537	0.3173993792510697	11.113711155203815	0.18869118099894067	2.0352223430603082	0.18838669639084618	-10.204534070780817	0.18797755548460165	19.1777	0.2326	186.15040407342292	6.030417483698316	42.25594421234243	1.2410533330140792	173.35252512840643	3.7692159675746084	13.3316166
22.546258383135868	0.28323981724662173	11.113711155203815	0.18869118099894067	2.0982497973366567	0.30635035542492933	-10.204534070780817	0.18797755548460165	19.1777	0.2326	185.58649573411458	5.524745959591106	42.550027535699115	1.6981308013780414	172.4590466752087	5.038374938450058	13.3312
22.546258383135868	0.28323981724662173	11.113711155203815	0.18869118099894067	2.0352223430603082	0.18838669639084618	-10.174619564998272	0.27010324258691254	19.1777	0.2326	185.59229531210627	5.524918607902344	42.25594421234243	1.2410533330140792	173.77724439622511	4.68692766397098	13.3316166
22.51198177329537	0.3173993792510697	11.113711155203815	0.18869118099894067	2.066733988700449	0.2749125390620211	-10.174619564998272	0.27010324258691254	19.1777	0.2326	186.1445870550775	6.030229039040846	42.40180139335341	1.5627755955280647	173.3244912859817	5.456843274625117	13.3312
22.58053972018441	0.18911316595000988	11.113711155203815	0.18869118099894067	2.0352223430603082	0.18838669639084618	-10.204534070780817	0.18797755548460165	19.1777	0.2326	185.0316646248967	4.310771073098717	42.254623755350075	1.2410145513093507	173.34710803128044	3.7690981832563812	13.3312
22.546258383135868	0.28323981724662173	11.113711155203815	0.18869118099894067	2.0352223430603082	0.18838669639084618	-10.204534070780817	0.18797755548460165	19.1777	0.2326	185.58649573411458	5.524745959591106	42.254623755350075	1.2410145513093507	173.34710803128044	3.7690981832563812	13.3312
22.51198177329537	0.3173993792510697	11.113711155203815	0.18869118099894067	2.0352223430603082	0.18838669639084618	-10.204534070780817	0.18797755548460165	19.1777	0.2326	186.1445870550775	6.030229039040846	42.254623755350075	1.2410145513093507	173.34710803128044	3.7690981832563812	13.3312
22.546258383135868	0.28323981724662173	11.113711155203815	0.18869118099894067	2.0352223430603082	0.18838669639084618	-10.174619564998272	0.27010324258691254	19.1777	0.2326	185.58069615612288	5.524573311279869	42.253303298357714	1.2409757696046222	173.76638365784842	4.686634740145851	13.3307834
22.58053972018441	0.18911316595000988	11.113711155203815	0.18869118099894067	2.0352223430603082	0.18838669639084618	-10.174619564998272	0.27010324258691254	19.1777	0.2326	185.02588238537717	4.310636361502683	42.253303298357714	1.2409757696046222	173.76638365784842	4.686634740145851	13.3307834
22.477709889679574	0.3373066590987748	11.113711155203815	0.18869118099894067	2.0352223430603082	0.18838669639084618	-10.174619564998272	0.27010324258691254	19.1777	0.2326	186.7118019697535	6.350194546209491	42.25594421234243	1.2410533330140792	173.77724439622511	4.68692766397098	13.3316166
22.51198177329537	0.3173993792510697	11.113711155203815	0.18869118099894067	2.0352223430603082	0.18838669639084618	-10.204534070780817	0.18797755548460165	19.1777	0.2326	186.1445870550775	6.030229039040846	42.254623755350075	1.2410145513093507	173.34710803128044	3.7690981832563812	13.3312
22.477709889679574	0.3373066590987748	11.113711155203815	0.18869118099894067	2.0352223430603082	0.18838669639084618	-10.174619564998272	0.27010324258691254	19.1777	0.2326	186.70596740827202	6.349996108831091	42.254623755350075	1.2410145513093507	173.77181402703678	4.686781202058416	13.3312
22.477709889679574	0.3373066590987748	11.113711155203815	0.18869118099894067	2.0352223430603082	0.18838669639084618	-10.204534070780817	0.18797755548460165	19.1777	0.2326	186.70596740827202	6.349996108831091	42.254623755350075	1.2410145513093507	173.34710803128044	3.7690981832563812	13.3312
22.546258383135868	0.2832398172466218	11.113711155203815	0.18869118099894067	2.0352223430603082	0.18838669639084618	-10.084852925643686	0.326833734200634	19.1777	0.2326	185.59229531210627	5.524918607902344	42.25594421234243	1.2410533330140792	175.06431554717992	5.448911749427744	13.3316166
22.546258383135868	0.28323981724662173	11.113711155203815	0.18869118099894067	2.066733988700449	0.2749125390620211	-10.174619564998272	0.27010324258691254	19.1777	0.2326	185.58069615612288	5.524573311279869	42.400476337059864	1.5627267587907046	173.31907489562903	5.456672748272784	13.3307834
22.58053972018441	0.18911316595000988	11.113711155203815	0.18869118099894067	2.0352223430603082	0.18838669639084618	-10.204534070780817	0.18797755548460165	19.1777	0.2326	185.0316646248967	4.310771073098717	42.254623755350075	1.2410145513093507	173.34710803128044	3.7690981832563812	13.3312
22.546258383135868	0.28323981724662173	11.113711155203815	0.18869118099894067	2.0352223430603082	0.18838669639084618	-10.204534070780817	0.18797755548460165	19.1777	0.2326	185.58649573411458	5.524745959591106	42.254623755350075	1.2410145513093507	173.34710803128044	3.7690981832563812	13.3312
22.51198177329537	0.3173993792510697	11.113711155203815	0.18869118099894067	2.0352223430603082	0.18838669639084618	-10.204534070780817	0.18797755548460165	19.1777	0.2326	186.15040407342292	6.030417483698316	42.25594421234243	1.2410533330140792	173.35252512840643	3.7692159675746084	13.3316166
22.44344273130514	0.34810946373383944	11.113711155203815	0.18869118099894067	2.0352223430603082	0.18838669639084618	-10.144701206046381	0.29994686640373014	19.1777	0.2326	187.27651816320414	6.545085921624388	42.25594421234243	1.2410533330140792	174.20410503739046	5.065967872727369	13.3316166
22.546258383135868	0.28323981724662173	11.113711155203815	0.18869118099894067	2.0352223430603082	0.18838669639084618	-10.204534070780817	0.18797755548460165	19.1777	0.2326	185.58649573411458	5.524745959591106	42.254623755350075	1.2410145513093507	173.34710803128044	3.7690981832563812	13.3312
22.546258383135868	0.28323981724662173	11.113711155203815	0.18869118099894067	2.0352223430603082	0.18838669639084618	-10.174619564998272	0.27010324258691254	19.1777	0.2326	185.58069615612288	5.524573311279869	42.253303298357714	1.2409757696046222	173.76638365784842	4.686634740145851	13.3307834
22.546258383135868	0.28323981724662173	11.113711155203815	0.18869118099894067	2.0352223430603082	0.18838669639084618	-10.204534070780817	0.18797755548460165	19.1777	0.2326	185.58649573411458	5.524745959591106	42.254623755350075	1.2410145513093507	173.34710803128044	3.7690981832563812	13.3312
22.51198177329537	0.3173993792510697	11.113711155203815	0.18869118099894067	2.0352223430603082	0.18838669639084618	-10.204534070780817	0.18797755548460165	19.1777	0.2326	186.1445870550775	6.030229039040846	42.254623755350075	1.2410145513093507	173.34710803128044	3.7690981832563812	13.3312
22.51198177329537	0.3173993792510697	11.113711155203815	0.18869118099894067	2.0352223430603082	0.18838669639084618	-10.204534070780817	0.18797755548460165	19.1777	0.2326	186.1445870550775	6.030229039040846	42.254623755350075	1.2410145513093507	173.34710803128044	3.7690981832563812	13.3312
22.546258383135868	0.2832398172466218	11.113711155203815	0.18869118099894067	2.0352223430603082	0.18838669639084618	-10.174619564998272	0.27010324258691254	19.1777	0.2326	185.58649573411458	5.524745959591107	42.254623755350075	1.2410145513093507	173.77181402703678	4.686781202058416	13.3312
22.58053972018441	0.18911316595000988	11.113711155203815	0.18869118099894067	2.0352223430603082	0.18838669639084618	-10.174619564998272	0.27010324258691254	19.1777	0.2326	185.0316646248967	4.310771073098717	42.254623755350075	1.2410145513093507	173.77181402703678	4.686781202058416	13.3312
22.51198177329537	0.3173993792510697	11.113711155203815	0.18869118099894067	2.0352223430603082	0.18838669639084618	-10.174619564998272	0.27010324258691254	19.1777	0.2326	186.1445870550775	6.030229039040846	42.254623755350075	1.2410145513093507	173.77181402703678	4.686781202058416	13.3312
22.409180297190648	0.3515422795435392	11.113711155203815	0.18869118099894067	2.0352223430603082	0.18838669639084618	-10.204534070780817	0.18797755548460165	19.1777	0.2326	187.83871220186177	6.634889924102069	42.254623755350075	1.2410145513093507	173.34710803128044	3.7690981832563812	13.3312
22.477709889679574	0.3373066590987748	11.113711155203815	0.18869118099894067	2.0352223430603082	0.18838669639084618	-10.204534070780817	0.18797755548460165	19.1777	0.2326	186.70596740827202	6.349996108831091	42.254623755350075	1.2410145513093507	173.34710803128044	3.7690981832563812	13.3312
22.477709889679574	0.3373066590987748	11.113711155203815	0.18869118099894067	2.0352223430603082	0.18838669639084618	-10.204534070780817	0.18797755548460165	19.1777	0.2326	186.70596740827202	6.349996108831091	42.254623755350075	1.2410145513093507	173.34710803128044	3.7690981832563812	13.3312
22.477709889679574	0.3373066590987748	11.113711155203815	0.18869118099894067	2.066733988700449	0.2749125390620211	-10.204534070780817	0.18797755548460165	19.1777	0.2326	186.70596740827202	6.349996108831091	42.40180139335341	1.5627755955280647	172.90196637073265	4.692460969684382	13.3312
22.546258383135868	0.2832398172466218	11.113711155203815	0.18869118099894067	2.0352223430603082	0.18838669639084618	-10.174619564998272	0.27010324258691254	19.1777	0.2326	185.58649573411458	5.524745959591107	42.254623755350075	1.2410145513093507	173.77181402703678	4.686781202058416	13.3312
22.409180297190648	0.3515422795435392	11.113711155203815	0.18869118099894067	2.0352223430603082	0.18838669639084618	-10.174619564998272	0.27010324258691254	19.1777	0.2326	187.83871220186177	6.634889924102069	42.254623755350075	1.2410145513093507	173.77181402703678	4.686781202058416	13.3312
22.51198177329537	0.3173993792510697	11.113711155203815	0.18869118099894067	2.0352223430603082	0.18838669639084618	-10.204534070780817	0.18797755548460165	19.1777	0.2326	186.1445870550775	6.030229039040846	42.254623755350075	1.2410145513093507	173.34710803128044	3.7690981832563812	13.3312
22.546258383135868	0.28323981724662173	11.113711155203815	0.18869118099894067	2.0352223430603082	0.18838669639084618	-10.204534070780817	0.18797755548460165	19.1777	0.2326	185.58649573411458	5.524745959591106	42.254623755350075	1.2410145513093507	173.34710803128044	3.7690981832563812	13.3312
22.477709889679574	0.3373066590987748	11.113711155203815	0.18869118099894067	2.0352223430603082	0.18838669639084618	-10.204534070780817	0.18797755548460165	19.1777	0.2326	186.70596740827202	6.349996108831091	42.254623755350075	1.2410145513093507	173.34710803128044	3.7690981832563812	13.3312
22.477709889679574	0.3373066590987748	11.113711155203815	0.18869118099894067	2.0352223430603082	0.18838669639084618	-10.204534070780817	0.18797755548460165	19.1777	0.2326	186.70596740827202	6.349996108831091	42.254623755350075	1.2410145513093507	173.34710803128044	3.7690981832563812	13.3312
22.51198177329537	0.3173993792510697	11.113711155203815	0.18869118099894067	2.0352223430603082	0.18838669639084618	-10.204534070780817	0.18797755548460165	19.1777	0.2326	186.1445870550775	6.030229039040846	42.254623755350075	1.2410145513093507	173.34710803128044	3.7690981832563812	13.3312
22.44344273130514	0.34810946373383955	11.113711155203815	0.18869118099894067	2.0352223430603082	0.18838669639084618	-10.204534070780817	0.18797755548460165	19.1777	0.2326	187.27066595489305	6.544881394080824	42.254623755350075	1.2410145513093507	173.34710803128044	3.7690981832563812	13.3312
22.51198177329537	0.3173993792510697	11.113711155203815	0.18869118099894067	2.0352223430603082	0.18838669639084618	-10.114778993177785	0.3173616713693494	19.1777	0.2326	186.13877003673198	6.030040594383377	42.253303298357714	1.2409757696046222	174.62220905848028	5.304255372624107	13.3307834
22.546258383135868	0.28323981724662173	11.113711155203815	0.18869118099894067	2.0352223430603082	0.18838669639084618	-10.144701206046381	0.29994686640373014	19.1777	0.2326	185.58649573411458	5.524745959591106	42.254623755350075	1.2410145513093507	174.1986613292239	5.065809566178427	13.3312
22.546258383135868	0.2832398172466218	11.113711155203815	0.18869118099894067	2.0352223430603082	0.18838669639084618	-10.174619564998272	0.27010324258691254	19.1777	0.2326	185.58649573411458	5.524745959591107	42.254623755350075	1.2410145513093507	173.77181402703678	4.686781202058416	13.3312
22.58053972018441	0.18911316595000988	11.113711155203815	0.18869118099894067	2.066733988700449	0.2749125390620211	-10.174619564998272	0.27010324258691254	19.1777	0.2326	185.0316646248967	4.310771073098717	42.40180139335341	1.5627755955280647	173.3244912859817	5.456843274625117	13.3312
22.58053972018441	0.18911316595000988	11.113711155203815	0.18869118099894067	2.066733988700449	0.2749125390620211	-10.144701206046381	0.29994686640373014	19.1777	0.2326	185.0316646248967	4.310771073098717	42.40180139335341	1.5627755955280647	173.749141154138	5.7891396589760316	13.3312
22.58053972018441	0.18911316595000988	11.113711155203815	0.18869118099894067	2.066733988700449	0.2749125390620211	-10.204534070780817	0.18797755548460165	19.1777	0.2326	185.0316646248967	4.310771073098717	42.40180139335341	1.5627755955280647	172.90196637073265	4.692460969684382	13.3312
22.51198177329537	0.3173993792510697	11.113711155203815	0.18869118099894067	2.0352223430603082	0.18838669639084618	-10.174619564998272	0.27010324258691254	19.1777	0.2326	186.1445870550775	6.030229039040846	42.254623755350075	1.2410145513093507	173.77181402703678	4.686781202058416	13.3312
22.546258383135868	0.28323981724662173	11.113711155203815	0.18869118099894067	2.0352223430603082	0.18838669639084618	-10.084852925643686	0.326833734200634	19.1777	0.2326	185.58649573411458	5.524745959591106	42.254623755350075	1.2410145513093507	175.05884495827496	5.448741476256611	13.3312
22.58053972018441	0.18911316595000988	11.113711155203815	0.18869118099894067	2.0352223430603082	0.18838669639084618	-10.144701206046381	0.29994686640373014	19.1777	0.2326	185.0316646248967	4.310771073098717	42.254623755350075	1.2410145513093507	174.1986613292239	5.065809566178427	13.3312
22.44344273130514	0.34810946373383944	11.113711155203815	0.18869118099894067	2.0352223430603082	0.18838669639084618	-10.174619564998272	0.27010324258691254	19.1777	0.2326	187.27066595489305	6.544881394080822	42.254623755350075	1.2410145513093507	173.77181402703678	4.686781202058416	13.3312
22.58053972018441	0.18911316595000988	11.113711155203815	0.18869118099894067	2.066733988700449	0.2749125390620211	-10.114778993177785	0.3173616713693494	19.1777	0.2326	185.0316646248967	4.310771073098717	42.40180139335341	1.5627755955280647	174.17593204580177	6.003538783225952	13.3312
22.51198177329537	0.3173993792510697	11.113711155203815	0.18869118099894067	2.0352223430603082	0.18838669639084618	-10.204534070780817	0.18797755548460165	19.1777	0.2326	186.1445870550775	6.030229039040846	42.254623755350075	1.2410145513093507	173.34710803128044	3.7690981832563812	13.3312
22.51198177329537	0.3173993792510697	11.113711155203815	0.18869118099894067	2.0352223430603082	0.18838669639084618	-10.144701206046381	0.29994686640373014	19.1777	0.2326	186.13877003673198	6.030040594383377	42.253303298357714	1.2409757696046222	174.19321762105739	5.065651259629482	13.3307834
22.546258383135868	0.2832398172466218	11.113711155203815	0.18869118099894067	2.0352223430603082	0.18838669639084618	-10.204534070780817	0.18797755548460165	19.1777	0.2326	185.58649573411458	5.524745959591107	42.254623755350075	1.2410145513093507	173.34710803128044	3.7690981832563812	13.3312
22.51198177329537	0.3173993792510697	11.113711155203815	0.18869118099894067	2.0352223430603082	0.18838669639084618	-10.204534070780817	0.18797755548460165	19.1777	0.2326	186.1445870550775	6.030229039040846	42.254623755350075	1.2410145513093507	173.34710803128044	3.7690981832563812	13.3312
22.546258383135868	0.2832398172466218	11.113711155203815	0.18869118099894067	2.0352223430603082	0.18838669639084618	-10.204534070780817	0.18797755548460165	19.1777	0.2326	185.58649573411458	5.524745959591107	42.254623755350075	1.2410145513093507	173.34710803128044	3.7690981832563812	13.3312
22.477709889679574	0.3373066590987748	11.113711155203815	0.18869118099894067	2.0352223430603082	0.18838669639084618	-10.204534070780817	0.18797755548460165	19.1777	0.2326	186.70596740827202	6.349996108831091	42.254623755350075	1.2410145513093507	173.34710803128044	3.7690981832563812	13.3312
22.44344273130514	0.34810946373383944	11.113711155203815	0.18869118099894067	2.0352223430603082	0.18838669639084618	-10.204534070780817	0.18797755548460165	19.1777	0.2326	187.27066595489305	6.544881394080822	42.254623755350075	1.2410145513093507	173.34710803128044	3.7690981832563812	13.3312
22.477709889679574	0.3373066590987748	11.113711155203815	0.18869118099894067	2.066733988700449	0.2749125390620211	-10.204534070780817	0.18797755548460165	19.1777	0.2326	186.70596740827202	6.349996108831091	42.40180139335341	1.5627755955280647	172.90196637073265	4.692460969684382	13.3312
22.374922586353243	0.3480631224496069	11.113711155203815	0.18869118099894067	2.0352223430603082	0.18838669639084618	-10.204534070780817	0.18797755548460165	19.1777	0.2326	188.41013600702027	6.6240882557594025	42.254623755350075	1.2410145513093507	173.34710803128044	3.7690981832563812	13.3312
22.51198177329537	0.3173993792510697	11.113711155203815	0.18869118099894067	2.0352223430603082	0.18838669639084618	-10.204534070780817	0.18797755548460165	19.1777	0.2326	186.1445870550775	6.030229039040846	42.254623755350075	1.2410145513093507	173.34710803128044	3.7690981832563812	13.3312
22.51198177329537	0.3173993792510697	11.113711155203815	0.18869118099894067	2.066733988700449	0.2749125390620211	-10.114778993177785	0.31736167136934945	19.1777	0.2326	186.15040407342292	6.030417483698316	42.40312644964695	1.562824432265425	174.18137504367823	6.003726393812928	13.3316166
22.51198177329537	0.3173993792510697	11.113711155203815	0.18869118099894067	2.0352223430603082	0.18838669639084618	-10.114778993177785	0.31736167136934945	19.1777	0.2326	186.1445870550775	6.030229039040846	42.254623755350075	1.2410145513093507	174.62766617304823	5.304421135784603	13.3312
22.546258383135868	0.28323981724662173	11.113711155203815	0.18869118099894067	2.0352223430603082	0.18838669639084618	-10.204534070780817	0.18797755548460165	19.1777	0.2326	185.58649573411458	5.524745959591106	42.254623755350075	1.2410145513093507	173.34710803128044	3.7690981832563812	13.3312
22.546258383135868	0.2832398172466218	11.113711155203815	0.18869118099894067	2.0352223430603082	0.18838669639084618	-10.204534070780817	0.18797755548460165	19.1777	0.2326	185.58069615612288	5.52457331127987	42.253303298357714	1.2409757696046222	173.34169093415449	3.7689803989381536	13.3307834
22.546258383135868	0.2832398172466218	11.113711155203815	0.18869118099894067	2.0352223430603082	0.18838669639084618	-10.144701206046381	0.29994686640373014	19.1777	0.2326	185.58649573411458	5.524745959591107	42.254623755350075	1.2410145513093507	174.1986613292239	5.065809566178427	13.3312
22.477709889679574	0.3373066590987748	11.113711155203815	0.18869118099894067	2.066733988700449	0.2749125390620211	-10.204534070780817	0.18797755548460165	19.1777	0.2326	186.70596740827202	6.349996108831091	42.40180139335341	1.5627755955280647	172.90196637073265	4.692460969684382	13.3312
22.409180297190648	0.3515422795435392	11.113711155203815	0.18869118099894067	2.0352223430603082	0.18838669639084618	-10.174619564998272	0.27010324258691254	19.1777	0.2326	187.83871220186177	6.634889924102069	42.254623755350075	1.2410145513093507	173.77181402703678	4.686781202058416	13.3312
22.546258383135868	0.28323981724662173	11.113711155203815	0.18869118099894067	2.0352223430603082	0.18838669639084618	-10.204534070780817	0.18797755548460165	19.1777	0.2326	185.58649573411458	5.524745959591106	42.254623755350075	1.2410145513093507	173.34710803128044	3.7690981832563812	13.3312
22.546258383135868	0.28323981724662173	11.113711155203815	0.18869118099894067	2.0352223430603082	0.18838669639084618	-10.204534070780817	0.18797755548460165	19.1777	0.2326	185.58069615612288	5.524573311279869	42.253303298357714	1.2409757696046222	173.34169093415449	3.7689803989381536	13.3307834
22.44344273130514	0.34810946373383944	11.113711155203815	0.18869118099894067	2.0352223430603082	0.18838669639084618	-10.204534070780817	0.18797755548460165	19.1777	0.2326	187.27066595489305	6.544881394080822	42.254623755350075	1.2410145513093507	173.34710803128044	3.7690981832563812	13.3312
22.477709889679574	0.3373066590987748	11.113711155203815	0.18869118099894067	2.0352223430603082	0.18838669639084618	-10.174619564998272	0.27010324258691254	19.1777	0.2326	186.70596740827202	6.349996108831091	42.254623755350075	1.2410145513093507	173.77181402703678	4.686781202058416	13.3312
22.51198177329537	0.3173993792510697	11.113711155203815	0.18869118099894067	2.0352223430603082	0.18838669639084618	-10.204534070780817	0.18797755548460165	19.1777	0.2326	186.13877003673198	6.030040594383377	42.253303298357714	1.2409757696046222	173.34169093415449	3.7689803989381536	13.3307834
22.340669597811505	0.3372199457188306	11.113711155203815	0.18869118099894067	2.0352223430603082	0.18838669639084618	-10.204534070780817	0.18797755548460165	19.1777	0.2326	188.98496758431585	6.504689055139538	42.254623755350075	1.2410145513093507	173.34710803128044	3.7690981832563812	13.3312
22.546258383135868	0.2832398172466218	11.113711155203815	0.18869118099894067	2.066733988700449	0.2749125390620211	-10.114778993177785	0.31736167136934945	19.1777	0.2326	185.58649573411458	5.524745959591107	42.40180139335341	1.5627755955280647	174.17593204580177	6.003538783225953	13.3312
22.477709889679574	0.3373066590987748	11.113711155203815	0.18869118099894067	2.0352223430603082	0.18838669639084618	-10.204534070780817	0.18797755548460165	19.1777	0.2326	186.70596740827202	6.349996108831091	42.254623755350075	1.2410145513093507	173.34710803128044	3.7690981832563812	13.3312
22.51198177329537	0.3173993792510697	11.113711155203815	0.18869118099894067	2.0352223430603082	0.18838669639084618	-10.204534070780817	0.18797755548460165	19.1777	0.2326	186.1445870550775	6.030229039040846	42.254623755350075	1.2410145513093507	173.34710803128044	3.7690981832563812	13.3312
22.477709889679574	0.3373066590987748	11.113711155203815	0.18869118099894067	2.0352223430603082	0.18838669639084618	-10.204534070780817	0.18797755548460165	19.1777	0.2326	186.70596740827202	6.349996108831091	42.254623755350075	1.2410145513093507	173.34710803128044	3.7690981832563812	13.3312
22.340669597811505	0.3372199457188306	11.113711155203815	0.18869118099894067	2.0352223430603082	0.18838669639084618	-10.204534070780817	0.18797755548460165	19.1777	0.2326	188.98496758431585	6.504689055139538	42.254623755350075	1.2410145513093507	173.34710803128044	3.7690981832563812	13.3312
22.409180297190648	0.3515422795435392	11.113711155203815	0.18869118099894067	2.0352223430603082	0.18838669639084618	-10.204534070780817	0.18797755548460165	19.1777	0.2326	187.83871220186177	6.634889924102069	42.254623755350075	1.2410145513093507	173.34710803128044	3.7690981832563812	13.3312
