22.409180297190648	0.3515422795435392	11.113711155203815	0.18869118099894067	2.0352223430603082	0.18838669639084618	-10.084852925643686	0.326833734200634	19.1777	0.2326	187.83871220186177	6.634889924102069	42.254623755350075	1.2410145513093507	175.05884495827496	5.448741476256611	13.3312
22.44344273130514	0.34810946373383944	11.113711155203815	0.18869118099894067	2.066733988700449	0.2749125390620211	-10.084852925643686	0.326833734200634	19.1777	0.2326	187.27651816320414	6.545085921624388	42.40312644964695	1.562824432265425	174.61033659655868	6.1368573506007555	13.3316166
22.58053972018441	0.18911316595000988	11.113711155203815	0.18869118099894067	2.161293906912559	0.3346740811539396	-10.144701206046381	0.29994686640373014	19.1777	0.2326	185.0316646248967	4.310771073098717	42.849670472798614	1.8389362881943436	172.41404355120963	6.296577605212113	13.3312
22.546258383135868	0.28323981724662173	11.113711155203815	0.18869118099894067	2.0982497973366567	0.30635035542492933	-10.084852925643686	0.326833734200634	19.1777	0.2326	185.58649573411458	5.524745959591106	42.550027535699115	1.6981308013780414	174.15320428552042	6.403474539768681	13.3312
22.51198177329537	0.3173993792510697	11.113711155203815	0.18869118099894067	2.161293906912559	0.3346740811539396	-10.05492300269576	0.3298720028924509	19.1777	0.2326	186.1445870550775	6.030229039040846	42.849670472798614	1.8389362881943436	173.68113165033043	6.680936570385223	13.3312
22.58053972018441	0.18911316595000988	11.113711155203815	0.18869118099894067	2.0982497973366567	0.30635035542492933	-10.024989223585694	0.3268715745114983	19.1777	0.2326	185.03744686441624	4.310905784694752	42.5513572240596	1.6981838679655843	175.01862972710234	6.467471161820568	13.3316166
22.58053972018441	0.18911316595000988	11.113711155203815	0.18869118099894067	2.0982497973366567	0.30635035542492933	-10.144701206046381	0.29994686640373014	19.1777	0.2326	185.02588238537717	4.310636361502683	42.54869784733861	1.698077734790498	173.29646037226763	6.068737911655176	13.3307834
22.546258383135868	0.28323981724662173	11.113711155203815	0.18869118099894067	2.0982497973366567	0.30635035542492933	-9.995051587564204	0.31743247954213194	19.1777	0.2326	185.59229531210627	5.524918607902344	42.5513572240596	1.6981838679655843	175.45189801894298	6.400297241671097	13.3316166
22.51198177329537	0.3173993792510697	11.113711155203815	0.18869118099894067	2.0982497973366567	0.30635035542492933	-10.084852925643686	0.326833734200634	19.1777	0.2326	186.1445870550775	6.030229039040846	42.550027535699115	1.6981308013780414	174.15320428552042	6.403474539768681	13.3312
22.58053972018441	0.18911316595000988	11.113711155203815	0.18869118099894067	2.0352223430603082	0.18838669639084618	-10.084852925643686	0.326833734200634	19.1777	0.2326	185.02588238537717	4.310636361502683	42.253303298357714	1.2409757696046222	175.05337436937	5.448571203085476	13.3307834
22.58053972018441	0.18911316595000988	11.113711155203815	0.18869118099894067	2.066733988700449	0.2749125390620211	-10.024989223585694	0.3268715745114983	19.1777	0.2326	185.0316646248967	4.310771073098717	42.40180139335341	1.5627755955280647	175.4693140172804	6.197999037268236	13.3312
22.546258383135868	0.28323981724662173	11.113711155203815	0.18869118099894067	2.066733988700449	0.2749125390620211	-10.084852925643686	0.326833734200634	19.1777	0.2326	185.58649573411458	5.524745959591106	42.40180139335341	1.5627755955280647	174.60488019405264	6.136665579801387	13.3312
22.58053972018441	0.18911316595000988	11.113711155203815	0.18869118099894067	2.1928222095113408	0.3378751392920519	-10.05492300269576	0.3298720028924509	19.1777	0.2326	185.02588238537717	4.310636361502683	42.999766458865004	1.86535561210078	173.22862589293285	6.678697105978062	13.3307834
22.58053972018441	0.18911316595000988	11.113711155203815	0.18869118099894067	2.066733988700449	0.2749125390620211	-10.114778993177785	0.3173616713693494	19.1777	0.2326	185.0316646248967	4.310771073098717	42.40180139335341	1.5627755955280647	174.17593204580177	6.003538783225952	13.3312
22.58053972018441	0.18911316595000988	11.113711155203815	0.18869118099894067	2.0352223430603082	0.18838669639084618	-10.114778993177785	0.31736167136934934	19.1777	0.2326	185.0316646248967	4.310771073098717	42.254623755350075	1.2410145513093507	174.62766617304823	5.304421135784602	13.3312
22.546258383135868	0.28323981724662173	11.113711155203815	0.18869118099894067	2.0352223430603082	0.18838669639084618	-10.114778993177785	0.3173616713693494	19.1777	0.2326	185.58069615612288	5.524573311279869	42.253303298357714	1.2409757696046222	174.62220905848028	5.304255372624107	13.3307834
22.477709889679574	0.3373066590987748	11.113711155203815	0.18869118099894067	2.0352223430603082	0.18838669639084618	-10.204534070780817	0.18797755548460165	19.1777	0.2326	186.70596740827202	6.349996108831091	42.254623755350075	1.2410145513093507	173.34710803128044	3.7690981832563812	13.3312
22.51198177329537	0.3173993792510697	11.113711155203815	0.18869118099894067	2.0352223430603082	0.18838669639084618	-10.174619564998272	0.27010324258691254	19.1777	0.2326	186.1445870550775	6.030229039040846	42.254623755350075	1.2410145513093507	173.77181402703678	4.686781202058416	13.3312
22.58053972018441	0.18911316595000988	11.113711155203815	0.18869118099894067	2.0982497973366567	0.30635035542492933	-10.084852925643686	0.326833734200634	19.1777	0.2326	185.0316646248967	4.310771073098717	42.550027535699115	1.6981308013780414	174.15320428552042	6.403474539768681	13.3312
22.51198177329537	0.3173993792510697	11.113711155203815	0.18869118099894067	2.0352223430603082	0.18838669639084618	-10.174619564998272	0.27010324258691254	19.1777	0.2326	186.1445870550775	6.030229039040846	42.254623755350075	1.2410145513093507	173.77181402703678	4.686781202058416	13.3312
22.58053972018441	0.18911316595000988	11.113711155203815	0.18869118099894067	2.0982497973366567	0.30635035542492933	-10.174619564998272	0.27010324258691254	19.1777	0.2326	185.0316646248967	4.310771073098717	42.550027535699115	1.6981308013780414	172.87940698352014	5.753119299030553	13.3312
22.58053972018441	0.18911316595000988	11.113711155203815	0.18869118099894067	2.066733988700449	0.2749125390620211	-10.114778993177785	0.31736167136934934	19.1777	0.2326	185.0316646248967	4.310771073098717	42.40180139335341	1.5627755955280647	174.17593204580177	6.0035387832259515	13.3312
22.51198177329537	0.3173993792510697	11.113711155203815	0.18869118099894067	2.0982497973366567	0.30635035542492933	-10.084852925643686	0.326833734200634	19.1777	0.2326	186.1445870550775	6.030229039040846	42.550027535699115	1.6981308013780414	174.15320428552042	6.403474539768681	13.3312
22.546258383135868	0.2832398172466218	11.113711155203815	0.18869118099894067	2.066733988700449	0.2749125390620211	-10.024989223585694	0.3268715745114983	19.1777	0.2326	185.58649573411458	5.524745959591107	42.40180139335341	1.5627755955280647	175.4693140172804	6.197999037268236	13.3312
22.58053972018441	0.18911316595000988	11.113711155203815	0.18869118099894067	2.0982497973366567	0.30635035542492933	-10.05492300269576	0.3298720028924509	19.1777	0.2326	185.0316646248967	4.310771073098717	42.550027535699115	1.6981308013780414	174.582095742193	6.4669657637108315	13.3312
22.58053972018441	0.18911316595000988	11.113711155203815	0.18869118099894067	2.0982497973366567	0.30635035542492933	-10.084852925643686	0.326833734200634	19.1777	0.2326	185.0316646248967	4.310771073098717	42.550027535699115	1.6981308013780414	174.15320428552042	6.403474539768681	13.3312
22.477709889679574	0.3373066590987748	11.113711155203815	0.18869118099894067	2.0982497973366567	0.30635035542492933	-10.174619564998272	0.27010324258691254	19.1777	0.2326	186.7001328467905	6.34979767145269	42.54869784733861	1.698077734790498	172.8740045020519	5.752939514052456	13.3307834
22.51198177329537	0.3173993792510697	11.113711155203815	0.18869118099894067	2.0352223430603082	0.18838669639084618	-10.144701206046381	0.29994686640373014	19.1777	0.2326	186.15040407342292	6.030417483698316	42.25594421234243	1.2410533330140792	174.20410503739046	5.065967872727369	13.3316166
22.58053972018441	0.18911316595000988	11.113711155203815	0.18869118099894067	2.066733988700449	0.2749125390620211	-10.174619564998272	0.27010324258691254	19.1777	0.2326	185.0316646248967	4.310771073098717	42.40180139335341	1.5627755955280647	173.3244912859817	5.456843274625117	13.3312
22.58053972018441	0.18911316595000988	11.113711155203815	0.18869118099894067	2.0352223430603082	0.18838669639084618	-10.144701206046381	0.29994686640373014	19.1777	0.2326	185.0316646248967	4.310771073098717	42.254623755350075	1.2410145513093507	174.1986613292239	5.065809566178427	13.3312
22.546258383135868	0.28323981724662173	11.113711155203815	0.18869118099894067	2.066733988700449	0.2749125390620211	-10.174619564998272	0.27010324258691254	19.1777	0.2326	185.58069615612288	5.524573311279869	42.400476337059864	1.5627267587907046	173.31907489562903	5.456672748272784	13.3307834
22.58053972018441	0.18911316595000988	11.113711155203815	0.18869118099894067	2.066733988700449	0.2749125390620211	-10.084852925643686	0.326833734200634	19.1777	0.2326	185.03744686441624	4.310905784694752	42.40312644964695	1.562824432265425	174.61033659655868	6.1368573506007555	13.3316166
22.51198177329537	0.3173993792510697	11.113711155203815	0.18869118099894067	2.066733988700449	0.2749125390620211	-10.144701206046381	0.29994686640373014	19.1777	0.2326	186.1445870550775	6.030229039040846	42.40180139335341	1.5627755955280647	173.749141154138	5.7891396589760316	13.3312
22.58053972018441	0.18911316595000988	11.113711155203815	0.18869118099894067	2.0352223430603082	0.18838669639084618	-10.114778993177785	0.3173616713693494	19.1777	0.2326	185.0316646248967	4.310771073098717	42.254623755350075	1.2410145513093507	174.62766617304823	5.304421135784602	13.3312
22.546258383135868	0.28323981724662173	11.113711155203815	0.18869118099894067	2.0352223430603082	0.18838669639084618	-10.144701206046381	0.29994686640373014	19.1777	0.2326	185.58649573411458	5.524745959591106	42.254623755350075	1.2410145513093507	174.1986613292239	5.065809566178427	13.3312
22.58053972018441	0.18911316595000988	11.113711155203815	0.18869118099894067	2.0352223430603082	0.18838669639084618	-10.144701206046381	0.29994686640373014	19.1777	0.2326	185.0316646248967	4.310771073098717	42.254623755350075	1.2410145513093507	174.1986613292239	5.065809566178427	13.3312
22.58053972018441	0.18911316595000988	11.113711155203815	0.18869118099894067	2.066733988700449	0.2749125390620211	-10.144701206046381	0.29994686640373014	19.1777	0.2326	185.0316646248967	4.310771073098717	42.40180139335341	1.5627755955280647	173.749141154138	5.7891396589760316	13.3312
22.58053972018441	0.18911316595000988	11.113711155203815	0.18869118099894067	2.066733988700449	0.2749125390620211	-10.174619564998272	0.27010324258691254	19.1777	0.2326	185.0316646248967	4.310771073098717	42.40180139335341	1.5627755955280647	173.3244912859817	5.456843274625117	13.3312
22.58053972018441	0.18911316595000988	11.113711155203815	0.18869118099894067	2.161293906912559	0.3346740811539396	-10.174619564998272	0.27010324258691254	19.1777	0.2326	185.0316646248967	4.310771073098717	42.849670472798614	1.8389362881943436	171.99588682085817	5.996372347838004	13.3312
22.58053972018441	0.18911316595000988	11.113711155203815	0.18869118099894067	2.066733988700449	0.2749125390620211	-10.144701206046381	0.29994686640373014	19.1777	0.2326	185.0316646248967	4.310771073098717	42.40180139335341	1.5627755955280647	173.749141154138	5.7891396589760316	13.3312
22.546258383135868	0.28323981724662173	11.113711155203815	0.18869118099894067	2.066733988700449	0.2749125390620211	-10.144701206046381	0.29994686640373014	19.1777	0.2326	185.58649573411458	5.524745959591106	42.40180139335341	1.5627755955280647	173.749141154138	5.7891396589760316	13.3312
22.58053972018441	0.18911316595000988	11.113711155203815	0.18869118099894067	2.0982497973366567	0.30635035542492933	-10.114778993177785	0.3173616713693494	19.1777	0.2326	185.03744686441624	4.310905784694752	42.5513572240596	1.6981838679655843	173.7318987525774	6.274700136500355	13.3316166
22.546258383135868	0.28323981724662173	11.113711155203815	0.18869118099894067	2.0352223430603082	0.18838669639084618	-10.174619564998272	0.27010324258691254	19.1777	0.2326	185.58649573411458	5.524745959591106	42.254623755350075	1.2410145513093507	173.77181402703678	4.686781202058416	13.3312
22.58053972018441	0.18911316595000988	11.113711155203815	0.18869118099894067	2.161293906912559	0.3346740811539396	-10.144701206046381	0.29994686640373014	19.1777	0.2326	185.03744686441624	4.310905784694752	42.8510095250009	1.8389937549533502	172.4194314900706	6.296774373262276	13.3316166
22.58053972018441	0.18911316595000988	11.113711155203815	0.18869118099894067	2.0982497973366567	0.30635035542492933	-10.174619564998272	0.27010324258691254	19.1777	0.2326	185.0316646248967	4.310771073098717	42.550027535699115	1.6981308013780414	172.87940698352014	5.753119299030553	13.3312
22.58053972018441	0.18911316595000988	11.113711155203815	0.18869118099894067	2.1928222095113408	0.3378751392920519	-10.114778993177785	0.31736167136934945	19.1777	0.2326	185.0316646248967	4.310771073098717	43.00111024356012	1.8654139062853514	172.3915442501576	6.49289771939435	13.3312
22.58053972018441	0.18911316595000988	11.113711155203815	0.18869118099894067	2.0352223430603082	0.18838669639084618	-10.174619564998272	0.27010324258691254	19.1777	0.2326	185.0316646248967	4.310771073098717	42.254623755350075	1.2410145513093507	173.77181402703678	4.686781202058416	13.3312
22.58053972018441	0.18911316595000988	11.113711155203815	0.18869118099894067	2.066733988700449	0.2749125390620211	-10.174619564998272	0.27010324258691254	19.1777	0.2326	185.03744686441624	4.310905784694752	42.40312644964695	1.562824432265425	173.32990767633441	5.457013800977449	13.3316166
22.58053972018441	0.18911316595000988	11.113711155203815	0.18869118099894067	2.066733988700449	0.2749125390620211	-10.204534070780817	0.18797755548460165	19.1777	0.2326	185.0316646248967	4.310771073098717	42.40180139335341	1.5627755955280647	172.90196637073265	4.692460969684382	13.3312
22.51198177329537	0.3173993792510697	11.113711155203815	0.18869118099894067	2.066733988700449	0.2749125390620211	-10.204534070780817	0.18797755548460165	19.1777	0.2326	186.1445870550775	6.030229039040846	42.40180139335341	1.5627755955280647	172.90196637073265	4.692460969684382	13.3312
22.58053972018441	0.18911316595000988	11.113711155203815	0.18869118099894067	2.0352223430603082	0.18838669639084618	-10.204534070780817	0.18797755548460165	19.1777	0.2326	185.03744686441624	4.310905784694752	42.25594421234243	1.2410533330140792	173.35252512840643	3.7692159675746084	13.3316166
22.58053972018441	0.18911316595000988	11.113711155203815	0.18869118099894067	2.0982497973366567	0.30635035542492933	-10.204534070780817	0.18797755548460165	19.1777	0.2326	185.0316646248967	4.310771073098717	42.550027535699115	1.6981308013780414	172.4590466752087	5.038374938450058	13.3312
22.58053972018441	0.18911316595000988	11.113711155203815	0.18869118099894067	2.0982497973366567	0.30635035542492933	-10.204534070780817	0.18797755548460165	19.1777	0.2326	185.0316646248967	4.310771073098717	42.550027535699115	1.6981308013780414	172.4590466752087	5.038374938450058	13.3312
22.546258383135868	0.28323981724662173	11.113711155203815	0.18869118099894067	2.0352223430603082	0.18838669639084618	-10.204534070780817	0.18797755548460165	19.1777	0.2326	185.58069615612288	5.524573311279869	42.253303298357714	1.2409757696046222	173.34169093415449	3.7689803989381536	13.3307834
22.58053972018441	0.18911316595000988	11.113711155203815	0.18869118099894067	2.0982497973366567	0.30635035542492933	-10.204534070780817	0.18797755548460165	19.1777	0.2326	185.0316646248967	4.310771073098717	42.550027535699115	1.6981308013780414	172.4590466752087	5.038374938450058	13.3312
22.546258383135868	0.28323981724662173	11.113711155203815	0.18869118099894067	2.0352223430603082	0.18838669639084618	-10.204534070780817	0.18797755548460165	19.1777	0.2326	185.58649573411458	5.524745959591106	42.254623755350075	1.2410145513093507	173.34710803128044	3.7690981832563812	13.3312
22.546258383135868	0.28323981724662173	11.113711155203815	0.18869118099894067	2.0352223430603082	0.18838669639084618	-10.204534070780817	0.18797755548460165	19.1777	0.2326	185.58649573411458	5.524745959591106	42.254623755350075	1.2410145513093507	173.34710803128044	3.7690981832563812	13.3312
22.546258383135868	0.28323981724662173	11.113711155203815	0.18869118099894067	2.0352223430603082	0.18838669639084618	-10.204534070780817	0.18797755548460165	19.1777	0.2326	185.58649573411458	5.524745959591106	42.254623755350075	1.2410145513093507	173.34710803128044	3.7690981832563812	13.3312
22.58053972018441	0.18911316595000988	11.113711155203815	0.18869118099894067	2.0982497973366567	0.30635035542492933	-10.144701206046381	0.29994686640373014	19.1777	0.2326	185.0316646248967	4.310771073098717	42.550027535699115	1.6981308013780414	173.3018760558944	6.068927565641602	13.3312
22.58053972018441	0.18911316595000988	11.113711155203815	0.18869118099894067	2.0982497973366567	0.30635035542492933	-10.204534070780817	0.18797755548460165	19.1777	0.2326	185.03744686441624	4.310905784694752	42.5513572240596	1.6981838679655843	172.46443602041728	5.038532387666884	13.3316166
22.58053972018441	0.18911316595000988	11.113711155203815	0.18869118099894067	2.0352223430603082	0.18838669639084618	-10.204534070780817	0.18797755548460165	19.1777	0.2326	185.0316646248967	4.310771073098717	42.254623755350075	1.2410145513093507	173.34710803128044	3.7690981832563812	13.3312
22.58053972018441	0.18911316595000988	11.113711155203815	0.18869118099894067	2.0352223430603082	0.18838669639084618	-10.174619564998272	0.27010324258691254	19.1777	0.2326	185.0316646248967	4.310771073098717	42.254623755350075	1.2410145513093507	173.77181402703678	4.686781202058416	13.3312
22.58053972018441	0.18911316595000988	11.113711155203815	0.18869118099894067	2.0352223430603082	0.18838669639084618	-10.174619564998272	0.27010324258691254	19.1777	0.2326	185.03744686441624	4.310905784694752	42.25594421234243	1.2410533330140792	173.77724439622511	4.68692766397098	13.3316166
22.546258383135868	0.28323981724662173	11.113711155203815	0.18869118099894067	2.129769769797512	0.3246956484408957	-10.144701206046381	0.29994686640373014	19.1777	0.2326	185.58649573411458	5.524745959591106	42.699313426890754	1.7848932146952667	172.85684910756837	6.225023022386973	13.3312
22.58053972018441	0.18911316595000988	11.113711155203815	0.18869118099894067	2.0982497973366567	0.30635035542492933	-10.174619564998272	0.27010324258691254	19.1777	0.2326	185.0316646248967	4.310771073098717	42.550027535699115	1.6981308013780414	172.87940698352014	5.753119299030553	13.3312
22.58053972018441	0.18911316595000988	11.113711155203815	0.18869118099894067	2.0352223430603082	0.18838669639084618	-10.174619564998272	0.27010324258691254	19.1777	0.2326	185.02588238537717	4.310636361502683	42.253303298357714	1.2409757696046222	173.76638365784842	4.686634740145851	13.3307834
22.58053972018441	0.18911316595000988	11.113711155203815	0.18869118099894067	2.066733988700449	0.2749125390620211	-10.144701206046381	0.29994686640373014	19.1777	0.2326	185.02588238537717	4.310636361502683	42.400476337059864	1.5627267587907046	173.7437114934769	5.788958748361687	13.3307834
22.58053972018441	0.18911316595000988	11.113711155203815	0.18869118099894067	2.066733988700449	0.2749125390620211	-10.114778993177785	0.31736167136934934	19.1777	0.2326	185.0316646248967	4.310771073098717	42.40180139335341	1.5627755955280647	174.17593204580177	6.0035387832259515	13.3312
22.58053972018441	0.18911316595000988	11.113711155203815	0.18869118099894067	2.0352223430603082	0.18838669639084618	-10.144701206046381	0.29994686640373014	19.1777	0.2326	185.03744686441624	4.310905784694752	42.25594421234243	1.2410533330140792	174.20410503739046	5.065967872727369	13.3316166
22.58053972018441	0.18911316595000988	11.113711155203815	0.18869118099894067	2.0352223430603082	0.18838669639084618	-10.084852925643686	0.326833734200634	19.1777	0.2326	185.0316646248967	4.310771073098717	42.254623755350075	1.2410145513093507	175.05884495827496	5.448741476256611	13.3312
22.58053972018441	0.18911316595000988	11.113711155203815	0.18869118099894067	2.066733988700449	0.2749125390620211	-10.204534070780817	0.18797755548460165	19.1777	0.2326	185.03744686441624	4.310905784694752	42.40312644964695	1.562824432265425	172.90736955718174	4.692607609089684	13.3316166
22.58053972018441	0.18911316595000988	11.113711155203815	0.18869118099894067	2.0352223430603082	0.18838669639084618	-10.174619564998272	0.27010324258691254	19.1777	0.2326	185.0316646248967	4.310771073098717	42.254623755350075	1.2410145513093507	173.77181402703678	4.686781202058416	13.3312
22.546258383135868	0.28323981724662173	11.113711155203815	0.18869118099894067	2.0352223430603082	0.18838669639084618	-10.204534070780817	0.18797755548460165	19.1777	0.2326	185.58649573411458	5.524745959591106	42.254623755350075	1.2410145513093507	173.34710803128044	3.7690981832563812	13.3312
22.58053972018441	0.18911316595000988	11.113711155203815	0.18869118099894067	2.0352223430603082	0.18838669639084618	-10.204534070780817	0.18797755548460165	19.1777	0.2326	185.03744686441624	4.310905784694752	42.25594421234243	1.2410533330140792	173.35252512840643	3.7692159675746084	13.3316166
22.546258383135868	0.28323981724662173	11.113711155203815	0.18869118099894067	2.066733988700449	0.2749125390620211	-10.174619564998272	0.27010324258691254	19.1777	0.2326	185.58649573411458	5.524745959591106	42.40180139335341	1.5627755955280647	173.3244912859817	5.456843274625117	13.3312
22.58053972018441	0.18911316595000988	11.113711155203815	0.18869118099894067	2.066733988700449	0.2749125390620211	-10.144701206046381	0.29994686640373014	19.1777	0.2326	185.0316646248967	4.310771073098717	42.40180139335341	1.5627755955280647	173.749141154138	5.7891396589760316	13.3312
22.546258383135868	0.28323981724662173	11.113711155203815	0.18869118099894067	2.0352223430603082	0.18838669639084618	-10.204534070780817	0.18797755548460165	19.1777	0.2326	185.58069615612288	5.524573311279869	42.253303298357714	1.2409757696046222	173.34169093415449	3.7689803989381536	13.3307834
22.58053972018441	0.18911316595000988	11.113711155203815	0.18869118099894067	2.0982497973366567	0.30635035542492933	-10.204534070780817	0.18797755548460165	19.1777	0.2326	185.02588238537717	4.310636361502683	42.54869784733861	1.698077734790498	172.45365733000003	5.03821748923323	13.3307834
22.51198177329537	0.3173993792510697	11.113711155203815	0.18869118099894067	2.066733988700449	0.2749125390620211	-10.174619564998272	0.27010324258691254	19.1777	0.2326	186.1445870550775	6.030229039040846	42.40180139335341	1.5627755955280647	173.3244912859817	5.456843274625117	13.3312
22.546258383135868	0.28323981724662173	11.113711155203815	0.18869118099894067	2.0352223430603082	0.18838669639084618	-10.204534070780817	0.18797755548460165	19.1777	0.2326	185.58069615612288	5.524573311279869	42.253303298357714	1.2409757696046222	173.34169093415449	3.7689803989381536	13.3307834
22.44344273130514	0.34810946373383944	11.113711155203815	0.18869118099894067	2.0352223430603082	0.18838669639084618	-10.204534070780817	0.18797755548460165	19.1777	0.2326	187.27066595489305	6.544881394080822	42.254623755350075	1.2410145513093507	173.34710803128044	3.7690981832563812	13.3312
22.546258383135868	0.28323981724662173	11.113711155203815	0.18869118099894067	2.0352223430603082	0.18838669639084618	-10.204534070780817	0.18797755548460165	19.1777	0.2326	185.58649573411458	5.524745959591106	42.254623755350075	1.2410145513093507	173.34710803128044	3.7690981832563812	13.3312
22.546258383135868	0.2832398172466218	11.113711155203815	0.18869118099894067	2.0352223430603082	0.18838669639084618	-10.204534070780817	0.18797755548460165	19.1777	0.2326	185.58649573411458	5.524745959591107	42.254623755350075	1.2410145513093507	173.34710803128044	3.7690981832563812	13.3312
22.546258383135868	0.28323981724662173	11.113711155203815	0.18869118099894067	2.0352223430603082	0.18838669639084618	-10.204534070780817	0.18797755548460165	19.1777	0.2326	185.58649573411458	5.524745959591106	42.254623755350075	1.2410145513093507	173.34710803128044	3.7690981832563812	13.3312
22.546258383135868	0.2832398172466218	11.113711155203815	0.18869118099894067	2.0352223430603082	0.18838669639084618	-10.174619564998272	0.27010324258691254	19.1777	0.2326	185.59229531210627	5.524918607902344	42.25594421234243	1.2410533330140792	173.77724439622511	4.68692766397098	13.3316166
22.546258383135868	0.28323981724662173	11.113711155203815	0.18869118099894067	2.0352223430603082	0.18838669639084618	-10.174619564998272	0.27010324258691254	19.1777	0.2326	185.58649573411458	5.524745959591106	42.254623755350075	1.2410145513093507	173.77181402703678	4.686781202058416	13.3312
22.546258383135868	0.28323981724662173	11.113711155203815	0.18869118099894067	2.0352223430603082	0.18838669639084618	-10.174619564998272	0.27010324258691254	19.1777	0.2326	185.58649573411458	5.524745959591106	42.254623755350075	1.2410145513093507	173.77181402703678	4.686781202058416	13.3312
22.58053972018441	0.18911316595000988	11.113711155203815	0.18869118099894067	2.066733988700449	0.2749125390620211	-10.204534070780817	0.18797755548460165	19.1777	0.2326	185.03744686441624	4.310905784694752	42.40312644964695	1.562824432265425	172.90736955718174	4.692607609089684	13.3316166
22.44344273130514	0.34810946373383955	11.113711155203815	0.18869118099894067	2.0352223430603082	0.18838669639084618	-10.204534070780817	0.18797755548460165	19.1777	0.2326	187.27066595489305	6.544881394080824	42.254623755350075	1.2410145513093507	173.34710803128044	3.7690981832563812	13.3312
22.51198177329537	0.3173993792510697	11.113711155203815	0.18869118099894067	2.0352223430603082	0.18838669639084618	-10.174619564998272	0.27010324258691254	19.1777	0.2326	186.1445870550775	6.030229039040846	42.254623755350075	1.2410145513093507	173.77181402703678	4.686781202058416	13.3312
22.546258383135868	0.28323981724662173	11.113711155203815	0.18869118099894067	2.0352223430603082	0.18838669639084618	-10.204534070780817	0.18797755548460165	19.1777	0.2326	185.58649573411458	5.524745959591106	42.254623755350075	1.2410145513093507	173.34710803128044	3.7690981832563812	13.3312
22.44344273130514	0.34810946373383944	11.113711155203815	0.18869118099894067	2.066733988700449	0.2749125390620211	-10.204534070780817	0.18797755548460165	19.1777	0.2326	187.26481374658195	6.544676866537257	42.400476337059864	1.5627267587907046	172.89656318428354	4.692314330279078	13.3307834
22.51198177329537	0.3173993792510697	11.113711155203815	0.18869118099894067	2.0352223430603082	0.18838669639084618	-10.204534070780817	0.18797755548460165	19.1777	0.2326	186.1445870550775	6.030229039040846	42.254623755350075	1.2410145513093507	173.34710803128044	3.7690981832563812	13.3312
22.58053972018441	0.18911316595000988	11.113711155203815	0.18869118099894067	2.0352223430603082	0.18838669639084618	-10.204534070780817	0.18797755548460165	19.1777	0.2326	185.0316646248967	4.310771073098717	42.254623755350075	1.2410145513093507	173.34710803128044	3.7690981832563812	13.3312
22.58053972018441	0.18911316595000988	11.113711155203815	0.18869118099894067	2.0352223430603082	0.18838669639084618	-10.144701206046381	0.29994686640373014	19.1777	0.2326	185.0316646248967	4.310771073098717	42.254623755350075	1.2410145513093507	174.1986613292239	5.065809566178427	13.3312
22.51198177329537	0.3173993792510697	11.113711155203815	0.18869118099894067	2.0352223430603082	0.18838669639084618	-10.204534070780817	0.18797755548460165	19.1777	0.2326	186.1445870550775	6.030229039040846	42.254623755350075	1.2410145513093507	173.34710803128044	3.7690981832563812	13.3312
22.58053972018441	0.18911316595000988	11.113711155203815	0.18869118099894067	2.066733988700449	0.2749125390620211	-10.204534070780817	0.18797755548460165	19.1777	0.2326	185.0316646248967	4.310771073098717	42.40180139335341	1.5627755955280647	172.90196637073265	4.692460969684382	13.3312
22.477709889679574	0.3373066590987748	11.113711155203815	0.18869118099894067	2.0982497973366567	0.30635035542492933	-10.174619564998272	0.27010324258691254	19.1777	0.2326	186.70596740827202	6.349996108831091	42.550027535699115	1.6981308013780414	172.87940698352014	5.753119299030553	13.3312
22.546258383135868	0.28323981724662173	11.113711155203815	0.18869118099894067	2.0352223430603082	0.18838669639084618	-10.204534070780817	0.18797755548460165	19.1777	0.2326	185.58649573411458	5.524745959591106	42.254623755350075	1.2410145513093507	173.34710803128044	3.7690981832563812	13.3312
22.58053972018441	0.18911316595000988	11.113711155203815	0.18869118099894067	2.066733988700449	0.2749125390620211	-10.204534070780817	0.18797755548460165	19.1777	0.2326	185.0316646248967	4.310771073098717	42.40180139335341	1.5627755955280647	172.90196637073265	4.692460969684382	13.3312
