86.63312801001359	0.1913933629908661	85.2539612235403	0.6142739660890328	-9.690783249165532	0.4245964531166866	-9.761659205877622	0.18799302363979056	1.0545	0.1824	1097.6901046577918	512.0875382601206	2.93388733243693	0.02307488742729191	21359.82079697525	139941.5697828612	9.5121
86.63312801001359	0.1913933629908661	85.60864881588643	0.19133207350022832	-9.690783249165532	0.4245964531166866	-9.761659205877622	0.18799302363979056	1.0545	0.1824	1477.3047852157797	390.2467514080013	2.922138242378129	0.014280069474401105	21353.75783336555	139901.84750929242	9.509400000000001
86.58213730435047	0.33337230144143015	85.46927804684685	0.4865793925510077	-9.59855199311503	0.4928667284448369	-9.791689926092664	0.2704345658406745	1.0545	0.1824	1359.9815121573479	720.8051015306202	2.929257087251768	0.021340196243694383	7836.202824089154	22809.600615365074	9.509400000000001
86.63312801001359	0.1913933629908661	85.51993473760045	0.44634108223063296	-9.56851797979298	0.47967249007514273	-9.761659205877622	0.18799302363979056	1.0545	0.1824	1359.5734481553473	593.1324456429757	2.9286217932460485	0.02017990040074318	7836.069214838678	20902.38726017508	9.509400000000001
86.63312801001359	0.1913933629908661	85.51993473760045	0.44634108223063296	-9.507361258292631	0.4859279592167737	-9.761659205877622	0.18799302363979056	1.0545	0.1824	1359.5734481553473	593.1324456429757	2.9305065665157954	0.020347533760018785	5951.554191495157	12194.004357428417	9.509400000000001
86.63312801001359	0.1913933629908661	85.60864881588643	0.19133207350022832	-9.507361258292631	0.4859279592167737	-9.761659205877622	0.18799302363979056	1.0545	0.1824	1477.3047852157797	390.2467514080013	2.9277733022760875	0.016075090195014033	5951.554191495157	12194.004357428417	9.509400000000001
86.58213730435047	0.33337230144143015	85.55797053744497	0.3324332727054997	-9.415068722982925	0.4746443147148236	-9.791689926092664	0.2704345658406745	1.0545	0.1824	1477.755444468279	679.3049036426901	2.9321807228952963	0.017890816692366803	4018.541716030469	5828.800499652945	9.509400000000001
86.63312801001359	0.1913933629908661	85.60864881588643	0.19133207350022832	-9.323794670223078	0.42498225772246706	-9.761659205877622	0.18799302363979056	1.0545	0.1824	1477.3047852157797	390.2467514080013	2.9334346055777205	0.014401560020066808	3456.4754452553557	3668.3571538590036	9.509400000000001
86.58213730435047	0.33337230144143015	85.55797053744497	0.3324332727054997	-9.292666183736694	0.3847923766571788	-9.791689926092664	0.2704345658406745	1.0545	0.1824	1478.1750229590423	679.4977784023843	2.936798241099488	0.015744499241294268	3033.718850804709	2859.2143163119536	9.5121
86.63312801001359	0.1913933629908661	85.60864881588643	0.19133207350022832	-9.201336528209147	0.18799434360975026	-9.761659205877622	0.18799302363979056	1.0545	0.1824	1477.7242357510484	390.35755400635674	2.93805744277842	0.008312298029007776	2701.831988103365	1281.9715725324133	9.5121
86.63312801001359	0.1913933629908661	85.60864881588643	0.19133207350022832	-9.201336528209147	0.18799434360975026	-9.761659205877622	0.18799302363979056	1.0545	0.1824	1477.7242357510484	390.35755400635674	2.93805744277842	0.008312298029007776	2701.831988103365	1281.9715725324133	9.5121
86.58213730435047	0.33337230144143015	85.55797053744497	0.3324332727054997	-9.292666183736694	0.3847923766571788	-9.791689926092664	0.2704345658406745	1.0545	0.1824	1477.755444468279	679.3049036426901	2.935964633878058	0.01574003018104979	3032.8577327658772	2858.402731209396	9.509400000000001
86.63312801001359	0.1913933629908661	85.60864881588643	0.19133207350022832	-9.201336528209147	0.18799434360975026	-9.761659205877622	0.18799302363979056	1.0545	0.1824	1477.3047852157797	390.2467514080013	2.9372234781338618	0.008309938591588246	2701.065075816081	1281.6076861933466	9.509400000000001
86.48020277083128	0.41376732569104346	85.45666042766265	0.41233596332503086	-9.291626404329337	0.31809900632869725	-9.851728523488886	0.31776271974860626	1.0545	0.1824	1479.076800572581	844.1214119361044	2.9399706570301527	0.01615931017782434	2702.895922722218	2169.7507883831813	9.5121
86.63312801001359	0.1913933629908661	85.60864881588643	0.19133207350022832	-9.201336528209147	0.18799434360975026	-9.70055562259116	0.3635090902009885	1.0545	0.1824	1477.7242357510484	390.35755400635674	2.93805744277842	0.008312298029007776	3032.531710467689	2485.974032228092	9.5121
86.58213730435047	0.33337230144143015	85.55797053744497	0.3324332727054997	-9.292666183736694	0.3847923766571788	-9.791689926092664	0.2704345658406745	1.0545	0.1824	1478.1750229590423	679.4977784023843	2.936798241099488	0.015744499241294268	3033.718850804709	2859.2143163119536	9.5121
86.58213730435047	0.33337230144143015	85.55797053744497	0.3324332727054997	-9.231440787268756	0.2706544087365838	-9.730598038335307	0.3844102812475171	1.0545	0.1824	1478.1750229590423	679.4977784023843	2.9386951474537404	0.01329005946676764	3032.907427368164	2856.554681639777	9.5121
86.48020277083128	0.41376732569104346	85.45666042766265	0.41233596332503086	-9.291626404329337	0.31809900632869725	-9.851728523488886	0.31776271974860626	1.0545	0.1824	1478.6569661131507	843.8818089239172	2.9391361493216577	0.016154723373913524	2702.1287084381643	2169.134906808278	9.509400000000001
86.53116222702339	0.3841869723749961	85.50730774374158	0.38293665252799286	-9.261537411673071	0.30063626951317957	-9.69953658648602	0.4524787131362615	1.0545	0.1824	1478.6258779000016	783.3773367052341	2.9393328855397307	0.015100040308566601	3456.39403277629	4286.952305854171	9.5121
86.63312801001359	0.1913933629908661	85.60864881588643	0.19133207350022832	-9.201336528209147	0.18799434360975026	-9.578300262586305	0.46031003276562765	1.0545	0.1824	1477.3047852157797	390.2467514080013	2.9372234781338618	0.008309938591588246	4014.890234305195	5295.6860431841615	9.509400000000001
86.42925892857502	0.4297942355298016	85.40602858209749	0.42826491894837315	-9.321707768143844	0.3275657796537429	-9.392832278191614	0.46581035109450225	1.0545	0.1824	1479.1078285042843	877.060081422056	2.9397737731700304	0.016732732658778362	21279.134504006513	170370.27806776468	9.509400000000001
86.58213730435047	0.33337230144143015	85.55797053744497	0.3324332727054997	-9.231440787268756	0.2706544087365838	-9.241284341231557	0.3848810571292084	1.0545	0.1824	1477.755444468279	679.3049036426901	2.937861001797353	0.01328628709677991	153752.19372571088	7349295.074830681	9.509400000000001
86.27652101351333	0.41348136375636646	85.25422579745816	0.4120526273203174	-9.411906115575125	0.3179592653954977	-9.421940757418414	0.4096435552026313	1.0545	0.1824	1480.8811685789183	845.5990658268221	2.9425220769116702	0.016177743555047062	150867.1418299709	7796379.694696535	9.5121
86.22563955511369	0.3838125530360426	85.20365576294277	0.38256567141820036	-9.44195699305323	0.30045330212235416	-9.390868873740567	0.30062822279437595	1.0545	0.1824	1481.3324299092571	785.4838420791623	2.943160015330829	0.015126800445755097	-29633.068403228102	246533.0270081072	9.5121
86.32741805710269	0.4296413836367222	85.30481127409394	0.42811347066079186	-9.381847620864535	0.3274910855616624	-9.330672472730974	0.32770513373486765	1.0545	0.1824	1480.0097564237585	877.8186123814703	2.9410491210080307	0.016742108030643108	-29574.277184075658	267738.8776954437	9.509400000000001
86.12392336518687	0.19137504614702036	85.10256199192507	0.19131391416098378	-9.502035907904453	0.18798386301829967	-9.451034735728632	0.18800387401152915	1.0545	0.1824	1482.2351557604607	392.7069814320964	2.944435992264122	0.008347797596521319	-29683.58705492898	154737.26158011466	9.5121
86.1747736747291	0.3329978581704255	85.15310116345968	0.33206226792361904	-9.472000256196969	0.27047142944598046	-9.420955620657885	0.2706031080739888	1.0545	0.1824	1481.363156142476	681.8615046988259	2.942962393024776	0.013319927758366707	-29649.89366373756	222236.37516973866	9.509400000000001
86.22563955511369	0.3838125530360426	85.20365576294277	0.38256567141820036	-9.44195699305323	0.30045330212235416	-9.390868873740567	0.30062822279437595	1.0545	0.1824	1481.3324299092571	785.4838420791623	2.943160015330829	0.015126800445755097	-29633.068403228102	246533.0270081072	9.5121
86.32741805710269	0.4296413836367222	85.30481127409394	0.42811347066079186	-9.381847620864535	0.3274910855616624	-9.330672472730974	0.32770513373486765	1.0545	0.1824	1480.4299749803804	878.0678510561953	2.9418841718657838	0.01674686161043602	-29582.674196336888	267814.8966840001	9.5121
86.27652101351333	0.41348136375636646	85.25422579745816	0.4120526273203174	-9.411906115575125	0.3179592653954977	-9.360774492068467	0.3181594984627657	1.0545	0.1824	1480.8811685789183	845.5990658268221	2.9425220769116702	0.016177743555047062	-29607.855772216935	260459.74083444435	9.5121
86.12392336518687	0.19137504614702036	85.10256199192507	0.19131391416098378	-9.502035907904453	0.18798386301829967	-9.451034735728632	0.18800387401152915	1.0545	0.1824	1482.2351557604607	392.7069814320964	2.944435992264122	0.008347797596521319	-29683.58705492898	154737.26158011466	9.5121
86.1747736747291	0.3329978581704255	85.15310116345968	0.33206226792361904	-9.472000256196969	0.27047142944598046	-9.420955620657885	0.2706031080739888	1.0545	0.1824	1481.363156142476	681.8615046988259	2.942962393024776	0.013319927758366707	-29649.89366373756	222236.37516973866	9.509400000000001
86.12392336518687	0.19137504614702036	85.10256199192507	0.19131391416098378	-9.502035907904453	0.18798386301829967	-9.451034735728632	0.18800387401152915	1.0545	0.1824	1481.8144248050928	392.59551195113363	2.9436002170747204	0.008345428082585324	-29675.16139865452	154693.33956433833	9.509400000000001
86.12392336518687	0.19137504614702036	85.10256199192507	0.19131391416098378	-9.502035907904453	0.18798386301829967	-9.451034735728632	0.18800387401152915	1.0545	0.1824	1481.8144248050928	392.59551195113363	2.9436002170747204	0.008345428082585324	-29675.16139865452	154693.33956433833	9.509400000000001
86.12392336518687	0.19137504614702036	85.10256199192507	0.19131391416098378	-9.502035907904453	0.18798386301829967	-9.451034735728632	0.18800387401152915	1.0545	0.1824	1481.8144248050928	392.59551195113363	2.9436002170747204	0.008345428082585324	-29675.16139865452	154693.33956433833	9.509400000000001
86.12392336518687	0.19137504614702036	85.10256199192507	0.19131391416098378	-9.502035907904453	0.18798386301829967	-9.451034735728632	0.18800387401152915	1.0545	0.1824	1481.8144248050928	392.59551195113363	2.9436002170747204	0.008345428082585324	-29675.16139865452	154693.33956433833	9.509400000000001
86.12392336518687	0.19137504614702036	85.10256199192507	0.19131391416098378	-9.502035907904453	0.18798386301829967	-9.451034735728632	0.18800387401152915	1.0545	0.1824	1482.2351557604607	392.7069814320964	2.944435992264122	0.008347797596521319	-29683.58705492898	154737.26158011466	9.5121
86.12392336518687	0.19137504614702036	85.10256199192507	0.19131391416098378	-9.502035907904453	0.18798386301829967	-9.451034735728632	0.18800387401152915	1.0545	0.1824	1481.8144248050928	392.59551195113363	2.9436002170747204	0.008345428082585324	-29675.16139865452	154693.33956433833	9.509400000000001
86.12392336518687	0.19137504614702036	85.10256199192507	0.19131391416098378	-9.502035907904453	0.18798386301829967	-9.451034735728632	0.18800387401152915	1.0545	0.1824	1481.8144248050928	392.59551195113363	2.9436002170747204	0.008345428082585324	-29675.16139865452	154693.33956433833	9.509400000000001
86.12392336518687	0.19137504614702036	85.10256199192507	0.19131391416098378	-9.502035907904453	0.18798386301829967	-9.451034735728632	0.18800387401152915	1.0545	0.1824	1481.8144248050928	392.59551195113363	2.9436002170747204	0.008345428082585324	-29675.16139865452	154693.33956433833	9.509400000000001
86.12392336518687	0.19137504614702036	85.10256199192507	0.19131391416098378	-9.502035907904453	0.18798386301829967	-9.451034735728632	0.18800387401152915	1.0545	0.1824	1481.8144248050928	392.59551195113363	2.9436002170747204	0.008345428082585324	-29675.16139865452	154693.33956433833	9.509400000000001
86.12392336518687	0.19137504614702036	85.10256199192507	0.19131391416098378	-9.502035907904453	0.18798386301829967	-9.451034735728632	0.18800387401152915	1.0545	0.1824	1481.8144248050928	392.59551195113363	2.9436002170747204	0.008345428082585324	-29675.16139865452	154693.33956433833	9.509400000000001
86.12392336518687	0.19137504614702036	85.10256199192507	0.19131391416098378	-9.502035907904453	0.18798386301829967	-9.451034735728632	0.18800387401152915	1.0545	0.1824	1482.2351557604607	392.7069814320964	2.944435992264122	0.008347797596521319	-29683.58705492898	154737.26158011466	9.5121
86.12392336518687	0.19137504614702036	85.10256199192507	0.19131391416098378	-9.502035907904453	0.18798386301829967	-9.451034735728632	0.18800387401152915	1.0545	0.1824	1481.8144248050928	392.59551195113363	2.9436002170747204	0.008345428082585324	-29675.16139865452	154693.33956433833	9.509400000000001
86.12392336518687	0.19137504614702036	85.10256199192507	0.19131391416098378	-9.440899769580923	0.3636062502012522	-9.451034735728632	0.18800387401152915	1.0545	0.1824	1481.8144248050928	392.59551195113363	2.945503683974359	0.01280052619018927	149331.3340943208	6031249.423534688	9.509400000000001
86.12392336518687	0.19137504614702036	85.10256199192507	0.19131391416098378	-9.502035907904453	0.18798386301829967	-9.451034735728632	0.18800387401152915	1.0545	0.1824	1481.8144248050928	392.59551195113363	2.9436002170747204	0.008345428082585324	-29675.16139865452	154693.33956433833	9.509400000000001
86.12392336518687	0.19137504614702036	85.10256199192507	0.19131391416098378	-9.502035907904453	0.18798386301829967	-9.451034735728632	0.18800387401152915	1.0545	0.1824	1482.2351557604607	392.7069814320964	2.944435992264122	0.008347797596521319	-29683.58705492898	154737.26158011466	9.5121
86.2128013751929	0.44691901088467495	85.10256199192507	0.19131391416098378	-9.440899769580923	0.3636062502012522	-9.451034735728632	0.18800387401152915	1.0545	0.1824	1363.1907124240197	596.9066466554699	2.945503683974359	0.01280052619018927	149331.3340943208	6031249.423534688	9.509400000000001
86.2128013751929	0.44691901088467495	85.10256199192507	0.19131391416098378	-9.502035907904453	0.18798386301829967	-9.451034735728632	0.18800387401152915	1.0545	0.1824	1363.1907124240197	596.9066466554699	2.9436002170747204	0.008345428082585324	-29675.16139865452	154693.33956433833	9.509400000000001
86.12392336518687	0.19137504614702036	85.10256199192507	0.19131391416098378	-9.318579326741805	0.46045879248870486	-9.451034735728632	0.18800387401152915	1.0545	0.1824	1481.8144248050928	392.59551195113363	2.9493195170597906	0.015574836778532447	11426.245461886647	42904.75203881248	9.509400000000001
86.2128013751929	0.44691901088467495	85.10256199192507	0.19131391416098378	-9.318579326741805	0.46045879248870486	-9.451034735728632	0.18800387401152915	1.0545	0.1824	1363.5777625979044	597.0761261122145	2.9501569161276664	0.015579258935482626	11429.489711024034	42916.93396727324	9.5121
86.12392336518687	0.19137504614702036	85.10256199192507	0.19131391416098378	-9.134978151648772	0.48004419813329874	-9.451034735728632	0.18800387401152915	1.0545	0.1824	1481.8144248050928	392.59551195113363	2.955065619178246	0.01620444456870896	4788.598282944341	7811.081284849486	9.509400000000001
86.12392336518687	0.19137504614702036	85.10256199192507	0.19131391416098378	-9.134978151648772	0.48004419813329874	-9.451034735728632	0.18800387401152915	1.0545	0.1824	1482.2351557604607	392.7069814320964	2.955904649734514	0.01620904548993801	4789.957907669765	7813.299081920707	9.5121
86.12392336518687	0.19137504614702036	85.10256199192507	0.19131391416098378	-9.134978151648772	0.48004419813329874	-9.451034735728632	0.18800387401152915	1.0545	0.1824	1481.8144248050928	392.59551195113363	2.955065619178246	0.01620444456870896	4788.598282944341	7811.081284849486	9.509400000000001
86.2128013751929	0.44691901088467495	85.10256199192507	0.19131391416098378	-9.012496953454018	0.4251573641001443	-9.451034735728632	0.18800387401152915	1.0545	0.1824	1363.1907124240197	596.9066466554699	2.9589113371944364	0.014657585770586233	3451.169037221822	3658.3972360748135	9.509400000000001
86.2128013751929	0.44691901088467495	85.10256199192507	0.19131391416098378	-9.012496953454018	0.4251573641001443	-9.451034735728632	0.18800387401152915	1.0545	0.1824	1363.1907124240197	596.9066466554699	2.9589113371944364	0.014657585770586233	3451.169037221822	3658.3972360748135	9.509400000000001
86.2128013751929	0.44691901088467495	85.10256199192507	0.19131391416098378	-8.951232210805607	0.36399251672139654	-9.451034735728632	0.18800387401152915	1.0545	0.1824	1363.1907124240197	596.9066466554699	2.9608387123006654	0.012944920974531987	3028.1319928729067	2482.098017007609	9.509400000000001
86.12392336518687	0.19137504614702036	85.10256199192507	0.19131391416098378	-8.889951363953607	0.18800519768922314	-9.451034735728632	0.18800387401152915	1.0545	0.1824	1482.2351557604607	392.7069814320964	2.9636103253803534	0.008457345739054246	2698.168953742294	1278.5716419116593	9.5121
86.30170762592374	0.5358635530416402	85.10256199192507	0.19131391416098378	-8.951232210805607	0.36399251672139654	-9.451034735728632	0.18800387401152915	1.0545	0.1824	1262.1219415954197	598.873071628631	2.9608387123006654	0.012944920974531987	3028.1319928729067	2482.098017007609	9.509400000000001
86.2128013751929	0.44691901088467495	85.10256199192507	0.19131391416098378	-8.889951363953607	0.18800519768922314	-9.451034735728632	0.18800387401152915	1.0545	0.1824	1363.1907124240197	596.9066466554699	2.962769107575818	0.008454945129988376	2697.403081203622	1278.2087206394733	9.509400000000001
86.2128013751929	0.44691901088467495	85.10256199192507	0.19131391416098378	-8.889951363953607	0.18800519768922314	-9.451034735728632	0.18800387401152915	1.0545	0.1824	1363.5777625979044	597.0761261122145	2.9636103253803534	0.008457345739054246	2698.168953742294	1278.5716419116593	9.5121
86.30170762592374	0.5358635530416402	85.10256199192507	0.19131391416098378	-8.889951363953607	0.18800519768922314	-9.451034735728632	0.18800387401152915	1.0545	0.1824	1262.1219415954197	598.873071628631	2.962769107575818	0.008454945129988376	2697.403081203622	1278.2087206394733	9.509400000000001
86.30170762592374	0.5358635530416402	85.10256199192507	0.19131391416098378	-8.889951363953607	0.18800519768922314	-9.389887531611796	0.363640319822084	1.0545	0.1824	1262.1219415954197	598.873071628631	2.962769107575818	0.008454945129988376	3027.3225138470884	2478.880171301748	9.509400000000001
86.12392336518687	0.19137504614702036	85.10256199192507	0.19131391416098378	-8.889951363953607	0.18800519768922314	-9.451034735728632	0.18800387401152915	1.0545	0.1824	1481.8144248050928	392.59551195113363	2.962769107575818	0.008454945129988376	2697.403081203622	1278.2087206394733	9.509400000000001
86.39064213093855	0.5877728158406241	85.10256199192507	0.19131391416098378	-8.889951363953607	0.18800519768922314	-9.389887531611796	0.363640319822084	1.0545	0.1824	1174.979700406854	563.8498080624182	2.962769107575818	0.008454945129988376	3027.3225138470884	2478.880171301748	9.509400000000001
86.30170762592374	0.5358635530416402	85.10256199192507	0.19131391416098378	-8.889951363953607	0.18800519768922314	-9.389887531611796	0.363640319822084	1.0545	0.1824	1262.1219415954197	598.873071628631	2.962769107575818	0.008454945129988376	3027.3225138470884	2478.880171301748	9.509400000000001
86.74666296533582	0.5882916275158212	85.10256199192507	0.19131391416098378	-8.889951363953607	0.18800519768922314	-9.206349445520319	0.4799416957466252	1.0545	0.1824	920.8058134311452	346.46711366866657	2.9636103253803534	0.008457345739054246	4784.787969282345	7795.005905956063	9.5121
86.47960490380652	0.6160447922552527	85.10256199192507	0.19131391416098378	-8.889951363953607	0.18800519768922314	-9.267544892878687	0.46051029846850144	1.0545	0.1824	1099.0710621866	514.8533271838879	2.962769107575818	0.008454945129988376	4008.193731885593	5280.04689395586	9.509400000000001
86.47960490380652	0.6160447922552527	85.10256199192507	0.19131391416098378	-8.889951363953607	0.18800519768922314	-9.0839102629407	0.4800995028944292	1.0545	0.1824	1099.0710621866	514.8533271838879	2.962769107575818	0.008454945129988376	7803.03468282104	20742.696163171786	9.509400000000001
86.39064213093855	0.5877728158406241	85.10256199192507	0.19131391416098378	-8.889951363953607	0.18800519768922314	-9.0839102629407	0.4800995028944292	1.0545	0.1824	1175.3133119061176	564.0099017046846	2.9636103253803534	0.008457345739054246	7805.250195223885	20748.585628294775	9.5121
86.30170762592374	0.5358635530416402	85.10256199192507	0.19131391416098378	-8.889951363953607	0.18800519768922314	-8.961406653995441	0.4252029029623729	1.0545	0.1824	1262.1219415954197	598.873071628631	2.962769107575818	0.008454945129988376	21180.629383100837	137808.34825135837	9.509400000000001
86.65761530741503	0.6163220983360107	85.10256199192507	0.19131391416098378	-8.889951363953607	0.18800519768922314	-8.900130673668132	0.36402710356840556	1.0545	0.1824	973.2579589151999	403.89285399816475	2.962769107575818	0.008454945129988376	148680.81022021268	5984286.5606322475	9.509400000000001
86.65761530741503	0.6163220983360107	85.10256199192507	0.19131391416098378	-8.889951363953607	0.18800519768922314	-8.838838567581126	0.18802526163873512	1.0545	0.1824	973.2579589151999	403.89285399816475	2.962769107575818	0.008454945129988376	-29610.354417097144	154035.91469724386	9.509400000000001
86.56859595810366	0.6251717583724967	85.10256199192507	0.19131391416098378	-8.889951363953607	0.18800519768922314	-8.900130673668132	0.36402710356840556	1.0545	0.1824	1032.355355164879	460.38709296565844	2.962769107575818	0.008454945129988376	148680.81022021268	5984286.5606322475	9.509400000000001
86.65761530741503	0.6163220983360107	85.10256199192507	0.19131391416098378	-8.889951363953607	0.18800519768922314	-8.900130673668132	0.36402710356840556	1.0545	0.1824	973.2579589151999	403.89285399816475	2.962769107575818	0.008454945129988376	148680.81022021268	5984286.5606322475	9.509400000000001
86.56859595810366	0.6251717583724967	85.10256199192507	0.19131391416098378	-8.889951363953607	0.18800519768922314	-8.838838567581126	0.18802526163873512	1.0545	0.1824	1032.355355164879	460.38709296565844	2.962769107575818	0.008454945129988376	-29610.354417097144	154035.91469724386	9.509400000000001
86.65761530741503	0.6163220983360107	85.10256199192507	0.19131391416098378	-8.889951363953607	0.18800519768922314	-8.838838567581126	0.18802526163873512	1.0545	0.1824	973.2579589151999	403.89285399816475	2.962769107575818	0.008454945129988376	-29610.354417097144	154035.91469724386	9.509400000000001
86.83573894546844	0.5365429007221045	85.10256199192507	0.19131391416098378	-8.889951363953607	0.18800519768922314	-8.838838567581126	0.18802526163873512	1.0545	0.1824	873.4813436616242	287.0808509817038	2.9636103253803534	0.008457345739054246	-29618.761672752196	154079.6500506502	9.5121
86.65761530741503	0.6163220983360107	85.10256199192507	0.19131391416098378	-8.889951363953607	0.18800519768922314	-8.838838567581126	0.18802526163873512	1.0545	0.1824	973.2579589151999	403.89285399816475	2.962769107575818	0.008454945129988376	-29610.354417097144	154035.91469724386	9.509400000000001
86.74666296533582	0.5882916275158212	85.10256199192507	0.19131391416098378	-8.889951363953607	0.18800519768922314	-8.838838567581126	0.18802526163873512	1.0545	0.1824	920.5444436288658	346.3687693275742	2.962769107575818	0.008454945129988376	-29610.354417097144	154035.91469724386	9.509400000000001
86.83573894546844	0.5365429007221045	85.10256199192507	0.19131391416098378	-8.889951363953607	0.18800519768922314	-8.838838567581126	0.18802526163873512	1.0545	0.1824	873.4813436616242	287.0808509817038	2.9636103253803534	0.008457345739054246	-29618.761672752196	154079.6500506502	9.5121
86.65761530741503	0.6163220983360107	85.10256199192507	0.19131391416098378	-8.889951363953607	0.18800519768922314	-8.838838567581126	0.18802526163873512	1.0545	0.1824	973.5342956440231	404.00753112877175	2.9636103253803534	0.008457345739054246	-29618.761672752196	154079.6500506502	9.5121
86.65761530741503	0.6163220983360107	85.10256199192507	0.19131391416098378	-8.889951363953607	0.18800519768922314	-8.838838567581126	0.18802526163873512	1.0545	0.1824	973.2579589151999	403.89285399816475	2.962769107575818	0.008454945129988376	-29610.354417097144	154035.91469724386	9.509400000000001
86.65761530741503	0.6163220983360107	85.10256199192507	0.19131391416098378	-8.889951363953607	0.18800519768922314	-8.838838567581126	0.18802526163873512	1.0545	0.1824	973.2579589151999	403.89285399816475	2.962769107575818	0.008454945129988376	-29610.354417097144	154035.91469724386	9.509400000000001
86.65761530741503	0.6163220983360107	85.10256199192507	0.19131391416098378	-8.889951363953607	0.18800519768922314	-8.838838567581126	0.18802526163873512	1.0545	0.1824	973.2579589151999	403.89285399816475	2.962769107575818	0.008454945129988376	-29610.354417097144	154035.91469724386	9.509400000000001
86.83573894546844	0.5365429007221045	85.10256199192507	0.19131391416098378	-8.889951363953607	0.18800519768922314	-8.838838567581126	0.18802526163873512	1.0545	0.1824	873.2334068624017	286.99936337143373	2.962769107575818	0.008454945129988376	-29610.354417097144	154035.91469724386	9.509400000000001
86.92484326142487	0.44759856643475926	85.10256199192507	0.19131391416098378	-8.889951363953607	0.18800519768922314	-8.838838567581126	0.18802526163873512	1.0545	0.1824	830.5348033640854	221.85368599188328	2.962769107575818	0.008454945129988376	-29610.354417097144	154035.91469724386	9.509400000000001
86.83573894546844	0.5365429007221045	85.10256199192507	0.19131391416098378	-8.889951363953607	0.18800519768922314	-8.838838567581126	0.18802526163873512	1.0545	0.1824	873.2334068624017	286.99936337143373	2.962769107575818	0.008454945129988376	-29610.354417097144	154035.91469724386	9.509400000000001
86.74666296533582	0.5882916275158212	85.10256199192507	0.19131391416098378	-8.889951363953607	0.18800519768922314	-8.838838567581126	0.18802526163873512	1.0545	0.1824	920.8058134311452	346.46711366866657	2.9636103253803534	0.008457345739054246	-29618.761672752196	154079.6500506502	9.5121
86.92484326142535	0.44759856643475937	85.10256199192507	0.19131391416098378	-8.889951363953607	0.18800519768922314	-8.838838567581126	0.18802526163873512	1.0545	0.1824	830.7706167662967	221.91667681686266	2.9636103253803534	0.008457345739054246	-29618.761672752196	154079.6500506502	9.5121
86.83573894546844	0.5365429007221045	85.10256199192507	0.19131391416098378	-8.889951363953607	0.18800519768922314	-8.838838567581126	0.18802526163873512	1.0545	0.1824	873.2334068624017	286.99936337143373	2.962769107575818	0.008454945129988376	-29610.354417097144	154035.91469724386	9.509400000000001
86.65761530741503	0.6163220983360107	85.10256199192507	0.19131391416098378	-8.889951363953607	0.18800519768922314	-8.838838567581126	0.18802526163873512	1.0545	0.1824	973.2579589151999	403.89285399816475	2.962769107575818	0.008454945129988376	-29610.354417097144	154035.91469724386	9.509400000000001
86.74666296533582	0.5882916275158212	85.10256199192507	0.19131391416098378	-8.889951363953607	0.18800519768922314	-8.838838567581126	0.18802526163873512	1.0545	0.1824	920.8058134311452	346.46711366866657	2.9636103253803534	0.008457345739054246	-29618.761672752196	154079.6500506502	9.5121
86.74666296533582	0.5882916275158212	85.10256199192507	0.19131391416098378	-8.889951363953607	0.18800519768922314	-8.838838567581126	0.18802526163873512	1.0545	0.1824	920.5444436288658	346.3687693275742	2.962769107575818	0.008454945129988376	-29610.354417097144	154035.91469724386	9.509400000000001
86.74666296533582	0.5882916275158212	85.10256199192507	0.19131391416098378	-8.889951363953607	0.18800519768922314	-8.838838567581126	0.18802526163873512	1.0545	0.1824	920.8058134311452	346.46711366866657	2.9636103253803534	0.008457345739054246	-29618.761672752196	154079.6500506502	9.5121
86.74666296533582	0.5882916275158212	85.10256199192507	0.19131391416098378	-8.889951363953607	0.18800519768922314	-8.838838567581126	0.18802526163873512	1.0545	0.1824	920.8058134311452	346.46711366866657	2.9636103253803534	0.008457345739054246	-29618.761672752196	154079.6500506502	9.5121
86.74666296533582	0.5882916275158212	85.10256199192507	0.19131391416098378	-8.889951363953607	0.18800519768922314	-8.838838567581126	0.18802526163873512	1.0545	0.1824	920.5444436288658	346.3687693275742	2.962769107575818	0.008454945129988376	-29610.354417097144	154035.91469724386	9.509400000000001
87.0139759268258	0.19140706468022473	85.10256199192507	0.19131391416098378	-8.889951363953607	0.18800519768922314	-8.838838567581126	0.18802526163873512	1.0545	0.1824	791.8054735311318	112.10656234310815	2.962769107575818	0.008454945129988376	-29610.354417097144	154035.91469724386	9.509400000000001
86.92484326142535	0.44759856643475937	85.10256199192507	0.19131391416098378	-8.889951363953607	0.18800519768922314	-8.838838567581126	0.18802526163873512	1.0545	0.1824	830.7706167662967	221.91667681686266	2.9636103253803534	0.008457345739054246	-29618.761672752196	154079.6500506502	9.5121
86.92484326142535	0.44759856643475937	85.10256199192507	0.19131391416098378	-8.889951363953607	0.18800519768922314	-8.838838567581126	0.18802526163873512	1.0545	0.1824	830.7706167662967	221.91667681686266	2.9636103253803534	0.008457345739054246	-29618.761672752196	154079.6500506502	9.5121
