44.77676520439851	0.0824910917570209	37.15293731157722	0.08092275242931357	-5.846708404426578	0.0744359154626239	-14.506035996728917	0.07131853837770405	19.717	0.2351	244.75008867479437	3.709741285212757	7.984521360582826	0.020416568199365093	215.48238392875808	2.5652739306801595	11.724
44.773142213559474	0.0726206471723594	37.14510900236663	0.07929844274966799	-5.823867756842612	0.07934943055536588	-14.463719657647722	0.07586544145841129	19.7117	0.2356	244.61515847511544	3.448159131036246	7.990220284762593	0.02086041865706773	215.9681177677945	2.7441702825645473	11.724
44.783919534819525	0.08146667594414003	37.13730328512907	0.08031311092629294	-5.839155843556942	0.0716630934766874	-14.520677506076323	0.0750349280154822	19.717	0.2351	244.02068730530542	3.650712660879834	7.988829156187007	0.02000854085109546	214.93150916908348	2.5687875230388633	11.724
44.79107411643547	0.0832063466397584	37.15775150370057	0.07448677026382777	-5.842959577191887	0.07100670638650963	-14.507965363673144	0.06998979630811598	19.7063	0.236	244.44565590564588	3.576262251192036	7.984323539930645	0.019107999112544082	215.34117792748893	2.4777806955930592	11.724
44.784848501778676	0.07154418056211481	37.15384854046033	0.07132765252550183	-5.846818152794259	0.0696395000698232	-14.502705819201239	0.06832463365323171	19.717	0.2351	244.52005795673196	3.2371673877255747	7.984331781785693	0.018509617978929138	215.56801852350299	2.4296495798260924	11.724
44.79497671977697	0.08037661793604226	37.136847891341944	0.07926783508109214	-5.852349738078359	0.07186712163398404	-14.504106642907429	0.07078318292356796	19.7117	0.2356	243.65384738385154	3.5916988469501696	7.986461917166883	0.019877651472132024	215.67094098169713	2.5145343208871216	11.724
44.800551993974544	0.07390011433335902	37.16015866107058	0.07676103013912947	-5.822156933075687	0.0714587743415654	-14.498899870986163	0.06651167253746809	19.717	0.2351	244.21943629179327	3.4058777684696833	7.9877406549889125	0.019489607435269646	215.04988290672273	2.4195385886503926	11.724
44.78299060640049	0.07465627214411016	37.14330941776985	0.07332671023444726	-5.859883398558804	0.07224402886742462	-14.514942391387734	0.06820570506722003	19.717	0.2351	244.2422015706963	3.3454903098629303	7.983862760686932	0.01911100218912859	215.58865795777734	2.4748064901371642	11.724
44.811981611533824	0.0736934902001624	37.14647551728998	0.07018367826829412	-5.83728134844322	0.07229067299949339	-14.511612595542717	0.06835212669139115	19.717	0.2351	243.41935546963308	3.2316204178006926	7.987472821172391	0.018722946578673145	215.10967239501116	2.4671563095857705	11.724
44.81077393863035	0.07672629677013552	37.169939645587846	0.07580354874755586	-5.831712394873645	0.07100833659628421	-14.502811527264033	0.06887712368435102	19.7117	0.2356	244.20534214548263	3.447165689953079	7.984148827442153	0.019285070719366235	215.1898535952955	2.4550232816881747	11.724
44.83075346483746	0.07363874834236829	37.166924580414374	0.07103839032517784	-5.850548640438881	0.06506610644440466	-14.518959797028693	0.06436931445402286	19.7117	0.2356	243.4726271879496	3.2505690304608503	7.981212377450654	0.017873069921495024	215.25658152369485	2.2728007911370662	11.724
44.7873572618086	0.07805370309147464	37.15625568286156	0.07352416579528671	-5.8449437124251045	0.06736276018137313	-14.506406056374662	0.07142578052562498	19.717	0.2351	244.516801867398	3.435864991256995	7.984232871294247	0.018514979481539552	215.42927495526473	2.4419576592094154	11.724
44.75065856597265	0.08604202667278274	37.12091145065825	0.08508803411752419	-5.873149196216383	0.07530194062170383	-14.525936268574416	0.07289267780832911	19.7117	0.2356	244.56020948113573	3.878767151257855	7.985558576028196	0.021104056494123998	215.64526402946402	2.611913127986552	11.724
44.82824415941215	0.07590750972076986	37.18256042113851	0.07500356000608034	-5.835388574982887	0.07234074425553061	-14.502494407740029	0.07120272032085773	19.717	0.2351	244.0504494671526	3.406255124683111	7.981124105844324	0.01933319480487749	215.2890005977692	2.521330727472369	11.724
44.831869504669434	0.07711337237474902	37.174602463679086	0.0736464474504078	-5.822266135634178	0.07005346061291165	-14.513806436831244	0.07107598357412195	19.717	0.2351	243.6812694164643	3.3933899658196283	7.98503707133709	0.01887631921663497	214.68376008708037	2.4649974643080825	11.724
44.82592087598937	0.07315695930418212	37.17804953016127	0.07948431655294841	-5.846744986666941	0.07100629453708512	-14.504318074134932	0.07096566124396553	19.7117	0.2356	243.98064094360635	3.446232623654186	7.9798542578196265	0.01976781365602151	215.5260526197989	2.4991434970644537	11.724
44.80863666430169	0.07903319494139296	37.181368918462766	0.08016979788563112	-5.8260519795188355	0.06776021728469961	-14.513806436831725	0.06763601732615543	19.717	0.2351	244.63970782031956	3.6108151414184135	7.983077863035473	0.019484579280041176	214.77731236277495	2.3668603654323697	11.724
44.86040624902322	0.08419336039567873	37.208614643476544	0.08172135819037159	-5.799839670100581	0.0748041421619167	-14.485471157221813	0.07490451286837162	19.7063	0.236	243.8556417894069	3.739278303662748	7.982886044071141	0.020563633901904646	214.8298089293939	2.618334640341574	11.724
44.81188945933165	0.07686108755029764	37.18212892198945	0.0758168064970915	-5.8337147007873105	0.07441592785220011	-14.499481128815429	0.06848058021904926	19.7063	0.236	244.55977925873046	3.4605525417179437	7.981514735076195	0.019711756664853374	215.3222762587165	2.512828848956443	11.724
44.83493700223996	0.07647621148482069	37.19325493844007	0.07559986060658735	-5.8280177673486095	0.0703351696040608	-14.504899542079434	0.0693868540019676	19.7063	0.236	244.1782499233592	3.4361420700142467	7.980507505319095	0.0191546505301984	215.0464419422456	2.4486598094778436	11.724
44.85018075237275	0.07804648169967027	37.20785402752585	0.07351556643488266	-5.818680293445341	0.06914877542675664	-14.501622010534568	0.06796642167692489	19.7117	0.2356	244.15765250428507	3.4254228077635904	7.979531587548427	0.01871736984435369	214.89635812445553	2.399655566754806	11.724
44.848691989283026	0.07990889976426291	37.19535854065841	0.06918249038218648	-5.839356744917906	0.0664534719563805	-14.503022948053037	0.0638138875020017	19.717	0.2351	243.8065145514742	3.3670790767552923	7.978014666498757	0.017783762081410928	215.37447416131448	2.2903521902530493	11.724
44.83317162137442	0.08280459879008502	37.22078072929065	0.07867717305158671	-5.807249164585599	0.07436282315794861	-14.490467669884781	0.07563168329571357	19.717	0.2351	245.1178058591015	3.6779354535276196	7.979254234128647	0.02007582007967824	214.8895080402091	2.6248855739664276	11.724
44.83168349417142	0.06980845934009858	37.187983525332704	0.0708344656116681	-5.827926656691832	0.07513925905385341	-14.493692784119137	0.06573031954869793	19.717	0.2351	244.1137878797284	3.1761655134485762	7.9815023851430045	0.01916037424643916	215.32228372788313	2.4805660935203893	11.724
44.844879854523654	0.08047332961276568	37.2009089377162	0.07878049553990203	-5.839210633192013	0.07163926987576383	-14.504423792080635	0.07207958232894413	19.717	0.2351	244.10513502956888	3.5963114744459745	7.977012915851462	0.019735385491023695	215.33602446875068	2.5254467795404394	11.724
44.823225678315374	0.07638832379726238	37.18000099040767	0.07944615593925253	-5.83535207708535	0.07233439540107071	-14.506035996728917	0.06813617873275456	19.7117	0.2356	244.12896768054733	3.520260793144257	7.9816057577912565	0.01993627981122667	215.20015838451712	2.4663429468146822	11.724
44.870066812356164	0.08542027810327073	37.21413888224524	0.07288221058841857	-5.81646000037425	0.06883348249642654	-14.502494407740029	0.06956957751822557	19.717	0.2351	243.7238921059626	3.574628845519492	7.978777861155945	0.018588275302812315	214.81984359019643	2.4204141727537882	11.724
44.850457272246125	0.07582368566506723	37.206180781893856	0.0785962656296215	-5.8260519795188355	0.077341233278816	-14.501040655589623	0.07153504963176502	19.7117	0.2356	244.09537713141953	3.4872378710656693	7.978474917174039	0.020444459594081373	215.09337043360023	2.612153285197471	11.724
44.903904509120984	0.07661954921603983	37.24001901433167	0.09054130011912022	-5.801442902112376	0.0699653239859232	-14.477330901694447	0.06943597442322703	19.717	0.2351	243.47082874320492	3.7680656835495587	7.976764134625172	0.021205925146890375	215.07107432683148	2.443560070242334	11.724
44.84320531961705	0.07181853448841805	37.206307018831545	0.07205179537821395	-5.808761091519417	0.0655321072391308	-14.494829824787587	0.06491326157695947	19.7117	0.2356	244.331203496249	3.254758271059213	7.981658632648038	0.018072249948068837	214.81899465781876	2.2812242126411304	11.724
44.83344882831003	0.07397888894075273	37.19654975066447	0.07401602770301058	-5.824086234841651	0.07068060550961099	-14.504476651637193	0.07004262252054655	19.717	0.2351	244.33117864176918	3.348063242297132	7.980625619588617	0.01898536240056929	214.95951947034774	2.464181415214199	11.724
44.84599628061087	0.07552558714739255	37.204077155768225	0.07112046348528821	-5.816605435063554	0.07236817457604142	-14.50109350409586	0.07135317001990629	19.717	0.2351	244.17067523569253	3.3146852459826457	7.980616973987626	0.018822534624254494	214.85809387694837	2.5143434458218596	11.724
44.90037440502786	0.07621044313426528	37.234164383363094	0.07284921287685873	-5.809124113074514	0.06770694876489608	-14.492238709818055	0.06446084056731669	19.717	0.2351	243.39700419584668	3.347264410963095	7.97642563358841	0.01843012235681704	214.89207956660715	2.313590284283966	11.724
44.870066812356164	0.07639422361980795	37.21865040875259	0.07345494659605684	-5.822138733126683	0.07163438540044344	-14.504318074134932	0.07401114008589338	19.717	0.2351	243.86759972056748	3.377809406175284	7.976888820164772	0.019015510265952388	214.9152280230015	2.549637302508177	11.724
44.86486105290398	0.07450153035590787	37.204659780092676	0.07449446868698811	-5.8429047462074974	0.07169454067315954	-14.505983132620443	0.06908672978227112	19.7117	0.2356	243.58792756950376	3.350234362495538	7.9756333138699524	0.01915560882443966	215.3890879870006	2.4754595441453673	11.724
44.905669518914905	0.07385511632313085	37.250842511209164	0.07642933021310155	-5.810853762043058	0.06951533633135569	-14.491763362133321	0.07473310339740316	19.7063	0.236	243.75894464120978	3.384448583558692	7.973015915078722	0.019128967377963563	214.94666328399262	2.5272344591547027	11.724
44.878155196118826	0.07503059376186019	37.21279593537945	0.07660586143658017	-5.80521094455898	0.06684849629268709	-14.477278138043376	0.06506761334040677	19.717	0.2363	243.42401828005103	3.4052027210539206	7.9811133666687795	0.018863150209248728	215.16583199578025	2.3145847225053147	11.724
44.87676247660528	0.0734529618567848	37.23837198267823	0.07353338722791192	-5.814766956522432	0.06736581822461327	-14.479365899912965	0.0683298728192438	19.717	0.2351	244.2834723221997	3.323948586944231	7.974600648788385	0.01847197533775943	215.35128919414535	2.3848497886206688	11.724
44.8722043021892	0.07239155915180888	37.22075403548668	0.07472499881127449	-5.839155843556942	0.06809941029709733	-14.495146772074666	0.06347951055128856	19.717	0.2351	243.86652043332498	3.31596243250569	7.973346685614374	0.01872068648245981	215.56544689319682	2.318468569166754	11.724
44.888931755487604	0.07624176128410602	37.24179037555436	0.07529429267505215	-5.808688493747468	0.0695629741091823	-14.490971185902502	0.07251745054048396	19.717	0.2351	244.00393037138664	3.4190635043103335	7.975093395807658	0.018989902668416155	214.9126697401092	2.487374749367563	11.724
44.88800049596501	0.07245238417899894	37.25907651249949	0.07390041942024175	-5.80481195416126	0.06923503187824367	-14.488883483201072	0.07004773190456345	19.717	0.2351	244.58659659651786	3.3180022129851374	7.972610043859065	0.018747789354866227	214.8683997557647	2.4369068477402815	11.724
44.92090694219139	0.07467105893351639	37.26163719714217	0.06708153546561714	-5.804848223293739	0.06688838646366999	-14.474399154794366	0.06951032368290883	19.7117	0.2356	243.61755296782428	3.192705157234763	7.972129287197611	0.017535883833253635	215.2282820128036	2.3948494949453636	11.724
44.86113830352634	0.07856839163421621	37.22642915212641	0.07418178163240233	-5.823612890710084	0.0716952252844572	-14.501278912505985	0.06873392707247991	19.7117	0.2356	244.40126215773867	3.4590486327794574	7.9751743186521775	0.01911179744575195	215.02700704575102	2.4610979308034326	11.724
44.953918866239526	0.07877105274019884	37.31130677751676	0.08164225758561014	-5.755896250326024	0.07702780712116414	-14.471542614824434	0.07126226469380043	19.7117	0.2356	244.14853601724752	3.624159196630234	7.971996451568111	0.020777055891724287	214.08997964969248	2.577637400357406	11.724
44.92268384909439	0.0787519976313568	37.27852683840445	0.07547513292591519	-5.791995273331584	0.07057169575218396	-14.488326970868462	0.07440088509525675	19.7117	0.2356	244.09919238968743	3.483216990585011	7.97138211666521	0.019123847165264697	214.56547630742764	2.5301487978617545	11.724
44.90938580826475	0.07372278199583689	37.261361529069866	0.07697324786554978	-5.814548887216673	0.07306963668330824	-14.484204163869347	0.06725671704190656	19.717	0.2351	243.9757621959079	3.4000495250245177	7.970384987779993	0.019637770076788758	215.22569159518093	2.4654081344829724	11.724
44.928537879279475	0.0720527924312582	37.27084344634766	0.06825235020815114	-5.808924444475879	0.0710629879731112	-14.488010158536442	0.06640851648457419	19.717	0.2351	243.6676690551876	3.158040763269231	7.969671298764343	0.018228014072743406	214.99183373502984	2.409319842081771	11.724
44.9106903314238	0.06687028064560573	37.26919671525322	0.07865782921389318	-5.788172716900504	0.06881368444518478	-14.473630280293502	0.06800245236002717	19.7117	0.2356	244.18427162731385	3.2990683841600905	7.9738171245672556	0.019354295360235002	214.83411083301056	2.3929878618825335	11.724
44.90008993316477	0.078163303434368	37.2365450737453	0.07813219096429792	-5.816441821652134	0.07163381707291253	-14.491499293680791	0.07387170820300562	19.717	0.2351	243.48165072928518	3.511300536912308	7.974628811494375	0.019634230583514396	215.09166467493543	2.551332533191238	11.724
44.916730708771695	0.0760737273647983	37.28422891706122	0.07321082477190721	-5.788082347896257	0.0656147985596279	-14.46607077425504	0.06610620425798452	19.717	0.2351	244.47194428908458	3.3817525809805637	7.9710509985158815	0.018193706558322833	215.01901836394956	2.3078143050843694	11.724
44.93225403384104	0.08038183114744327	37.279106526722	0.07929028707266444	-5.7993686313601005	0.07301147520282093	-14.473155541859752	0.0733092818942521	19.717	0.2351	243.81243809474097	3.596996456308736	7.9699104589246925	0.019941223425474355	215.12317192743845	2.5660805536839963	11.724
44.88884308131859	0.07956488059578519	37.25264169626215	0.0708994811036057	-5.818371112454287	0.06694379036070683	-14.500723572713074	0.0683272767670068	19.7117	0.2356	244.353502313453	3.410192310402795	7.971291300757266	0.018046497308824516	214.9109427830997	2.3677385680542797	11.724
44.91784907400041	0.07501688595039664	37.26934909806666	0.07810324184783148	-5.8203731907808836	0.06598158809978948	-14.491921807866046	0.0735510514493181	19.7117	0.2356	243.9605881781524	3.4542112336801267	7.967830180371967	0.0189060632762342	215.17869935400216	2.4518931225426086	11.724
44.928910769379705	0.08384447792646965	37.26437947361685	0.08181339921832231	-5.786243370163778	0.0741697485534615	-14.46805292435566	0.07208415266101004	19.7117	0.2356	243.4503142861345	3.7209554607330384	7.97506672465079	0.02045683202647739	214.92438196924553	2.560424922267445	11.724
44.9571761606343	0.07277928463266606	37.29401699231485	0.0705725772993757	-5.771133251755243	0.06641692368519714	-14.460862323899086	0.06835719648009192	19.7117	0.2356	243.49390529736132	3.221217422474121	7.9723764522150145	0.017940471549475822	214.7285073352738	2.3551576177800806	11.724
44.91961401985846	0.07385662576662991	37.277917151295576	0.07224938414464013	-5.807067715944974	0.06756709278200272	-14.493587141024577	0.06867267370719671	19.717	0.2351	244.17777686074234	3.3013813052141114	7.968706285376384	0.018295682980964106	214.80784897827843	2.382360847168276	11.724
44.90166858871833	0.07992899240719871	37.27654542821557	0.07520727983896461	-5.803118443164601	0.07077604327319284	-14.494935472329288	0.06805293219490804	19.7117	0.2356	244.70851336207812	3.5220995723056214	7.9696905422007545	0.019105455008295774	214.67692503746864	2.4250653208053383	11.724
44.94015917892214	0.0835524506852693	37.27986864458337	0.08195863845950135	-5.795673007310894	0.07580390061812502	-14.478890968572438	0.07317602869848866	19.7117	0.2356	243.58508916143174	3.7216685470111015	7.970453221261535	0.020657197601600147	214.88952150387905	2.6074431874574664	11.724
44.97168345237882	0.07548714916964094	37.31478402630389	0.07941864923976423	-5.765507124866679	0.06776611512386116	-14.464668539196333	0.06900417240609194	19.7063	0.236	243.6929687825211	3.487245811359451	7.9695744978175975	0.01931350745794356	214.49568112803746	2.3847107928646905	11.724
44.9184956196087	0.07865640421076318	37.27474638811782	0.0737144467379126	-5.788028128121363	0.07021711097964169	-14.476856042804865	0.06955271833122567	19.7117	0.2356	244.1122146082544	3.442692890109233	7.9728162798115605	0.01884859345787284	214.75077779548238	2.442738025289396	11.724
44.946572633019905	0.08627328421434882	37.29520602420319	0.07860733005424239	-5.795618702750046	0.07141652358396572	-14.478732665110709	0.06993099183061066	19.7224	0.2356	243.8691868011207	3.719986946210026	7.967626330952371	0.019637571104156388	214.89209526648816	2.473671949150611	11.724
44.918682015782814	0.07712312591747793	37.299718961350315	0.07233110813777383	-5.797511789935855	0.06806506767352442	-14.482380345369084	0.06716013739693753	19.717	0.2351	244.90636579788034	3.398760468140044	7.966442013369501	0.018359282847806427	214.84868088671982	2.365493815649508	11.724
44.95038930112893	0.07696174025013897	37.307708889805575	0.08075431133544111	-5.784404336181921	0.07626840802031638	-14.46456310171027	0.07303371131348879	19.7117	0.2356	244.14635342396699	3.563616572430141	7.9673880906326415	0.020537275578336255	214.96525619088766	2.6151311977393306	11.724
44.93374573714401	0.07816746807196073	37.28032593025782	0.07798418142829551	-5.803299738933282	0.07816002155029911	-14.479049275526323	0.06758782521012086	19.7063	0.236	243.80376353202288	3.5173594055306965	7.96895768135041	0.02042210098624214	215.07450681225302	2.561584270975944	11.724
44.9571761606343	0.0750392041733293	37.305299731308544	0.07118339723937878	-5.791959096651846	0.06585525129522657	-14.479102045287467	0.07168251196890132	19.717	0.2351	243.8529385626524	3.2961767668288844	7.966436823452479	0.01792546999783351	214.79243104920238	2.406791190394598	11.724
44.95512392431306	0.0765233059194919	37.30587835920498	0.08259209765615616	-5.793653224233692	0.06843854955558594	-14.48581679814318	0.07094467519942543	19.717	0.2351	243.93680879076572	3.590637984128553	7.9660167315798365	0.019825193854396246	214.66836616031813	2.4344780299347257	11.724
44.982746910051176	0.07336741115793477	37.32786669985829	0.07554514495895469	-5.771133251755243	0.06848780497165219	-14.469982364859131	0.06789701857662025	19.717	0.2351	243.7572504824819	3.353373285652953	7.966114993442499	0.0188472044212655	214.50338183226475	2.378085520761772	11.724
44.956803012820544	0.08060634334808761	37.32079118339263	0.07119902160149474	-5.79570921103105	0.06672521872195819	-14.464404948388664	0.07070526169125982	19.717	0.2351	244.3595681214621	3.441653768504824	7.962881648004291	0.018021075605732757	215.24951496084617	2.4140070528756454	11.724
44.95605673577605	0.08198878173954212	37.30212798227966	0.07979137615216408	-5.7899574298253285	0.07695324234595388	-14.466018051921086	0.07390725093046555	19.7117	0.2356	243.7875518447965	3.6439920891634707	7.96739323320103	0.02049592686373331	215.06679518320993	2.6448425129244666	11.724
44.9532584175188	0.09244904546029428	37.290814954981634	0.07954016795956909	-5.797258286385812	0.07533860718307814	-14.470698792105184	0.07298177721177043	19.7117	0.2356	243.51664869466305	3.875854304274779	7.968135121607264	0.020259852077476867	215.1317636385426	2.601679531239525	11.724
44.976230875344186	0.0738986882217973	37.335367314634034	0.07035223371649905	-5.761486597419395	0.0659003796024795	-14.469455009614041	0.06604608887912462	19.717	0.2351	244.20440673802042	3.2609629453418183	7.966511672001707	0.017819034392501307	214.27874614201951	2.2958594067595257	11.724
44.98413816149375	0.07954789092102746	37.32033336693689	0.07954589251024183	-5.765363207976249	0.07597796648830714	-14.460598803895289	0.07148637990811399	19.717	0.2351	243.47339250272145	3.573923770711437	7.9685746549316	0.020344349531106302	214.59252394324133	2.5745814094984447	11.724
44.95531048350876	0.07995244142115931	37.2924921440518	0.08122522780709025	-5.7860988398102435	0.07385097099192914	-14.47675052287489	0.07342282140681788	19.717	0.2351	243.504735483735	3.621781913140713	7.969889030157553	0.02031006910217869	214.70571147679274	2.572785392104046	11.724
44.99418406698218	0.07224200805658398	37.316430377715996	0.0705626345890526	-5.7862614370681715	0.06730347619995285	-14.484520891243353	0.06702361219035748	19.717	0.2351	243.03105157150745	3.1965753650996236	7.965432673955733	0.018020582432923295	214.5179231131959	2.3425063233167123	11.724
44.98990791027976	0.07719791120172188	37.34833140026876	0.07258647404107162	-5.765471144833874	0.06820592867075972	-14.468211116669647	0.07077369890369475	19.717	0.2351	244.18162277965536	3.386002534136409	7.963379925900915	0.01839735709264247	214.40748072997724	2.4215541467772526	11.724
44.97577281988482	0.08500276862628811	37.3165829671453	0.07752016594544252	-5.786279504108579	0.07231601363124333	-14.468158385510621	0.06921812332161265	19.7063	0.236	243.6200941202652	3.6592301967062673	7.965401136546337	0.01959137988976455	214.92266573846172	2.478099301765808	11.724
44.97512806694835	0.0739198865823902	37.32246993983577	0.07407745401042928	-5.780762193645823	0.069708512710741	-14.474105050149928	0.06651455374242332	19.717	0.2351	243.82802966182092	3.334344563553575	7.965332823619835	0.018797322058235155	214.63924563993754	2.3789062174543627	11.724
44.95354575487233	0.07628377055392357	37.28843676751842	0.07019975218939101	-5.814548887216673	0.06563895321601484	-14.487851757612992	0.072091816237119	19.717	0.2351	243.43196631487476	3.292360019915466	7.965378372326495	0.01776037953478006	215.13517753175367	2.418349236958562	11.724
45.00553823174401	0.0811396759195985	37.327136272526396	0.07278436781024468	-5.767526510430209	0.07066915455394117	-14.450444477919266	0.07250503919069912	19.7117	0.2356	243.0105330145426	3.4497260856052137	7.966916725769332	0.01875470404070271	214.89694591102705	2.505820712368929	11.724
44.97651946952881	0.07977394987475567	37.321706850002506	0.07699873785644643	-5.7806719591905145	0.0687780857974423	-14.461073146879613	0.06941555803504301	19.7117	0.2356	243.75940281668827	3.5306141309535746	7.965490518210081	0.019079817522881383	214.95925274234133	2.4198811524562456	11.724
44.99800296524954	0.07399759114117788	37.33796282851674	0.07316901743866262	-5.767472516646258	0.0753934472720868	-14.453934793835783	0.06794419326355096	19.7117	0.2356	243.59305166842736	3.309291456432518	7.964925698296014	0.019412991677769983	214.80926219057926	2.5098109901277317	11.724
44.96684756185001	0.07147736633401217	37.296578504781635	0.07321983627385276	-5.786315638595036	0.0689024950403419	-14.464615820259374	0.06612694810483306	19.7224	0.2356	243.26820075364506	3.2452739904194434	7.969092990232832	0.01859737468917653	215.01129411860583	2.3660930064432844	11.724
44.97651946952881	0.08556554157614334	37.31493661082467	0.07823244432392715	-5.774992007247388	0.07777381600344621	-14.473841285239102	0.07507246091986677	19.717	0.2351	243.54400222788675	3.685422500459728	7.967792027692795	0.020398165934423167	214.50337776632512	2.6655081408278947	11.724
44.985071648345304	0.07088331624629088	37.330123506028805	0.06919324369609868	-5.786279504108579	0.0689096428130832	-14.462686360934978	0.06762949110883372	19.717	0.2351	243.75508731333125	3.15423113058003	7.962899633260297	0.018035051755900738	215.05821287544947	2.3931909773178854	11.724
45.00944103902579	0.07867061039318067	37.32426888813779	0.07984080465714731	-5.7750280584253035	0.07294449980370532	-14.461178560695336	0.07178185615648848	19.7117	0.2356	242.79645480599652	3.541164649280301	7.966060099370246	0.01998857978074905	214.81697241162698	2.5309751671672522	11.724
45.0100014921849	0.07726961364093796	37.35632456182324	0.0780487320018951	-5.759934644037331	0.075346085238924	-14.454040157980321	0.07298615072835304	19.717	0.2351	243.79557300195725	3.4983955436123435	7.9629261916641125	0.020035247058563847	214.620417226008	2.58953408229447	11.724
45.00246607414691	0.07258618150001901	37.35135210996461	0.07401891041287981	-5.756093751419426	0.06961364271547366	-14.452057964198914	0.06629598877801367	19.717	0.2351	243.87723951629823	3.3044668102859105	7.96455421694295	0.018773758746073684	214.5745436793804	2.3720565964612392	11.724
44.995948649359946	0.07479139182334461	37.34531084070583	0.07593436144244478	-5.7824208216023045	0.06994118500772444	-14.46612349697637	0.06953468517245034	19.717	0.2351	243.89241779276327	3.397704521874622	7.960807964704153	0.019056109735032287	214.8775266224788	2.4404615944972297	11.724
45.018741283261896	0.08385916782872706	37.364894794370926	0.08517478262820698	-5.765561095928547	0.07254842462518168	-14.450233801628999	0.07052335797740322	19.717	0.2351	243.7901721072736	3.80722500240716	7.9603051400656595	0.020649685633709402	214.85352598084887	2.5030614918886633	11.724
45.023952172043934	0.07733639097647603	37.36986766307505	0.07550067559143439	-5.761828134041371	0.06967570071869211	-14.45768845000042	0.07579489712311696	19.717	0.2351	243.78259093206023	3.4423454832061986	7.960076305181572	0.01896055098477487	214.57710738349078	2.540475137635799	11.724
45.03587014205212	0.08040004306304799	37.362978023889774	0.07990768327048528	-5.7677604975465675	0.07262187464775999	-14.449304931170335	0.07359888771123538	19.717	0.2351	243.18503689014094	3.5926860067398647	7.960252977033709	0.0199284663136769	214.93094541825914	2.5597980107483984	11.724
44.99065481772811	0.07766030182582767	37.33314364446972	0.0773090898402762	-5.76932992221135	0.07140119753161246	-14.45565355846328	0.07604292310851649	19.717	0.2351	243.67350051353554	3.487006113362365	7.965473006689043	0.01944812957258254	214.81269072476255	2.579594794968256	11.724
45.004604248003254	0.08062956663032798	37.34894232993829	0.07989367360941285	-5.757969288530325	0.07271352906318349	-14.448356963031523	0.07125473766534188	19.717	0.2351	243.73236080427802	3.613748564211739	7.964652925166414	0.019959981986062778	214.7122341025459	2.5153111290789334	11.724
45.02023619161004	0.08402013518351323	37.3638600352777	0.08220221021436344	-5.75623739882124	0.07777746646701192	-14.450655160407555	0.07233618883827304	19.717	0.2351	243.7096238102317	3.741534869829955	7.962217391592044	0.020896336959598173	214.61270943908931	2.621834402750583	11.724
45.01828473709546	0.08329673575875461	37.34610826219734	0.07762891184929177	-5.771421442601611	0.07562482004460613	-14.467178032839044	0.07666354680678336	19.717	0.2351	243.20772064020576	3.6094267820280597	7.9626915564857494	0.020014245075115934	214.57966692676627	2.657314919495924	11.724
45.0071160299425	0.07851091295863671	37.36940918155631	0.07132423087707074	-5.7542002366737535	0.06952146337212307	-14.45570624606696	0.07126228625839828	19.717	0.2351	244.30533795672488	3.392873315555247	7.961568949091404	0.018388559354553052	214.43788590102926	2.453453445934237	11.724
45.01743331989705	0.08132873922510725	37.348025942929205	0.0849227238167657	-5.76922189771099	0.07106032125414354	-14.466281667467987	0.06857631369710339	19.717	0.2351	243.29553263958843	3.7301325174282227	7.962743609839556	0.020449486552368407	214.5475140113377	2.4361504978973274	11.724
45.040976749215226	0.0727684254859813	37.3704789892677	0.07422221574446873	-5.752432299166444	0.06552883084232931	-14.454250890920319	0.07012432417519932	19.717	0.2351	243.26094749060283	3.296436948174195	7.96169784132849	0.018280006424842198	214.43018297090214	2.365047433551962	11.724
45.033813822861674	0.08008526628934064	37.38161276890235	0.07902203065409455	-5.731584053697823	0.07019087142513827	-14.439604306051379	0.07328028726928834	19.717	0.2351	243.84259373895168	3.585155470045343	7.9634918080802075	0.019522885055477685	214.27747050830152	2.496935668120869	11.724
45.02739874677662	0.07399990830804341	37.35498402867459	0.06791945225366677	-5.773296870181559	0.0689979620405911	-14.456180451936337	0.06494277336438185	19.717	0.2351	243.20016857365198	3.1838799926812182	7.960706584204054	0.017870908605342548	214.89779694043568	2.345117568225098	11.724
