18.5285901656531	0.0744918042020141	8.634339947120868	0.07243671759323134	-0.7962521419452475	0.0715580409943584	-11.95173880815385	0.06624653854945237	20.4938	0.2401	188.34628066839522	1.9779155662272008	36.3595751820868	0.3925722633639957	167.0518987134752	1.4602724978498176	11.709
18.516170767505404	0.0768320869453898	8.63440660775411	0.07591728514922252	-0.8001181292840674	0.07511430126313243	-11.966577040522969	0.07208318550885785	20.4938	0.2401	188.58426476653588	2.0613094407914008	36.34441920830007	0.41141169209466066	166.8877522835254	1.5559170841564527	11.709
18.494574281264892	0.06801063613773378	8.628073205482504	0.07061603065375877	-0.8175255738006887	0.0660411261298979	-11.980932532428803	0.06499284542656897	20.4884	0.2399	188.87599710875503	1.876817629626744	36.3018089256607	0.371586033024733	166.93337755842379	1.385572410932625	11.709
18.49147895024694	0.07713135971675164	8.620527979115282	0.07247800450521297	-0.8213838398075173	0.07411649359115513	-11.96499581320938	0.07139398868660526	20.483	0.2396	188.79085045737557	2.0243038382002885	36.31598437371469	0.39871968644478506	167.22991011451285	1.5443412069749658	11.709
18.55235897367254	0.0692365212777593	8.6588101264169	0.07237950272556014	-0.7865765967235645	0.07111670924051695	-11.933735607046945	0.07008422111540044	20.4992	0.2402	188.35963287126535	1.9069533270997787	36.302623928984595	0.3899963365462623	167.17669739322585	1.4974271935638943	11.709
18.526787821940154	0.07199818498868343	8.66263251626262	0.07317340157184588	-0.7923820592844626	0.067719998878271	-11.951913666186185	0.06927688083983512	20.4938	0.2401	188.92091323728425	1.9660791180586434	36.26565769245809	0.382414263956543	166.99134823100235	1.4496785894515716	11.709
18.517827299352163	0.07168045876427599	8.63420662894234	0.07520978028379988	-0.8039892145541034	0.0776822533798987	-11.953407817239187	0.0691378266881017	20.4938	0.2401	188.54884164486364	1.9820338209784223	36.33028258364319	0.41620417284555855	167.1428165962134	1.5589786034337518	11.709
18.495448455907137	0.0674821772585672	8.63249534326256	0.06809547788860663	-0.8078507138620048	0.07419302028388654	-11.944581547959045	0.06673272548933648	20.483	0.2396	188.94394076292286	1.8365534172312856	36.32200768903106	0.38746737017417	167.33323777184543	1.4993655188350596	11.709
18.495448455907137	0.06998833225320861	8.602328487348364	0.07171617513293796	-0.823319040892034	0.07291200167028886	-11.961176843590245	0.07040315510470818	20.4938	0.2401	188.36779848880002	1.9079822737506449	36.37864889883108	0.39471908767553937	167.3163063916607	1.5225804890309023	11.709
18.4787696215829	0.07772678690831136	8.634539932108552	0.06968392236229308	-0.8078500907144875	0.06684417436636869	-11.96490828795442	0.06930335926500064	20.4776	0.2392	189.30330634763058	2.0074094450849698	36.31414517354116	0.37135976835474854	167.02836856439558	1.4414718180156725	11.709
18.488656700636398	0.07313218578319519	8.630250900109823	0.06665563956069127	-0.8194561075599971	0.07190262111621248	-11.96087061065465	0.06569289215677403	20.483	0.2396	189.03109350230477	1.8973459827018295	36.28602683614266	0.3764867263921839	167.26289360703544	1.462144760735373	11.709
18.508012914685487	0.07864574495412771	8.626461671386341	0.06805780286888913	-0.8097843099393891	0.06739617956059585	-11.950113445106714	0.0690229963814251	20.4884	0.2399	188.58832816625886	1.9849220406102202	36.33778970499224	0.3688427189007241	167.27918951516799	1.4485556873305947	11.709
18.489166466199976	0.07733093190346213	8.624450480839867	0.07634712074661175	-0.8252525108033855	0.07664136203030691	-11.939049518867856	0.07300802850948254	20.4776	0.2392	188.9101755619348	2.0810212527804235	36.28604225733081	0.41539951620178994	167.67853752509282	1.596992717321671	11.709
18.493063075082095	0.0781673392145824	8.612250712714372	0.07720107779487091	-0.8175208823624935	0.07299643027851119	-11.961001851400676	0.0721715102886077	20.4884	0.2399	188.60243068277885	2.0970596076990935	36.36273886559575	0.4097068720354805	167.23187609336847	1.5404972093445446	11.709
18.482957436549757	0.07223501498308646	8.626494971252331	0.07243633024702846	-0.8155844097405078	0.07084529267268679	-11.955688939242357	0.06784394603116826	20.483	0.2396	189.06836354565968	1.962301497467251	36.3153398989892	0.3896949105527941	167.2825621813384	1.4729596287388798	11.709
18.47443634609026	0.08031127800506606	8.60229528255303	0.07501317856016701	-0.8213861270024817	0.07592492694154732	-11.968508374296972	0.07565215922159532	20.483	0.2396	188.76809160942906	2.101331536464348	36.386238792655206	0.4121054803652076	167.1772487392701	1.6074359214129779	11.709
18.518994417610383	0.07340656268396353	8.650831029365712	0.06887440676810745	-0.8039790095508348	0.06544433127101064	-11.933822908994241	0.06454160941214603	20.483	0.2396	188.84418055774472	1.9262795277203224	36.26644223021169	0.3644309997250065	167.43678038073804	1.3827817768428508	11.709
18.48281183656843	0.07381221368989795	8.628439571128357	0.07008353371751407	-0.8001168243226374	0.07155839238976705	-11.933473708952583	0.06742365607243074	20.483	0.2396	189.108466624361	1.9532630069681736	36.36742547771449	0.38633826290520734	167.38394789407164	1.4781669660549028	11.709
18.50433490372332	0.06979256889568912	8.622672300830184	0.06936569539224849	-0.8078463517318191	0.07224659768505023	-11.944887378193679	0.07030992485264888	20.4938	0.2401	188.5862029044988	1.8779150547231682	36.35985831816773	0.38615566600881673	167.32857715394755	1.5146506190379139	11.709
18.476894067996483	0.07022135882002792	8.61050556291433	0.08268962165282195	-0.8194497372040949	0.06771678453104779	-11.957664046952738	0.07522028419510965	20.4992	0.2402	188.87815209213534	2.0767592289374135	36.362030482762336	0.4121271012634037	167.31095100513085	1.5203243440119536	11.709
18.474581877625134	0.07412554839363504	8.606383738498158	0.06848034153494507	-0.8329857049663364	0.0671757864154213	-11.97228350306885	0.06921977453274808	20.4776	0.2392	188.84351554253118	1.9311975284032084	36.32576562742756	0.3691614066852489	167.29467713669007	1.4486327749617476	11.709
18.489166466199976	0.07171371709249773	8.61640588570649	0.07432378713216509	-0.8059171020132054	0.07518761446213032	-11.950113445106714	0.07065819005758713	20.4884	0.2399	188.75624638816615	1.9746106896485816	36.39148461805979	0.4083272365456884	167.2211410576873	1.548212985623276	11.709
18.470539704279695	0.07160349316581378	8.60846124487961	0.0697295918799414	-0.8271843155594697	0.06973083984127905	-11.957620310412615	0.07178406608072997	20.4992	0.2402	188.96069792334254	1.9150055726083437	36.34010199701019	0.3797961261279844	167.42787340268873	1.50538810505298	11.709
18.47399976524327	0.07145922211503652	8.608128963756839	0.06966053569774446	-0.8117221494410481	0.06934481383913776	-11.95902679405549	0.06820316250674616	20.4938	0.2401	188.8880633204961	1.9106326217065164	36.401034151545744	0.3798283002992053	167.1745133083207	1.4586609739499856	11.709
18.482884636272168	0.07126260601509526	8.626461671386341	0.07017381135865444	-0.8097843099393891	0.07129336407276073	-11.948269494051376	0.06963945019862608	20.4884	0.2399	189.06912125240652	1.9184937598747673	36.33778970499224	0.38522417852103813	167.30688220703266	1.4969755426068252	11.709
18.5020221180004	0.06949683456366938	8.638662556160696	0.07059867284211309	-0.8078482212445407	0.07224665271987776	-11.950288283030075	0.06898965914442023	20.483	0.2396	188.93615476341975	1.8976357315690522	36.29830422616402	0.3881457607029698	167.24749860259752	1.4994298113366817	11.709
18.43385805006919	0.07690756708328507	8.577800405441774	0.07396626138248436	-0.8445921476876308	0.07232751156266827	-11.979088910266702	0.07184498283342827	20.4776	0.2392	189.07612920454355	2.0469861031387566	36.391215940171115	0.399552140666892	167.36681220529195	1.5323874904394792	11.709
18.47667574072776	0.06394338145464401	8.618450277691196	0.07008930567341222	-0.7923806956076144	0.06934551779057602	-11.935405082012142	0.06745384350622698	20.4884	0.2399	189.03455146672889	1.8192578684521399	36.4359239951153	0.38173699145003964	167.238728377611	1.4519256099793483	11.709
18.464185552234376	0.06933337441569327	8.59435097435137	0.06845380311079761	-0.8175173635971279	0.06904961480217489	-11.959420465240607	0.06542167112200667	20.4992	0.2402	188.81220490148445	1.8639010146227788	36.431908072009065	0.37636449511947373	167.2555587373688	1.4278866850079908	11.709
18.445414952321595	0.07062368117486298	8.58432958042984	0.07046506040192677	-0.8465182097098652	0.06771495781799715	-11.98527723658369	0.07065344620977067	20.483	0.2396	188.9797277260058	1.9119130463945668	36.35858935529623	0.3767667186013579	167.30276902183962	1.4698945005788338	11.709
18.481081898794834	0.07882546178133332	8.604472347492608	0.0733844501873624	-0.8233167830213759	0.07224692770322787	-11.95950795128451	0.07326773245732547	20.4938	0.2401	188.6826870074352	2.0574505426452285	36.37038518014654	0.39727501167225765	167.34134683085298	1.5462119306783648	11.709
18.46844587732132	0.08017533155626935	8.596395111999842	0.07831397483560544	-0.829117775936841	0.07621400670801513	-11.963151959498493	0.07746336037975887	20.4992	0.2402	188.76981824376966	2.143088440204518	36.379168555681034	0.4217741993979398	167.37376569351213	1.633593894906933	11.709
18.485415423434493	0.07473455412528612	8.616605451704176	0.07295549895384348	-0.807846974907212	0.07084786179984154	-11.95037570393032	0.06857638536491355	20.4884	0.2399	188.8318078878019	1.998380207899846	36.383262024410385	0.3925962851916529	167.24616772214364	1.4799714970316118	11.709
18.459779921180562	0.07711620756285822	8.620394873959237	0.07382860998499173	-0.8155855973422323	0.07011047379053557	-11.95375758127943	0.07469938745377265	20.4884	0.2399	189.3965140828871	2.0549923934224865	36.338812179281526	0.39209587613181474	167.3115867981295	1.538909886268749	11.709
18.459634511707737	0.07403059566890798	8.590163325910757	0.07457674151370025	-0.8175202959124132	0.07649872620949365	-11.961045598962766	0.07298533424867944	20.4938	0.2401	188.81915693160994	2.010390197995794	36.44811367578083	0.4139105014539989	167.2312107689017	1.5866989728397178	11.709
18.45992533294448	0.07167485697775851	8.590295954982022	0.07249239037963129	-0.8349191033649065	0.07258008751481694	-11.96675211372037	0.0685041554866638	20.4884	0.2399	188.816130504763	1.9502794292233947	36.38031810959353	0.39595454674319114	167.40686164887913	1.5008982445034806	11.709
18.461946357065987	0.07504711220096501	8.58020851495636	0.07026922808292854	-0.8368529991116711	0.07299261417039941	-11.977770951857146	0.06663424732779716	20.4992	0.2402	188.58476701555148	1.9620377266460665	36.41181716417058	0.39176076317757813	167.270348508739	1.483890326685685	11.709
18.46028887237584	0.08016211451695521	8.608560934218644	0.07073268474148348	-0.8252491679838578	0.07299529279530836	-11.965127103518453	0.07162293526556437	20.4938	0.2401	189.15922570752454	2.052677408476148	36.34717238943974	0.3916188829124553	167.2859648415503	1.5357009928806984	11.709
18.464767363662656	0.0694298090117203	8.614727314802764	0.07245077252984736	-0.8271804668478365	0.07084498044922449	-11.957926472985061	0.07321348878278962	20.5045	0.2402	189.19163977193185	1.9273932386139727	36.3159999020928	0.3897479504258745	167.4232102354585	1.532406130261041	11.709
18.436895377120432	0.07794416067570478	8.592306869461687	0.07129197543266833	-0.8271854151541516	0.0725809661931736	-11.961220592446635	0.07148362207961631	20.4992	0.2402	189.29640657029287	2.031116464739724	36.40242082198137	0.3931735790215652	167.3737507551301	1.5314033836058751	11.709
18.457686217195004	0.07306122355300439	8.596262386082042	0.07087032668106884	-0.8407202008412722	0.07282774764335909	-11.974039679815926	0.0709660345484158	20.4884	0.2399	188.9732416513207	1.9505271577428867	36.33495335141693	0.3912620194487959	167.3845102695849	1.5288050209197441	11.709
18.461655503902882	0.07517011735314508	8.592141044264439	0.07398572521487304	-0.8349217055844527	0.07084422932228855	-11.97022081416413	0.07477555738620333	20.483	0.2396	188.81832903573974	2.017842782440823	36.37318761662945	0.39523054779498573	167.3547527095301	1.5481026922761805	11.709
18.440791968780157	0.08079545635874927	8.596196024660633	0.07865398375425253	-0.8445877939268926	0.07996831227353213	-11.97948322447521	0.07552555182597234	20.4992	0.2402	189.2962635786139	2.1681599166813945	36.320323467092585	0.43152483658002866	167.36081989152868	1.6532674191634975	11.709
18.466133870897103	0.07347429289574611	8.594284627192723	0.07050217930499582	-0.8252525108033855	0.06604077789310688	-11.970395939207505	0.06407969288064219	20.4884	0.2399	188.7736717466031	1.9472062430197072	36.40224748314317	0.3733229096761466	167.20693103990365	1.3805386192706686	11.709
18.440937224284273	0.07174748279808277	8.582186212229743	0.07128476298909618	-0.8194526328863458	0.069729350845598	-11.96666457647452	0.06671656559722669	20.4992	0.2402	189.02447443742128	1.939176650603372	36.471547963376224	0.38683399653549505	167.17590354374715	1.4473008221054546	11.709
18.45155055506608	0.07271935874952482	8.596328748528606	0.06792398990914772	-0.8252519536771308	0.0684461252287886	-11.96490828795442	0.07091636380526035	20.4938	0.2401	189.0921650720045	1.9092536348923785	36.39435174542591	0.37249256474946313	167.2892926623579	1.4801150081708718	11.709
18.45890749870575	0.07213060262417662	8.579778002199122	0.07054216808740163	-0.8445926314204537	0.07111214121720537	-11.986419473347738	0.07629574310396517	20.4992	0.2402	188.6345582697315	1.9264404692841173	36.383577790414144	0.386697491293159	167.25670351027026	1.5656734867503834	11.709
18.470685206177382	0.07412543729715844	8.612549913712645	0.0712310240761388	-0.8233162185431379	0.0712033424263749	-11.95586385818172	0.06784414796961934	20.4992	0.2402	189.03628053141455	1.9713140490363692	36.33925251459868	0.38787699077572446	167.39611533551027	1.4788552541598285	11.709
18.440937224284273	0.07203016348976002	8.57414305174242	0.07616852004266025	-0.8484533888561829	0.07282769375610239	-11.983258229201052	0.07496977191042688	20.4992	0.2402	188.87038647760923	2.0067182827354313	36.39042850191396	0.4069920796915862	167.36218150055018	1.5709860053330156	11.709
18.46404010510673	0.07364405363001113	8.58825190745242	0.07295178353125537	-0.834919623816794	0.06972988860997421	-11.970395939207505	0.07154307320880227	20.4884	0.2399	188.6983794473874	1.9806506723266377	36.38820761525584	0.3896973524450161	167.35208947347272	1.5014198740120703	11.709
18.39754823394666	0.08212702637069469	8.563395386854003	0.0750895204801612	-0.8716594420050222	0.08033580469271308	-11.986024949219605	0.07603971878881358	20.4884	0.2399	189.497281325451	2.144292150510737	36.34237726157001	0.4235678206854517	167.66996077763807	1.6687381648888187	11.709
18.451623227589202	0.07242016433472503	8.604405920306107	0.07108021548900935	-0.8465186861642391	0.06854674519251723	-11.9631082033526	0.06659722558627232	20.483	0.2396	189.2458722612638	1.950158358766905	36.28135196838197	0.3790835410465392	167.63641634708264	1.4411980256126424	11.709
18.447581240587247	0.07714361658490029	8.592406367652519	0.07189450025018104	-0.8368509466192958	0.07266396355226569	-11.966883422016977	0.07333532027735172	20.5045	0.2402	189.0930655914445	2.023311811260749	36.36472212450942	0.39421892095100736	167.4339435021655	1.5530569938808496	11.709
18.447508584026824	0.07312851146321397	8.590362271053463	0.07095381324526956	-0.8426515570307277	0.06934241501032037	-11.976058627643988	0.07023829169076873	20.4992	0.2402	189.05524677160574	1.9542616246926277	36.35024058303884	0.38231070659373456	167.3831933785884	1.483894759031347	11.709
18.434584042409988	0.07827287037374511	8.574109957793963	0.07611966944207976	-0.8407206992823875	0.0698236406297515	-11.983214401284288	0.072298391401838	20.4992	0.2402	188.99144327861907	2.092656227039469	36.42044499401257	0.3995817844054976	167.24669346936147	1.5086461342856472	11.709
18.438553205529857	0.07482167433132936	8.578032161136255	0.08021301129025789	-0.8484552652580547	0.07379767702935623	-11.986770183501777	0.06975239089911923	20.4938	0.2401	188.9905432251533	2.1024056855275	36.37540756845319	0.4206009951528702	167.30943974394688	1.525322692745772	11.709
18.468154914624378	0.0804843897682203	8.596262386082042	0.07774608297830221	-0.8349201442648365	0.07511153876750828	-11.962976936855169	0.07484840626968553	20.4884	0.2399	188.77284403927462	2.1398299013879214	36.35729888279248	0.4167369949135354	167.4636698389114	1.5957403033979956	11.709
18.436024069955007	0.07107197426433802	8.577833512632164	0.07580529180358532	-0.8503912640056134	0.06972679399385014	-11.988350719123352	0.06927266411491043	20.4938	0.2401	189.0352207970587	1.992555839417066	36.36870462864294	0.3973014477748082	167.31477935186138	1.4764852052386945	11.709
18.441155111831623	0.07290258286847026	8.588318207212716	0.07183240773883917	-0.8252513965470312	0.07020230534115043	-11.964952050419933	0.07135045622926067	20.4938	0.2401	189.1379352670896	1.9646616178817407	36.42532392144235	0.38864866917378604	167.28862709745349	1.503178414577303	11.709
18.438916300095816	0.07946670538241046	8.582219338028624	0.07171408151913228	-0.8561858848166951	0.06943813478351663	-11.972239714356416	0.06713855817590986	20.483	0.2396	189.06386549517813	2.0531893932451064	36.32947664124803	0.3842285871875858	167.64449482160933	1.4566720963466262	11.709
18.464403727223754	0.06697868430664054	8.590428588149578	0.0751522574763311	-0.8639165453521775	0.07111014383803156	-11.96508333975864	0.0652740643476231	20.4884	0.2399	188.73302822977698	1.924183367906342	36.268225586449475	0.3968974792189626	167.8693116837039	1.4596509935678006	11.709
18.4626735300713	0.07111499813144692	8.600649480303375	0.06809335098042037	-0.8310474745253521	0.06771562069791404	-11.970833774477228	0.06828617485181979	20.4938	0.2401	188.96174043571267	1.8865155647176577	36.35531587965648	0.3701631881685799	167.28734093140125	1.444174540054557	11.709
18.444193049559843	0.07347870359781986	8.576683481116259	0.06746590671929534	-0.8445790855138735	0.07592063915492771	-11.991334520717322	0.06613900865829844	20.5045	0.2402	188.85669334668225	1.9092075166698035	36.39558070364244	0.3923617151001655	167.18275012813086	1.510169923842695	11.709
18.422313621595407	0.06932960259145744	8.57826392935463	0.06708713104499878	-0.8407187054948569	0.0690474888021766	-11.98338971489688	0.06796775565178458	20.4992	0.2402	189.30676773522143	1.855255216834176	36.40439051297516	0.3720903245116951	167.24403216163972	1.4542152616656312	11.709
18.426500495195512	0.07627181600646991	8.57826392935463	0.0732943701093071	-0.8658509301718897	0.07224153192211427	-11.987077071903434	0.06952661494738581	20.4884	0.2399	189.22628596542916	2.032485483499167	36.307512898163054	0.3956414164198206	167.5665259310026	1.510698785427515	11.709
18.434801851263675	0.07167213059265352	8.572198476237471	0.07311100233288378	-0.8291188608611991	0.06924681905389901	-11.963064447530162	0.06775359573442016	20.4938	0.2401	188.9506409009428	1.9614679621397042	36.47279522422887	0.39066689204588106	167.37509754801445	1.4563790660188067	11.709
18.43682276504439	0.06982724013824504	8.58020851495636	0.06569779820728122	-0.8503861846651058	0.06771348126118754	-11.981458370237403	0.06865318065854206	20.4884	0.2399	189.0654520284548	1.839037004337621	36.35956511711353	0.36375310974265657	167.41830414849562	1.4503387889305703	11.709
18.431909829930824	0.07585317360001023	8.573845215404337	0.07584905862472098	-0.8561902824230724	0.07299047064891415	-11.995768724789547	0.06847896535155498	20.5045	0.2402	189.0376358374594	2.0569966785124283	36.361721241981705	0.4058957262667188	167.29046240883724	1.5030408175088537	11.709
18.45992533294448	0.06922851157888874	8.586274176128832	0.06330500486143646	-0.8252519536776114	0.06376424119378728	-11.959376722704318	0.07322523716943326	20.4992	0.2402	188.73922109113835	1.7931988053196524	36.43323275574271	0.3478291276091538	167.3724039672231	1.459598031047803	11.709
18.434729247740673	0.08027725018474992	8.586241034275934	0.08140639511108727	-0.834919623816794	0.07628549912269313	-11.970395939207505	0.07689948216029141	20.4992	0.2402	189.22145087356506	2.1966581868336954	36.395974394030716	0.4309949567447996	167.35208947347272	1.6278973606116238	11.709
18.423681461921742	0.06754663006936816	8.573911399468818	0.07052594790703481	-0.8600556735360817	0.06695179791855123	-11.99401293725158	0.06942223053675953	20.5153	0.2398	189.19682559563398	1.8757772772714802	36.346567612597646	0.37465641471536715	167.3749220087379	1.4498689737435435	11.709
18.425774822074594	0.07255410598778056	8.561847491451479	0.07142349800886935	-0.8677880255684346	0.07395262132009921	-11.990325830317717	0.06890051499609205	20.4992	0.2402	188.9252795767789	1.9499952051516043	36.36326361237323	0.39647128051478464	167.54676507975324	1.5225738353328875	11.709
18.421297934680844	0.07766154469556168	8.561715313884369	0.07435432625453936	-0.8600573738517757	0.07331688668911725	-11.995680982139941	0.07291173216062291	20.5045	0.2402	189.00853112506928	2.061102380014915	36.39361014518196	0.40335187283619295	167.34987587726823	1.55392444504358	11.709
18.380442774841704	0.07449879039731327	8.52302412479145	0.06837601685534127	-0.8909894157113618	0.07248763660831621	-11.987649244423475	0.06819935536456426	20.5099	0.24	189.05002362393344	1.9393340102277257	36.42360621202997	0.38554670817136427	167.93749267154809	1.506246304242431	11.709
18.40303022382169	0.07032637860099805	8.550969638144094	0.07086359019027669	-0.8619992280232243	0.06771183860985887	-11.98738621280246	0.07030294596464934	20.5099	0.24	189.15283888652957	1.9168043129956933	36.42764859304246	0.3793045460457885	167.5038568287592	1.469592147933187	11.709
18.44778579164059	0.08092478253673255	8.57143754995493	0.0777917835598732	-0.8329978430409126	0.0733187954590217	-11.978650814140707	0.07184431539519263	20.4992	0.2402	188.6876791967938	2.144563964153305	36.46070260946968	0.41444066338339725	167.19928688746154	1.5399001996571067	11.709
18.407288697054227	0.07353027416421912	8.542961457859727	0.07324782827286536	-0.879394522297994	0.06781632591508605	-12.00402026783243	0.06863751277453721	20.5099	0.24	188.9176203784553	1.9877056421024049	36.39135719305022	0.385533487744734	167.5153188331799	1.452940210021081	11.709
18.434935051802775	0.0721211942016182	8.557231839726777	0.06852142105732596	-0.858130329106259	0.07155069565911101	-11.99137998134681	0.0673940027002577	20.4938	0.2401	188.66179603217103	1.9000810935957342	36.418389003563036	0.383196851163564	167.38556009008266	1.4778055027932586	11.709
18.429235808621492	0.07441952042999819	8.587655255667682	0.0736672578614962	-0.8291291668217093	0.07395655291757322	-11.980669631019646	0.0733319267203266	20.5045	0.2402	189.3542626243796	2.014731261244469	36.41288859231913	0.4036405155990602	167.11101346454527	1.5607304197605005	11.709
18.39971371562087	0.07389327748872142	8.545334474891762	0.07315895987452098	-0.8832563550731558	0.06760383018802088	-11.998973002633088	0.06891466074309927	20.5045	0.2402	189.10833276649117	1.9954619334499042	36.367292658861544	0.3842155897596643	167.64958011700298	1.4560004282355214	11.709
18.43118396885203	0.07585222075447784	8.577535557125335	0.07062988562110446	-0.8619937979983482	0.07740009128790887	-11.982425554186015	0.06998351392223778	20.4938	0.2401	189.12235862254053	1.9892584895870988	36.325150245745455	0.4032231789142325	167.57849600813233	1.572461408693412	11.709
18.432769168768047	0.07312469043595188	8.579314421388057	0.07046264421709139	-0.8561977575883403	0.07441878619942145	-11.980275300771538	0.0689330204331238	20.5045	0.2402	189.12607572065164	1.949120301435297	36.34061570478423	0.39471749695664315	167.5235741056999	1.5276288770393842	11.709
18.38499044128282	0.07793847335009776	8.551332643092946	0.07629437054609411	-0.8600616244151209	0.07331540336741874	-11.997085712220153	0.07609954710933073	20.4938	0.2401	189.50682105350808	2.1018237625201284	36.43374321887621	0.4096197328366978	167.32883164934267	1.587654724849505	11.709
18.40129954260767	0.07211744455585531	8.543093330792216	0.07107178776414763	-0.8774602923096965	0.07355279271858947	-12.002352535849134	0.06889274702437594	20.5045	0.2402	189.0349206156257	1.941561195592892	36.398319652161604	0.3951808738716488	167.51130598547772	1.5174501922647674	11.709
18.411329778546268	0.07156006338995341	8.54289552291968	0.07216814211714984	-0.8716640144196193	0.06823468897610986	-11.99102916628102	0.0712953489130649	20.4938	0.2401	188.83899718949675	1.944797222330724	36.42149382709189	0.3842279735320951	167.59457066225062	1.4874320185719074	11.709
18.425412006948406	0.07251941966750156	8.593853395628557	0.07424508867435234	-0.8465258325386404	0.07387585225434605	-11.98088871471744	0.076101654771295	20.4992	0.2402	189.54728363388443	2.000927060530947	36.32188006292236	0.4029783303514043	167.36882463618247	1.5942930371102737	11.709
18.404624584782887	0.07544065519968984	8.539633015014674	0.07381821136268484	-0.8697222394234133	0.07155101761936176	-11.99941183246559	0.06883040818988828	20.4938	0.2401	188.90489824379935	2.021144193075398	36.4416384334369	0.39815147624609976	167.43910179022552	1.4936540736925605	11.709
18.417546549571124	0.0716198274449234	8.567945508015526	0.0690613796079679	-0.8523221604180713	0.07093187960384702	-11.986726343597969	0.07070017643920914	20.4938	0.2401	189.20007224665045	1.9111534234340806	36.3994245325949	0.3825270614050874	167.36820381266136	1.5054041748336002	11.709
18.405131939389026	0.0815888727148562	8.555947849751346	0.0831749082979984	-0.8735856289975169	0.07848032794012418	-12.00893645652474	0.07701577862718528	20.5099	0.24	189.20808177640188	2.238238182200811	36.363657104220636	0.4409965403265136	167.3539754181981	1.65255496198703	11.709
18.406790245654783	0.07322436348939923	8.545697252898531	0.07207880773232078	-0.8658557673780424	0.0668402791919922	-11.995768724789547	0.07342654111342764	20.5045	0.2402	188.97958167841264	1.9690802695925955	36.43312865955846	0.380531538709197	167.43574148278057	1.4937385666101033	11.709
18.404697062299903	0.06942291198144196	8.535645202243476	0.07065921731720154	-0.8929170286377826	0.07154784376526954	-12.014203100859431	0.06663051846298712	20.5099	0.24	188.82717966104067	1.8952815078548588	36.36740296955577	0.38786577478700834	167.5656229469449	1.4730916977661899	11.709
18.443176061177446	0.08089402099132412	8.572198476237952	0.07122669510435414	-0.8542522200876368	0.06684158586597835	-11.98334588600735	0.07091447883123027	20.5045	0.2402	188.79034144564167	2.0614280661960818	36.375549304856726	0.3769287040750174	167.4480676148572	1.4662425149077056	11.709
18.394303847002373	0.07247918321835867	8.537688528746184	0.06795642417736444	-0.8658553642945115	0.07257444025386749	-11.995812596600492	0.07322062842904659	20.4938	0.2401	189.06543153930215	1.9057751742246818	36.46415925465693	0.38553670424846304	167.43507542453514	1.550904475342846	11.709
18.38412817323509	0.0692217893007659	8.529778765640504	0.06750004569693976	-0.8542549027103995	0.06771265000707924	-11.988613793530247	0.06410658009812668	20.4938	0.2401	189.10890527453782	1.85541617245687	36.53997142299792	0.37229024476320066	167.36888463326568	1.4016375469374605	11.709
18.409028437699664	0.06507244748118093	8.553805220070645	0.06602713283135268	-0.8677880255684346	0.06403182518054382	-11.986638664763117	0.06606107161934777	20.5099	0.24	189.09213799739146	1.778708684092999	36.39430329182435	0.3552920044938985	167.60232591792203	1.3867927399452151	11.709
18.426718208278285	0.07360737671351454	8.572330825035097	0.07311131951519213	-0.825249725130779	0.06924745419373896	-11.968771029775388	0.06983570233610184	20.5153	0.2398	189.10817650946552	1.9909191307215761	36.4872980065002	0.3909802276982608	167.2312707731154	1.475905215144184	11.709
18.41126668397485	0.07032272022220633	8.543818704703705	0.07139111081826845	-0.865854155024694	0.06638634970460153	-11.984882725555227	0.06669089159973697	20.4992	0.2402	188.85787212436387	1.9179612535551718	36.44040841648236	0.37753587501140806	167.59964387555175	1.418391676520771	11.709
18.405421868865798	0.07363722485831203	8.556079940712412	0.07072661537257204	-0.8658517364033542	0.07084110584719101	-11.977770951857146	0.07023909188252817	20.4938	0.2401	189.20504966288559	1.9613594276419792	36.39299602509518	0.38665821789976934	167.7068733609308	1.5056249491321285	11.709
18.428448802313845	0.07696632351691135	8.570154650107968	0.07183601431902667	-0.8484529197465832	0.07299292677484255	-11.977770951857146	0.07329256311137501	20.4992	0.2402	189.0332343396366	2.0187805697584422	36.40584019780831	0.39585721921381867	167.44469187476352	1.5562880948811768	11.709
18.426935926505568	0.06883866770142624	8.574440908773427	0.07090444223827193	-0.8465158273865704	0.06771443372081673	-11.965214632009882	0.06721396033628368	20.5099	0.24	189.14449845537257	1.8971878882404387	36.39676220546536	0.37878265627329344	167.60461465941628	1.4382134540847396	11.709
