20.076073776194576	0.35035057132757547	8.857112925519026	0.18861216982346746	2.105348179355919	0.3066620652861588	-9.925744169755495	0.18798729244310347	21.7667	0.2448	189.21048011809776	6.710587546071924	46.53098370880576	2.4811586196434616	176.438257423836	5.2750027464166	13.3376
20.111443721005493	0.38073227205716265	8.89018960084558	0.27961595472318695	2.1055260869248267	0.3146981674926382	-9.896233130923036	0.2689037736495156	21.7667	0.2448	189.16589986039213	7.963284923461561	46.303908376493204	2.873066812509907	176.8639575809469	6.09998971745638	13.3371832
20.17816164092776	0.3164442810147867	8.857112925519026	0.18861216982346746	2.0421645757734828	0.18838693922727545	-9.925744169755495	0.18798729244310347	21.7667	0.2448	187.50426946694964	6.1014475312524254	46.099579818698835	1.8032660312686057	177.36974889414054	3.9442679538773393	13.3376
20.04205384833182	0.34689559656950186	8.857112925519026	0.18861216982346746	2.0421645757734828	0.18838693922727545	-9.925744169755495	0.18798729244310347	21.7667	0.2448	189.78597952653598	6.699909811616245	46.099579818698835	1.8032660312686057	177.36974889414054	3.9442679538773393	13.3376
20.076073776194576	0.3503505713275754	8.857112925519026	0.18861216982346746	2.0737542857704305	0.27514587048648886	-9.925744169755495	0.18798729244310347	21.7667	0.2448	189.21048011809776	6.710587546071924	46.314262903405655	2.277603633822129	176.90280780068034	4.912698413337586	13.3376
20.17816164092776	0.3164442810147867	8.857112925519026	0.18861216982346746	2.105348179355919	0.3066620652861588	-9.925744169755495	0.18798729244310347	21.7667	0.2448	187.50426946694964	6.1014475312524254	46.53098370880576	2.4811586196434616	176.438257423836	5.2750027464166	13.3376
20.11009838360076	0.34694150898858844	8.857112925519026	0.18861216982346746	2.0421645757734828	0.18838693922727545	-9.925744169755495	0.18798729244310347	21.7667	0.2448	188.63838195560257	6.619804952067144	46.099579818698835	1.8032660312686057	177.36974889414054	3.9442679538773393	13.3376
20.17816164092776	0.3164442810147867	8.857112925519026	0.18861216982346746	2.0421645757734828	0.18838693922727545	-9.925744169755495	0.18798729244310347	21.7667	0.2448	187.50426946694964	6.1014475312524254	46.099579818698835	1.8032660312686057	177.36974889414054	3.9442679538773393	13.3376
20.008038599042123	0.336127660187333	8.857112925519026	0.18861216982346746	2.0421645757734828	0.18838693922727545	-9.925744169755495	0.18798729244310347	21.7667	0.2448	190.36491060313824	6.579934871934369	46.099579818698835	1.8032660312686057	177.36974889414054	3.9442679538773393	13.3376
20.076073776194576	0.3503505713275754	8.857112925519026	0.18861216982346746	2.0737542857704305	0.27514587048648886	-9.925744169755495	0.18798729244310347	21.7667	0.2448	189.21048011809776	6.710587546071924	46.314262903405655	2.277603633822129	176.90280780068034	4.912698413337586	13.3376
20.076073776194576	0.3503505713275754	8.857112925519026	0.18861216982346746	2.0421645757734828	0.18838693922727545	-9.925744169755495	0.18798729244310347	21.7667	0.2448	189.21048011809776	6.710587546071924	46.099579818698835	1.8032660312686057	177.36974889414054	3.9442679538773393	13.3376
20.11009838360076	0.34694150898858844	8.857112925519026	0.18861216982346746	2.0737542857704305	0.27514587048648886	-9.925744169755495	0.18798729244310347	21.7667	0.2448	188.63838195560257	6.619804952067144	46.314262903405655	2.277603633822129	176.90280780068034	4.912698413337586	13.3376
20.008038599042123	0.336127660187333	8.857112925519026	0.18861216982346746	2.0737542857704305	0.27514587048648886	-9.925744169755495	0.18798729244310347	21.7667	0.2448	190.36491060313824	6.579934871934369	46.314262903405655	2.277603633822129	176.90280780068034	4.912698413337586	13.3376
20.076073776194576	0.3503505713275754	8.857112925519026	0.18861216982346746	2.0421645757734828	0.18838693922727545	-9.925744169755495	0.18798729244310347	21.7667	0.2448	189.21048011809776	6.710587546071924	46.099579818698835	1.8032660312686057	177.36974889414054	3.9442679538773393	13.3376
20.076073776194576	0.3503505713275754	8.857112925519026	0.18861216982346746	2.0421645757734828	0.18838693922727545	-9.925744169755495	0.18798729244310347	21.7667	0.2448	189.21048011809776	6.710587546071924	46.099579818698835	1.8032660312686057	177.36974889414054	3.9442679538773393	13.3376
20.11009838360076	0.34694150898858844	8.857112925519026	0.18861216982346746	2.0421645757734828	0.18838693922727545	-9.925744169755495	0.18798729244310347	21.7667	0.2448	188.59312322672645	6.618216707117033	46.088519458857505	1.80283338586763	177.32719377204506	3.9433216323912847	13.3344
19.94002213230096	0.28240869428695303	8.857112925519026	0.18861216982346746	2.0421645757734828	0.18838693922727545	-9.925744169755495	0.18798729244310347	21.7667	0.2448	191.53319127467884	5.868943776689591	46.099579818698835	1.8032660312686057	177.36974889414054	3.9442679538773393	13.3376
20.11009838360076	0.34694150898858844	8.857112925519026	0.18861216982346746	2.0737542857704305	0.27514587048648886	-9.925744169755495	0.18798729244310347	21.7667	0.2448	188.63838195560257	6.619804952067144	46.314262903405655	2.277603633822129	176.90280780068034	4.912698413337586	13.3376
20.04205384833182	0.34689559656950186	8.857112925519026	0.18861216982346746	2.0421645757734828	0.18838693922727545	-9.925744169755495	0.18798729244310347	21.7667	0.2448	189.78004871467581	6.699700439434633	46.0981392068295	1.8032096792051286	177.36420608948762	3.944144695503781	13.3371832
19.94002213230096	0.28240869428695303	8.857112925519026	0.18861216982346746	2.0421645757734828	0.18838693922727545	-9.925744169755495	0.18798729244310347	21.7667	0.2448	191.53319127467884	5.868943776689591	46.099579818698835	1.8032660312686057	177.36974889414054	3.9442679538773393	13.3376
20.008038599042123	0.336127660187333	8.857112925519026	0.18861216982346746	2.105348179355919	0.3066620652861588	-9.925744169755495	0.18798729244310347	21.7667	0.2448	190.36491060313824	6.579934871934369	46.53098370880576	2.4811586196434616	176.438257423836	5.2750027464166	13.3376
20.076073776194576	0.3503505713275754	8.857112925519026	0.18861216982346746	2.1369462573647775	0.3250530339598309	-9.925744169755495	0.18798729244310347	21.7667	0.2448	189.21048011809776	6.710587546071924	46.749771385609556	2.614382429327892	175.97607944989983	5.477936645279039	13.3376
20.11009838360076	0.34694150898858844	8.857112925519026	0.18861216982346746	2.0737542857704305	0.27514587048648886	-9.925744169755495	0.18798729244310347	21.7667	0.2448	188.63248700616646	6.6195980831623915	46.312815582689915	2.2775324587085723	176.89727958793657	4.91254489151217	13.3371832
20.076073776194576	0.3503505713275754	8.857112925519026	0.18861216982346746	2.0421645757734828	0.18838693922727545	-9.925744169755495	0.18798729244310347	21.7667	0.2448	189.21048011809776	6.710587546071924	46.099579818698835	1.8032660312686057	177.36974889414054	3.9442679538773393	13.3376
20.04205384833182	0.34689559656950186	8.857112925519026	0.18861216982346746	2.0421645757734828	0.18838693922727545	-9.925744169755495	0.18798729244310347	21.7667	0.2448	189.78597952653598	6.699909811616245	46.099579818698835	1.8032660312686057	177.36974889414054	3.9442679538773393	13.3376
20.076073776194576	0.3503505713275754	8.857112925519026	0.18861216982346746	2.0421645757734828	0.18838693922727545	-9.925744169755495	0.18798729244310347	21.7667	0.2448	189.21048011809776	6.710587546071924	46.099579818698835	1.8032660312686057	177.36974889414054	3.9442679538773393	13.3376
20.04205384833182	0.34689559656950186	8.857112925519026	0.18861216982346746	2.0421645757734828	0.18838693922727545	-9.925744169755495	0.18798729244310347	21.7667	0.2448	189.78597952653598	6.699909811616245	46.099579818698835	1.8032660312686057	177.36974889414054	3.9442679538773393	13.3376
19.94002213230096	0.28240869428695303	8.857112925519026	0.18861216982346746	2.0421645757734828	0.18838693922727545	-9.925744169755495	0.18798729244310347	21.7667	0.2448	191.53319127467884	5.868943776689591	46.099579818698835	1.8032660312686057	177.36974889414054	3.9442679538773393	13.3376
20.04205384833182	0.34689559656950186	8.857112925519026	0.18861216982346746	2.0421645757734828	0.18838693922727545	-9.925744169755495	0.18798729244310347	21.7667	0.2448	189.78597952653598	6.699909811616245	46.099579818698835	1.8032660312686057	177.36974889414054	3.9442679538773393	13.3376
20.008038599042123	0.336127660187333	8.857112925519026	0.18861216982346746	2.0737542857704305	0.27514587048648886	-9.925744169755495	0.18798729244310347	21.7667	0.2448	190.36491060313824	6.579934871934369	46.314262903405655	2.277603633822129	176.90280780068034	4.912698413337586	13.3376
20.11009838360076	0.34694150898858844	8.857112925519026	0.18861216982346746	2.0421645757734828	0.18838693922727545	-9.925744169755495	0.18798729244310347	21.7667	0.2448	188.63838195560257	6.619804952067144	46.099579818698835	1.8032660312686057	177.36974889414054	3.9442679538773393	13.3376
20.04205384833182	0.34689559656950186	8.857112925519026	0.18861216982346746	2.0421645757734828	0.18838693922727545	-9.925744169755495	0.18798729244310347	21.7667	0.2448	189.78597952653598	6.699909811616245	46.099579818698835	1.8032660312686057	177.36974889414054	3.9442679538773393	13.3376
19.974028027355136	0.316331742607678	8.857112925519026	0.18861216982346746	2.0421645757734828	0.18838693922727545	-9.925744169755495	0.18798729244310347	21.7667	0.2448	190.9014914410971	6.324401578239146	46.088519458857505	1.80283338586763	177.32719377204506	3.9433216323912847	13.3344
20.144127671521222	0.3362135711364344	8.857112925519026	0.18861216982346746	2.2001549699952916	0.33826538710181603	-9.925744169755495	0.18798729244310347	21.7667	0.2448	188.06965497536265	6.423469505023345	47.1936667631676	2.745684769870961	175.05876838639864	5.586910823523308	13.3376
19.974028027355136	0.316331742607678	8.857112925519026	0.18861216982346746	2.0421645757734828	0.18838693922727545	-9.925744169755495	0.18798729244310347	21.7667	0.2448	190.94730413402752	6.325919313199127	46.099579818698835	1.8032660312686057	177.36974889414054	3.9442679538773393	13.3376
20.076073776194576	0.3503505713275754	8.857112925519026	0.18861216982346746	2.0421645757734828	0.18838693922727545	-9.925744169755495	0.18798729244310347	21.7667	0.2448	189.21048011809776	6.710587546071924	46.099579818698835	1.8032660312686057	177.36974889414054	3.9442679538773393	13.3376
20.076073776194576	0.3503505713275754	8.857112925519026	0.18861216982346746	2.0421645757734828	0.18838693922727545	-9.925744169755495	0.18798729244310347	21.7667	0.2448	189.21048011809776	6.710587546071924	46.099579818698835	1.8032660312686057	177.36974889414054	3.9442679538773393	13.3376
20.076073776194576	0.3503505713275754	8.857112925519026	0.18861216982346746	2.0737542857704305	0.27514587048648886	-9.925744169755495	0.18798729244310347	21.7667	0.2448	189.2163929456014	6.7107972519327355	46.31571022412138	2.2776748089356857	176.90833601342408	4.912851935163003	13.338016799999998
19.94002213230096	0.28240869428695303	8.857112925519026	0.18861216982346746	2.0421645757734828	0.18838693922727545	-9.925744169755495	0.18798729244310347	21.7667	0.2448	191.53319127467884	5.868943776689591	46.099579818698835	1.8032660312686057	177.36974889414054	3.9442679538773393	13.3376
20.008038599042123	0.336127660187333	8.857112925519026	0.18861216982346746	2.0421645757734828	0.18838693922727545	-9.925744169755495	0.18798729244310347	21.7667	0.2448	190.36491060313824	6.579934871934369	46.099579818698835	1.8032660312686057	177.36974889414054	3.9442679538773393	13.3376
20.076073776194576	0.3503505713275754	8.857112925519026	0.18861216982346746	2.0421645757734828	0.18838693922727545	-9.925744169755495	0.18798729244310347	21.7667	0.2448	189.21048011809776	6.710587546071924	46.099579818698835	1.8032660312686057	177.36974889414054	3.9442679538773393	13.3376
20.04205384833182	0.34689559656950186	8.857112925519026	0.18861216982346746	2.105348179355919	0.3066620652861588	-9.925744169755495	0.18798729244310347	21.7667	0.2448	189.78597952653598	6.699909811616245	46.53098370880576	2.4811586196434616	176.438257423836	5.2750027464166	13.3376
19.94002213230096	0.28240869428695303	8.857112925519026	0.18861216982346746	2.0737542857704305	0.27514587048648886	-9.925744169755495	0.18798729244310347	21.7667	0.2448	191.53319127467884	5.868943776689591	46.314262903405655	2.277603633822129	176.90280780068034	4.912698413337586	13.3376
20.008038599042123	0.336127660187333	8.857112925519026	0.18861216982346746	2.0421645757734828	0.18838693922727545	-9.925744169755495	0.18798729244310347	21.7667	0.2448	190.36491060313824	6.579934871934369	46.099579818698835	1.8032660312686057	177.36974889414054	3.9442679538773393	13.3376
19.906020912910204	0.18901898221182173	8.857112925519026	0.18861216982346746	2.0737542857704305	0.27514587048648886	-9.925744169755495	0.18798729244310347	21.7667	0.2448	192.1226035554738	4.64314422743181	46.314262903405655	2.277603633822129	176.90280780068034	4.912698413337586	13.3376
19.906020912910204	0.18901898221182173	8.857112925519026	0.18861216982346746	2.105348179355919	0.3066620652861588	-9.925744169755495	0.18798729244310347	21.7667	0.2448	192.1226035554738	4.64314422743181	46.53098370880576	2.4811586196434616	176.438257423836	5.2750027464166	13.3376
19.974028027355136	0.31633174260767805	8.857112925519026	0.18861216982346746	2.0737542857704305	0.27514587048648886	-9.925744169755495	0.18798729244310347	21.7667	0.2448	190.94730413402752	6.325919313199127	46.314262903405655	2.277603633822129	176.90280780068034	4.912698413337586	13.3376
20.04205384833182	0.34689559656950186	8.857112925519026	0.18861216982346746	2.0737542857704305	0.27514587048648886	-9.925744169755495	0.18798729244310347	21.7667	0.2448	189.78597952653598	6.699909811616245	46.314262903405655	2.277603633822129	176.90280780068034	4.912698413337586	13.3376
19.974028027355136	0.316331742607678	8.857112925519026	0.18861216982346746	2.0737542857704305	0.27514587048648886	-9.925744169755495	0.18798729244310347	21.7667	0.2448	190.94730413402752	6.325919313199127	46.314262903405655	2.277603633822129	176.90280780068034	4.912698413337586	13.3376
20.17816164092776	0.3164442810147867	8.857112925519026	0.18861216982346746	2.0421645757734828	0.18838693922727545	-9.925744169755495	0.18798729244310347	21.7667	0.2448	187.50426946694964	6.1014475312524254	46.099579818698835	1.8032660312686057	177.36974889414054	3.9442679538773393	13.3376
20.11009838360076	0.34694150898858844	8.857112925519026	0.18861216982346746	2.0737542857704305	0.27514587048648886	-9.925744169755495	0.18798729244310347	21.7667	0.2448	188.63838195560257	6.619804952067144	46.314262903405655	2.277603633822129	176.90280780068034	4.912698413337586	13.3376
20.076073776194576	0.35035057132757547	8.857112925519026	0.18861216982346746	2.0421645757734828	0.18838693922727545	-9.925744169755495	0.18798729244310347	21.7667	0.2448	189.21048011809776	6.710587546071924	46.099579818698835	1.8032660312686057	177.36974889414054	3.9442679538773393	13.3376
19.974028027355136	0.316331742607678	8.857112925519026	0.18861216982346746	2.0737542857704305	0.27514587048648886	-9.925744169755495	0.18798729244310347	21.7667	0.2448	190.94730413402752	6.325919313199127	46.314262903405655	2.277603633822129	176.90280780068034	4.912698413337586	13.3376
19.94002213230096	0.28240869428695303	8.857112925519026	0.18861216982346746	2.0421645757734828	0.18838693922727545	-9.925744169755495	0.18798729244310347	21.7667	0.2448	191.53319127467884	5.868943776689591	46.099579818698835	1.8032660312686057	177.36974889414054	3.9442679538773393	13.3376
19.906020912910204	0.18901898221182173	8.857112925519026	0.18861216982346746	2.0421645757734828	0.18838693922727545	-9.925744169755495	0.18798729244310347	21.7667	0.2448	192.1226035554738	4.64314422743181	46.099579818698835	1.8032660312686057	177.36974889414054	3.9442679538773393	13.3376
19.94002213230096	0.28240869428695303	8.857112925519026	0.18861216982346746	2.0421645757734828	0.18838693922727545	-9.925744169755495	0.18798729244310347	21.7667	0.2448	191.53319127467884	5.868943776689591	46.099579818698835	1.8032660312686057	177.36974889414054	3.9442679538773393	13.3376
19.94002213230096	0.28240869428695303	8.857112925519026	0.18861216982346746	2.0421645757734828	0.18838693922727545	-9.925744169755495	0.18798729244310347	21.7667	0.2448	191.53319127467884	5.868943776689591	46.099579818698835	1.8032660312686057	177.36974889414054	3.9442679538773393	13.3376
19.94002213230096	0.28240869428695303	8.857112925519026	0.18861216982346746	2.0421645757734828	0.18838693922727545	-9.925744169755495	0.18798729244310347	21.7667	0.2448	191.53319127467884	5.868943776689591	46.099579818698835	1.8032660312686057	177.36974889414054	3.9442679538773393	13.3376
19.974028027355136	0.316331742607678	8.857112925519026	0.18861216982346746	2.0421645757734828	0.18838693922727545	-9.925744169755495	0.18798729244310347	21.7667	0.2448	190.94730413402752	6.325919313199127	46.099579818698835	1.8032660312686057	177.36974889414054	3.9442679538773393	13.3376
19.906020912910204	0.18901898221182173	8.857112925519026	0.18861216982346746	2.0421645757734828	0.18838693922727545	-9.925744169755495	0.18798729244310347	21.7667	0.2448	192.1226035554738	4.64314422743181	46.099579818698835	1.8032660312686057	177.36974889414054	3.9442679538773393	13.3376
20.11009838360076	0.34694150898858844	8.857112925519026	0.18861216982346746	2.0421645757734828	0.18838693922727545	-9.925744169755495	0.18798729244310347	21.7667	0.2448	188.63838195560257	6.619804952067144	46.099579818698835	1.8032660312686057	177.36974889414054	3.9442679538773393	13.3376
19.906020912910204	0.18901898221182173	8.857112925519026	0.18861216982346746	2.0421645757734828	0.18838693922727545	-9.925744169755495	0.18798729244310347	21.7667	0.2448	192.1226035554738	4.64314422743181	46.099579818698835	1.8032660312686057	177.36974889414054	3.9442679538773393	13.3376
19.974028027355136	0.316331742607678	8.857112925519026	0.18861216982346746	2.0421645757734828	0.18838693922727545	-9.925744169755495	0.18798729244310347	21.7667	0.2448	190.94730413402752	6.325919313199127	46.099579818698835	1.8032660312686057	177.36974889414054	3.9442679538773393	13.3376
19.974028027355136	0.316331742607678	8.857112925519026	0.18861216982346746	2.0737542857704305	0.27514587048648886	-9.925744169755495	0.18798729244310347	21.7667	0.2448	190.94730413402752	6.325919313199127	46.314262903405655	2.277603633822129	176.90280780068034	4.912698413337586	13.3376
19.94002213230096	0.28240869428695303	8.857112925519026	0.18861216982346746	2.0421645757734828	0.18838693922727545	-9.925744169755495	0.18798729244310347	21.7667	0.2448	191.53319127467884	5.868943776689591	46.099579818698835	1.8032660312686057	177.36974889414054	3.9442679538773393	13.3376
19.94002213230096	0.28240869428695303	8.857112925519026	0.18861216982346746	2.0421645757734828	0.18838693922727545	-9.925744169755495	0.18798729244310347	21.7667	0.2448	191.53319127467884	5.868943776689591	46.099579818698835	1.8032660312686057	177.36974889414054	3.9442679538773393	13.3376
19.94002213230096	0.28240869428695303	8.857112925519026	0.18861216982346746	2.0421645757734828	0.18838693922727545	-9.925744169755495	0.18798729244310347	21.7667	0.2448	191.53319127467884	5.868943776689591	46.099579818698835	1.8032660312686057	177.36974889414054	3.9442679538773393	13.3376
19.906020912910204	0.18901898221182173	8.857112925519026	0.18861216982346746	2.0421645757734828	0.18838693922727545	-9.925744169755495	0.18798729244310347	21.7667	0.2448	192.1226035554738	4.64314422743181	46.099579818698835	1.8032660312686057	177.36974889414054	3.9442679538773393	13.3376
19.94002213230096	0.28240869428695303	8.857112925519026	0.18861216982346746	2.0737542857704305	0.27514587048648886	-9.925744169755495	0.18798729244310347	21.7667	0.2448	191.53319127467884	5.868943776689591	46.314262903405655	2.277603633822129	176.90280780068034	4.912698413337586	13.3376
19.94002213230096	0.28240869428695303	8.857112925519026	0.18861216982346746	2.0421645757734828	0.18838693922727545	-9.925744169755495	0.18798729244310347	21.7667	0.2448	191.53319127467884	5.868943776689591	46.099579818698835	1.8032660312686057	177.36974889414054	3.9442679538773393	13.3376
19.906020912910204	0.18901898221182173	8.857112925519026	0.18861216982346746	2.0421645757734828	0.18838693922727545	-9.925744169755495	0.18798729244310347	21.7667	0.2448	192.1226035554738	4.64314422743181	46.099579818698835	1.8032660312686057	177.36974889414054	3.9442679538773393	13.3376
19.94002213230096	0.28240869428695303	8.857112925519026	0.18861216982346746	2.0737542857704305	0.27514587048648886	-9.925744169755495	0.18798729244310347	21.7667	0.2448	191.53319127467884	5.868943776689591	46.314262903405655	2.277603633822129	176.90280780068034	4.912698413337586	13.3376
19.974028027355136	0.316331742607678	8.857112925519026	0.18861216982346746	2.0421645757734828	0.18838693922727545	-9.925744169755495	0.18798729244310347	21.7667	0.2448	190.94730413402752	6.325919313199127	46.099579818698835	1.8032660312686057	177.36974889414054	3.9442679538773393	13.3376
19.906020912910204	0.18901898221182173	8.857112925519026	0.18861216982346746	2.0737542857704305	0.27514587048648886	-9.925744169755495	0.18798729244310347	21.7667	0.2448	192.1165997241127	4.642999129174703	46.312815582689915	2.2775324587085723	176.89727958793657	4.91254489151217	13.3371832
19.906020912910204	0.18901898221182173	8.857112925519026	0.18861216982346746	2.0421645757734828	0.18838693922727545	-9.925744169755495	0.18798729244310347	21.7667	0.2448	192.1226035554738	4.64314422743181	46.099579818698835	1.8032660312686057	177.36974889414054	3.9442679538773393	13.3376
19.94002213230096	0.28240869428695303	8.857112925519026	0.18861216982346746	2.0421645757734828	0.18838693922727545	-9.925744169755495	0.18798729244310347	21.7667	0.2448	191.53319127467884	5.868943776689591	46.099579818698835	1.8032660312686057	177.36974889414054	3.9442679538773393	13.3376
19.906020912910204	0.18901898221182173	8.857112925519026	0.18861216982346746	2.0421645757734828	0.18838693922727545	-9.925744169755495	0.18798729244310347	21.7667	0.2448	192.1226035554738	4.64314422743181	46.099579818698835	1.8032660312686057	177.36974889414054	3.9442679538773393	13.3376
19.906020912910204	0.18901898221182173	8.857112925519026	0.18861216982346746	2.0421645757734828	0.18838693922727545	-9.925744169755495	0.18798729244310347	21.7667	0.2448	192.1226035554738	4.64314422743181	46.099579818698835	1.8032660312686057	177.36974889414054	3.9442679538773393	13.3376
19.94002213230096	0.28240869428695303	8.857112925519026	0.18861216982346746	2.0421645757734828	0.18838693922727545	-9.925744169755495	0.18798729244310347	21.7667	0.2448	191.53319127467884	5.868943776689591	46.099579818698835	1.8032660312686057	177.36974889414054	3.9442679538773393	13.3376
19.906020912910204	0.18901898221182173	8.857112925519026	0.18861216982346746	2.0421645757734828	0.18838693922727545	-9.925744169755495	0.18798729244310347	21.7667	0.2448	192.1226035554738	4.64314422743181	46.099579818698835	1.8032660312686057	177.36974889414054	3.9442679538773393	13.3376
19.94002213230096	0.28240869428695303	8.857112925519026	0.18861216982346746	2.0421645757734828	0.18838693922727545	-9.925744169755495	0.18798729244310347	21.7667	0.2448	191.53319127467884	5.868943776689591	46.099579818698835	1.8032660312686057	177.36974889414054	3.9442679538773393	13.3376
19.94002213230096	0.28240869428695303	8.857112925519026	0.18861216982346746	2.0737542857704305	0.27514587048648886	-9.925744169755495	0.18798729244310347	21.7667	0.2448	191.53319127467884	5.868943776689591	46.314262903405655	2.277603633822129	176.90280780068034	4.912698413337586	13.3376
19.906020912910204	0.18901898221182173	8.857112925519026	0.18861216982346746	2.0421645757734828	0.18838693922727545	-9.925744169755495	0.18798729244310347	21.7667	0.2448	192.1226035554738	4.64314422743181	46.099579818698835	1.8032660312686057	177.36974889414054	3.9442679538773393	13.3376
19.906020912910204	0.18901898221182173	8.857112925519026	0.18861216982346746	2.0421645757734828	0.18838693922727545	-9.925744169755495	0.18798729244310347	21.7667	0.2448	192.1226035554738	4.64314422743181	46.099579818698835	1.8032660312686057	177.36974889414054	3.9442679538773393	13.3376
19.906020912910204	0.18901898221182173	8.857112925519026	0.18861216982346746	2.0737542857704305	0.27514587048648886	-9.925744169755495	0.18798729244310347	21.7667	0.2448	192.1226035554738	4.64314422743181	46.314262903405655	2.277603633822129	176.90280780068034	4.912698413337586	13.3376
19.94002213230096	0.28240869428695303	8.857112925519026	0.18861216982346746	2.0421645757734828	0.18838693922727545	-9.925744169755495	0.18798729244310347	21.7667	0.2448	191.53319127467884	5.868943776689591	46.099579818698835	1.8032660312686057	177.36974889414054	3.9442679538773393	13.3376
19.94002213230096	0.28240869428695303	8.857112925519026	0.18861216982346746	2.0421645757734828	0.18838693922727545	-9.925744169755495	0.18798729244310347	21.7667	0.2448	191.53319127467884	5.868943776689591	46.099579818698835	1.8032660312686057	177.36974889414054	3.9442679538773393	13.3376
19.906020912910204	0.18901898221182173	8.857112925519026	0.18861216982346746	2.0421645757734828	0.18838693922727545	-9.925744169755495	0.18798729244310347	21.7667	0.2448	192.1226035554738	4.64314422743181	46.099579818698835	1.8032660312686057	177.36974889414054	3.9442679538773393	13.3376
19.906020912910204	0.18901898221182173	8.857112925519026	0.18861216982346746	2.0421645757734828	0.18838693922727545	-9.925744169755495	0.18798729244310347	21.7667	0.2448	192.1226035554738	4.64314422743181	46.099579818698835	1.8032660312686057	177.36974889414054	3.9442679538773393	13.3376
19.906020912910204	0.18901898221182173	8.857112925519026	0.18861216982346746	2.0421645757734828	0.18838693922727545	-9.925744169755495	0.18798729244310347	21.7667	0.2448	192.1286073868349	4.643289325688919	46.10102043056817	1.803322383332083	177.3752916987935	3.9443912122508973	13.338016799999998
19.906020912910204	0.18901898221182173	8.857112925519026	0.18861216982346746	2.0421645757734828	0.18838693922727545	-9.925744169755495	0.18798729244310347	21.7667	0.2448	192.1165997241127	4.642999129174703	46.0981392068295	1.8032096792051286	177.36420608948762	3.944144695503781	13.3371832
19.906020912910204	0.18901898221182173	8.857112925519026	0.18861216982346746	2.0421645757734828	0.18838693922727545	-9.925744169755495	0.18798729244310347	21.7667	0.2448	192.1165997241127	4.642999129174703	46.0981392068295	1.8032096792051286	177.36420608948762	3.944144695503781	13.3371832
19.906020912910204	0.18901898221182173	8.857112925519026	0.18861216982346746	2.0421645757734828	0.18838693922727545	-9.955764039595584	0.27040722145353724	21.7667	0.2448	192.1226035554738	4.64314422743181	46.099579818698835	1.8032660312686057	176.925954223738	4.8598133368494265	13.3376
19.906020912910204	0.18901898221182173	8.857112925519026	0.18861216982346746	2.0421645757734828	0.18838693922727545	-9.925744169755495	0.18798729244310347	21.7667	0.2448	192.1226035554738	4.64314422743181	46.099579818698835	1.8032660312686057	177.36974889414054	3.9442679538773393	13.3376
19.906020912910204	0.18901898221182173	8.857112925519026	0.18861216982346746	2.0421645757734828	0.18838693922727545	-9.925744169755495	0.18798729244310347	21.7667	0.2448	192.1226035554738	4.64314422743181	46.099579818698835	1.8032660312686057	177.36974889414054	3.9442679538773393	13.3376
19.906020912910204	0.18901898221182173	8.857112925519026	0.18861216982346746	2.0421645757734828	0.18838693922727545	-9.925744169755495	0.18798729244310347	21.7667	0.2448	192.1226035554738	4.64314422743181	46.099579818698835	1.8032660312686057	177.36974889414054	3.9442679538773393	13.3376
19.94002213230096	0.28240869428695303	8.857112925519026	0.18861216982346746	2.0737542857704305	0.27514587048648886	-9.925744169755495	0.18798729244310347	21.7667	0.2448	191.53917668690613	5.869127181182611	46.31571022412138	2.2776748089356857	176.90833601342408	4.912851935163003	13.338016799999998
19.906020912910204	0.18901898221182173	8.857112925519026	0.18861216982346746	2.0421645757734828	0.18838693922727545	-9.925744169755495	0.18798729244310347	21.7667	0.2448	192.1226035554738	4.64314422743181	46.099579818698835	1.8032660312686057	177.36974889414054	3.9442679538773393	13.3376
19.906020912910204	0.18901898221182173	8.857112925519026	0.18861216982346746	2.0421645757734828	0.18838693922727545	-9.925744169755495	0.18798729244310347	21.7667	0.2448	192.1226035554738	4.64314422743181	46.099579818698835	1.8032660312686057	177.36974889414054	3.9442679538773393	13.3376
19.906020912910204	0.18901898221182173	8.857112925519026	0.18861216982346746	2.0421645757734828	0.18838693922727545	-9.925744169755495	0.18798729244310347	21.7667	0.2448	192.1226035554738	4.64314422743181	46.099579818698835	1.8032660312686057	177.36974889414054	3.9442679538773393	13.3376
