44.10426176927324	0.07558763723154212	36.27699402017913	0.07476072548163411	-5.771241319266893	0.07106736476515949	-14.922210490579458	0.06968575142587352	19.5067	0.2346	238.44974740447142	3.23874645288731	8.167273619764641	0.020035249989455297	203.95763363400656	2.2183844608943186	11.727
44.127857670459534	0.07652904760610887	36.29494950454735	0.07397624751511175	-5.754469477107453	0.06856417475019846	-14.90481967198041	0.0686968538410978	19.5013	0.2341	238.3389978440431	3.2387044557586644	8.169133012847666	0.019595296082329145	204.0236103219274	2.164089247205071	11.73
44.14017594875784	0.07117269602881585	36.30003792025249	0.07224853095382724	-5.741285312855057	0.06928472500536198	-14.90503683330589	0.06619013406282018	19.5013	0.2341	238.0583110721675	3.0794296953985048	8.168616419168034	0.019449606852342736	203.67313686685762	2.1296951000632083	11.727
44.11785749056277	0.07834970294715789	36.28087026860094	0.07733942927696864	-5.7619719535080485	0.06813945975586255	-14.930090274742769	0.06998568832325011	19.5067	0.2346	238.15402077068075	3.3455014543231014	8.168321290726618	0.020025916670370847	203.57612677355772	2.168918276536507	11.727
44.121637249872066	0.07649704105206796	36.27980702550131	0.07396552231157173	-5.779157516926279	0.0692457213748122	-14.932345814146888	0.06754738572759898	19.5067	0.2346	238.0069402469654	3.229587868311025	8.165190155812883	0.019670054967162672	203.90818554507368	2.1549884586281833	11.727
44.14712830219202	0.07463925170539483	36.28879833669137	0.0754712241885464	-5.743179068254786	0.06892945731974229	-14.906857532703775	0.07090053957551723	19.5067	0.2346	237.5072090167378	3.2081096964118245	8.17043271452417	0.01986848197066978	203.6747606192754	2.1978389539622585	11.727
44.10858905371071	0.07353020207120683	36.28536576700161	0.0772062451904908	-5.765759000221788	0.07010116352212854	-14.928269814095701	0.06384185213418264	19.5013	0.2341	238.57302153314563	3.2513819420486216	8.166712427944137	0.02025274192073159	203.700716490564	2.107933085106645	11.727
44.155117523462614	0.07710725775378667	36.301248787344996	0.07995160733662285	-5.746841077113035	0.07222867193585707	-14.922862698750526	0.07134185634310046	19.5067	0.2346	237.64212012553622	3.360922081807415	8.167301876316499	0.02092831395431457	203.4007868113098	2.25038479968192	11.727
44.10871291615194	0.0768960103257438	36.29707510568785	0.07255394986717474	-5.757969288530325	0.06934026436218026	-14.907592215943945	0.07199555762800366	19.5067	0.2346	238.92685028720942	3.233604378587728	8.165951271537045	0.0194872131523915	203.98764325539767	2.2285097840429025	11.727
44.13279791981488	0.0784270855451405	36.30006359259217	0.07917385740979428	-5.7542720311580124	0.07612607424823427	-14.924248345388841	0.06916846539167229	19.5013	0.2341	238.28332989055164	3.3902283668769035	8.16608889789634	0.021327660121417888	203.53487879158277	2.282980977942643	11.727
44.1401154870688	0.06829204872893456	36.298112035766934	0.0713034996205141	-5.7391589234047755	0.06395660236819187	-14.909792884877705	0.06387818662427058	19.5013	0.2341	238.00168276243377	2.9964746119190995	8.169403850669937	0.018614452805496628	203.52028283755484	2.0060533608759	11.727
44.12334636728868	0.0780701913714113	36.29766762990706	0.0734332508226827	-5.75236053120402	0.07104189720691845	-14.916912094946209	0.07529246233268727	19.5013	0.2341	238.49816485862226	3.266433671388774	8.166925404419008	0.01984403258823587	203.65535669227438	2.300377267104476	11.727
44.116577869443745	0.07418356519363692	36.27758619557299	0.07687748772718252	-5.756165574042311	0.06925592334779049	-14.918786926823737	0.06928572622892223	19.5175	0.2354	238.09312412715653	3.2448394097050355	8.17008781723259	0.02011189345500398	203.69825902192122	2.1778749723225665	11.727
44.121029248337905	0.08151899968743259	36.28867655234638	0.07537050655361394	-5.761828134041371	0.07143425803424217	-14.916912094946209	0.07242980163232418	19.5067	0.2346	238.29494024111762	3.3778062420170576	8.166832855080614	0.020168038641318393	203.86596404891858	2.2653228490128274	11.727
44.184027553998554	0.07328659810898022	36.342604504415675	0.07191423916276199	-5.728010744726836	0.06799768090617705	-14.906803235299298	0.06557554097818022	19.5067	0.2346	238.02723300398873	3.116773788338027	8.163201049627805	0.019203988637142063	203.34616271399153	2.092792760612247	11.727390900000001
44.14316447626748	0.07430101250332437	36.30994422922764	0.07672774021221551	-5.7562733120200615	0.06964900024103952	-14.902727573791159	0.06647673988097942	19.5121	0.2351	238.32950224697515	3.2496617751668038	8.165870783064252	0.02011561688242062	204.11051419902174	2.148600935812637	11.73
44.125297834214685	0.07211978917311652	36.30861055862175	0.07616661508983327	-5.7485375280614885	0.06889711296659959	-14.929546509012393	0.06656859973968772	19.5013	0.2341	238.8335898120371	3.2049456685739006	8.167631720203728	0.019945493837091564	203.34229999572156	2.1218557529260855	11.73
44.175243520111565	0.08538299170108715	36.34336942496153	0.08170819004958481	-5.7373010008573635	0.07775570003080948	-14.90079835551829	0.07241500912729143	19.5067	0.2346	238.30950229325694	3.595996002265778	8.160978420030244	0.021874609025099613	203.67878610117404	2.3617245761939922	11.727
44.1547515734088	0.08122422733516985	36.30994422922764	0.07903392649423634	-5.7373367733481535	0.07450250054532545	-14.902727573791159	0.0730033782710901	19.5067	0.2346	237.9166161452078	3.437068501377092	8.167458990379785	0.021097672317655195	203.63670881861844	2.317511197897923	11.727
44.14346969591646	0.0719539355695621	36.29257960598953	0.07549752422904678	-5.77501003276882	0.07103927471446028	-14.925796980334951	0.06687223905640317	19.5067	0.2346	237.73228210561135	3.158120650898154	8.163516051062466	0.020116954270459876	203.9616951343264	2.1745723089040303	11.727
44.1547515734088	0.07757037307677164	36.33242498202087	0.07724071573134457	-5.744911572219512	0.06994650362996023	-14.922753993395563	0.06948706053523161	19.5013	0.2341	238.60036983031347	3.3390522890591123	8.161625030681853	0.020212319038971544	203.36043396564378	2.1846433736481448	11.727
44.18616224678905	0.08410415662195933	36.34695285009728	0.0936209343054207	-5.741249509802855	0.07874023213520845	-14.919493340726099	0.07698475260501647	19.5013	0.2341	238.08651143140804	3.82224060742812	8.15951796441438	0.023715980595630196	203.35154001360996	2.439825505355592	11.727
44.162923559657635	0.08041321103968528	36.31579894608038	0.07365451878931326	-5.750484899544412	0.06874494485245757	-14.907863701425947	0.06774800031825894	19.5013	0.2341	237.8463589592238	3.3052181320927096	8.163769457406707	0.01955275274452097	203.8148751971658	2.1481840565377825	11.727
44.17365812146322	0.07750314777395678	36.32822521515326	0.07927276138567	-5.735478794374016	0.07123172710399979	-14.895553319060223	0.07173032603646912	19.5013	0.2341	237.89764566561166	3.361748549617213	8.164270154804473	0.02068536864160581	203.75489441802262	2.2486272161503083	11.727
44.18774756220575	0.0782966822569649	36.348607764686	0.08110615521902483	-5.729815305230749	0.07101263900730309	-14.899249025766736	0.07090097151523041	19.5013	0.2341	238.08862526334536	3.423881553480036	8.161414287671693	0.020908736072515605	203.54692280054542	2.2275692364984683	11.727
44.180428096690584	0.07956349548658735	36.32582880914745	0.07913485540993931	-5.748716808613413	0.07536974000090829	-14.920987827704714	0.06956726969498622	19.5013	0.2341	237.62001717880867	3.3948296706546253	8.162166416850042	0.021200266864204075	203.48395874411943	2.275439819477464	11.727
44.17737809304171	0.07909948279721642	36.327483869774234	0.08018016440094936	-5.758112991129929	0.07301835231468101	-14.90438536847816	0.07052795439937015	19.5067	0.2346	237.823266068272	3.4122890887285564	8.162110612555056	0.021032097672810186	204.1145731775372	2.265542727833107	11.73
44.18164724299445	0.07268366139882715	36.331683550470274	0.07379706044341124	-5.742928359672946	0.0697330878341726	-14.918841263959298	0.06572360185443965	19.5013	0.2341	237.82116142089183	3.1380572797111994	8.164241597943008	0.019701436054187643	203.45523131500644	2.1246882100315414	11.73
44.18164724299445	0.07733232468711584	36.349669182458825	0.07234490243512622	-5.737247343129271	0.07300134668110392	-14.913379696552695	0.0699821840395982	19.5067	0.2346	238.30633886007257	3.2221505520331855	8.159767253006525	0.019926174202422046	203.3983322987204	2.241586663488366	11.727
44.179512667335366	0.07181518067560057	36.331831834359534	0.07103505228998482	-5.761882065329378	0.07261587427651686	-14.909792884877705	0.0659707666129511	19.5013	0.2341	237.89034266318532	3.0620192125000316	8.160536691836977	0.01969342284359486	204.07801511122616	2.1886652577841073	11.73
44.15902057141479	0.0758294389034441	36.33887295799605	0.08201069739067907	-5.7221507820308934	0.07067430556999038	-14.911722081440185	0.06918527073332696	19.5013	0.2341	238.6668525842208	3.408885166112125	8.164790409480718	0.021015529930001844	203.10087998975865	2.1858400360880244	11.727
44.191833760154296	0.08284630149601294	36.33467316598983	0.07970198000148816	-5.72976172992446	0.07326384693850586	-14.8972655209715	0.07452782493684104	19.5013	0.2341	237.5425569161516	3.4755570377337643	8.16412829734387	0.021011570278428458	203.58977320100902	2.320896144243203	11.727
44.212145122713935	0.07671121898762923	36.34322108951035	0.06895060569450137	-5.741070502603219	0.07000632381106438	-14.9062059901811	0.06906313993943024	19.5121	0.2351	237.24812624832117	3.109808902566529	8.16236376516485	0.019057839692640875	203.69447729367988	2.185582148929831	11.73
44.21879692447942	0.07531210653119802	36.362840290859964	0.07490998510940144	-5.7261168740777855	0.07202944007353873	-14.892237289182408	0.06821174262284102	19.5121	0.2351	237.5789613770755	3.2123973929911926	8.159371635170821	0.02014630116319042	203.62049952595495	2.2037248404140874	11.727
44.170059165015786	0.07781788292019667	36.30245959589462	0.07439417086255547	-5.7599705840252104	0.07102825761567567	-14.924302701943693	0.07063452033003734	19.5067	0.2346	237.22737808924097	3.2461340048476344	8.164517403691471	0.01996497882143201	203.66023335070693	2.2261163059444056	11.727
44.21092651781056	0.07105143622927838	36.35085611648752	0.0728137784503235	-5.748752666339052	0.06928369091245629	-14.908352400428809	0.0743706897956807	19.5013	0.2341	237.45461838668697	3.0734600199582287	8.157307233353716	0.01947484809081414	203.76545611402014	2.2611536060194357	11.727
44.19451787711426	0.07960243665441952	36.34396277887251	0.07855172571930734	-5.733585027088171	0.07724553834026887	-14.901015453877783	0.07246738868328101	19.5013	0.2341	237.80324564387178	3.3876039015415405	8.163671950613018	0.02137446308211965	203.6434852030513	2.352817674709847	11.73
44.209158189315865	0.07628663737353536	36.358046499196675	0.07509309356902617	-5.731762707746088	0.06838729585432769	-14.90305326735707	0.06792955375222237	19.5067	0.2346	237.78638696701447	3.242067569464854	8.161293748925752	0.019693975928657133	203.55777306734032	2.139411025226564	11.73
44.17274284085386	0.07486153025974224	36.33198011945946	0.07234315912502202	-5.756219442424409	0.07102879271148183	-14.897102737844454	0.06939409722054753	19.5067	0.2346	238.03934437984563	3.1605351685899645	8.159518506857731	0.01965493594014672	204.18267658813716	2.2181099125110366	11.727
44.20769245917399	0.07363184396542306	36.354610938239745	0.07048403783531905	-5.748663023034728	0.06727780039905674	-14.898977684194628	0.06557575151113479	19.5013	0.2341	237.6659420462273	3.0848017809236103	8.156597122622372	0.018876638771170212	203.97222245929512	2.094251376241064	11.727
44.19842091986329	0.07805585740535709	36.36810140641472	0.07702492002827598	-5.737301000857844	0.07028638754438833	-14.909901496407286	0.07145709604903273	19.5067	0.2346	238.35681474211873	3.338110103234346	8.156184803169023	0.02019873727430338	203.4766496746742	2.2234379624460656	11.727
44.17451127517828	0.07580138077983997	36.356265729759045	0.07336594263584346	-5.7372294574887315	0.0692577342753566	-14.911504834081555	0.06785718334867223	19.5013	0.2341	238.78598742166065	3.2219300503499024	8.16057909294653	0.01955972359368872	203.49154628943177	2.150636261554354	11.73
44.20378941765582	0.07378069410646801	36.36419821239901	0.07157786201382464	-5.739266283091092	0.06673128661936774	-14.910118724254348	0.06827375592063795	19.4959	0.2346	238.07491599653085	3.1217325240936873	8.15656021091324	0.018957959797566825	203.51543431898426	2.118609822286176	11.727
44.23392421130808	0.08095126149975664	36.38893258326409	0.07169722469728836	-5.7241159613796295	0.0671594357240076	-14.908298098943424	0.06584235392441264	19.5013	0.2341	237.91102733197107	3.279413513796101	8.154703948384464	0.01902282519218744	203.22005701574014	2.0810852027703817	11.727
44.241979091964254	0.07020344601534778	36.387575093151476	0.07411567642614615	-5.716647291533511	0.07164750405373815	-14.892237289182408	0.06640689905596593	19.5121	0.2351	237.62592526699308	3.088509770475676	8.156413390273855	0.01996956787629367	203.41035487820358	2.1656436966770825	11.727
44.219282348948205	0.07419478354823353	36.35685930018899	0.07698092459280345	-5.74487574344378	0.06641983668578309	-14.897156998488052	0.06709929501756531	19.5013	0.2341	237.38356560872134	3.2280109408535638	8.156895265470768	0.019698627189942287	203.92839398483153	2.1036935047221257	11.727
44.19451787711426	0.07675632525166695	36.37094371269491	0.07122418784961326	-5.735478794374497	0.06952406104030572	-14.902836136717484	0.06715035651216267	19.5013	0.2341	238.62335081557825	3.193747194224396	8.158073669555442	0.019284081680192938	203.6451086994275	2.147175513370649	11.73
44.20305664813015	0.0795487247640824	36.33887295799605	0.07711447372429603	-5.765705024702688	0.07157840797634157	-14.915363208362523	0.07345131456305648	19.5013	0.2341	237.33041993667257	3.3435218828166335	8.156344504548361	0.020381785240798297	203.98685723274735	2.286522851380029	11.727
44.204155811529695	0.07400259588424443	36.36899209330789	0.07312092377200288	-5.727939336719383	0.07058644031000065	-14.890199528666045	0.06953072335846308	19.5013	0.2341	238.27038586650278	3.1637116879854688	8.159912970024216	0.019700018962112823	203.7584005864479	2.20344172307503	11.73
44.242529212865946	0.07697923442372302	36.441996556860694	0.08322803960393352	-5.7129127400160336	0.07277423133221199	-14.896041638871457	0.06675416196526303	19.5067	0.2346	239.2669962354171	3.4774098292727356	8.146606147980894	0.021365712699011753	203.24336489181638	2.185632546140143	11.727
44.214710484894916	0.07446904841801012	36.39026946997558	0.0759571062211221	-5.699654320534927	0.06767928033010037	-14.879653933173955	0.06685441505149073	19.5013	0.2341	238.53589209502115	3.242873585274487	8.159184249293874	0.0197214154926425	203.31264666601757	2.106909919369525	11.727
44.236490993577256	0.07632011407892839	36.38651461569526	0.07414501193542866	-5.711107674289033	0.06883923625887162	-14.879924944489797	0.07266094671597981	19.5121	0.2351	237.759953379915	3.2228239716992335	8.157692158476559	0.019605672385204338	203.56060794281584	2.222187845375048	11.727
44.21482957317865	0.07196181818470987	36.37949250073889	0.07550822182187963	-5.727850079725571	0.06778562240692015	-14.902673292926123	0.07449493856053194	19.5013	0.2341	238.204176844366	3.1710714879574975	8.15580899196524	0.01965402659065973	203.4273548675362	2.2331841693746313	11.727
44.221966937515525	0.07793825201406086	36.36614981676101	0.07745500631723057	-5.73165551370793	0.07060555830169686	-14.891803338706085	0.0689878803355135	19.5013	0.2341	237.5831805844529	3.3231014710089304	8.157656688980833	0.020309282964617224	203.75326395336123	2.1957417480098553	11.727
44.248200547468464	0.07557096074803188	36.38473228512882	0.06816811399592164	-5.72036387499922	0.07029974631252076	-14.888378732192853	0.06570143348000554	19.5067	0.2346	237.41273191232685	3.0727337091294102	8.158330655931103	0.018973702133696826	203.6305036093053	2.137190818916597	11.73
44.23123938806268	0.07980076702128028	36.37964099589158	0.07554885652517893	-5.727867930856439	0.06915071691881389	-14.89544480793229	0.07000872038971535	19.5067	0.2346	237.7108359871883	3.3269687104255077	8.155776772331501	0.019837282039479463	203.58815013656903	2.1852637247901	11.727
44.24911754925658	0.07861575948127421	36.39446992853856	0.08259980621693037	-5.714771132237769	0.07646997849118137	-14.892291534785608	0.06949106165920199	19.5013	0.2341	237.618554996111	3.449675080085813	8.155441290187468	0.021800425361277326	203.36756942763205	2.289676637407756	11.727
44.249051691228075	0.07887956524756357	36.38579276100861	0.08091433343370856	-5.7334777940509065	0.07132290309569163	-14.887944898075114	0.07434091136108947	19.5013	0.2341	237.35833122139914	3.411004600330696	8.153499306133167	0.02087994400526739	203.87970118088063	2.2944087855245656	11.727
44.25338752922551	0.07564708983375053	36.38292916376712	0.074376100898398	-5.714735526221798	0.07134331888380159	-14.884899751607277	0.07054493658790151	19.5067	0.2346	237.20187513617597	3.1972535414375436	8.15977084010999	0.019976363496608116	203.58277524625854	2.227420658626281	11.73
44.23874399643897	0.08181543262651089	36.37558929085468	0.07718323663267361	-5.720346051480705	0.07303533531355859	-14.890145291531299	0.06957588290841364	19.5067	0.2346	237.36147736139046	3.395284229587711	8.158019068889532	0.020592955631611298	203.5388091689954	2.2389986708544076	11.727
44.27462112232433	0.08093978838955311	36.414709895685775	0.07812788070449975	-5.705301055877347	0.07075599390154758	-14.890470720318152	0.07033901973338905	19.5013	0.2341	237.45942718959492	3.3986507666131467	8.153355981802472	0.020403859080869273	203.19820817945487	2.2071469834085984	11.727
44.25747407562309	0.07186559958364544	36.4184645296344	0.07282578178502841	-5.697636022279131	0.06800023415050457	-14.871990916626528	0.0712556261078168	19.5067	0.2346	238.15349012085852	3.1083719739380076	8.156198989758858	0.019295781392777753	203.4897825478911	2.184661674714264	11.73
44.23319089965762	0.07884320941855258	36.40857708069689	0.07872904418006818	-5.701317633768586	0.07526275020875314	-14.875307648119154	0.0722080901578549	19.5067	0.2346	238.530624107728	3.396613212970395	8.155314696798385	0.02109352428153888	203.4458305185741	2.312995757216979	11.727
44.26332864913786	0.074964768405452	36.383841185324485	0.07844363432964212	-5.7183630744710765	0.06849350084790116	-14.888053354213843	0.0655766643728956	19.5121	0.2351	236.93006569800784	3.2626312848788666	8.158891032271278	0.020180705289140753	203.59329764846797	2.1053713735204846	11.73
44.22635509444714	0.06887654666000712	36.397799038352744	0.07071028762674651	-5.710574034372746	0.06890918454115481	-14.898326505092166	0.06480410639788801	19.5121	0.2351	238.41050690129347	3.0061500705790625	8.155609399878548	0.019122958503831767	203.1410863088384	2.091474793883659	11.727
44.28187669540318	0.07581370310022394	36.40407946724542	0.07048874070436992	-5.712681398484724	0.06631212673184043	-14.878949350352816	0.06894257452617189	19.5013	0.2341	236.98090067551894	3.114100349132475	8.156071115469066	0.018741407638370976	203.66931146579233	2.1254580322262364	11.73
44.25545634664592	0.07984879635254262	36.38759579478044	0.07550864312648752	-5.720167823652826	0.06562121463378472	-14.885961477227637	0.06687602389532042	19.5175	0.2354	237.2195090819356	3.313448406708707	8.155727441558453	0.019376156989529297	203.6277586186687	2.0815085975676517	11.727
44.26027644866714	0.07419883352174368	36.40573382851052	0.07544303340359751	-5.729654582931883	0.06685558390207304	-14.88419493694033	0.06831834893922131	19.5013	0.2341	237.68251988054098	3.202060060525993	8.152465415052772	0.01950370124605323	203.93022590702645	2.12935678333493	11.73
44.284745964093545	0.07480330421540733	36.43151249821301	0.07183357732499213	-5.697582805488368	0.07146714872735704	-14.882753623965636	0.07008799447463399	19.5067	0.2346	237.66134366787068	3.138537364321049	8.151597862946293	0.01960629020290091	203.1981826493754	2.2144396505316197	11.727
44.20189402177229	0.08180743917053698	36.34954368261165	0.08227804697028304	-5.748322409163325	0.07387771193408695	-14.928894042869231	0.07023664117863576	19.5067	0.2346	237.68807261828863	3.512082246325294	8.15764491475281	0.021427682780355905	203.2999787057101	2.257347473800374	11.727
44.27655456298635	0.07476007116891538	36.40876469967159	0.07812334205303259	-5.717846474079944	0.06921409886632571	-14.875557175045452	0.06743927907531651	19.5013	0.2341	237.2823264094397	3.2610921833397253	8.154164011847548	0.020202893530559103	203.85962643164783	2.151227315002936	11.73
44.25649067917608	0.07545954017632042	36.42028632107889	0.07731752282673585	-5.704892428291995	0.06915919063165542	-14.87465747912836	0.06746224746037618	19.5121	0.2351	238.23874380443738	3.284595622781547	8.154441286002367	0.020080689804963817	203.59163753030464	2.145058198871183	11.73
44.26985014554618	0.08081296170407498	36.422089137273446	0.08576209722959835	-5.699157453924061	0.07503936665061064	-14.883598607883007	0.07255488578901885	19.5067	0.2346	237.88791229752653	3.572014281140032	8.155202530161718	0.022063376091765393	203.2663121439035	2.3100886218765813	11.73
44.27003362563925	0.08056591404296679	36.428984380307995	0.08044004540714352	-5.7086446233171	0.07221377206699447	-14.900038561507033	0.07065561725148924	19.5067	0.2346	238.03064605798272	3.4560958621366753	8.149947003804332	0.020907737296355734	203.06060540869495	2.2320006355522053	11.727
44.25410633038024	0.07256741867769906	36.4003648091554	0.07176516077383951	-5.7141303057424855	0.06726979980397299	-14.893980063766506	0.06828963844733575	19.5121	0.2351	237.70676402102671	3.0890221343486544	8.156509910351147	0.019050600786970108	203.36797787306966	2.123606517077854	11.73
44.301023725072014	0.07363447727616318	36.441288002263306	0.0775709661646018	-5.700927113055176	0.06835179014278309	-14.883219150850113	0.07273064131050366	19.5013	0.2341	237.46472953567547	3.2314000286157527	8.149060088696706	0.019992320670188978	203.26188820355384	2.2093874153904913	11.727
44.270333683690765	0.07978477270018479	36.434095150354224	0.07373921033686423	-5.702767688297659	0.07537846040873893	-14.883056532381639	0.07121586353984412	19.5175	0.2354	238.17677444333364	3.3020941942882502	8.150095192433175	0.02039580429066322	203.30624115835099	2.296526898943002	11.727
44.27497025663309	0.0779908443878407	36.42509995779131	0.07850692188290288	-5.7065552885825355	0.07034643623861393	-14.886697767033098	0.06754967107851728	19.5013	0.2341	237.8239908936311	3.3526536334737007	8.153187781618533	0.020399250747843798	203.3614932284829	2.1604569344277156	11.73
44.27979042939426	0.08429525587329344	36.41400504265029	0.07942313429967575	-5.70278544447658	0.07561586344931182	-14.88493136912973	0.0719041987857576	19.5175	0.2354	237.34279422550162	3.494689926551804	8.156065379176832	0.021236468282453597	203.31712192196	2.310485635348949	11.73
44.304076814238776	0.07910481199577674	36.47786900347513	0.0753333794770984	-5.683952573192478	0.07566090698908397	-14.859765964344685	0.06844262833120593	19.5067	0.2346	238.5430501730786	3.329542475979608	8.147354263369799	0.020632116087371116	203.45743781887302	2.262209375101578	11.73
44.27765558886288	0.07083968958575318	36.41415367461993	0.07422518691145753	-5.716059632823939	0.06860265271533536	-14.883164944295524	0.06644756443741381	19.5067	0.2346	237.4117159031258	3.097787783031722	8.153466830736559	0.01956062673312232	203.65070750651637	2.121725913672239	11.73
44.30334230158942	0.08833571813682926	36.45703097214629	0.08901808062068667	-5.706608599740332	0.07691005337498147	-14.883219150850113	0.07879321020510106	19.5067	0.2346	237.93186429685434	3.8029076831729296	8.147002968954778	0.022730972726600372	203.4397637417618	2.4410013581754213	11.73
44.28314245558383	0.08124842420860995	36.43545164891128	0.08337482802412277	-5.714023518163224	0.071308913705254	-14.897295588925399	0.06978610849274836	19.5067	0.2346	237.890040326334	3.5289603761324853	8.149740783544415	0.021212826664520245	203.29218911108532	2.2087432142997874	11.73
44.29016541535504	0.0755629904514741	36.426140742710835	0.07807351196188456	-5.697210321510603	0.06949196765456221	-14.890718574110476	0.07056616985579749	19.5067	0.2346	237.39593403897712	3.279939229361448	8.154795098100976	0.020234526576881174	203.0658407186383	2.187568823602933	11.73
44.28924759124059	0.07530152069664155	36.429894914915785	0.07562004882234749	-5.70090936364621	0.06650571399223909	-14.888626813546773	0.07071719020471762	19.5067	0.2346	237.5370541764424	3.2253872972624773	8.15335246160708	0.019488816269909243	203.19382835267066	2.146935170231155	11.73
44.32409627149089	0.0713737444322345	36.47681100350755	0.08244208616450524	-5.6784117804294425	0.07326088975305801	-14.862019879034012	0.07397102204684575	19.5013	0.2341	237.90233421037607	3.3058777519612272	8.148629614288055	0.021319097509073088	203.28475065825188	2.3045358268778564	11.73
44.28247585820672	0.07655525795324727	36.45028386641839	0.07923999936608284	-5.700927113055176	0.07640172617950777	-14.874115715427118	0.0737195735116696	19.5013	0.2341	238.2998296767361	3.35230956607436	8.147320925435531	0.021275903256528735	203.463604482748	2.354848839969258	11.727
44.29992206434256	0.07901078768593232	36.44714220483671	0.07621199740340924	-5.695139121012335	0.0710094249273921	-14.881073298022793	0.06843984424168188	19.5013	0.2341	237.67507188926896	3.322548047013495	8.149047285555179	0.020142613171276386	203.18129671663684	2.1814002629357083	11.727
44.288996202670695	0.07273226097392312	36.441305650933714	0.06778072998948378	-5.710129426240329	0.06889882448247384	-14.900610915559113	0.06976510591241693	19.5013	0.2341	237.82920660977794	3.0129663442176033	8.14727761028194	0.018681134060986024	203.08076566040702	2.166643760845376	11.727
44.32085884115169	0.07884859631674339	36.46931866228248	0.07177281033796107	-5.684005633798892	0.06887398884423458	-14.867211757307636	0.06687720656905552	19.5013	0.2341	237.71259843536336	3.228105576728029	8.146912467291163	0.019225086387590573	203.2416557503485	2.124682462860745	11.727
44.29870516925762	0.07829276244159547	36.43903908565433	0.07372544566272682	-5.700927113055176	0.07194158361982399	-14.87593643127601	0.07183800114830244	19.5013	0.2341	237.5275822929173	3.25002340636433	8.151579788989466	0.0199262892050175	203.47526827688813	2.2546932033450493	11.73
44.294917932219455	0.07968669270085849	36.4603384579635	0.07661288534777513	-5.693209817122048	0.0683961165801362	-14.879144282133009	0.07254048099291611	19.5013	0.2341	238.28815427840559	3.3621225349601542	8.14895331070211	0.019853805163888558	203.2332681643734	2.2058091330008636	11.73
44.32597802403833	0.07558891378409378	36.45433549020907	0.07355608899843388	-5.700873865227672	0.0714711301857674	-14.873953194079128	0.06838202483963962	19.5013	0.2341	237.16619173759173	3.1777626875370255	8.148632210025962	0.019824984788770334	203.51807888504135	2.194578062140281	11.73
44.31633577598878	0.07681399552791146	36.442793145713296	0.07735738908400758	-5.7159884113570225	0.06967233095567207	-14.870203438409138	0.06896809095554457	19.5121	0.2351	237.10895719156244	3.282987656019547	8.14794175939582	0.02012067006899896	203.93747327881118	2.1840189440268953	11.73
44.31280048229174	0.08090788390093909	36.45268168345615	0.07838285045922458	-5.695263217233849	0.07590705249737857	-14.87781132027091	0.073821956218963	19.5013	0.2341	237.51390153854868	3.40400349681922	8.15003667636654	0.02109898546535681	203.3082170133662	2.344362565056702	11.73
44.32457786294832	0.07782163206773951	36.46182682453347	0.07464001620652454	-5.691493091717598	0.06728185354417165	-14.872403321801473	0.06831853535946011	19.5067	0.2346	237.43438821182642	3.2561863494103123	8.148997456346724	0.019426280140878344	203.3444871675733	2.123759284973196	11.73
44.36834261137868	0.08024735410989807	36.49945441677606	0.07499381764426433	-5.657593127709467	0.07361348597654048	-14.84568525926466	0.07309395025544595	19.5067	0.2346	237.18852924087216	3.310707108132629	8.146192943970402	0.020306187626851362	203.13357668984807	2.293486706291901	11.727
44.33984788095018	0.07633577056521318	36.449059160806335	0.07494627464848169	-5.68616509135779	0.068787543914856	-14.891694855072753	0.07164000801250092	19.5013	0.2341	236.53022325563327	3.2066896783653664	8.150412139502837	0.019677799698006756	202.7487896454807	2.1874412044872047	11.727
44.315923064486	0.07412622428456692	36.452962303496584	0.07824952095274326	-5.699352639064838	0.06922630577346722	-14.882374162070349	0.07084604284304866	19.5229	0.2356	237.36733202313496	3.253828299698949	8.147107548268016	0.020192925329249486	203.24574138946366	2.192311688367949	11.727
44.31824193229229	0.076158252308212	36.452962303496584	0.07824952095273183	-5.703140596057164	0.06922591568983462	-14.878732569179236	0.06883932909507583	19.5013	0.2341	237.35805598481716	3.2952153330315355	8.148459490968172	0.020194411465643342	203.46234749066642	2.1648162039110206	11.73
