-0.0008750267036957915	0.0001	-6	0.1	1.7141773125400557	0.0001	13713	0.1	-0.0006250190740684225	0.0001	-5	0.1	1.7145523239844966	0.0001	13716	0.1	-0.09262782677694022	0.0001	-738	0.1	0.008625263222144231	0.0001	70	0.1	-0.0008750267036957915	0.0001	-6	0.1	-0.0661270180364391	0.0001	-527	0.1
0.0011250343333231605	0.0001	10	0.1	1.7141773125400557	0.0001	13713	0.1	0.0011250343333231605	0.0001	9	0.1	1.714427320169683	0.0001	13715	0.1	-0.09375286111026337	0.0001	-747	0.1	0.008750267036957915	0.0001	70	0.1	0.0011250343333231605	0.0001	10	0.1	-0.06112686544389172	0.0001	-487	0.1
0.001750053407391583	0.0001	13	0.1	1.7141773125400557	0.0001	13713	0.1	0.002000061037018952	0.0001	15	0.1	1.7145523239844966	0.0001	13716	0.1	-0.09462788781395917	0.0001	-754	0.1	0.008750267036957915	0.0001	70	0.1	0.0015000457777642141	0.0001	14	0.1	-0.05662672811059908	0.0001	-451	0.1
0.002750083925901059	0.0001	21	0.1	1.7141773125400557	0.0001	13713	0.1	0.0031250953703421125	0.0001	23	0.1	1.7145523239844966	0.0001	13717	0.1	-0.09537791070284128	0.0001	-760	0.1	0.008625263222144231	0.0001	70	0.1	0.002750083925901059	0.0001	22	0.1	-0.05262660603656117	0.0001	-419	0.1
0.0038751182592242197	0.0001	30	0.1	1.7143023163548692	0.0001	13713	0.1	0.003750114444410535	0.0001	30	0.1	1.7145523239844966	0.0001	13716	0.1	-0.09575292214728233	0.0001	-762	0.1	0.008750267036957915	0.0001	69	0.1	0.003500106814783166	0.0001	29	0.1	-0.04887649159215064	0.0001	-390	0.1
0.005250160222174749	0.0001	42	0.1	1.7141773125400557	0.0001	13713	0.1	0.005375164036988434	0.0001	44	0.1	1.7145523239844966	0.0001	13716	0.1	-0.09587792596209602	0.0001	-764	0.1	0.008750267036957915	0.0001	70	0.1	0.005125156407361065	0.0001	40	0.1	-0.04562639240699484	0.0001	-364	0.1
0.0060001831110568565	0.0001	49	0.1	1.7141773125400557	0.0001	13714	0.1	0.006500198370311594	0.0001	50	0.1	1.7145523239844966	0.0001	13716	0.1	-0.0960029297769097	0.0001	-765	0.1	0.008750267036957915	0.0001	70	0.1	0.006500198370311594	0.0001	51	0.1	-0.042751304666280104	0.0001	-340	0.1
0.006750205999938963	0.0001	54	0.1	1.7141773125400557	0.0001	13714	0.1	0.0068752098147526475	0.0001	56	0.1	1.7145523239844966	0.0001	13716	0.1	-0.09587792596209602	0.0001	-763	0.1	0.008750267036957915	0.0001	70	0.1	0.006625202185125278	0.0001	53	0.1	-0.04000122074037904	0.0001	-318	0.1
0.007875240333262123	0.0001	64	0.1	1.7143023163548692	0.0001	13714	0.1	0.007875240333262123	0.0001	63	0.1	1.7145523239844966	0.0001	13716	0.1	-0.09562791833246864	0.0001	-762	0.1	0.008750267036957915	0.0001	70	0.1	0.007875240333262123	0.0001	64	0.1	-0.03762614825891903	0.0001	-299	0.1
0.009000274666585284	0.0001	72	0.1	1.7141773125400557	0.0001	13714	0.1	0.009250282296212652	0.0001	73	0.1	1.7145523239844966	0.0001	13716	0.1	-0.09537791070284128	0.0001	-760	0.1	0.008750267036957915	0.0001	69	0.1	0.009250282296212652	0.0001	73	0.1	-0.0355010834070864	0.0001	-282	0.1
0.010375316629535815	0.0001	84	0.1	1.7143023163548692	0.0001	13714	0.1	0.01025031281472213	0.0001	83	0.1	1.7145523239844966	0.0001	13715	0.1	-0.09500289925840022	0.0001	-757	0.1	0.008750267036957915	0.0001	70	0.1	0.010375316629535815	0.0001	83	0.1	-0.03350102237006745	0.0001	-267	0.1
0.01112533951841792	0.0001	90	0.1	1.7143023163548692	0.0001	13714	0.1	0.01112533951841792	0.0001	91	0.1	1.7145523239844966	0.0001	13716	0.1	-0.09450288399914548	0.0001	-754	0.1	0.008750267036957915	0.0001	69	0.1	0.011250343333231605	0.0001	89	0.1	-0.03175096896267586	0.0001	-252	0.1
0.011750358592486344	0.0001	94	0.1	1.7141773125400557	0.0001	13713	0.1	0.011750358592486344	0.0001	94	0.1	1.7145523239844966	0.0001	13716	0.1	-0.09412787255470442	0.0001	-750	0.1	0.008625263222144231	0.0001	70	0.1	0.012125370036927397	0.0001	95	0.1	-0.03000091555528428	0.0001	-239	0.1
0.01250038148136845	0.0001	100	0.1	1.7141773125400557	0.0001	13714	0.1	0.013125400555436872	0.0001	105	0.1	1.7145523239844966	0.0001	13716	0.1	-0.09375286111026337	0.0001	-746	0.1	0.008750267036957915	0.0001	70	0.1	0.013000396740623189	0.0001	105	0.1	-0.02862587359233375	0.0001	-228	0.1
0.013250404370250556	0.0001	107	0.1	1.7141773125400557	0.0001	13713	0.1	0.013625415814691611	0.0001	110	0.1	1.7145523239844966	0.0001	13716	0.1	-0.09312784203619495	0.0001	-743	0.1	0.008625263222144231	0.0001	70	0.1	0.013750419629505295	0.0001	111	0.1	-0.027250831629383222	0.0001	-217	0.1
0.015125461592455824	0.0001	120	0.1	1.7143023163548692	0.0001	13714	0.1	0.01500045777764214	0.0001	122	0.1	1.7146773277993104	0.0001	13716	0.1	-0.09262782677694022	0.0001	-738	0.1	0.008750267036957915	0.0001	69	0.1	0.015125461592455824	0.0001	122	0.1	-0.026000793481246377	0.0001	-207	0.1
0.016250495925778985	0.0001	130	0.1	1.7141773125400557	0.0001	13714	0.1	0.0161254921109653	0.0001	129	0.1	1.7145523239844966	0.0001	13716	0.1	-0.09212781151768548	0.0001	-733	0.1	0.008625263222144231	0.0001	69	0.1	0.0161254921109653	0.0001	128	0.1	-0.024875759147923216	0.0001	-198	0.1
0.016750511185033724	0.0001	136	0.1	1.7141773125400557	0.0001	13713	0.1	0.01637549974059267	0.0001	132	0.1	1.7146773277993104	0.0001	13716	0.1	-0.09162779625843073	0.0001	-730	0.1	0.008750267036957915	0.0001	70	0.1	0.01662550737022004	0.0001	133	0.1	-0.02387572862941374	0.0001	-190	0.1
0.017875545518356885	0.0001	147	0.1	1.7141773125400557	0.0001	13715	0.1	0.01800054933317057	0.0001	145	0.1	1.7146773277993104	0.0001	13717	0.1	-0.09100277718436231	0.0001	-726	0.1	0.008750267036957915	0.0001	70	0.1	0.01800054933317057	0.0001	144	0.1	-0.02300070192571795	0.0001	-183	0.1
0.01887557603686636	0.0001	152	0.1	1.7143023163548692	0.0001	13713	0.1	0.01887557603686636	0.0001	150	0.1	1.714427320169683	0.0001	13715	0.1	-0.09050276192510757	0.0001	-722	0.1	0.008750267036957915	0.0001	70	0.1	0.01887557603686636	0.0001	150	0.1	-0.022125675222022155	0.0001	-176	0.1
0.02025061799981689	0.0001	162	0.1	1.7143023163548692	0.0001	13714	0.1	0.02025061799981689	0.0001	162	0.1	1.7145523239844966	0.0001	13716	0.1	-0.09000274666585284	0.0001	-718	0.1	0.008750267036957915	0.0001	69	0.1	0.020625629444257942	0.0001	164	0.1	-0.021250648518326365	0.0001	-169	0.1
0.021000640888698997	0.0001	169	0.1	1.7141773125400557	0.0001	13714	0.1	0.021000640888698997	0.0001	167	0.1	1.7146773277993104	0.0001	13717	0.1	-0.0895027314065981	0.0001	-713	0.1	0.008750267036957915	0.0001	70	0.1	0.020875637073885314	0.0001	167	0.1	-0.02050062562944426	0.0001	-164	0.1
0.022375682851649526	0.0001	179	0.1	1.7143023163548692	0.0001	13714	0.1	0.02250068666646321	0.0001	179	0.1	1.7145523239844966	0.0001	13716	0.1	-0.08900271614734336	0.0001	-709	0.1	0.008750267036957915	0.0001	70	0.1	0.02225067903683584	0.0001	178	0.1	-0.019875606555375836	0.0001	-158	0.1
0.02287569811090426	0.0001	183	0.1	1.7143023163548692	0.0001	13714	0.1	0.02300070192571795	0.0001	182	0.1	1.7146773277993104	0.0001	13716	0.1	-0.08850270088808862	0.0001	-705	0.1	0.008625263222144231	0.0001	70	0.1	0.02287569811090426	0.0001	184	0.1	-0.019375591296121097	0.0001	-154	0.1
0.02412573625904111	0.0001	193	0.1	1.7141773125400557	0.0001	13713	0.1	0.02412573625904111	0.0001	193	0.1	1.7145523239844966	0.0001	13716	0.1	-0.08800268562883388	0.0001	-701	0.1	0.008625263222144231	0.0001	70	0.1	0.02412573625904111	0.0001	193	0.1	-0.01887557603686636	0.0001	-150	0.1
0.025125766777550587	0.0001	200	0.1	1.7143023163548692	0.0001	13713	0.1	0.025125766777550587	0.0001	200	0.1	1.7145523239844966	0.0001	13716	0.1	-0.08750267036957916	0.0001	-697	0.1	0.008750267036957915	0.0001	70	0.1	0.025125766777550587	0.0001	200	0.1	-0.01837556077761162	0.0001	-146	0.1
0.026750816370128484	0.0001	214	0.1	1.7143023163548692	0.0001	13714	0.1	0.026250801110873745	0.0001	210	0.1	1.7145523239844966	0.0001	13715	0.1	-0.08700265511032441	0.0001	-693	0.1	0.008750267036957915	0.0001	70	0.1	0.026125797296060058	0.0001	210	0.1	-0.017875545518356885	0.0001	-141	0.1
0.02750083925901059	0.0001	220	0.1	1.7143023163548692	0.0001	13713	0.1	0.027625843073824274	0.0001	220	0.1	1.7146773277993104	0.0001	13716	0.1	-0.08662764366588337	0.0001	-689	0.1	0.008750267036957915	0.0001	69	0.1	0.027125827814569535	0.0001	218	0.1	-0.017375530259102146	0.0001	-138	0.1
0.028250862147892696	0.0001	226	0.1	1.7143023163548692	0.0001	13714	0.1	0.02800085451826533	0.0001	224	0.1	1.7146773277993104	0.0001	13717	0.1	-0.08612762840662863	0.0001	-686	0.1	0.008750267036957915	0.0001	70	0.1	0.028125858333079012	0.0001	227	0.1	-0.017000518814661095	0.0001	-135	0.1
0.029000885036774806	0.0001	234	0.1	1.7143023163548692	0.0001	13714	0.1	0.029000885036774806	0.0001	231	0.1	1.7145523239844966	0.0001	13717	0.1	-0.08562761314737388	0.0001	-682	0.1	0.008750267036957915	0.0001	70	0.1	0.02912588885158849	0.0001	234	0.1	-0.01662550737022004	0.0001	-132	0.1
0.030250923184911648	0.0001	241	0.1	1.714427320169683	0.0001	13715	0.1	0.030250923184911648	0.0001	243	0.1	1.7146773277993104	0.0001	13716	0.1	-0.08512759788811915	0.0001	-678	0.1	0.008750267036957915	0.0001	70	0.1	0.03037592699972533	0.0001	242	0.1	-0.0161254921109653	0.0001	-129	0.1
0.03187597277748955	0.0001	256	0.1	1.7143023163548692	0.0001	13714	0.1	0.03137595751823481	0.0001	252	0.1	1.7146773277993104	0.0001	13717	0.1	-0.0847525864436781	0.0001	-675	0.1	0.008750267036957915	0.0001	69	0.1	0.03137595751823481	0.0001	251	0.1	-0.01587548448133793	0.0001	-126	0.1
0.03275099948118534	0.0001	263	0.1	1.714427320169683	0.0001	13715	0.1	0.032125980407116915	0.0001	257	0.1	1.7146773277993104	0.0001	13717	0.1	-0.08437757499923704	0.0001	-672	0.1	0.008750267036957915	0.0001	70	0.1	0.0322509842219306	0.0001	260	0.1	-0.015500473036896879	0.0001	-124	0.1
0.032876003295999025	0.0001	262	0.1	1.714427320169683	0.0001	13715	0.1	0.03262599566637166	0.0001	260	0.1	1.7148023316141239	0.0001	13718	0.1	-0.08400256355479599	0.0001	-668	0.1	0.008625263222144231	0.0001	70	0.1	0.032876003295999025	0.0001	264	0.1	-0.015375469222083193	0.0001	-122	0.1
0.033626026184881135	0.0001	269	0.1	1.7145523239844966	0.0001	13716	0.1	0.03425104525894956	0.0001	274	0.1	1.7146773277993104	0.0001	13718	0.1	-0.08350254829554125	0.0001	-665	0.1	0.008750267036957915	0.0001	69	0.1	0.03437604907376324	0.0001	275	0.1	-0.01500045777764214	0.0001	-120	0.1
0.03512607196264535	0.0001	282	0.1	1.714427320169683	0.0001	13715	0.1	0.035251075777459034	0.0001	281	0.1	1.7148023316141239	0.0001	13717	0.1	-0.08312753685110019	0.0001	-662	0.1	0.008750267036957915	0.0001	70	0.1	0.03475106051820429	0.0001	279	0.1	-0.01500045777764214	0.0001	-119	0.1
0.03612610248115482	0.0001	289	0.1	1.714427320169683	0.0001	13715	0.1	0.03600109866634114	0.0001	288	0.1	1.7148023316141239	0.0001	13719	0.1	-0.08275252540665914	0.0001	-659	0.1	0.008750267036957915	0.0001	70	0.1	0.03612610248115482	0.0001	289	0.1	-0.014750450148014772	0.0001	-117	0.1
0.03700112918485061	0.0001	297	0.1	1.7143023163548692	0.0001	13714	0.1	0.03687612537003693	0.0001	294	0.1	1.7146773277993104	0.0001	13717	0.1	-0.08225251014740441	0.0001	-656	0.1	0.008750267036957915	0.0001	70	0.1	0.037126132999664295	0.0001	296	0.1	-0.014625446333201087	0.0001	-117	0.1
0.038001159703360085	0.0001	304	0.1	1.714427320169683	0.0001	13715	0.1	0.037876155888546405	0.0001	304	0.1	1.7148023316141239	0.0001	13717	0.1	-0.08200250251777703	0.0001	-652	0.1	0.008625263222144231	0.0001	70	0.1	0.03812616351817377	0.0001	305	0.1	-0.014375438703573717	0.0001	-115	0.1
0.03862617877742851	0.0001	309	0.1	1.714427320169683	0.0001	13715	0.1	0.03900119022186956	0.0001	312	0.1	1.7146773277993104	0.0001	13718	0.1	-0.08162749107333599	0.0001	-650	0.1	0.008750267036957915	0.0001	70	0.1	0.03887618640705588	0.0001	311	0.1	-0.014250434888760034	0.0001	-114	0.1
0.04025122837000641	0.0001	322	0.1	1.714427320169683	0.0001	13715	0.1	0.04012622455519273	0.0001	319	0.1	1.7148023316141239	0.0001	13717	0.1	-0.08125247962889492	0.0001	-647	0.1	0.008625263222144231	0.0001	70	0.1	0.04000122074037904	0.0001	319	0.1	-0.014125431073946348	0.0001	-113	0.1
0.04150126651814326	0.0001	331	0.1	1.714427320169683	0.0001	13715	0.1	0.041126255073702205	0.0001	330	0.1	1.7149273354289376	0.0001	13719	0.1	-0.08087746818445388	0.0001	-645	0.1	0.008750267036957915	0.0001	70	0.1	0.041126255073702205	0.0001	328	0.1	-0.014000427259132664	0.0001	-112	0.1
0.042001281777397995	0.0001	336	0.1	1.7145523239844966	0.0001	13716	0.1	0.042001281777397995	0.0001	336	0.1	1.7148023316141239	0.0001	13719	0.1	-0.0806274605548265	0.0001	-642	0.1	0.008750267036957915	0.0001	69	0.1	0.04225128940702536	0.0001	338	0.1	-0.014000427259132664	0.0001	-111	0.1
0.04300131229590747	0.0001	345	0.1	1.714427320169683	0.0001	13715	0.1	0.04300131229590747	0.0001	344	0.1	1.7148023316141239	0.0001	13718	0.1	-0.08025244911038545	0.0001	-639	0.1	0.008750267036957915	0.0001	69	0.1	0.042876308481093785	0.0001	344	0.1	-0.013750419629505295	0.0001	-110	0.1
0.04375133518478958	0.0001	348	0.1	1.7143023163548692	0.0001	13715	0.1	0.04412634662923062	0.0001	353	0.1	1.7148023316141239	0.0001	13718	0.1	-0.07987743766594439	0.0001	-637	0.1	0.008750267036957915	0.0001	70	0.1	0.04412634662923062	0.0001	353	0.1	-0.013625415814691611	0.0001	-108	0.1
0.045376384777367475	0.0001	362	0.1	1.7145523239844966	0.0001	13715	0.1	0.04525138096255379	0.0001	363	0.1	1.7146773277993104	0.0001	13717	0.1	-0.07962743003631703	0.0001	-635	0.1	0.008750267036957915	0.0001	70	0.1	0.0451263771477401	0.0001	361	0.1	-0.013500411999877926	0.0001	-107	0.1
0.04612640766624958	0.0001	370	0.1	1.714427320169683	0.0001	13715	0.1	0.046251411481063265	0.0001	369	0.1	1.7146773277993104	0.0001	13718	0.1	-0.07925241859187597	0.0001	-632	0.1	0.008625263222144231	0.0001	70	0.1	0.04612640766624958	0.0001	370	0.1	-0.013375408185064242	0.0001	-106	0.1
0.04725144199957274	0.0001	378	0.1	1.714427320169683	0.0001	13715	0.1	0.047001434369945375	0.0001	377	0.1	1.7148023316141239	0.0001	13719	0.1	-0.07900241096224861	0.0001	-629	0.1	0.008750267036957915	0.0001	69	0.1	0.047001434369945375	0.0001	378	0.1	-0.013125400555436872	0.0001	-105	0.1
0.04812646870326853	0.0001	384	0.1	1.714427320169683	0.0001	13715	0.1	0.04812646870326853	0.0001	385	0.1	1.7146773277993104	0.0001	13718	0.1	-0.07862739951780755	0.0001	-627	0.1	0.008625263222144231	0.0001	70	0.1	0.04800146488845485	0.0001	386	0.1	-0.013000396740623189	0.0001	-104	0.1
0.04887649159215064	0.0001	388	0.1	1.7145523239844966	0.0001	13715	0.1	0.04912649922177801	0.0001	392	0.1	1.7146773277993104	0.0001	13717	0.1	-0.07837739188818019	0.0001	-624	0.1	0.008750267036957915	0.0001	70	0.1	0.04912649922177801	0.0001	393	0.1	-0.012875392925809505	0.0001	-103	0.1
0.049501510666219065	0.0001	397	0.1	1.7141773125400557	0.0001	13714	0.1	0.05012652974028749	0.0001	402	0.1	1.7145523239844966	0.0001	13716	0.1	-0.07812738425855281	0.0001	-622	0.1	0.008750267036957915	0.0001	70	0.1	0.04987652211066012	0.0001	399	0.1	-0.01275038911099582	0.0001	-102	0.1
0.05100155644398328	0.0001	408	0.1	1.7143023163548692	0.0001	13715	0.1	0.05125156407361065	0.0001	410	0.1	1.7146773277993104	0.0001	13717	0.1	-0.07787737662892544	0.0001	-619	0.1	0.008750267036957915	0.0001	70	0.1	0.05100155644398328	0.0001	407	0.1	-0.012625385296182135	0.0001	-100	0.1
0.052126590777306435	0.0001	417	0.1	1.714427320169683	0.0001	13715	0.1	0.052001586962492755	0.0001	415	0.1	1.7145523239844966	0.0001	13716	0.1	-0.07750236518448439	0.0001	-618	0.1	0.008750267036957915	0.0001	70	0.1	0.051876583147679074	0.0001	415	0.1	-0.01250038148136845	0.0001	-100	0.1
0.05312662129581591	0.0001	424	0.1	1.7143023163548692	0.0001	13714	0.1	0.05312662129581591	0.0001	426	0.1	1.7146773277993104	0.0001	13717	0.1	-0.07725235755485702	0.0001	-616	0.1	0.008750267036957915	0.0001	70	0.1	0.05312662129581591	0.0001	426	0.1	-0.012375377666554766	0.0001	-99	0.1
0.05412665181432539	0.0001	434	0.1	1.714427320169683	0.0001	13714	0.1	0.054501663258766445	0.0001	435	0.1	1.7146773277993104	0.0001	13716	0.1	-0.07700234992522965	0.0001	-613	0.1	0.008750267036957915	0.0001	70	0.1	0.05425165562913907	0.0001	434	0.1	-0.01225037385174108	0.0001	-98	0.1
0.05475167088839381	0.0001	439	0.1	1.7143023163548692	0.0001	13714	0.1	0.05525168614764855	0.0001	443	0.1	1.7146773277993104	0.0001	13717	0.1	-0.07662733848078859	0.0001	-611	0.1	0.008750267036957915	0.0001	70	0.1	0.055376689962462235	0.0001	443	0.1	-0.01225037385174108	0.0001	-97	0.1
0.056251716666158025	0.0001	451	0.1	1.7143023163548692	0.0001	13715	0.1	0.056251716666158025	0.0001	451	0.1	1.7145523239844966	0.0001	13716	0.1	-0.07650233466597492	0.0001	-609	0.1	0.008625263222144231	0.0001	69	0.1	0.056251716666158025	0.0001	452	0.1	-0.012125370036927397	0.0001	-97	0.1
0.05737675099948119	0.0001	458	0.1	1.714427320169683	0.0001	13715	0.1	0.0572517471846675	0.0001	459	0.1	1.7146773277993104	0.0001	13717	0.1	-0.07625232703634754	0.0001	-607	0.1	0.008750267036957915	0.0001	70	0.1	0.0572517471846675	0.0001	459	0.1	-0.012000366222113713	0.0001	-96	0.1
0.05825177770317698	0.0001	465	0.1	1.714427320169683	0.0001	13715	0.1	0.05800177007354961	0.0001	465	0.1	1.7146773277993104	0.0001	13717	0.1	-0.07587731559190648	0.0001	-604	0.1	0.008750267036957915	0.0001	70	0.1	0.05825177770317698	0.0001	466	0.1	-0.012000366222113713	0.0001	-95	0.1
0.05900180059205909	0.0001	473	0.1	1.7143023163548692	0.0001	13714	0.1	0.05900180059205909	0.0001	472	0.1	1.7148023316141239	0.0001	13717	0.1	-0.07562730796227912	0.0001	-603	0.1	0.008750267036957915	0.0001	70	0.1	0.05912680440687277	0.0001	472	0.1	-0.011875362407300027	0.0001	-95	0.1
0.059376812036500144	0.0001	476	0.1	1.714427320169683	0.0001	13715	0.1	0.06025183874019593	0.0001	482	0.1	1.7145523239844966	0.0001	13716	0.1	-0.07537730033265175	0.0001	-600	0.1	0.008750267036957915	0.0001	69	0.1	0.06025183874019593	0.0001	482	0.1	-0.011875362407300027	0.0001	-94	0.1
0.06112686544389172	0.0001	489	0.1	1.7143023163548692	0.0001	13714	0.1	0.06112686544389172	0.0001	489	0.1	1.7148023316141239	0.0001	13717	0.1	-0.07512729270302439	0.0001	-599	0.1	0.008750267036957915	0.0001	70	0.1	0.06112686544389172	0.0001	488	0.1	-0.011750358592486344	0.0001	-94	0.1
0.062126895962401195	0.0001	497	0.1	1.7143023163548692	0.0001	13715	0.1	0.062126895962401195	0.0001	497	0.1	1.7145523239844966	0.0001	13717	0.1	-0.0750022888882107	0.0001	-597	0.1	0.008750267036957915	0.0001	70	0.1	0.062001892147587515	0.0001	498	0.1	-0.011750358592486344	0.0001	-93	0.1
0.06300192266609698	0.0001	505	0.1	1.7145523239844966	0.0001	13715	0.1	0.06312692648091067	0.0001	505	0.1	1.7148023316141239	0.0001	13718	0.1	-0.07475228125858333	0.0001	-595	0.1	0.008750267036957915	0.0001	70	0.1	0.06312692648091067	0.0001	506	0.1	-0.011625354777672658	0.0001	-92	0.1
0.06400195318460647	0.0001	511	0.1	1.714427320169683	0.0001	13715	0.1	0.06412695699942016	0.0001	513	0.1	1.7146773277993104	0.0001	13717	0.1	-0.07450227362895596	0.0001	-594	0.1	0.008750267036957915	0.0001	70	0.1	0.0637519455549791	0.0001	510	0.1	-0.011500350962858974	0.0001	-92	0.1
0.06475197607348858	0.0001	517	0.1	1.7143023163548692	0.0001	13714	0.1	0.06512698751792963	0.0001	521	0.1	1.7146773277993104	0.0001	13717	0.1	-0.07425226599932859	0.0001	-592	0.1	0.008750267036957915	0.0001	70	0.1	0.06525199133274331	0.0001	522	0.1	-0.011500350962858974	0.0001	-91	0.1
0.06550199896237067	0.0001	528	0.1	1.714427320169683	0.0001	13714	0.1	0.06600201422162542	0.0001	529	0.1	1.7146773277993104	0.0001	13716	0.1	-0.0741272621845149	0.0001	-590	0.1	0.008750267036957915	0.0001	69	0.1	0.06650202948088016	0.0001	532	0.1	-0.011375347148045289	0.0001	-91	0.1
0.06675203711050752	0.0001	534	0.1	1.7143023163548692	0.0001	13714	0.1	0.06725205236976227	0.0001	538	0.1	1.7145523239844966	0.0001	13717	0.1	-0.07387725455488754	0.0001	-588	0.1	0.008750267036957915	0.0001	70	0.1	0.06725205236976227	0.0001	538	0.1	-0.011375347148045289	0.0001	-90	0.1
0.067752067629017	0.0001	543	0.1	1.7143023163548692	0.0001	13714	0.1	0.06825208288827174	0.0001	546	0.1	1.7146773277993104	0.0001	13716	0.1	-0.07362724692526017	0.0001	-586	0.1	0.008750267036957915	0.0001	70	0.1	0.06800207525864438	0.0001	545	0.1	-0.011250343333231605	0.0001	-89	0.1
0.06887710196234016	0.0001	550	0.1	1.714427320169683	0.0001	13715	0.1	0.06925211340678122	0.0001	554	0.1	1.7146773277993104	0.0001	13717	0.1	-0.07337723929563279	0.0001	-585	0.1	0.008750267036957915	0.0001	70	0.1	0.06912710959196754	0.0001	552	0.1	-0.011250343333231605	0.0001	-89	0.1
0.0702521439252907	0.0001	561	0.1	1.7143023163548692	0.0001	13713	0.1	0.07000213629566332	0.0001	560	0.1	1.7145523239844966	0.0001	13715	0.1	-0.07312723166600543	0.0001	-583	0.1	0.008750267036957915	0.0001	70	0.1	0.07012714011047701	0.0001	561	0.1	-0.01112533951841792	0.0001	-89	0.1
0.07075215918454543	0.0001	566	0.1	1.7143023163548692	0.0001	13715	0.1	0.07112717062898649	0.0001	570	0.1	1.7146773277993104	0.0001	13716	0.1	-0.07300222785119174	0.0001	-581	0.1	0.008750267036957915	0.0001	70	0.1	0.07125217444380018	0.0001	570	0.1	-0.01112533951841792	0.0001	-88	0.1
0.07225220496230964	0.0001	578	0.1	1.7141773125400557	0.0001	13713	0.1	0.07237720877712332	0.0001	579	0.1	1.7146773277993104	0.0001	13717	0.1	-0.07275222022156437	0.0001	-580	0.1	0.008750267036957915	0.0001	70	0.1	0.07250221259193701	0.0001	579	0.1	-0.01112533951841792	0.0001	-88	0.1
0.07337723929563279	0.0001	587	0.1	1.7143023163548692	0.0001	13714	0.1	0.07337723929563279	0.0001	587	0.1	1.7146773277993104	0.0001	13717	0.1	-0.07262721640675068	0.0001	-579	0.1	0.008750267036957915	0.0001	70	0.1	0.07312723166600543	0.0001	585	0.1	-0.011000335703604236	0.0001	-88	0.1
0.07425226599932859	0.0001	594	0.1	1.7143023163548692	0.0001	13714	0.1	0.0741272621845149	0.0001	594	0.1	1.7145523239844966	0.0001	13716	0.1	-0.07250221259193701	0.0001	-577	0.1	0.008625263222144231	0.0001	70	0.1	0.07400225836970122	0.0001	591	0.1	-0.011000335703604236	0.0001	-88	0.1
0.07475228125858333	0.0001	598	0.1	1.7143023163548692	0.0001	13714	0.1	0.07537730033265175	0.0001	603	0.1	1.7145523239844966	0.0001	13717	0.1	-0.07225220496230964	0.0001	-575	0.1	0.008750267036957915	0.0001	69	0.1	0.07512729270302439	0.0001	601	0.1	-0.011000335703604236	0.0001	-88	0.1
0.07600231940672017	0.0001	609	0.1	1.714427320169683	0.0001	13715	0.1	0.07625232703634754	0.0001	610	0.1	1.7145523239844966	0.0001	13717	0.1	-0.07200219733268227	0.0001	-574	0.1	0.008750267036957915	0.0001	70	0.1	0.07612732322153386	0.0001	609	0.1	-0.011000335703604236	0.0001	-88	0.1
0.07687734611041597	0.0001	614	0.1	1.714427320169683	0.0001	13715	0.1	0.07712735374004334	0.0001	616	0.1	1.7148023316141239	0.0001	13717	0.1	-0.0718771935178686	0.0001	-573	0.1	0.008750267036957915	0.0001	70	0.1	0.07725235755485702	0.0001	617	0.1	-0.011000335703604236	0.0001	-88	0.1
0.07800238044373912	0.0001	625	0.1	1.714427320169683	0.0001	13714	0.1	0.07812738425855281	0.0001	625	0.1	1.7146773277993104	0.0001	13717	0.1	-0.07175218970305491	0.0001	-571	0.1	0.008750267036957915	0.0001	70	0.1	0.0782523880733665	0.0001	625	0.1	-0.010875331888790552	0.0001	-87	0.1
0.07925241859187597	0.0001	633	0.1	1.714427320169683	0.0001	13715	0.1	0.07937742240668966	0.0001	635	0.1	1.7146773277993104	0.0001	13717	0.1	-0.07150218207342754	0.0001	-570	0.1	0.008750267036957915	0.0001	69	0.1	0.07900241096224861	0.0001	634	0.1	-0.010875331888790552	0.0001	-87	0.1
0.08012744529557177	0.0001	641	0.1	1.714427320169683	0.0001	13714	0.1	0.07987743766594439	0.0001	640	0.1	1.7148023316141239	0.0001	13717	0.1	-0.07125217444380018	0.0001	-568	0.1	0.008750267036957915	0.0001	70	0.1	0.0806274605548265	0.0001	645	0.1	-0.010875331888790552	0.0001	-87	0.1
0.08112747581408124	0.0001	649	0.1	1.714427320169683	0.0001	13715	0.1	0.08087746818445388	0.0001	648	0.1	1.7145523239844966	0.0001	13717	0.1	-0.07112717062898649	0.0001	-567	0.1	0.008750267036957915	0.0001	70	0.1	0.08100247199926756	0.0001	648	0.1	-0.010875331888790552	0.0001	-86	0.1
0.08175249488814966	0.0001	655	0.1	1.714427320169683	0.0001	13715	0.1	0.08225251014740441	0.0001	658	0.1	1.7148023316141239	0.0001	13716	0.1	-0.0710021668141728	0.0001	-566	0.1	0.008750267036957915	0.0001	69	0.1	0.08200250251777703	0.0001	655	0.1	-0.010875331888790552	0.0001	-87	0.1
0.08287752922147283	0.0001	663	0.1	1.7143023163548692	0.0001	13714	0.1	0.08312753685110019	0.0001	664	0.1	1.7146773277993104	0.0001	13717	0.1	-0.07087716299935912	0.0001	-564	0.1	0.008750267036957915	0.0001	70	0.1	0.08312753685110019	0.0001	665	0.1	-0.010750328073976868	0.0001	-86	0.1
0.08412756736960968	0.0001	673	0.1	1.714427320169683	0.0001	13715	0.1	0.08425257118442336	0.0001	674	0.1	1.7148023316141239	0.0001	13717	0.1	-0.07062715536973176	0.0001	-563	0.1	0.008750267036957915	0.0001	70	0.1	0.08400256355479599	0.0001	672	0.1	-0.010875331888790552	0.0001	-86	0.1
0.08512759788811915	0.0001	680	0.1	1.714427320169683	0.0001	13716	0.1	0.08525260170293283	0.0001	681	0.1	1.7146773277993104	0.0001	13717	0.1	-0.07050215155491807	0.0001	-562	0.1	0.008750267036957915	0.0001	70	0.1	0.08550260933256021	0.0001	682	0.1	-0.010750328073976868	0.0001	-86	0.1
0.08625263222144232	0.0001	691	0.1	1.714427320169683	0.0001	13715	0.1	0.08637763603625599	0.0001	689	0.1	1.7146773277993104	0.0001	13717	0.1	-0.07037714774010438	0.0001	-560	0.1	0.008750267036957915	0.0001	70	0.1	0.08612762840662863	0.0001	690	0.1	-0.010750328073976868	0.0001	-86	0.1
0.08687765129551074	0.0001	694	0.1	1.714427320169683	0.0001	13715	0.1	0.0871276589251381	0.0001	697	0.1	1.7146773277993104	0.0001	13717	0.1	-0.07012714011047701	0.0001	-559	0.1	0.008625263222144231	0.0001	70	0.1	0.08750267036957916	0.0001	701	0.1	-0.010750328073976868	0.0001	-85	0.1
0.08812768944364757	0.0001	705	0.1	1.714427320169683	0.0001	13714	0.1	0.08837769707327493	0.0001	706	0.1	1.7146773277993104	0.0001	13718	0.1	-0.07000213629566332	0.0001	-558	0.1	0.008750267036957915	0.0001	69	0.1	0.08800268562883388	0.0001	705	0.1	-0.010750328073976868	0.0001	-85	0.1
0.08912771996215704	0.0001	711	0.1	1.714427320169683	0.0001	13715	0.1	0.0895027314065981	0.0001	716	0.1	1.7146773277993104	0.0001	13718	0.1	-0.06975212866603596	0.0001	-557	0.1	0.008750267036957915	0.0001	70	0.1	0.08975273903622547	0.0001	717	0.1	-0.010750328073976868	0.0001	-85	0.1
0.09037775811029389	0.0001	721	0.1	1.7145523239844966	0.0001	13715	0.1	0.0902527542954802	0.0001	723	0.1	1.7146773277993104	0.0001	13717	0.1	-0.06975212866603596	0.0001	-556	0.1	0.008750267036957915	0.0001	69	0.1	0.09037775811029389	0.0001	724	0.1	-0.010750328073976868	0.0001	-85	0.1
0.09125278481398968	0.0001	728	0.1	1.714427320169683	0.0001	13715	0.1	0.09125278481398968	0.0001	730	0.1	1.7145523239844966	0.0001	13717	0.1	-0.06962712485122227	0.0001	-554	0.1	0.008750267036957915	0.0001	70	0.1	0.09150279244361705	0.0001	731	0.1	-0.010750328073976868	0.0001	-86	0.1
0.09150279244361705	0.0001	732	0.1	1.714427320169683	0.0001	13715	0.1	0.09212781151768548	0.0001	737	0.1	1.7146773277993104	0.0001	13717	0.1	-0.06950212103640858	0.0001	-554	0.1	0.008750267036957915	0.0001	70	0.1	0.09212781151768548	0.0001	738	0.1	-0.010750328073976868	0.0001	-85	0.1
0.09262782677694022	0.0001	741	0.1	1.714427320169683	0.0001	13715	0.1	0.09300283822138126	0.0001	745	0.1	1.7146773277993104	0.0001	13717	0.1	-0.0693771172215949	0.0001	-552	0.1	0.008750267036957915	0.0001	70	0.1	0.09312784203619495	0.0001	745	0.1	-0.010625324259163182	0.0001	-85	0.1
0.09425287636951811	0.0001	754	0.1	1.7143023163548692	0.0001	13715	0.1	0.09412787255470442	0.0001	752	0.1	1.7146773277993104	0.0001	13718	0.1	-0.06925211340678122	0.0001	-551	0.1	0.008750267036957915	0.0001	69	0.1	0.09425287636951811	0.0001	754	0.1	-0.010500320444349499	0.0001	-85	0.1
0.09537791070284128	0.0001	763	0.1	1.714427320169683	0.0001	13715	0.1	0.0952529068880276	0.0001	761	0.1	1.7148023316141239	0.0001	13718	0.1	-0.06912710959196754	0.0001	-550	0.1	0.008750267036957915	0.0001	70	0.1	0.09500289925840022	0.0001	762	0.1	-0.010500320444349499	0.0001	-84	0.1
0.09587792596209602	0.0001	768	0.1	1.714427320169683	0.0001	13715	0.1	0.09612793359172338	0.0001	769	0.1	1.7146773277993104	0.0001	13717	0.1	-0.06900210577715385	0.0001	-550	0.1	0.008750267036957915	0.0001	70	0.1	0.09625293740653706	0.0001	770	0.1	-0.010500320444349499	0.0001	-84	0.1
0.09700296029541917	0.0001	777	0.1	1.714427320169683	0.0001	13716	0.1	0.09687795648060549	0.0001	775	0.1	1.7148023316141239	0.0001	13718	0.1	-0.06887710196234016	0.0001	-549	0.1	0.008750267036957915	0.0001	70	0.1	0.09750297555467391	0.0001	781	0.1	-0.010500320444349499	0.0001	-83	0.1
0.09787798699911497	0.0001	782	0.1	1.714427320169683	0.0001	13715	0.1	0.09825299844355602	0.0001	785	0.1	1.7148023316141239	0.0001	13718	0.1	-0.06875209814752647	0.0001	-547	0.1	0.008750267036957915	0.0001	70	0.1	0.09812799462874233	0.0001	786	0.1	-0.010500320444349499	0.0001	-84	0.1
0.09875301370281075	0.0001	789	0.1	1.714427320169683	0.0001	13715	0.1	0.0992530289620655	0.0001	795	0.1	1.7146773277993104	0.0001	13717	0.1	-0.0686270943327128	0.0001	-546	0.1	0.008750267036957915	0.0001	70	0.1	0.09912802514725182	0.0001	793	0.1	-0.010500320444349499	0.0001	-83	0.1
0.09937803277687918	0.0001	796	0.1	1.714427320169683	0.0001	13715	0.1	0.10012805566576129	0.0001	801	0.1	1.7146773277993104	0.0001	13717	0.1	-0.06850209051789911	0.0001	-545	0.1	0.008750267036957915	0.0001	70	0.1	0.10037806329538866	0.0001	803	0.1	-0.010500320444349499	0.0001	-83	0.1
0.1008780785546434	0.0001	807	0.1	1.7145523239844966	0.0001	13716	0.1	0.10125308999908444	0.0001	810	0.1	1.7146773277993104	0.0001	13717	0.1	-0.06825208288827174	0.0001	-544	0.1	0.008750267036957915	0.0001	70	0.1	0.10137809381389813	0.0001	811	0.1	-0.010375316629535815	0.0001	-83	0.1
0.10150309762871182	0.0001	813	0.1	1.7145523239844966	0.0001	13715	0.1	0.10212811670278024	0.0001	816	0.1	1.7148023316141239	0.0001	13717	0.1	-0.06825208288827174	0.0001	-544	0.1	0.008750267036957915	0.0001	69	0.1	0.10237812433240762	0.0001	819	0.1	-0.010375316629535815	0.0001	-83	0.1
0.10225312051759393	0.0001	819	0.1	1.714427320169683	0.0001	13715	0.1	0.10275313577684866	0.0001	822	0.1	1.7148023316141239	0.0001	13718	0.1	-0.06812707907345805	0.0001	-542	0.1	0.008750267036957915	0.0001	70	0.1	0.10312814722128973	0.0001	825	0.1	-0.010375316629535815	0.0001	-83	0.1
0.1032531510361034	0.0001	828	0.1	1.714427320169683	0.0001	13715	0.1	0.10400317392498551	0.0001	831	0.1	1.7148023316141239	0.0001	13718	0.1	-0.06787707144383069	0.0001	-541	0.1	0.008750267036957915	0.0001	69	0.1	0.10437818536942656	0.0001	836	0.1	-0.01025031281472213	0.0001	-82	0.1
0.10487820062868129	0.0001	839	0.1	1.714427320169683	0.0001	13716	0.1	0.10537821588793603	0.0001	842	0.1	1.7148023316141239	0.0001	13718	0.1	-0.06787707144383069	0.0001	-540	0.1	0.008750267036957915	0.0001	69	0.1	0.10525321207312234	0.0001	845	0.1	-0.01025031281472213	0.0001	-82	0.1
0.10575322733237709	0.0001	846	0.1	1.7145523239844966	0.0001	13716	0.1	0.10587823114719076	0.0001	847	0.1	1.7148023316141239	0.0001	13717	0.1	-0.067752067629017	0.0001	-539	0.1	0.008750267036957915	0.0001	70	0.1	0.1056282235175634	0.0001	845	0.1	-0.01025031281472213	0.0001	-81	0.1
0.10675325785088656	0.0001	855	0.1	1.714427320169683	0.0001	13715	0.1	0.10675325785088656	0.0001	855	0.1	1.7148023316141239	0.0001	13718	0.1	-0.06750205999938963	0.0001	-538	0.1	0.008750267036957915	0.0001	70	0.1	0.10687826166570025	0.0001	856	0.1	-0.01025031281472213	0.0001	-82	0.1
0.1080032959990234	0.0001	863	0.1	1.714427320169683	0.0001	13716	0.1	0.10787829218420972	0.0001	863	0.1	1.7148023316141239	0.0001	13718	0.1	-0.06750205999938963	0.0001	-537	0.1	0.008750267036957915	0.0001	71	0.1	0.10762828455458236	0.0001	861	0.1	-0.01025031281472213	0.0001	-82	0.1
0.10825330362865078	0.0001	866	0.1	1.7145523239844966	0.0001	13715	0.1	0.10875331888790551	0.0001	870	0.1	1.7148023316141239	0.0001	13719	0.1	-0.06737705618457596	0.0001	-537	0.1	0.008750267036957915	0.0001	70	0.1	0.10875331888790551	0.0001	871	0.1	-0.01025031281472213	0.0001	-82	0.1
0.10962834559160131	0.0001	876	0.1	1.7145523239844966	0.0001	13716	0.1	0.10950334177678762	0.0001	876	0.1	1.7148023316141239	0.0001	13718	0.1	-0.06737705618457596	0.0001	-536	0.1	0.008750267036957915	0.0001	69	0.1	0.10975334940641499	0.0001	878	0.1	-0.01025031281472213	0.0001	-82	0.1
0.11062837611011078	0.0001	886	0.1	1.7145523239844966	0.0001	13716	0.1	0.11087838373973816	0.0001	887	0.1	1.7146773277993104	0.0001	13717	0.1	-0.06725205236976227	0.0001	-536	0.1	0.008750267036957915	0.0001	70	0.1	0.11087838373973816	0.0001	888	0.1	-0.01025031281472213	0.0001	-82	0.1
0.11187841425824763	0.0001	895	0.1	1.714427320169683	0.0001	13716	0.1	0.11175341044343394	0.0001	893	0.1	1.7148023316141239	0.0001	13717	0.1	-0.06712704855494858	0.0001	-535	0.1	0.008750267036957915	0.0001	70	0.1	0.11187841425824763	0.0001	896	0.1	-0.01025031281472213	0.0001	-81	0.1
0.11262843714712974	0.0001	901	0.1	1.7145523239844966	0.0001	13716	0.1	0.11275344096194342	0.0001	902	0.1	1.7148023316141239	0.0001	13719	0.1	-0.0670020447401349	0.0001	-534	0.1	0.008750267036957915	0.0001	70	0.1	0.11275344096194342	0.0001	903	0.1	-0.01025031281472213	0.0001	-81	0.1
0.11312845240638447	0.0001	906	0.1	1.7145523239844966	0.0001	13716	0.1	0.11350346385082553	0.0001	909	0.1	1.7148023316141239	0.0001	13719	0.1	-0.06687704092532121	0.0001	-533	0.1	0.008750267036957915	0.0001	70	0.1	0.11350346385082553	0.0001	908	0.1	-0.010125308999908446	0.0001	-81	0.1
0.11437849055452132	0.0001	918	0.1	1.714427320169683	0.0001	13715	0.1	0.11475350199896238	0.0001	918	0.1	1.7146773277993104	0.0001	13718	0.1	-0.06675203711050752	0.0001	-532	0.1	0.008750267036957915	0.0001	70	0.1	0.11500350962858974	0.0001	919	0.1	-0.010125308999908446	0.0001	-81	0.1
0.11550352488784449	0.0001	925	0.1	1.7145523239844966	0.0001	13715	0.1	0.11575353251747185	0.0001	925	0.1	1.7148023316141239	0.0001	13718	0.1	-0.06662703329569385	0.0001	-531	0.1	0.008750267036957915	0.0001	70	0.1	0.11575353251747185	0.0001	925	0.1	-0.010125308999908446	0.0001	-80	0.1
0.11687856685079501	0.0001	935	0.1	1.7146773277993104	0.0001	13716	0.1	0.11650355540635396	0.0001	934	0.1	1.7148023316141239	0.0001	13718	0.1	-0.06650202948088016	0.0001	-530	0.1	0.008750267036957915	0.0001	70	0.1	0.11650355540635396	0.0001	932	0.1	-0.010125308999908446	0.0001	-81	0.1
0.1177535935544908	0.0001	940	0.1	1.7146773277993104	0.0001	13717	0.1	0.11762858973967712	0.0001	939	0.1	1.7149273354289376	0.0001	13719	0.1	-0.06637702566606647	0.0001	-529	0.1	0.008750267036957915	0.0001	70	0.1	0.11812860499893187	0.0001	945	0.1	-0.010125308999908446	0.0001	-80	0.1
0.11850361644337291	0.0001	948	0.1	1.7146773277993104	0.0001	13717	0.1	0.11875362407300029	0.0001	950	0.1	1.7148023316141239	0.0001	13718	0.1	-0.06637702566606647	0.0001	-529	0.1	0.008750267036957915	0.0001	70	0.1	0.11887862788781396	0.0001	952	0.1	-0.01000030518509476	0.0001	-80	0.1
0.11912863551744134	0.0001	952	0.1	1.7145523239844966	0.0001	13716	0.1	0.11962865077669607	0.0001	956	0.1	1.7149273354289376	0.0001	13719	0.1	-0.06625202185125278	0.0001	-528	0.1	0.008750267036957915	0.0001	70	0.1	0.12000366222113712	0.0001	960	0.1	-0.010125308999908446	0.0001	-81	0.1
0.12062868129520554	0.0001	965	0.1	1.714427320169683	0.0001	13716	0.1	0.12062868129520554	0.0001	966	0.1	1.7149273354289376	0.0001	13718	0.1	-0.06625202185125278	0.0001	-528	0.1	0.008750267036957915	0.0001	70	0.1	0.1208786889248329	0.0001	966	0.1	-0.01000030518509476	0.0001	-80	0.1
0.1217537156285287	0.0001	974	0.1	1.7145523239844966	0.0001	13716	0.1	0.12200372325815607	0.0001	975	0.1	1.7148023316141239	0.0001	13719	0.1	-0.0661270180364391	0.0001	-527	0.1	0.008750267036957915	0.0001	70	0.1	0.12200372325815607	0.0001	976	0.1	-0.01000030518509476	0.0001	-79	0.1
0.12287874996185186	0.0001	982	0.1	1.714427320169683	0.0001	13716	0.1	0.12287874996185186	0.0001	982	0.1	1.7149273354289376	0.0001	13718	0.1	-0.0661270180364391	0.0001	-526	0.1	0.008750267036957915	0.0001	70	0.1	0.12287874996185186	0.0001	982	0.1	-0.01000030518509476	0.0001	-79	0.1
0.1233787652211066	0.0001	986	0.1	1.7145523239844966	0.0001	13717	0.1	0.12400378429517503	0.0001	992	0.1	1.7148023316141239	0.0001	13717	0.1	-0.06587701040681174	0.0001	-525	0.1	0.008750267036957915	0.0001	70	0.1	0.12387878048036134	0.0001	991	0.1	-0.009875301370281076	0.0001	-79	0.1
0.12425379192480239	0.0001	995	0.1	1.7146773277993104	0.0001	13716	0.1	0.12475380718405712	0.0001	998	0.1	1.7148023316141239	0.0001	13718	0.1	-0.06587701040681174	0.0001	-525	0.1	0.008750267036957915	0.0001	70	0.1	0.12487881099887081	0.0001	998	0.1	-0.01000030518509476	0.0001	-79	0.1
0.12562883388775295	0.0001	1006	0.1	1.7145523239844966	0.0001	13717	0.1	0.12562883388775295	0.0001	1005	0.1	1.7149273354289376	0.0001	13719	0.1	-0.06587701040681174	0.0001	-524	0.1	0.008750267036957915	0.0001	70	0.1	0.1257538377025666	0.0001	1007	0.1	-0.009875301370281076	0.0001	-80	0.1
0.1268788720358898	0.0001	1013	0.1	1.7146773277993104	0.0001	13716	0.1	0.12662886440626242	0.0001	1013	0.1	1.7149273354289376	0.0001	13719	0.1	-0.06575200659199805	0.0001	-524	0.1	0.008750267036957915	0.0001	70	0.1	0.1268788720358898	0.0001	1015	0.1	-0.01000030518509476	0.0001	-79	0.1
0.12800390636921294	0.0001	1024	0.1	1.7145523239844966	0.0001	13717	0.1	0.12775389873958556	0.0001	1023	0.1	1.7150523392437513	0.0001	13719	0.1	-0.06575200659199805	0.0001	-523	0.1	0.008750267036957915	0.0001	70	0.1	0.12800390636921294	0.0001	1023	0.1	-0.009875301370281076	0.0001	-79	0.1
0.1290039368877224	0.0001	1032	0.1	1.7146773277993104	0.0001	13717	0.1	0.1288789330729087	0.0001	1032	0.1	1.7148023316141239	0.0001	13719	0.1	-0.06562700277718436	0.0001	-522	0.1	0.008750267036957915	0.0001	69	0.1	0.1290039368877224	0.0001	1033	0.1	-0.009875301370281076	0.0001	-79	0.1
0.12925394451734978	0.0001	1033	0.1	1.7148023316141239	0.0001	13717	0.1	0.13000396740623188	0.0001	1040	0.1	1.7148023316141239	0.0001	13718	0.1	-0.06550199896237067	0.0001	-521	0.1	0.008750267036957915	0.0001	70	0.1	0.1296289559617908	0.0001	1036	0.1	-0.009875301370281076	0.0001	-79	0.1
0.13100399792474135	0.0001	1047	0.1	1.7146773277993104	0.0001	13717	0.1	0.130753990295114	0.0001	1047	0.1	1.7148023316141239	0.0001	13719	0.1	-0.065376995147557	0.0001	-521	0.1	0.008625263222144231	0.0001	70	0.1	0.13037897885067293	0.0001	1045	0.1	-0.009875301370281076	0.0001	-78	0.1
0.13162901699880977	0.0001	1053	0.1	1.7145523239844966	0.0001	13717	0.1	0.1322540360728782	0.0001	1056	0.1	1.7148023316141239	0.0001	13718	0.1	-0.065376995147557	0.0001	-520	0.1	0.008750267036957915	0.0001	70	0.1	0.13237903988769187	0.0001	1057	0.1	-0.009875301370281076	0.0001	-78	0.1
0.13275405133213294	0.0001	1062	0.1	1.7145523239844966	0.0001	13716	0.1	0.13275405133213294	0.0001	1063	0.1	1.7148023316141239	0.0001	13718	0.1	-0.06525199133274331	0.0001	-520	0.1	0.008750267036957915	0.0001	70	0.1	0.13275405133213294	0.0001	1062	0.1	-0.00975029755546739	0.0001	-78	0.1
0.1338790856654561	0.0001	1070	0.1	1.7145523239844966	0.0001	13716	0.1	0.1336290780358287	0.0001	1070	0.1	1.7149273354289376	0.0001	13718	0.1	-0.06512698751792963	0.0001	-519	0.1	0.008750267036957915	0.0001	70	0.1	0.13375408185064241	0.0001	1071	0.1	-0.00975029755546739	0.0001	-78	0.1
0.13437910092471084	0.0001	1075	0.1	1.7146773277993104	0.0001	13716	0.1	0.1346291085543382	0.0001	1079	0.1	1.7148023316141239	0.0001	13717	0.1	-0.06512698751792963	0.0001	-518	0.1	0.008750267036957915	0.0001	70	0.1	0.13487911618396556	0.0001	1078	0.1	-0.00975029755546739	0.0001	-77	0.1
0.13575414288766138	0.0001	1087	0.1	1.7145523239844966	0.0001	13716	0.1	0.13600415051728876	0.0001	1088	0.1	1.7148023316141239	0.0001	13718	0.1	-0.06500198370311594	0.0001	-518	0.1	0.008750267036957915	0.0001	70	0.1	0.13575414288766138	0.0001	1086	0.1	-0.00975029755546739	0.0001	-77	0.1
0.13662916959135715	0.0001	1093	0.1	1.7145523239844966	0.0001	13716	0.1	0.13687917722098453	0.0001	1094	0.1	1.7148023316141239	0.0001	13719	0.1	-0.06500198370311594	0.0001	-517	0.1	0.008625263222144231	0.0001	70	0.1	0.13675417340617085	0.0001	1096	0.1	-0.009625293740653707	0.0001	-77	0.1
0.1372541886654256	0.0001	1100	0.1	1.7145523239844966	0.0001	13716	0.1	0.13812921536912137	0.0001	1104	0.1	1.7149273354289376	0.0001	13719	0.1	-0.06487697988830225	0.0001	-517	0.1	0.008750267036957915	0.0001	69	0.1	0.13837922299874875	0.0001	1105	0.1	-0.009625293740653707	0.0001	-76	0.1
0.13862923062837612	0.0001	1109	0.1	1.7145523239844966	0.0001	13716	0.1	0.13925424970244454	0.0001	1114	0.1	1.7148023316141239	0.0001	13718	0.1	-0.06475197607348858	0.0001	-516	0.1	0.008750267036957915	0.0001	70	0.1	0.13912924588763084	0.0001	1113	0.1	-0.009625293740653707	0.0001	-76	0.1
0.13925424970244454	0.0001	1115	0.1	1.7145523239844966	0.0001	13716	0.1	0.14000427259132664	0.0001	1119	0.1	1.7149273354289376	0.0001	13719	0.1	-0.06475197607348858	0.0001	-516	0.1	0.008750267036957915	0.0001	70	0.1	0.14000427259132664	0.0001	1121	0.1	-0.009625293740653707	0.0001	-76	0.1
0.14075429548020876	0.0001	1126	0.1	1.7146773277993104	0.0001	13717	0.1	0.14075429548020876	0.0001	1126	0.1	1.7148023316141239	0.0001	13719	0.1	-0.06475197607348858	0.0001	-515	0.1	0.008750267036957915	0.0001	70	0.1	0.14062929166539506	0.0001	1126	0.1	-0.009500289925840021	0.0001	-76	0.1
0.14175432599871823	0.0001	1133	0.1	1.7146773277993104	0.0001	13716	0.1	0.14175432599871823	0.0001	1134	0.1	1.7148023316141239	0.0001	13719	0.1	-0.06462697225867489	0.0001	-515	0.1	0.008750267036957915	0.0001	70	0.1	0.14162932218390453	0.0001	1133	0.1	-0.009500289925840021	0.0001	-76	0.1
0.14287936033204138	0.0001	1143	0.1	1.7145523239844966	0.0001	13716	0.1	0.14300436414685508	0.0001	1145	0.1	1.7148023316141239	0.0001	13718	0.1	-0.06462697225867489	0.0001	-514	0.1	0.008750267036957915	0.0001	70	0.1	0.1427543565172277	0.0001	1142	0.1	-0.009500289925840021	0.0001	-75	0.1
0.1437543870357372	0.0001	1150	0.1	1.7145523239844966	0.0001	13716	0.1	0.1436293832209235	0.0001	1150	0.1	1.7149273354289376	0.0001	13719	0.1	-0.0645019684438612	0.0001	-514	0.1	0.008625263222144231	0.0001	70	0.1	0.1436293832209235	0.0001	1149	0.1	-0.009500289925840021	0.0001	-75	0.1
0.14450440992461927	0.0001	1154	0.1	1.7145523239844966	0.0001	13716	0.1	0.14450440992461927	0.0001	1158	0.1	1.7148023316141239	0.0001	13718	0.1	-0.0645019684438612	0.0001	-513	0.1	0.008750267036957915	0.0001	70	0.1	0.14475441755424664	0.0001	1159	0.1	-0.009375286111026337	0.0001	-75	0.1
0.14562944425794244	0.0001	1165	0.1	1.7146773277993104	0.0001	13717	0.1	0.14575444807275612	0.0001	1166	0.1	1.7150523392437513	0.0001	13720	0.1	-0.06437696462904752	0.0001	-513	0.1	0.008750267036957915	0.0001	70	0.1	0.14575444807275612	0.0001	1166	0.1	-0.009250282296212652	0.0001	-74	0.1
0.1466294747764519	0.0001	1174	0.1	1.7145523239844966	0.0001	13716	0.1	0.14700448622089296	0.0001	1175	0.1	1.7146773277993104	0.0001	13718	0.1	-0.06437696462904752	0.0001	-513	0.1	0.008750267036957915	0.0001	70	0.1	0.14675447859126559	0.0001	1174	0.1	-0.009250282296212652	0.0001	-74	0.1
0.14775450910977508	0.0001	1182	0.1	1.7145523239844966	0.0001	13717	0.1	0.1483795281838435	0.0001	1187	0.1	1.7148023316141239	0.0001	13718	0.1	-0.06425196081423383	0.0001	-512	0.1	0.008750267036957915	0.0001	70	0.1	0.14812952055421613	0.0001	1185	0.1	-0.009250282296212652	0.0001	-74	0.1
0.14862953581347088	0.0001	1188	0.1	1.7145523239844966	0.0001	13717	0.1	0.14862953581347088	0.0001	1190	0.1	1.7149273354289376	0.0001	13720	0.1	-0.06425196081423383	0.0001	-512	0.1	0.008750267036957915	0.0001	69	0.1	0.14862953581347088	0.0001	1191	0.1	-0.009125278481398968	0.0001	-73	0.1
0.14887954344309826	0.0001	1191	0.1	1.7146773277993104	0.0001	13716	0.1	0.14962956633198035	0.0001	1198	0.1	1.7149273354289376	0.0001	13718	0.1	-0.06412695699942016	0.0001	-511	0.1	0.008750267036957915	0.0001	70	0.1	0.14975457014679402	0.0001	1198	0.1	-0.009125278481398968	0.0001	-73	0.1
0.14987957396160773	0.0001	1203	0.1	1.7146773277993104	0.0001	13716	0.1	0.15112961210974457	0.0001	1209	0.1	1.7149273354289376	0.0001	13719	0.1	-0.06412695699942016	0.0001	-510	0.1	0.008750267036957915	0.0001	70	0.1	0.15112961210974457	0.0001	1209	0.1	-0.009000274666585284	0.0001	-72	0.1
0.15162962736899932	0.0001	1214	0.1	1.7145523239844966	0.0001	13716	0.1	0.15175463118381297	0.0001	1213	0.1	1.7148023316141239	0.0001	13718	0.1	-0.06400195318460647	0.0001	-510	0.1	0.008750267036957915	0.0001	70	0.1	0.15225464644306771	0.0001	1218	0.1	-0.009000274666585284	0.0001	-72	0.1
0.1526296578875088	0.0001	1221	0.1	1.7145523239844966	0.0001	13716	0.1	0.15287966551713617	0.0001	1223	0.1	1.7149273354289376	0.0001	13719	0.1	-0.06400195318460647	0.0001	-510	0.1	0.008750267036957915	0.0001	70	0.1	0.1533796807763909	0.0001	1229	0.1	-0.0088752708517716	0.0001	-71	0.1
0.15350468459120456	0.0001	1229	0.1	1.7146773277993104	0.0001	13717	0.1	0.15387969603564564	0.0001	1231	0.1	1.7149273354289376	0.0001	13718	0.1	-0.06400195318460647	0.0001	-509	0.1	0.008750267036957915	0.0001	70	0.1	0.15375469222083193	0.0001	1230	0.1	-0.0088752708517716	0.0001	-70	0.1
0.15500473036896878	0.0001	1239	0.1	1.7146773277993104	0.0001	13717	0.1	0.1548797265541551	0.0001	1239	0.1	1.7148023316141239	0.0001	13719	0.1	-0.06387694936979278	0.0001	-509	0.1	0.008750267036957915	0.0001	70	0.1	0.15512973418378248	0.0001	1240	0.1	-0.008750267036957915	0.0001	-69	0.1
0.15512973418378248	0.0001	1242	0.1	1.7145523239844966	0.0001	13716	0.1	0.15612976470229195	0.0001	1248	0.1	1.7149273354289376	0.0001	13718	0.1	-0.06387694936979278	0.0001	-508	0.1	0.008750267036957915	0.0001	70	0.1	0.15587975707266458	0.0001	1247	0.1	-0.008625263222144231	0.0001	-68	0.1
0.15687978759117407	0.0001	1255	0.1	1.7145523239844966	0.0001	13716	0.1	0.15712979522080142	0.0001	1257	0.1	1.7148023316141239	0.0001	13718	0.1	-0.0637519455549791	0.0001	-508	0.1	0.008750267036957915	0.0001	70	0.1	0.1572547990356151	0.0001	1257	0.1	-0.008500259407330547	0.0001	-68	0.1
0.15787981810968355	0.0001	1263	0.1	1.7145523239844966	0.0001	13716	0.1	0.15787981810968355	0.0001	1264	0.1	1.7146773277993104	0.0001	13717	0.1	-0.06362694174016541	0.0001	-507	0.1	0.008750267036957915	0.0001	70	0.1	0.15800482192449722	0.0001	1263	0.1	-0.008375255592516862	0.0001	-66	0.1
0.15887984862819302	0.0001	1272	0.1	1.7145523239844966	0.0001	13716	0.1	0.15887984862819302	0.0001	1271	0.1	1.7149273354289376	0.0001	13719	0.1	-0.06350193792535172	0.0001	-506	0.1	0.008750267036957915	0.0001	70	0.1	0.1590048524430067	0.0001	1271	0.1	-0.008250251777703178	0.0001	-65	0.1
0.16000488296151616	0.0001	1279	0.1	1.7146773277993104	0.0001	13717	0.1	0.16000488296151616	0.0001	1280	0.1	1.7150523392437513	0.0001	13719	0.1	-0.06350193792535172	0.0001	-506	0.1	0.008750267036957915	0.0001	70	0.1	0.15975487533188878	0.0001	1280	0.1	-0.008125247962889492	0.0001	-64	0.1
0.1603798944059572	0.0001	1284	0.1	1.7145523239844966	0.0001	13717	0.1	0.16100491348002563	0.0001	1287	0.1	1.7149273354289376	0.0001	13719	0.1	-0.06337693411053805	0.0001	-505	0.1	0.008750267036957915	0.0001	70	0.1	0.16087990966521193	0.0001	1288	0.1	-0.008000244148075809	0.0001	-63	0.1
0.16200494399853513	0.0001	1296	0.1	1.7146773277993104	0.0001	13716	0.1	0.16212994781334877	0.0001	1296	0.1	1.7148023316141239	0.0001	13719	0.1	-0.06325193029572436	0.0001	-504	0.1	0.008625263222144231	0.0001	70	0.1	0.16200494399853513	0.0001	1297	0.1	-0.007875240333262123	0.0001	-62	0.1
0.1628799707022309	0.0001	1303	0.1	1.7148023316141239	0.0001	13719	0.1	0.1630049745170446	0.0001	1304	0.1	1.715177343058565	0.0001	13721	0.1	-0.06325193029572436	0.0001	-504	0.1	0.008750267036957915	0.0001	70	0.1	0.1630049745170446	0.0001	1303	0.1	-0.007750236518448439	0.0001	-61	0.1
0.16400500503555407	0.0001	1312	0.1	1.7148023316141239	0.0001	13719	0.1	0.16400500503555407	0.0001	1312	0.1	1.7150523392437513	0.0001	13719	0.1	-0.06312692648091067	0.0001	-503	0.1	0.008750267036957915	0.0001	70	0.1	0.16400500503555407	0.0001	1311	0.1	-0.007625232703634755	0.0001	-61	0.1
0.1646300241096225	0.0001	1316	0.1	1.7148023316141239	0.0001	13718	0.1	0.16500503555406354	0.0001	1320	0.1	1.715177343058565	0.0001	13721	0.1	-0.06312692648091067	0.0001	-503	0.1	0.008750267036957915	0.0001	70	0.1	0.16500503555406354	0.0001	1320	0.1	-0.00750022888882107	0.0001	-60	0.1
0.16475502792443616	0.0001	1319	0.1	1.7146773277993104	0.0001	13718	0.1	0.1655050508133183	0.0001	1323	0.1	1.7150523392437513	0.0001	13719	0.1	-0.06300192266609698	0.0001	-503	0.1	0.008750267036957915	0.0001	70	0.1	0.16600506607257304	0.0001	1329	0.1	-0.007375225074007386	0.0001	-59	0.1
0.16600506607257304	0.0001	1332	0.1	1.7148023316141239	0.0001	13718	0.1	0.1670050965910825	0.0001	1337	0.1	1.7150523392437513	0.0001	13720	0.1	-0.06312692648091067	0.0001	-502	0.1	0.008750267036957915	0.0001	70	0.1	0.1670050965910825	0.0001	1337	0.1	-0.007375225074007386	0.0001	-58	0.1
0.1676301156651509	0.0001	1341	0.1	1.7148023316141239	0.0001	13718	0.1	0.16800512710959198	0.0001	1345	0.1	1.7150523392437513	0.0001	13719	0.1	-0.06300192266609698	0.0001	-501	0.1	0.008625263222144231	0.0001	70	0.1	0.16788012329477828	0.0001	1343	0.1	-0.0072502212591937015	0.0001	-58	0.1
0.16838013855403303	0.0001	1346	0.1	1.7146773277993104	0.0001	13717	0.1	0.16888015381328775	0.0001	1351	0.1	1.7150523392437513	0.0001	13720	0.1	-0.0628769188512833	0.0001	-501	0.1	0.008750267036957915	0.0001	70	0.1	0.16913016144291512	0.0001	1353	0.1	-0.007125217444380017	0.0001	-58	0.1
0.16925516525772882	0.0001	1354	0.1	1.7148023316141239	0.0001	13718	0.1	0.16988018433179725	0.0001	1360	0.1	1.7150523392437513	0.0001	13720	0.1	-0.06275191503646962	0.0001	-500	0.1	0.008750267036957915	0.0001	69	0.1	0.17000518814661092	0.0001	1360	0.1	-0.007125217444380017	0.0001	-57	0.1
0.16988018433179725	0.0001	1359	0.1	1.7146773277993104	0.0001	13717	0.1	0.17050520340586567	0.0001	1364	0.1	1.7150523392437513	0.0001	13719	0.1	-0.06275191503646962	0.0001	-499	0.1	0.008750267036957915	0.0001	70	0.1	0.1711302224799341	0.0001	1367	0.1	-0.007000213629566332	0.0001	-56	0.1
0.17088021485030672	0.0001	1368	0.1	1.7148023316141239	0.0001	13718	0.1	0.17138023010956144	0.0001	1371	0.1	1.715177343058565	0.0001	13720	0.1	-0.06262691122165594	0.0001	-499	0.1	0.008750267036957915	0.0001	70	0.1	0.1720052491836299	0.0001	1378	0.1	-0.007000213629566332	0.0001	-56	0.1
0.17275527207251198	0.0001	1383	0.1	1.7148023316141239	0.0001	13717	0.1	0.17275527207251198	0.0001	1382	0.1	1.7150523392437513	0.0001	13720	0.1	-0.06262691122165594	0.0001	-499	0.1	0.008750267036957915	0.0001	70	0.1	0.17313028351695303	0.0001	1387	0.1	-0.0068752098147526475	0.0001	-55	0.1
0.1735052949613941	0.0001	1389	0.1	1.7148023316141239	0.0001	13718	0.1	0.17375530259102148	0.0001	1391	0.1	1.7149273354289376	0.0001	13720	0.1	-0.06250190740684225	0.0001	-498	0.1	0.008750267036957915	0.0001	70	0.1	0.17450532547990358	0.0001	1396	0.1	-0.0068752098147526475	0.0001	-55	0.1
0.17463032929471725	0.0001	1397	0.1	1.7146773277993104	0.0001	13717	0.1	0.17500534073915833	0.0001	1400	0.1	1.7150523392437513	0.0001	13720	0.1	-0.06262691122165594	0.0001	-498	0.1	0.008750267036957915	0.0001	70	0.1	0.17500534073915833	0.0001	1400	0.1	-0.006750205999938963	0.0001	-54	0.1
0.17575536362804042	0.0001	1405	0.1	1.7148023316141239	0.0001	13718	0.1	0.17613037507248147	0.0001	1409	0.1	1.7150523392437513	0.0001	13720	0.1	-0.06250190740684225	0.0001	-498	0.1	0.008750267036957915	0.0001	70	0.1	0.17613037507248147	0.0001	1408	0.1	-0.006750205999938963	0.0001	-53	0.1
0.17613037507248147	0.0001	1409	0.1	1.7148023316141239	0.0001	13719	0.1	0.1765053865169225	0.0001	1411	0.1	1.7150523392437513	0.0001	13720	0.1	-0.06237690359202856	0.0001	-498	0.1	0.008750267036957915	0.0001	69	0.1	0.17725540940580461	0.0001	1417	0.1	-0.006625202185125278	0.0001	-53	0.1
0.17738041322061832	0.0001	1420	0.1	1.7146773277993104	0.0001	13718	0.1	0.17825543992431409	0.0001	1425	0.1	1.715177343058565	0.0001	13719	0.1	-0.06237690359202856	0.0001	-497	0.1	0.008750267036957915	0.0001	69	0.1	0.17775542466505934	0.0001	1422	0.1	-0.006625202185125278	0.0001	-53	0.1
0.17850544755394146	0.0001	1428	0.1	1.7148023316141239	0.0001	13717	0.1	0.1790054628131962	0.0001	1432	0.1	1.7150523392437513	0.0001	13720	0.1	-0.06237690359202856	0.0001	-496	0.1	0.008750267036957915	0.0001	70	0.1	0.17888045899838254	0.0001	1432	0.1	-0.006500198370311594	0.0001	-52	0.1
0.17963048188726463	0.0001	1437	0.1	1.7149273354289376	0.0001	13718	0.1	0.179880489516892	0.0001	1439	0.1	1.7150523392437513	0.0001	13720	0.1	-0.06225189977721488	0.0001	-496	0.1	0.008750267036957915	0.0001	70	0.1	0.18025550096133305	0.0001	1441	0.1	-0.006500198370311594	0.0001	-51	0.1
0.18075551622058778	0.0001	1444	0.1	1.7149273354289376	0.0001	13718	0.1	0.18125553147984252	0.0001	1449	0.1	1.7150523392437513	0.0001	13720	0.1	-0.062126895962401195	0.0001	-495	0.1	0.008750267036957915	0.0001	70	0.1	0.18138053529465623	0.0001	1450	0.1	-0.00637519455549791	0.0001	-51	0.1
0.18138053529465623	0.0001	1451	0.1	1.7148023316141239	0.0001	13719	0.1	0.1816305429242836	0.0001	1454	0.1	1.7149273354289376	0.0001	13720	0.1	-0.062126895962401195	0.0001	-495	0.1	0.008625263222144231	0.0001	70	0.1	0.1823805658131657	0.0001	1458	0.1	-0.006250190740684225	0.0001	-50	0.1
0.1823805658131657	0.0001	1459	0.1	1.7148023316141239	0.0001	13717	0.1	0.18275557725760674	0.0001	1461	0.1	1.7150523392437513	0.0001	13720	0.1	-0.062001892147587515	0.0001	-494	0.1	0.008750267036957915	0.0001	69	0.1	0.18325559251686147	0.0001	1467	0.1	-0.006250190740684225	0.0001	-50	0.1
0.18363060396130254	0.0001	1470	0.1	1.7146773277993104	0.0001	13718	0.1	0.1841306192205573	0.0001	1472	0.1	1.7150523392437513	0.0001	13720	0.1	-0.062001892147587515	0.0001	-494	0.1	0.008750267036957915	0.0001	70	0.1	0.18425562303537096	0.0001	1474	0.1	-0.006250190740684225	0.0001	-50	0.1
0.18488064210943939	0.0001	1480	0.1	1.7148023316141239	0.0001	13718	0.1	0.18488064210943939	0.0001	1480	0.1	1.7149273354289376	0.0001	13719	0.1	-0.06187688833277383	0.0001	-493	0.1	0.008750267036957915	0.0001	70	0.1	0.18525565355388043	0.0001	1482	0.1	-0.006250190740684225	0.0001	-49	0.1
0.18600567644276253	0.0001	1489	0.1	1.7146773277993104	0.0001	13717	0.1	0.18613068025757623	0.0001	1488	0.1	1.7149273354289376	0.0001	13720	0.1	-0.06187688833277383	0.0001	-492	0.1	0.008750267036957915	0.0001	70	0.1	0.18600567644276253	0.0001	1487	0.1	-0.00612518692587054	0.0001	-49	0.1
0.18725571459089937	0.0001	1497	0.1	1.7148023316141239	0.0001	13718	0.1	0.187005706961272	0.0001	1496	0.1	1.7150523392437513	0.0001	13720	0.1	-0.06175188451796014	0.0001	-492	0.1	0.008750267036957915	0.0001	70	0.1	0.187005706961272	0.0001	1496	0.1	-0.00612518692587054	0.0001	-49	0.1
0.18750572222052675	0.0001	1499	0.1	1.7148023316141239	0.0001	13718	0.1	0.1880057374797815	0.0001	1504	0.1	1.7148023316141239	0.0001	13718	0.1	-0.06162688070314646	0.0001	-491	0.1	0.008750267036957915	0.0001	69	0.1	0.18850575273903622	0.0001	1506	0.1	-0.00612518692587054	0.0001	-49	0.1
0.18913077181310467	0.0001	1514	0.1	1.7145523239844966	0.0001	13716	0.1	0.18925577562791834	0.0001	1514	0.1	1.7149273354289376	0.0001	13720	0.1	-0.06162688070314646	0.0001	-491	0.1	0.008750267036957915	0.0001	70	0.1	0.18900576799829097	0.0001	1513	0.1	-0.00612518692587054	0.0001	-49	0.1
0.1902558061464278	0.0001	1521	0.1	1.7145523239844966	0.0001	13716	0.1	0.19013080233161414	0.0001	1520	0.1	1.7149273354289376	0.0001	13719	0.1	-0.06162688070314646	0.0001	-491	0.1	0.008750267036957915	0.0001	70	0.1	0.1902558061464278	0.0001	1522	0.1	-0.00612518692587054	0.0001	-49	0.1
0.1911308328501236	0.0001	1529	0.1	1.7146773277993104	0.0001	13717	0.1	0.1910058290353099	0.0001	1527	0.1	1.7150523392437513	0.0001	13719	0.1	-0.06150187688833277	0.0001	-491	0.1	0.008750267036957915	0.0001	70	0.1	0.19075582140568256	0.0001	1528	0.1	-0.0060001831110568565	0.0001	-48	0.1
0.19188085573900573	0.0001	1535	0.1	1.7146773277993104	0.0001	13717	0.1	0.1920058595538194	0.0001	1536	0.1	1.7148023316141239	0.0001	13719	0.1	-0.06150187688833277	0.0001	-489	0.1	0.008750267036957915	0.0001	70	0.1	0.1920058595538194	0.0001	1536	0.1	-0.00612518692587054	0.0001	-49	0.1
0.19238087099826043	0.0001	1540	0.1	1.7145523239844966	0.0001	13715	0.1	0.19313089388714255	0.0001	1544	0.1	1.7149273354289376	0.0001	13718	0.1	-0.061376873073519085	0.0001	-489	0.1	0.008750267036957915	0.0001	70	0.1	0.19313089388714255	0.0001	1544	0.1	-0.0060001831110568565	0.0001	-48	0.1
0.19375591296121097	0.0001	1550	0.1	1.7146773277993104	0.0001	13717	0.1	0.19425592822046572	0.0001	1553	0.1	1.7149273354289376	0.0001	13719	0.1	-0.061376873073519085	0.0001	-489	0.1	0.008750267036957915	0.0001	70	0.1	0.19388091677602465	0.0001	1551	0.1	-0.0060001831110568565	0.0001	-49	0.1
0.19488094729453412	0.0001	1560	0.1	1.7148023316141239	0.0001	13717	0.1	0.1951309549241615	0.0001	1561	0.1	1.7150523392437513	0.0001	13720	0.1	-0.061251869258705405	0.0001	-488	0.1	0.008750267036957915	0.0001	70	0.1	0.19500595110934782	0.0001	1559	0.1	-0.0060001831110568565	0.0001	-48	0.1
0.19588097781304362	0.0001	1568	0.1	1.7146773277993104	0.0001	13717	0.1	0.19613098544267096	0.0001	1570	0.1	1.7149273354289376	0.0001	13718	0.1	-0.061376873073519085	0.0001	-488	0.1	0.008750267036957915	0.0001	70	0.1	0.19613098544267096	0.0001	1568	0.1	-0.0060001831110568565	0.0001	-48	0.1
0.1970060121463668	0.0001	1576	0.1	1.7146773277993104	0.0001	13717	0.1	0.19713101596118046	0.0001	1577	0.1	1.7149273354289376	0.0001	13720	0.1	-0.061251869258705405	0.0001	-487	0.1	0.008750267036957915	0.0001	70	0.1	0.1967560045167394	0.0001	1575	0.1	-0.00612518692587054	0.0001	-48	0.1
0.19775603503524888	0.0001	1583	0.1	1.7148023316141239	0.0001	13717	0.1	0.19788103885006256	0.0001	1584	0.1	1.7149273354289376	0.0001	13719	0.1	-0.06112686544389172	0.0001	-487	0.1	0.008750267036957915	0.0001	70	0.1	0.19813104647968993	0.0001	1584	0.1	-0.0060001831110568565	0.0001	-48	0.1
0.19863106173894465	0.0001	1589	0.1	1.7146773277993104	0.0001	13718	0.1	0.19900607318338573	0.0001	1593	0.1	1.7149273354289376	0.0001	13719	0.1	-0.06112686544389172	0.0001	-487	0.1	0.008750267036957915	0.0001	70	0.1	0.19900607318338573	0.0001	1590	0.1	-0.0060001831110568565	0.0001	-48	0.1
