17.216559640994234	0.07502034969418181	7.403329190278795	0.0724124277293384	-1.178828649563777	0.07287219381145858	-12.22379523872456	0.07378619417123114	20.1647	0.2384	189.9986113324814	2.018763352992616	39.974565317183576	0.47851336859427207	168.80994100528304	1.58501710991743	11.715
17.203654247886053	0.07501822683251735	7.401156988213148	0.07371401953737311	-1.1749625400566885	0.07566004498227202	-12.225368925576385	0.07268941250771388	20.1539	0.2376	190.20664927824419	2.0407781758312993	40.002710783157326	0.4927148478852751	168.72684073997226	1.6020052852888156	11.715
17.190142318059955	0.07361722848799322	7.370715931952541	0.07725499179632436	-1.1846038683513405	0.07602073637745181	-12.221014873104764	0.07013209843545928	20.1701	0.2386	189.87872458206525	2.063529474535097	40.09996553477525	0.5080193112308341	168.9408048973989	1.5832560697558327	11.715
17.218034161955554	0.07021238458751214	7.403072624456335	0.06834947413124168	-1.182682902683421	0.06768566670504415	-12.225234819530252	0.06895902725435578	20.1593	0.2381	189.96510085118635	1.8965014130295816	39.95781478365189	0.44767670320948	168.8468546366551	1.4774750496318965	11.715
17.201435891402937	0.0713312860172098	7.38709247064381	0.07083296167116651	-1.176891700807508	0.0714322074848673	-12.230804997909882	0.06845686869131563	20.1539	0.2376	189.9770650350176	1.9458886491066527	40.059395517662075	0.4705610488356356	168.67331127070682	1.509723212456231	11.715
17.19371129327681	0.07585831904935886	7.391350681549387	0.0741627274971708	-1.1749679208410106	0.07383748210409216	-12.218314105457722	0.07076633790840339	20.1539	0.2376	190.20930081789572	2.0585717283204326	40.048478822096826	0.48926053202058817	168.83471070741103	1.563593100390169	11.715
17.210377257653995	0.07276901051297516	7.3993552933188615	0.07304855780012051	-1.1691755347296078	0.0690170435134576	-12.210946125479783	0.07026353630182944	20.1701	0.2386	190.0413805105477	1.9972368960255171	40.03813909476259	0.4695872050822689	168.85880239926993	1.5061837046037183	11.715
17.21212245255024	0.07529619949371175	7.373199321881544	0.07192605574334894	-1.171102575538879	0.0696950527156738	-12.22914205005014	0.0684433399969307	20.1539	0.2376	189.50246216577918	2.005577820369588	40.15167456041555	0.4706455440055108	168.6103728078761	1.4894412656688247	11.715
17.207415060502168	0.07862072637576734	7.400985997201034	0.07567793058583736	-1.163373584867259	0.07352078152822646	-12.223258888135797	0.07197575796787124	20.1539	0.2376	190.13038755352073	2.1157617531039414	40.0576395518782	0.49349860048694943	168.58223274436097	1.5682790080426277	11.715
17.19935273089737	0.07324699733001286	7.385091462719759	0.07323401970287181	-1.1846143357094414	0.06714692674831255	-12.232646794205445	0.06863609591323072	20.1539	0.2376	189.97865528270867	2.0049961570811554	40.03264956820912	0.46414052262910915	168.763095630457	1.4667264813259207	11.715
17.18443354509334	0.07143190546519579	7.386950253586055	0.07079130752435069	-1.1691650806566949	0.07160831940070159	-12.228739615577188	0.06403837720168323	20.1539	0.2376	190.30398959064837	1.9534093165586799	40.096237104023196	0.47187610832891247	168.5869698182705	1.4643841830640902	11.715
17.207144650888274	0.07817026951399225	7.394868873138335	0.07733231029595654	-1.178816117089921	0.07476187405538608	-12.21387088661148	0.07668521222224228	20.1539	0.2376	190.01709700714346	2.1293734717707653	40.014069740394376	0.5020012805140427	168.96156813568695	1.6398132165014634	11.715
17.22509625877823	0.07600322054354319	7.401413489546549	0.0713882832562866	-1.1575917433196352	0.07016807118606139	-12.185245469747759	0.07051992674280994	20.1593	0.2381	189.79645435633083	2.0145775788264126	40.08269884142617	0.4687747056615889	169.07496413794897	1.5252449410249884	11.715
17.202978377318267	0.07309448917131064	7.372858656690923	0.07497836156943294	-1.1807467251731338	0.07245759792569476	-12.23781411989832	0.0694615615973118	20.1593	0.2381	189.67217198882338	2.020414123564803	40.10800286140888	0.48891539953405694	168.62519615382107	1.530753630078589	11.715
17.209565869792335	0.0711342637833132	7.3990133946445065	0.06749368924840818	-1.1749586968139851	0.06891732486011948	-12.214094187923985	0.0712749381914297	20.1593	0.2381	190.0504750415148	1.8995949849233122	40.01272986098648	0.4501675709118508	168.8991098825689	1.516920248888417	11.715
17.200287105071364	0.0730945513207308	7.376604746014225	0.06892023577713921	-1.1923225336907406	0.07125329301348288	-12.25030249129785	0.06779395061685564	20.1593	0.2381	189.7964622810245	1.9409748167118244	40.03628668243034	0.4631679383544423	168.61128031245067	1.4996592057042408	11.715
17.20943064591983	0.0774653798151184	7.408962004718785	0.07904709749194261	-1.1575804979672226	0.07053536177095354	-12.215846761277863	0.07389787390501638	20.1593	0.2381	190.24602053040798	2.148448174702994	40.047432091021335	0.4952639929116786	168.60691485677404	1.557607903638352	11.715
17.21977919976389	0.07586298504768577	7.394925820570674	0.07122508937600962	-1.1884706397705127	0.06997834912502257	-12.234220171872654	0.06649445722908849	20.1647	0.2384	189.7738405206267	2.0099651181865794	39.968796817935754	0.46495305390360153	168.79797544773015	1.4751786965095501	11.715
17.198879741935762	0.07061319704970688	7.3848924151299	0.07240898829969461	-1.182678115383956	0.07254199628173848	-12.219441147142808	0.0707078485205147	20.1647	0.2384	189.98395822550842	1.957916120688708	40.042626776086756	0.47903938990504824	168.9354163857971	1.5505784602160846	11.715
17.207212252495125	0.0693096670930458	7.3848924151294195	0.07240898829969461	-1.1884698199630872	0.07160507186445167	-12.228650189329155	0.06661223662087659	20.1593	0.2381	189.82279025660426	1.9370915123382222	40.01557612099008	0.47530738657168364	168.88312472639564	1.4960313231347568	11.715
17.194646041555107	0.06912237386213589	7.38286305186853	0.06546112071598849	-1.1865384550163272	0.06681480565170118	-12.239655804638097	0.0645636287792702	20.1486	0.2371	190.07530283855203	1.8442305243947616	40.04432309351513	0.43709820184892256	168.72865492689698	1.4183287140087506	11.718
17.216018508196694	0.07324488645740271	7.385091462719759	0.07503550005454661	-1.1904061466633182	0.07116310434856461	-12.21791201406291	0.07440702045642929	20.1539	0.2376	189.6565959340918	2.0228973857857815	40.0056118907654	0.48243866557888015	169.07723112925663	1.5786028829807237	11.715
17.213799963432727	0.08362975715156566	7.3710281091168905	0.0715756712480432	-1.1904044923531518	0.0676843070815035	-12.232557338140955	0.06781928566291637	20.1539	0.2376	189.4283628553284	2.118484905804778	40.071334448426235	0.46107139106929085	168.85295687903792	1.465179871508947	11.715
17.20822634034009	0.06927353185288555	7.391322220080995	0.06963516488170238	-1.180759374670264	0.07279235255029061	-12.225637146588404	0.07031411751254056	20.1486	0.2371	189.92751029051965	1.9003309276133926	40.02155431432532	0.47031977140932846	168.81129848825393	1.5468563305639582	11.715
17.203451481139417	0.07342514454763606	7.377059192070288	0.07313201832104796	-1.1884747389023211	0.07262444472780095	-12.234443841040978	0.07401825914677998	20.1647	0.2384	189.74412006689602	2.001092427036941	40.05214758307668	0.48193317663716356	168.79462010812256	1.5846007420325001	11.715
17.175966791059533	0.07887906108316436	7.364883795204013	0.07245779527330817	-1.176886269192754	0.0701653958351313	-12.219441147142808	0.07062909859566839	20.1647	0.2384	190.04019832562534	2.0746690151963922	40.16357576295797	0.4742591709293093	168.8468093597268	1.5222862417947383	11.715
17.221930147573367	0.07235916428580126	7.380947396885643	0.07132050724639269	-1.176887821053366	0.06861632355459153	-12.217688641511094	0.06617919981005506	20.1539	0.2376	189.51131918410266	1.9565383288989449	40.09844474925461	0.463726290906345	168.9168796248162	1.458491554189882	11.718
17.243238301415037	0.07493631994295147	7.407160506580049	0.076656461922972	-1.161447110563464	0.07245927567619098	-12.203265542491508	0.07015527850428421	20.1593	0.2381	189.6058227731938	2.0664323768398747	40.04803323858461	0.49300507511521574	168.9013122836852	1.5427584743385347	11.718
17.213597076004852	0.07349405770255131	7.394954294615826	0.0719694235525862	-1.176887821053366	0.07053603939275452	-12.223214194400793	0.06709720189514576	20.1593	0.2381	189.89387839383093	1.9894010250826664	40.02267243164022	0.47051167573403757	168.78916078563634	1.4875464662297937	11.715
17.220049816921723	0.06562800821548863	7.395039718066246	0.07189376475601594	-1.161444240767673	0.07279491190305162	-12.219664549535594	0.06397020233614448	20.1593	0.2381	189.81941029944414	1.8806777463267679	40.10477718543144	0.4795443042614174	168.65079290128747	1.477970216346829	11.718
17.203383893286357	0.07877989050494588	7.433062981687138	0.08358445158329109	-1.1904044923531518	0.0747607620463661	-12.219664549535594	0.07687515124131271	20.1593	0.2381	190.83305197355796	2.243419479309371	39.78307219966016	0.5173441864743004	169.0503396107121	1.6436107009270637	11.715
17.172475634487427	0.06971647145718506	7.365167370004499	0.06843035644359602	-1.1865473927274082	0.06768625599521363	-12.21988796018392	0.06511026213092821	20.1539	0.2376	190.11334282963486	1.893684005485373	40.11686996697377	0.45151944419730355	168.987818958567	1.4384731536916617	11.715
17.216289070343215	0.07021144156651331	7.401213986972876	0.06784396468886049	-1.1711025755383986	0.06969654295220046	-12.223616449909636	0.0688048677842335	20.1647	0.2384	189.9629032365298	1.8896329000693124	40.02045732089291	0.454086785508458	168.69466797458537	1.4948185769068705	11.715
17.197134462589034	0.0730001345700632	7.375029878162416	0.07199614741449559	-1.1884739190636557	0.06881522512131619	-12.247291075640366	0.0733473832589093	20.1701	0.2386	189.82695025237274	1.9815525560977345	40.06164267040951	0.46591938009963463	168.59851572939067	1.5333314314297914	11.715
17.201773798939907	0.07018290318311615	7.379230604499661	0.07040243458672917	-1.1672417501526948	0.06810766366142486	-12.214451487188235	0.0666922527549591	20.1647	0.2384	189.81847383240807	1.921056288961223	40.14147766410471	0.46007909241944717	168.7756639643453	1.4563165682468207	11.715
17.209430645920314	0.07196619477633652	7.366941311457586	0.06882606095579351	-1.2019849886240708	0.07186279886296446	-12.221372358072799	0.07367712294910786	20.1593	0.2381	189.48231080329978	1.9170590010037432	40.04654383087443	0.4650337694841576	169.24512775741812	1.5807369581948962	11.718
17.188464500063827	0.07126671516746418	7.354880106841963	0.07836389224883722	-1.182678115383956	0.07415028124841205	-12.23049195386369	0.07716458822197961	20.1701	0.2386	189.60534468049363	2.042359270504162	40.183389700119776	0.5077778836750526	168.76643520435388	1.6347919635064294	11.715
17.214476289403425	0.07481807128962355	7.383317904891501	0.07048987561795879	-1.1672439684427005	0.06969629661132384	-12.229320918408456	0.07184749144851538	20.1701	0.2386	189.70069957258838	1.983495328480446	40.13255359626357	0.46526381628195795	168.59199511865654	1.5255492847150152	11.718
17.206075458116917	0.07383673061931484	7.399298308012056	0.06965048074534366	-1.1807585840319061	0.07160686179132743	-12.22927620082288	0.06817484344633949	20.1593	0.2381	190.12363896752947	1.9678534970645554	39.98435365262938	0.4655191965435647	168.75568496971775	1.510151785756883	11.715
17.20822634034009	0.07536386723456909	7.393323340328858	0.0719599885195214	-1.1749671521398906	0.07254162005172893	-12.22747903981605	0.07105940750105251	20.1486	0.2371	190.01488075314606	2.017323598796931	40.04951547352131	0.4775999647488723	168.73789796420203	1.5503056397754402	11.718
17.173951367838242	0.07931358963616797	7.358909865496677	0.07788247749554558	-1.209705758835784	0.07762730380248305	-12.237903611761014	0.07281087316586364	20.1593	0.2381	190.0121994090299	2.151959135738652	40.04799581454982	0.5139411865656555	169.1099169621938	1.6320372190873222	11.718
17.19484869551606	0.08276828815850436	7.362939721952426	0.07705239390387603	-1.19233254655045	0.07543341623645164	-12.25268158544128	0.07771395506777737	20.1647	0.2384	189.63765463399673	2.181133672906177	40.10018832412926	0.5054189104276308	168.57516446954122	1.6506973523297443	11.715
17.1802001156494	0.07094523927060029	7.374916293561336	0.06703752288891783	-1.201984117621426	0.07319694361084782	-12.230536673450068	0.06985760203592532	20.1593	0.2381	190.15259447375217	1.8928927765658838	39.99906874094817	0.462889992604069	169.0611844920807	1.5510662446871213	11.715
17.233633366601687	0.07159690889204555	7.405501510721611	0.07435335448624814	-1.1711101162803592	0.07476786250326731	-12.218537501122844	0.06730489041664323	20.1486	0.2371	189.71053559950371	1.992451694556034	40.00041555467848	0.49178454687898654	168.7723388777122	1.536859849750858	11.715
17.22280980147864	0.07410935306738506	7.405330410012733	0.07498361330661889	-1.1711055917668391	0.07151977574978378	-12.214585479859451	0.06955201650338469	20.1593	0.2381	189.91638117848441	2.0394452560476144	40.001234669037444	0.48330420332491936	168.83266662457635	1.5251689897768703	11.715
17.195389129432535	0.07103030502799673	7.377172812333558	0.0709307700603562	-1.1768940287308358	0.06820887783133221	-12.22909733378674	0.07029338651428482	20.1593	0.2381	189.95075713527174	1.9420607954474605	40.11610956935816	0.4614930386477814	168.74260920423743	1.4954329721450883	11.718
17.16595712243214	0.07366822872278361	7.349047859594524	0.06971205169443821	-1.201988472700494	0.06541349370095836	-12.251019157823878	0.06931153213759125	20.1755	0.2387	189.92741079717518	1.9622419502169226	40.1200527982191	0.4485231288948185	168.7478486987959	1.4555564346480256	11.715
17.209836323911752	0.06570196110895012	7.395125143491037	0.06828622595362913	-1.180753840326718	0.06901866246321837	-12.217956689564303	0.07042230086983094	20.1593	0.2393	189.969946547284	1.834170283692494	40.00383281743105	0.4528977262538319	168.928684539883	1.5091824784660128	11.715
17.260992337875837	0.07662410459112658	7.417623718384964	0.07688372976782441	-1.1537346736031078	0.07212409577159874	-12.20582168726643	0.07073752408779423	20.1539	0.2376	189.4168785500579	2.0887722760874774	40.024931106817654	0.4922621687902848	168.70118340694705	1.5420372341304422	11.715
17.1767090463562	0.07497822098066403	7.377201217946196	0.07218575709212063	-1.1768948047171337	0.06758029039067315	-12.22914205005014	0.06861914727311719	20.1647	0.2384	190.31339693857123	2.021295408874237	40.11597271653149	0.46373037041736664	168.74193833641817	1.47043350969036	11.718
17.214476289403425	0.07470240626394042	7.407331646328405	0.06837225626473542	-1.1653131331732525	0.06841587659799028	-12.231162782364663	0.06525283600730696	20.1701	0.2386	190.116514661391	1.9631326523809884	40.01892507566481	0.45152732385840944	168.4913691609568	1.4395581725584115	11.715
17.23175294428215	0.0711378276866758	7.421597982284661	0.07446536031022674	-1.1653197225069487	0.07125842532770618	-12.202092780837004	0.06863931635932183	20.1593	0.2381	190.0581759966323	1.9951702365970685	39.95240678034326	0.47954153966420054	168.93526291313145	1.5144327819173622	11.715
17.189072252384637	0.07223205351456861	7.385148335430724	0.07366367103813454	-1.1672395319131537	0.07080943307285315	-12.225368925576385	0.06955052008330712	20.1539	0.2376	190.17897059536296	2.001294652284337	40.11371262067337	0.4792501018489198	168.60900175304425	1.5133687939837637	11.715
17.212325328913856	0.08046473216500014	7.38529052104033	0.08053527932739535	-1.1846199724064188	0.0787618990999346	-12.236643542323574	0.08058731720874895	20.1593	0.2381	189.73171406981245	2.198003536096778	40.03169337573638	0.5261961559602273	168.70215183005897	1.7200546578168479	11.715
17.18101006148755	0.07329972023416798	7.359249878936879	0.07470859774727348	-1.20199457008812	0.07186365637830362	-12.24396587938782	0.0718904514315352	20.1593	0.2381	189.8336065702381	2.022900739227383	40.07221510539118	0.48520471700824136	168.85573292073727	1.5544418105504636	11.715
17.214205752637756	0.07834205093940806	7.379202190846316	0.07641155880790879	-1.1981317666877427	0.07680151391884549	-12.227300197972358	0.07190160910030385	20.1593	0.2381	189.57798506195317	2.1094680925684837	39.99704696467202	0.5051935995810661	169.05174401297882	1.6125664529687516	11.715
17.197945246953164	0.07518632368210519	7.395381431606826	0.07010803517203218	-1.1711070999149429	0.06931027253737633	-12.229410354570154	0.06808964751758208	20.1647	0.2384	190.20535784756618	1.9947199592412805	40.047684400532624	0.46087854460322986	168.6063508465149	1.4814058402542614	11.715
17.21212245255024	0.06933299820121189	7.389207304027262	0.07430343373816184	-1.1846175566423414	0.0749931969647661	-12.225458331258857	0.06889477286950785	20.1486	0.2371	189.81128617423818	1.963772249740223	40.01341696456963	0.4926865152125895	168.87302302267955	1.5576050141685223	11.715
17.173748969521764	0.06921740439348772	7.372830269346019	0.06756605832205526	-1.1923292088292972	0.06861600340499699	-12.24329436490263	0.06666962990641778	20.1593	0.2381	190.23728441784957	1.877496318751916	40.053898588266755	0.4503261373573312	168.71830939552567	1.4606414782381103	11.715
17.207955905227593	0.07400328485589937	7.367196602118251	0.07447674167479591	-1.2058538262639344	0.0779007152583394	-12.22914205005014	0.07012012577319277	20.1539	0.2376	189.4671031870921	2.021438124174547	40.01703151020728	0.5030658396162501	169.141922126132	1.6082261388493038	11.715
17.214882110496365	0.0709500693786684	7.391492992176354	0.072329402260643	-1.1730409482258668	0.07279311538549159	-12.233273023680647	0.07094072473905584	20.1593	0.2381	189.80212794832457	1.9576219539192679	40.05682405119341	0.4799486797983886	168.5769471744912	1.549223368099224	11.715
17.21044487676248	0.07302740748076408	7.397382600663169	0.07040479707236005	-1.1826916799634302	0.07352103205990955	-12.227568462720917	0.06944699300721564	20.1755	0.2387	190.0018674968292	1.9640727801368336	39.98427261938714	0.47437704784749885	168.81131360671085	1.5457556869132612	11.715
17.182890595248008	0.07516224311366967	7.365167370004499	0.07054342672438753	-1.2000614414338537	0.0735995365365447	-12.240148099154457	0.0696114889385599	20.1647	0.2384	189.9116643996968	1.9939781904997163	40.05357436254581	0.4767364386500534	168.8845582582147	1.5496986103259518	11.715
17.19350864243217	0.08021886381184681	7.377258029827513	0.07192665566484602	-1.196202910723903	0.07278850584260048	-12.232915170332442	0.07389712562682739	20.1593	0.2381	189.94015453593076	2.084775946362338	40.01511542538163	0.47761134882125184	168.9361935388253	1.5876982439829832	11.715
17.216356712208388	0.06873445446580757	7.389235756795542	0.06887414279345416	-1.1730340956981824	0.06647701845462897	-12.221819244004136	0.0689768667449965	20.1539	0.2376	189.73005082374354	1.8786272398670174	40.06741612228547	0.44793759409492473	168.75159877712233	1.4631329264868056	11.715
17.175368289643238	0.07092011157363481	7.371510616751027	0.0707911486256041	-1.1884878571673332	0.06779229195117537	-12.246210617084168	0.06679154475616814	20.1593	0.2381	190.18025562293917	1.9438286153715307	40.07804793148821	0.45891354100712	168.61520213548712	1.451178861925778	11.715
17.180740071055904	0.07809396072382839	7.347132037366391	0.07340410646977152	-1.213573804234435	0.0741476503716389	-12.230894442040675	0.06980878855495548	20.1539	0.2376	189.60488886010685	2.066506264455388	40.074736298498166	0.48842287992111955	169.23353868121714	1.5643132231635228	11.715
17.20318113291269	0.07105776200051696	7.394954294615826	0.06795796707014948	-1.1807490968373264	0.0697901241124039	-12.225056016094028	0.06699742909386862	20.1539	0.2376	190.09553806825622	1.9056287932981413	40.00465191847465	0.454411954582297	168.82002392297133	1.4787936167571476	11.715
17.192630543970502	0.07559000053277645	7.380890558529111	0.07015083315043463	-1.1788169003248696	0.06930995132145132	-12.226808410160826	0.06671429505525103	20.1647	0.2384	190.02747332156065	1.9972795553442615	40.07941051493572	0.46175053077076594	168.76372113986525	1.4695221884771381	11.715
17.199487875378836	0.07284152399345552	7.365139011541254	0.07195625658551313	-1.173031811626261	0.08115120197313591	-12.194055177465776	0.08371399758689815	20.1539	0.2376	189.59060575709378	1.973904911500324	40.18050660222016	0.5104035501812026	169.17668136887465	1.7897197815353885	11.715
17.205805059012174	0.07733688559281039	7.381174759066673	0.07560242171350136	-1.1691710542770426	0.07630926028005686	-12.216204108292276	0.07748592417942686	20.1593	0.2381	189.82674830636378	2.089648498360283	40.13356771187215	0.5042024647204617	168.8215844047802	1.6619684240427557	11.718
17.204127388883816	0.08162193885038918	7.383346335066502	0.07731754355524109	-1.1788294328938878	0.07536353931516099	-12.234891204172607	0.07234312231880813	20.1593	0.2381	189.8525329201619	2.1734335562328715	40.06785639871169	0.5052633140980001	168.64053375363065	1.5934461010112906	11.715
17.201435891402937	0.07529926280457822	7.38709247064381	0.07094273144120775	-1.1788223831367652	0.07287132517497848	-12.22343766638053	0.07289869367435922	20.1593	0.2381	189.9770650350176	2.0025789429287686	40.05036648009085	0.475508328305037	168.81531049345494	1.575485675711017	11.715
17.212663466814412	0.07712759582246219	7.403443225241604	0.0738476101858099	-1.1556615029730477	0.07566237485679272	-12.214764141375047	0.07106452644123795	20.1486	0.2371	190.07628663688772	2.069124168073841	40.08223289992698	0.4951203282758502	168.59416349453176	1.5824519012090748	11.715
17.191290420600364	0.07145866778261117	7.3812031803243245	0.07187465674608456	-1.174964077394526	0.0738399092684997	-12.230983887493164	0.0698581915293405	20.1486	0.2371	190.05948802032162	1.9635894537334273	40.09599377825053	0.48289107751299964	168.64117379913773	1.5504847418841998	11.715
17.182890595248008	0.07683131144054914	7.365167370004018	0.0741281906205791	-1.2019919568821722	0.0689150807956805	-12.232780980781197	0.07127338974303646	20.1539	0.2376	189.9116643996875	2.065170562628877	40.04454872859905	0.4730937566731677	169.0269077109512	1.5191757186454278	11.715
17.18752937324177	0.0756121929772264	7.369367742663137	0.07191561145784735	-1.211650651631419	0.07616461012537318	-12.244144962489704	0.0721399469951269	20.1539	0.2376	189.90318437156037	2.018353552092774	39.97987340981216	0.48804891532427364	169.0007813089462	1.6069943892015401	11.715
17.1956593591307	0.07516404633080069	7.375285456307884	0.0704470230168207	-1.2000648964700147	0.067789367537405	-12.244010649667176	0.06779583743356127	20.1755	0.2387	189.86040417316624	1.991652331759302	40.00629887034673	0.4561042687260529	168.82554478156425	1.465585635416184	11.715
17.20573746056393	0.07493160627465857	7.369140743698058	0.07302477372174587	-1.1865465801772848	0.07414955963397271	-12.225368925576385	0.07113971760557818	20.1593	0.2381	189.5472806285403	2.016171424119288	40.098242975033294	0.48775328269605756	168.90390115741505	1.5722755943686173	11.715
17.182958101059917	0.08294018154617269	7.3832041863811835	0.07730656756434387	-1.1962012124580363	0.07468526111671128	-12.24019285518595	0.07460182506204217	20.1539	0.2376	190.25989576419664	2.2012761521004993	39.98738993935203	0.5009976495232831	168.82484328474322	1.6136806725379107	11.715
17.214543924923504	0.07912280160168053	7.3993552933188615	0.07642568646576522	-1.1672447078839168	0.07652416105087506	-12.231207506909076	0.07352815499022067	20.1593	0.2381	189.96070562698247	2.1290271338211055	40.04716329500596	0.5055887598645403	168.52010370875746	1.6164239115195806	11.715
17.187326797033435	0.07446357197059553	7.363279925718017	0.0700503803034205	-1.2155088135132657	0.06940427692875202	-12.242168894782932	0.06630220948176987	20.1539	0.2376	189.78942005718486	1.9750530550844192	39.990264308794146	0.45967510855763277	169.0901999861835	1.471883690897757	11.715
17.200028474545036	0.07143329321223776	7.383374765460184	0.07004969010059112	-1.1904144185909538	0.07116682539567262	-12.245986722623236	0.06770475968814843	20.1539	0.2376	189.9323551156793	1.9357330227549374	40.013583465445706	0.4660352083355165	168.64800003537744	1.4984190190065565	11.715
17.19183075721612	0.07858012013236021	7.383431626904549	0.07205009802722738	-1.1788317829197856	0.07476600212215422	-12.214764141375047	0.06946884006568084	20.1486	0.2371	190.09219889508378	2.0661934562743256	40.06744627098601	0.4858878733113465	168.9481321343052	1.562400036698821	11.715
17.176911490752705	0.07309382099038148	7.369282616412692	0.0701505623617943	-1.1788278662399143	0.07151991883850445	-12.231118058150912	0.06711613535512395	20.1701	0.2386	190.10712805413144	1.9637610351036825	40.13378510109135	0.47035379447379627	168.69808211208147	1.4970560218468798	11.715
17.21024202103027	0.08006004059080428	7.397297145846306	0.07712400085460158	-1.1730356184416337	0.07514020766004784	-12.227434328859612	0.07748463542284377	20.1593	0.2381	190.00414065676694	2.152449197056741	40.029720964944296	0.5029265534109458	168.66590460179407	1.64684846018743	11.715
17.191898301681572	0.07481277781435913	7.389463386827729	0.07852150504722555	-1.1769017888571915	0.07514137131383841	-12.216650821772816	0.07495826417923453	20.1486	0.2371	190.2078590183992	2.1044846229356744	40.048261088021626	0.508096362749451	168.8897231959208	1.6237119469385308	11.715
17.222403796202585	0.07089527523854586	7.3931525291839275	0.06953274169536798	-1.1749625400566885	0.07081003884546691	-12.227210779032573	0.0698912252393265	20.1647	0.2384	189.68893028279274	1.916376149967275	40.04008190351857	0.46377008542328474	168.69872246864418	1.5186350675825695	11.715
17.20573746056393	0.07481654129190923	7.3771444069396	0.07297596578706746	-1.1884771984558056	0.07107631358489269	-12.225368925576385	0.06955052008330957	20.1593	0.2381	189.7016336060442	2.0172086034413272	40.05173762463083	0.47632719067538504	168.93344651918449	1.5221155482597288	11.715
17.185176184675687	0.07497517375982259	7.383261045198501	0.07480394516025556	-1.1788270829213383	0.07476500985061112	-12.218180072021136	0.07012152214588024	20.1647	0.2384	190.2179453495047	2.0553089125966055	40.068266525364606	0.49493405406088326	168.89578222225092	1.5682349591969655	11.715
17.194781143664983	0.06777323686632436	7.3629113730577656	0.07039740353850234	-1.176887045119936	0.06757977244814252	-12.23237842997802	0.06542655471460229	20.1539	0.2376	189.63841078281519	1.884817364649815	40.172848623793726	0.4590582515972465	168.64923443160805	1.4348963436476478	11.715
17.22441949328081	0.08041515384861574	7.395125143491037	0.06834888433240531	-1.1846151409335348	0.06692556068508637	-12.223482361766932	0.0679470909521506	20.1486	0.2371	189.6880988574151	2.036688470532046	39.985829146129554	0.4458171444736911	168.90321452573738	1.4592669957315476	11.715
17.20573746056393	0.07089363495243774	7.375143466262862	0.07230626482871139	-1.182685296414618	0.07151952732093189	-12.218001365394919	0.06856750784457041	20.1539	0.2376	189.66302131920315	1.9536724441967468	40.08820912932483	0.47641051377288735	168.95756738337263	1.516953340625395	11.715
17.19955544841643	0.07628749724809811	7.377172812333558	0.06898183971021565	-1.196200363334475	0.0701639555935564	-12.225413628252289	0.07021335553865685	20.1593	0.2381	189.82157663785634	1.9876329341636594	40.01552505667458	0.4592482957548602	169.05105681945915	1.5214416607061751	11.715
17.202044134528357	0.06977739947883935	7.397354115504733	0.071280048067211	-1.1614521329154068	0.07360506046890615	-12.209104093892396	0.0679488074795764	20.1486	0.2371	190.16411071680423	1.9346408464403826	40.08363072764878	0.47986438869758724	168.76890808177387	1.530296675721228	11.715
17.191155341753266	0.0770180690762833	7.3771444069396	0.0730257386860978	-1.1923383878067406	0.07107435312225532	-12.229052617854483	0.0729863684854549	20.1593	0.2381	189.98350121126643	2.0545944408061643	40.03369133799875	0.47605825707783456	168.93616337781074	1.5593789420645061	11.715
17.233159376768736	0.06916390241501927	7.4133069074526805	0.0661162586946712	-1.1633815573610162	0.06541760763301108	-12.210856822560707	0.06630057160435657	20.1486	0.2371	189.87048574787957	1.8500428722102396	40.00005719440785	0.4337801668422988	168.77160740923838	1.4229080201936037	11.715
17.218507706871677	0.0687640923529181	7.393266402403584	0.06871951241160235	-1.1691732944778526	0.07107950797199716	-12.214496151081791	0.06925210241196172	20.1647	0.2384	189.7663477713937	1.8776381885154696	40.0666213457966	0.46263256516667206	168.80449603216255	1.5166414646872068	11.715
17.233633366601687	0.08010449530245103	7.423513657087192	0.07576031503163572	-1.1749717644326412	0.07220553935645385	-12.207485244442042	0.07045810120730961	20.1647	0.2384	190.0588589671582	2.1360701283940795	39.89865799766939	0.4856329339852676	169.00048766765386	1.5454123255615653	11.715
17.210782980276882	0.07209768967577136	7.38551802940409	0.07579083616024465	-1.1730417096466152	0.07391840210421038	-12.203845668860769	0.06880697433745311	20.1539	0.2376	189.81448668060204	2.020877286784108	40.09505023304478	0.49597255330739437	169.06996353543144	1.547831998720832	11.718
