18.12372890802389	0.07702643169089984	8.209899478198999	0.07475379768088578	-0.8523280676292994	0.07282557771119313	-12.043298669677556	0.07186544938485001	19.4474	0.2338	188.02246969112957	2.0357160257261624	37.8472261779022	0.4358598139721573	166.56488161546156	1.5228314893680701	11.712000000000002
18.132948328097818	0.07322505423829463	8.224333681280937	0.0754888247675145	-0.8329899271454603	0.07249629208256543	-12.023551654606331	0.06946662264262939	19.4366	0.2348	188.121423623139	1.9966968518905552	37.867717929774614	0.4375836322279437	166.57096747146258	1.4945354055286042	11.712000000000002
18.130572003476374	0.07566367882490463	8.216175834429793	0.07247247642787008	-0.8465248797356284	0.06854676440982412	-12.021532476559345	0.07183912218868557	19.4474	0.2338	188.01172171351033	1.9868518147094547	37.84525015445841	0.4165674504388165	166.80281219872205	1.4821200824443048	11.712000000000002
18.136701847112423	0.07955673773173151	8.200051449445288	0.07657169984675019	-0.8465258325386404	0.07684932857150564	-12.019601255507101	0.07610787934034802	19.4474	0.2338	187.59064864855287	2.0845751307604483	37.91270056197023	0.45464354150718644	166.8316576168825	1.6149749352409968	11.712000000000002
18.14765645928266	0.07286975831119338	8.216334276298845	0.0772941152719178	-0.8194555284590164	0.0715562552573504	-12.003318246498148	0.0702833526131599	19.4366	0.2348	187.69129217115403	2.0075942428253306	37.9579630573058	0.4424804924548057	166.67074162897967	1.494746524209734	11.712000000000002
18.135110610364475	0.07915282138162955	8.208303417551235	0.07426533776181629	-0.8329893993872479	0.07266458352139461	-12.016222239226277	0.07119366226179176	19.4474	0.2351	187.7766594320261	2.0531187033686935	37.93485982004921	0.4359422580725387	166.68012909933378	1.516208489876411	11.712000000000002
18.114487455553366	0.07231838531669703	8.216461034194031	0.07199809920063792	-0.8213866987908895	0.07164233689885262	-12.02561485663691	0.06405287446266121	19.4474	0.2338	188.32266293711157	1.9415831335975717	37.94931998586608	0.4264832972745326	166.36779144728084	1.426970676502274	11.712000000000002
18.123657580001517	0.07973125527725594	8.207860236680204	0.07527153404336608	-0.856194679695902	0.08008889149060763	-12.028509651363589	0.07262213635231664	19.4474	0.2338	187.98515428996467	2.0787397047412366	37.83959593877945	0.4588365939377274	166.84301312837377	1.6145026710493837	11.712000000000002
18.147299319029745	0.07185785939461986	8.22621458588953	0.06791899780938246	-0.8175249873871351	0.06803340353887208	-11.99941183246559	0.06891521057934603	19.442	0.2343	187.88496859277194	1.8725159157819227	37.92459665867104	0.40312985449925526	166.7001928491792	1.4436857034892385	11.712000000000002
18.12451355332548	0.07565969160712988	8.216270898817612	0.06934184934497671	-0.8387904047641254	0.0735587958209013	-12.017977703540833	0.0685287763726632	19.4474	0.2338	188.1284864015941	1.948621064753953	37.877178751612995	0.4228578856663218	166.7404475543809	1.499490742905067	11.712000000000002
18.148299347163157	0.07664687532398937	8.220635158168346	0.07246258381309162	-0.8213838398075173	0.07249835969043016	-12.009243905028626	0.07177823166634928	19.442	0.2343	187.76044979025556	1.994886379385114	37.93181320226804	0.4300056979644885	166.61119129357283	1.5192996196390471	11.712000000000002
18.144117173067908	0.06834819737752597	8.220635158168346	0.06845920448750221	-0.8136496513490113	0.07249820449416634	-11.998182673515883	0.06569014834905129	19.4474	0.2338	187.83957996734927	1.8311240295656566	37.964286364014065	0.41901791324031346	166.6607528269559	1.4578013365813973	11.712000000000002
18.141169246061988	0.07536049881228342	8.210216112263325	0.07782127820173612	-0.8271909128761983	0.07419174419976805	-12.012403660763704	0.07300666380173582	19.4312	0.235	187.69826706243614	2.047469623572188	37.951170578961964	0.45151365278593725	166.65062484791153	1.5508324757424485	11.712000000000002
18.100945741187356	0.07410935614410837	8.201964122010592	0.07939823820624459	-0.8523267044782451	0.07093205645332508	-12.030528805571057	0.06889574964717768	19.4474	0.2338	188.3044908257237	2.0660586167686796	37.88040191940505	0.44542980074134475	166.75514332578103	1.4751353620809975	11.712000000000002
18.136915998220044	0.07271910382767255	8.21018444775777	0.06813052832884689	-0.8445911802109308	0.06823853829470569	-12.01604645787384	0.06865480945633315	19.442	0.2343	187.77809030259047	1.884992815766484	37.87837376590209	0.4033802569701598	166.85585245275547	1.445776120232092	11.712000000000002
18.146136825555004	0.07753544523859007	8.22261130402713	0.07626242073195147	-0.8349185829091741	0.0748083873800384	-12.023947417753934	0.07119328648818912	19.442	0.2343	187.83875644280948	2.058587834559886	37.866855520649224	0.4466168832629601	166.593787629482	1.537596340111149	11.712000000000002
18.121187806086073	0.07425908947483241	8.21263555816813	0.0709432631181775	-0.8368509466192958	0.07093418297675955	-12.01666171535132	0.07134501049461393	19.4528	0.2344	188.12260831383924	1.949856501928661	37.90051241262511	0.4201646494145493	166.73114885858567	1.5004118908420758	11.712000000000002
18.1246562234071	0.0754364089566707	8.216334276298845	0.07248712137209604	-0.8387893932553074	0.07155508667557367	-12.016222239226277	0.06778508603298904	19.4474	0.2338	188.12698087957202	1.9863672443820348	37.876917877529834	0.4260534731441633	166.76661977568367	1.4705754245925886	11.712000000000002
18.128338470152233	0.06926292618894939	8.208081821133732	0.06655681333413839	-0.8484590178902183	0.06531758597869805	-12.02697434016026	0.06995744049503495	19.442	0.2343	187.90065211434856	1.819447213572989	37.870990889226	0.389950058149108	166.75047085892874	1.427712904597353	11.712000000000002
18.099140112059658	0.07833634897138467	8.208113477031933	0.07099061580759089	-0.8426589234700765	0.07120152121208806	-12.032548003437206	0.0698772099026288	19.4474	0.2338	188.4559371108249	2.014264636163386	37.8951276670658	0.4209774100389934	166.58098039857904	1.4851328779717938	11.712000000000002
18.13525336801049	0.0859269464933801	8.206359044229915	0.07598048812502715	-0.8561876438992333	0.07606468744432589	-12.032900044148363	0.07292149858096478	19.442	0.2343	187.73718731478291	2.168798410007202	37.845893368123804	0.4489791957038954	166.77736947501032	1.5723552580982711	11.712000000000002
18.08177569151655	0.0692583817252165	8.1757097029937	0.06839833318006087	-0.8716590609519688	0.06802694550756812	-12.045053637239883	0.06660706710036465	19.442	0.2343	188.16982398985954	1.8490116242092318	37.909383882900485	0.404208921670736	166.82689229002008	1.421493460602942	11.712000000000002
18.134682350911564	0.07779595258558701	8.210121119479604	0.07461447526938669	-0.8407256834859135	0.06982400038028382	-12.01411522541081	0.0698792072661234	19.442	0.2343	187.81915391773234	2.03996561906872	37.89481615026359	0.42785559831995157	166.82696745674846	1.474934483002384	11.712000000000002
18.116007831255086	0.07258300749387897	8.21018444775777	0.06566967281959692	-0.8523239780833777	0.06556128562866259	-12.038165599203353	0.06837197874192989	19.442	0.2343	188.17443248560863	1.8593917377705116	37.84605315506177	0.3875195549149963	166.6412556720649	1.4111816836941213	11.712000000000002
18.128338470152233	0.08042996026464228	8.19402884560829	0.07709648037458351	-0.8542584793510666	0.07767738934325422	-12.019601255507101	0.0733573403393499	19.4474	0.2338	187.6348497219152	2.104318591741365	37.905535410715956	0.45848164600820285	166.94719820630692	1.5975206542681135	11.712000000000002
18.12026063952369	0.07880993401279665	8.186125219012382	0.0834286525884306	-0.8465239269181978	0.0725796737905699	-12.034523233399963	0.07286414763115376	19.4474	0.2338	187.63814006839237	2.1677346467216903	37.97116106929713	0.46485670429381387	166.609117718872	1.5315368242775966	11.712000000000002
18.092797279572906	0.07144830744865266	8.19402884560829	0.07003950070707823	-0.8503921874761486	0.06854527997849685	-12.030660794579044	0.06430442998780202	19.442	0.2343	188.3085462527289	1.9033314095000062	37.9217391967888	0.4108972730663133	166.72432112302323	1.4015658222929135	11.712000000000002
18.12840981916695	0.07196250404949574	8.208113477031933	0.06890586857745004	-0.832992565877406	0.07164142879959098	-12.023331797568993	0.06671238633133757	19.4474	0.2338	187.8999002857518	1.887133473117973	37.935643490385566	0.41707642288874314	166.5742793760242	1.4571902914184915	11.712000000000002
18.107573795573117	0.07574585035956005	8.198107131476515	0.07377758233488964	-0.8542575852110857	0.07189960567330604	-12.019689170140827	0.07047270950543469	19.4528	0.2344	188.10524891777436	2.0071624262751664	37.888461892207204	0.4311789671846635	166.94587032427802	1.5053328038756426	11.712000000000002
18.11182641040771	0.0693949607981303	8.186093648990653	0.06899670792512579	-0.8523239780833777	0.06982180061209955	-12.025263023162097	0.06997470039745987	19.4474	0.2338	187.79698570346758	1.8514960315797102	37.94692718946765	0.4121205368874453	166.83369397896377	1.4760392288046795	11.712000000000002
18.094602951634513	0.07152174045527737	8.167806636796081	0.06888483884779771	-0.85619336054909	0.06717304593731344	-12.052601987179212	0.06954533477926761	19.4474	0.2338	187.77686520131013	1.8783737500155782	38.00755493168027	0.4052415166747671	166.48398211001245	1.4377090015840706	11.712000000000002
18.12033195666011	0.07721154490218558	8.192179311299995	0.0742631051689138	-0.8368571039099424	0.07855044907602146	-12.027194261959647	0.07213425297221947	19.4474	0.2351	187.7512121415078	2.0259164064057784	37.98635422765703	0.454782711536439	166.574310243316	1.5874950015549643	11.712000000000002
18.09453174190376	0.07033385911804892	8.171789680308697	0.07054906122662793	-0.8735908615271742	0.0715495866490942	-12.048871875718042	0.06748648550409797	19.442	0.2343	187.85358743797073	1.8859563868711078	37.91771656441191	0.4212123014281965	166.79873115720846	1.4680205934068025	11.712000000000002
18.093082098952628	0.08134884456661914	8.184117752862361	0.07739951819792355	-0.8581229785315645	0.07627975468398741	-12.016090402724483	0.072866498608827	19.442	0.2343	188.1147845917679	2.1316862014036957	37.93088304006106	0.45585709200076424	167.05754933919854	1.579399751539151	11.712000000000002
18.096551015859117	0.07012870304455025	8.185809529753618	0.06742987894230097	-0.8716582988367301	0.0728227145112762	-12.026710444730462	0.07090868524041519	19.4474	0.2338	188.08105287637366	1.8462697774700392	37.86711497003006	0.4149274142077494	167.10120841330544	1.5225906106844003	11.712000000000002
18.103250039611385	0.0697093350428588	8.192021344314664	0.07047356494237936	-0.8542584793510666	0.06771262388814146	-12.039876674241624	0.06899583801348501	19.442	0.2343	188.07180732060323	1.8809735846148852	37.9139472012924	0.4096050398686371	166.64458423440016	1.4402263201956471	11.712000000000002
18.07571811385389	0.07585528245201395	8.175804287674337	0.07137912578219906	-0.8600599242282321	0.07265958477203666	-12.037813414794732	0.07280900879927041	19.4474	0.2338	188.28675948299832	1.9809945962883049	37.95765048691034	0.42786918849611477	166.76183591500978	1.5346050087390333	11.712000000000002
18.086597014473583	0.0757490346110046	8.184023067146624	0.07549594864894528	-0.8445921476876308	0.0739549827294086	-12.021488512441286	0.07214473976440232	19.4474	0.2338	188.23618014944913	2.032926117468001	37.98812635619399	0.44466550670846666	166.77462442708824	1.5416169442346788	11.712000000000002
18.095884822637316	0.07268218223205061	8.186440932621078	0.0765869239164601	-0.8581186542210542	0.06771360180828573	-12.038649886776358	0.06735312274476471	19.4474	0.2338	188.1056812249859	2.004269447721754	37.92115827303972	0.4286142711412651	166.7204048466539	1.4241680354479902	11.712000000000002
18.12515558638135	0.08049070399965105	8.212540532232477	0.07836379429965507	-0.8426525392714714	0.077680881552587	-12.016529869102154	0.07554549622811363	19.4474	0.2338	188.0455039674018	2.131072163480772	37.87662757649128	0.4615425079701163	166.81968474058093	1.617722789442386	11.712000000000002
18.12033195665963	0.0668858981534905	8.186156789277304	0.07672050156448887	-0.8600556735360817	0.07093013715612081	-12.03272402119025	0.07101673280585329	19.442	0.2343	187.63738932373306	1.9224824720451013	37.914229520087126	0.43791466348427305	166.8377361155316	1.4988158747252747	11.712000000000002
18.092156468752915	0.07041089951112547	8.159620397409379	0.07241129234310173	-0.8793910051441338	0.0716357790460868	-12.054224585092866	0.07062523180245606	19.4474	0.2338	187.66835379236025	1.9083331022442678	37.94443444397997	0.4275854111202277	166.8054096874372	1.5015884403676671	11.712000000000002
18.111256170984927	0.07018595474512668	8.18985593815052	0.069788275799396	-0.8561938002680582	0.06904490057733456	-12.04334271117672	0.06668537933896403	19.4474	0.2338	187.87899386654954	1.874304293027437	37.91491153823113	0.411467524229023	166.6217825772086	1.429682878751611	11.712000000000002
18.08992366744351	0.07309465762440658	8.179629700033512	0.06756247307516124	-0.8561964385116982	0.06943668717061027	-12.035706201889363	0.06962927417400325	19.4474	0.2351	188.08954604395362	1.8891242747244137	37.95781042526786	0.4069835262006786	166.73563805083182	1.4666008663468946	11.712000000000002
18.11866904831662	0.0779036960845262	8.202406985841817	0.0733224262616532	-0.8561867643646929	0.07363841348496114	-12.02192816825184	0.07047390393850736	19.4474	0.2338	187.9763444883257	2.027991896647186	37.86240834508781	0.43434525622919457	166.94123803040554	1.5239364182966786	11.712000000000002
18.103463781244244	0.07284853574265901	8.178063915833764	0.07393617093793714	-0.8677888170747852	0.07128736738934753	-12.023419739408471	0.07064949170024944	19.4474	0.2338	187.80328437832554	1.9639612031208065	37.91573726983497	0.43049115884465244	167.09253886846386	1.5033063737072927	11.712000000000002
18.086098777308734	0.07465395460318971	8.163729184209352	0.07244318891965362	-0.879389949945877	0.07562164400982915	-12.046984780745692	0.06774425473242292	19.4474	0.2338	187.860639134893	1.9695122244397856	37.927198626319885	0.43920722830041936	166.9135316721352	1.5174603625402616	11.712000000000002
18.088189189603657	0.07672807345194142	8.163729184209352	0.07878465379308826	-0.8581273025138142	0.07155223903046076	-12.03592627175357	0.0694859654006777	19.4366	0.2348	187.82106960772822	2.0812599949857793	38.01658517926096	0.44846622746020925	166.76115741765375	1.4880138759854589	11.712000000000002
18.122137446835467	0.07372132292570321	8.20008307384872	0.07247340507456197	-0.8503917257425632	0.07290906353788126	-12.028861565043123	0.07021692290639724	19.442	0.2343	187.86660740009316	1.957404242635191	37.89637374804558	0.4304525476251272	166.7511493334146	1.5099646667615354	11.712000000000002
18.101159452185268	0.07542264998634562	8.200051449445288	0.06925705203240783	-0.8561916016395736	0.06802870544139078	-12.041719806223439	0.06701234010769051	19.4474	0.2338	188.26405014231122	1.947019076511861	37.872236165469644	0.405976363204465	166.64592493078658	1.4226605702941075	11.712000000000002
18.113631953655087	0.07203259805914548	8.200019825286489	0.06756482345506083	-0.8523257956934133	0.06603916438501656	-12.025087114227732	0.06856231998779602	19.4528	0.2344	188.02659105032242	1.8731478507271044	37.88854181701606	0.3954390022650552	166.8363478238885	1.4214817698575288	11.712000000000002
18.076670258186482	0.07372415599728943	8.16927835307595	0.07398642387055757	-0.8832607367725843	0.07456996559330004	-12.05553852180843	0.07153540108426569	19.4474	0.2338	188.1446410261372	1.983489016172545	37.887732071457755	0.43965082162389624	166.84356846094104	1.5431657232239973	11.712000000000002
18.089425357949313	0.07361728315424372	8.165358554651192	0.07009900758832832	-0.8755285524968529	0.0734731404861693	-12.042770197081905	0.07244950408822143	19.4474	0.2338	187.8285112785413	1.9239462620821748	37.93656214680603	0.4261102939092893	166.91881064435773	1.5423315659356651	11.712000000000002
18.098499065919967	0.07608116455582316	8.18373902314378	0.06938731625458944	-0.8561951194047773	0.07001089336893478	-12.030308830395416	0.06799534170574613	19.4474	0.2338	188.00482164471444	1.9525402634143592	37.94056131319177	0.41369953098041234	166.81615577787278	1.4569848806879562	11.712000000000002
18.118241184895638	0.07208848342426002	8.200209573900135	0.07132262903758918	-0.8503898787726557	0.06854580410488308	-12.03825364856048	0.06968386328578238	19.4528	0.2344	187.94280625459524	1.921649682777755	37.89585180474333	0.414194770459245	166.6111361246607	1.4556529342627489	11.712000000000002
18.13337655321408	0.07864353872553535	8.218500519997455	0.07541951216983345	-0.8271865147320118	0.07224488230201649	-12.018285375344693	0.07055643404991072	19.4474	0.2338	188.00262224635648	2.066118316580951	37.91643180730903	0.43777104895696545	166.56297265434296	1.5029803379507134	11.712000000000002
18.08255844801638	0.07811042466052645	8.186093648990653	0.0729604378641614	-0.8600565237001767	0.07518069859563693	-12.027106292264145	0.07216308287550711	19.4474	0.2338	188.35237949573522	2.034271629490222	37.91449059048263	0.439087301548693	166.9216786997434	1.557694066653075	11.712000000000002
18.099211342211305	0.08089699471337791	8.182047195062589	0.07734408718471736	-0.8542575852110857	0.07355882029385574	-12.032592007387281	0.07320550045147738	19.4474	0.2338	187.95924579187326	2.1212403385169214	37.95579984766646	0.4483389556483277	166.75316939832535	1.5481168884703937	11.712000000000002
18.077808446143546	0.07172281299466893	8.155731917081846	0.07486195068421854	-0.8793895982079981	0.07265730146932818	-12.048871875718042	0.07250753334107087	19.4474	0.2338	187.86618789248075	1.962996145456566	37.960770646212666	0.4383118587003911	166.8853262111819	1.5336694480144675	11.712000000000002
18.090493197627467	0.07555005473112784	8.159809189686525	0.07796159307203028	-0.8716571556415235	0.0726590192059241	-12.032371990889235	0.07174548743401024	19.442	0.2343	187.7033537671461	2.051978402945745	37.976133939756295	0.44811641695782	167.01642511332088	1.5280642364807335	11.712000000000002
18.085742910425395	0.06830375193069754	8.15955746859186	0.06500861767317632	-0.8697272885745057	0.0672799876390274	-12.037549290156747	0.07013738171238007	19.4474	0.2338	187.78842128381208	1.7839164164153967	37.98530944883122	0.3935806740750828	166.9101363925917	1.4525621695012843	11.712000000000002
18.096194935773067	0.07680708446980333	8.177622401939056	0.07290271203864436	-0.8716602041029587	0.07363397594503134	-12.048607512139395	0.07064579689138283	19.4528	0.2344	187.93255653812747	2.006484050504289	37.901366388268016	0.4339877759038153	166.77386428689803	1.5226089025762914	11.712000000000002
18.071324157977973	0.07288606224960836	8.173702414597114	0.07076447216468623	-0.8658602010974273	0.06854250105746118	-12.045053637239883	0.0644147746245256	19.4474	0.2338	188.3303627701133	1.9329877383618108	37.94212067374753	0.41351120191866275	166.74035601404594	1.4029317835509698	11.712000000000002
18.081064153503338	0.0753990920725482	8.17940890586365	0.07485097344393404	-0.8697300071415799	0.0697244017463133	-12.048299102784101	0.06799295118898217	19.4528	0.2344	188.25364516065292	2.019938538096879	37.90196823143641	0.4284564673858651	166.74966872270682	1.452736185041329	11.712000000000002
18.08963891579941	0.07237884184002016	8.161438730584127	0.07765177071320409	-0.8774602923096965	0.06813120904928346	-12.039216260641915	0.06699377962581754	19.4474	0.2338	187.75031312000678	2.0074423782824145	37.94490620305363	0.4336645493667562	167.0008463525654	1.429625240983854	11.712000000000002
18.094175701657413	0.07248092862993252	8.173639375101894	0.07201381683715974	-0.8716598230556726	0.07110844671584311	-12.048651571921672	0.07013374883129796	19.4474	0.2338	187.89535486127093	1.9351748788707206	37.918057555513556	0.4242521307474328	166.77320117744557	1.4902568870800987	11.712000000000002
18.09453174190376	0.07437881172500231	8.169782401610943	0.08099483320188863	-0.875523789516559	0.075769169394269	-12.045185780672684	0.07061543543222815	19.4474	0.2338	187.81559408504745	2.080979617061567	37.91802824087999	0.4649379300499331	166.88264111914646	1.5474639188410202	11.712000000000002
18.10714621836475	0.07396237540851272	8.179850506123616	0.07245650823161792	-0.863925574740766	0.06962999939119661	-12.023111948658393	0.07114121698119565	19.4474	0.2338	187.76741899546644	1.9583681558042476	37.92444356603288	0.4213986814620477	167.03930116706894	1.490081500004911	11.712000000000002
18.105696926255145	0.07273208893816961	8.172104820947151	0.07236809490312889	-0.8697210741640861	0.06854309722072609	-12.043783144075146	0.0645051940435738	19.4474	0.2338	187.64840288703238	1.938174524085094	37.93262329769287	0.4181645112440337	166.81692672100175	1.4051518383538606	11.712000000000002
18.077879587649413	0.07514986027720101	8.147734853707663	0.07286454119088676	-0.8832550067707338	0.0762033958248852	-12.069188485875612	0.07145964751426999	19.4474	0.2338	187.71354732836392	1.9787037333783104	37.97813760189635	0.4433803720150841	166.6398872274933	1.5562792914049923	11.712000000000002
18.08847392730605	0.07244927066373537	8.17589887454418	0.06602816662416243	-0.8735897403172672	0.06543770215870769	-12.036102333501244	0.06866898050483589	19.442	0.2343	188.04626280967418	1.8595532876238734	37.90050357534268	0.3893349045355501	166.98952659014094	1.419020678370788	11.712000000000002
18.092726076129093	0.0760444464914203	8.161879349290631	0.07566139079016145	-0.8658573796823681	0.07712492615455999	-12.03983264438971	0.07170037801714496	19.4474	0.2338	187.70027821038582	2.027530124903331	37.991822967305	0.454674539158315	166.81822264093753	1.5721206118102287	11.712000000000002
18.084364220968425	0.07828309206788395	8.169908423463347	0.07213016353502233	-0.8677904000514401	0.07019659237121886	-12.054577236965939	0.06578750967643425	19.4474	0.2338	188.0105909556176	2.0185876451833433	37.94994525710398	0.42263447051862896	166.6271754943359	1.4329854259878043	11.712000000000002
18.05669275463799	0.07446674511628196	8.157644707028965	0.07382546354648858	-0.8832563550731558	0.07893557133019295	-12.052425689092933	0.07489493165669875	19.4474	0.2338	188.30322719188206	1.9946730845588299	37.936503590365824	0.453509129039373	166.8900020894766	1.6258732109587024	11.712000000000002
18.071750851846765	0.07232744191202327	8.143783503233811	0.07207931575682357	-0.8793885429780207	0.06924070510633182	-12.049004061904041	0.07240281100436705	19.442	0.2343	187.75471635215473	1.931095159573526	38.01104244117472	0.42104336731957537	166.88333544998403	1.4968029932532307	11.712000000000002
18.0669303802818	0.07604004281273617	8.147514929144734	0.07740457886292684	-0.8832573662729377	0.07457132606253844	-12.068879549563293	0.07291531762886244	19.4474	0.2338	187.91658668541857	2.055572881462385	37.979052553081395	0.45201664934036107	166.64452481479745	1.5538030604647057	11.712000000000002
18.07586038037184	0.06784025909892476	8.163823628664975	0.06440946303480007	-0.881321790087797	0.06638379640192656	-12.052646062515667	0.06605585305258602	19.4474	0.2338	188.056475191266	1.7748074555953228	37.918702212514845	0.3877553068073588	166.8578091581232	1.398769760268762	11.712000000000002
18.11866904831662	0.07258894209845966	8.194376467626041	0.07256296931997307	-0.846520591943285	0.07155430665349982	-12.031144779321659	0.07096073153534001	19.4474	0.2338	187.82423818490156	1.942494710928872	37.93652038539165	0.427619649455815	166.65939438499788	1.501612468898813	11.712000000000002
18.084577730639165	0.07363951622286911	8.161973773774255	0.06828787162235828	-0.867789212823635	0.06481608690320813	-12.043651010787189	0.06544041740441034	19.4528	0.2344	187.85620202070675	1.9013392572837933	37.983297691382994	0.39604083992402955	166.79006301168985	1.3746070272334585	11.712000000000002
18.084150716339344	0.07115047392901098	8.169813906709617	0.07008767152618735	-0.8735904877934222	0.070103030499631	-12.052601987179212	0.07113794849382102	19.442	0.2343	188.0128473829703	1.8939702894600876	37.92600227089889	0.41572805208183217	166.74306968864767	1.4897101237104076	11.712000000000002
18.0715375023937	0.07043869062958626	8.14368929416133	0.07054616230620925	-0.8890538441002438	0.06854146104170483	-12.058086856985746	0.06888779324413892	19.4366	0.2348	187.75696952604432	1.8853783796063979	37.970765951459185	0.4134740818342503	166.89203902806904	1.4520635282687449	11.712000000000002
18.07844873985914	0.07702163372562884	8.158022208782246	0.0719898977038276	-0.8774534700007449	0.07155002420774305	-12.054797654977342	0.0677440260328483	19.4474	0.2338	187.8974344150435	1.9968380519710345	37.95928269808326	0.42640935382845063	166.7679426028323	1.4701226572672634	11.712000000000002
18.09676467063745	0.07029269697393867	8.167838134266418	0.07048666989246484	-0.8755230567088051	0.0690432466551099	-12.043430795151659	0.06932931427597377	19.442	0.2343	187.73657823573424	1.882222768937329	37.92618345763459	0.413794618708862	166.90885501102645	1.4623235341185117	11.712000000000002
18.09027961960592	0.07108245547902896	8.175772759204266	0.06799768013346394	-0.8774570608123756	0.07154867831169581	-12.045141732536212	0.06735149795992755	19.4474	0.2338	188.00962264065285	1.8653737719134234	37.88484136835364	0.4130532112768467	166.91218889909337	1.4686249144333645	11.712000000000002
18.073058823808864	0.07237719085978192	8.167523170494663	0.07054810639010081	-0.8793924120379752	0.07019493721985272	-12.054048266976435	0.0706093942263525	19.442	0.2343	188.17989846602717	1.9201047906502424	37.91128285366002	0.4170433980797315	166.80806260968683	1.4862291656591144	11.712000000000002
18.080183399634752	0.0734338899083559	8.169908423463347	0.06805613961943127	-0.8813211012544871	0.07154815991912758	-12.049048124617595	0.06722440663430293	19.4474	0.2338	188.08990648334148	1.9002209025250145	37.893213807686685	0.41340286462396175	166.9115559139927	1.4673068173171997	11.712000000000002
18.078093015528438	0.07727185090593762	8.147829110725919	0.08020274429964629	-0.8774552654409243	0.07480180890833815	-12.03983264438971	0.07321469424436697	19.4474	0.2338	187.71129462035663	2.105233753019726	38.00214611611467	0.46178536135119486	166.99154939947235	1.5658779185326204	11.712000000000002
18.051944233067807	0.07267541132812338	8.133309251205809	0.07369362751168822	-0.9006534011140458	0.06770821108695613	-12.066816084472817	0.06990422186187945	19.4474	0.2338	187.9313733090267	1.961065550685009	37.96564019605555	0.42057283883932384	166.93493963421122	1.454927187990313	11.712000000000002
18.082131481524396	0.07144307000352834	8.177874689755475	0.07281402001902179	-0.8658581858162675	0.07540125920667021	-12.052646062515667	0.07141489613542334	19.4528	0.2344	188.20419670877294	1.938425847068468	37.92462474527656	0.4395595314260001	166.6271600067426	1.5468894160824818	11.712000000000002
18.093224512005598	0.07350111815510899	8.148049052251228	0.07280966040358693	-0.8851845656532972	0.06972409181925616	-12.05672887907525	0.07145750618968497	19.4474	0.2338	187.4298448564845	1.9498107899318615	37.968704243712644	0.42372783441295064	166.85452263325539	1.491147475312061	11.712000000000002
18.069731656170784	0.0712592674719795	8.169908423463347	0.07218769182655001	-0.8755223238895165	0.07298791279049205	-12.06379213124791	0.06819356182932199	19.4474	0.2338	188.2884824987425	1.9292200208392154	37.91750610693162	0.43032418560174596	166.60508957929608	1.487436105130648	11.712000000000002
18.058214417439522	0.07070043167648705	8.149364856366725	0.07124209160129612	-0.8929227366846123	0.06894257506527222	-12.053916031810376	0.0727774906634716	19.442	0.2343	188.11696373059752	1.9054844596737988	37.93068646325148	0.4158687845481651	167.0122581568377	1.5001020073113531	11.712000000000002
18.081491069591195	0.07066250142063674	8.165547475488799	0.07534059375867833	-0.8793920603183598	0.06923939827927904	-12.050406431775544	0.07193757541812398	19.4474	0.2338	187.98238168689502	1.9581816663715164	37.91956532653285	0.4289801842748263	166.86243804815095	1.4914000290852791	11.712000000000002
18.07103970659297	0.07420455490889107	8.155511773856889	0.0724418336842651	-0.8851905012006851	0.07083717026403587	-12.061463998735258	0.06990962638830613	19.4474	0.2338	187.99026195450614	1.9661074893426869	37.937337738554724	0.4251669273248972	166.78391897831347	1.4852176627492588	11.712000000000002
18.096551015859117	0.07012870304455025	8.163729184209352	0.07573529524936976	-0.8716582988367301	0.06924048947403502	-12.046984780746172	0.06783454454363916	19.4474	0.2338	187.6629547056598	1.9501122020846342	37.959653224185914	0.431113176119655	166.79805252309617	1.4467615673049827	11.712000000000002
18.064698015383765	0.06989590582666906	8.145445079853252	0.07103025150576198	-0.8948545472032827	0.07092604945240324	-12.042990388299739	0.06738912100153176	19.4474	0.2338	187.91966548361685	1.8879215627410375	37.93902743843585	0.42125315075481423	167.20487802281264	1.4673829093075188	11.712000000000002
18.105839442784266	0.08004651006653467	8.19425005620695	0.0811642676398347	-0.8542553498020177	0.07926685161410256	-12.040184892317024	0.07834290876908491	19.442	0.2343	188.0649632254354	2.1629879774451575	37.904621836752355	0.47524691394074875	166.63994587196174	1.660284867527449	11.712000000000002
18.05885396508909	0.06994467276841218	8.139612446390942	0.07345217770179377	-0.9064489919952317	0.07298342901800227	-12.074584592173338	0.06828039040308419	19.4474	0.2338	187.91988177508583	1.9215370400828986	37.914862499957465	0.4339941449609066	166.90544959559338	1.4936413806916293	11.712000000000002
18.084506560189162	0.07205716312015656	8.155920620734358	0.07013921763102018	-0.8851862144974175	0.07323099274646143	-12.06203740100849	0.06817110609453803	19.4474	0.2338	187.743018478081	1.9014698465369781	37.9356401658743	0.42547172217850693	166.7752985511607	1.4929009317277866	11.712000000000002
18.095813602816513	0.07468733428470106	8.184401823156344	0.07019349075344156	-0.8677848594223976	0.07128805241384846	-12.051508181833732	0.07335230372442123	19.442	0.2356	188.0683332436613	1.9448444976066332	37.88920706448276	0.418754803103317	166.67281903844298	1.524393453518713	11.712000000000002
