17.755415	0.073821	17.822232	0.067988	18.080346	0.064746	18.527272	0.071501	20.9361	0.2422	-27893.43051043824	41895.608811514474	-1328.6161916312683	483.26364655763683	-4170.214934039469	900.0530449002438	11.710438400000001
17.834482	0.072031	17.840747	0.076606	18.109318	0.071258	17.657278	0.08908	20.9414	0.2421	-297581.5414728931	4994381.719633696	-1277.3409728904005	497.5975616586108	4124.497536404159	1040.835963629819	11.7146095
18.075718	0.077272	17.881395	0.070165	18.078844	0.069841	16.112597	0.100357	20.9253	0.2422	9594.823971934968	5153.559093092199	-1737.5015529966433	871.1703934874249	948.2532774559468	58.96559883803783	11.715
18.360383	0.070584	17.921294	0.072566	17.918141	0.072675	14.438743	0.088951	20.9145	0.2417	4246.29527217853	978.9884051389223	108809.57864642666	3544299.380258191	535.8685064634653	17.690600320290624	11.715
18.672475	0.070909	17.919276	0.079499	17.588328	0.081951	12.886606	0.102699	20.9091	0.2412	2475.4418961061915	350.1125681643908	1036.6228518178489	357.63004801519656	396.556915017355	11.08173433150268	11.715
18.989684	0.079763	17.884327	0.072199	17.115717	0.074388	11.413734	0.092224	20.8983	0.2412	1686.786844735913	164.17793797487718	446.3485275912064	60.199887538227316	326.99153120424415	6.79480586888197	11.715
19.267253	0.068993	17.765714	0.066259	16.569028	0.074832	10.052708	0.089514	20.8983	0.2412	1241.7260451379304	79.10562849093186	286.681669963882	23.94442572699526	286.12781091021077	5.123041678440696	11.715
19.559405	0.069364	17.644649	0.074393	15.960934	0.076703	8.769428	0.081256	20.8767	0.242	973.7533714381192	51.72671945493787	203.75658913859775	12.930955995234154	259.26422300236266	4.028381269613375	11.715
19.779777	0.070593	17.48145	0.067267	15.316681	0.070704	7.556772	0.088993	20.8498	0.2404	811.2421893464268	34.41825097668683	158.47786427934824	7.144395577250044	240.2734732149743	3.519352110283902	11.715
20.024063	0.06928	17.293837	0.067252	14.701386	0.072247	6.442075	0.080554	20.8605	0.2414	683.0855361878963	24.157095737053996	132.36736847944925	5.039709241541226	225.80303840669808	2.9582731619255336	11.718
20.219847	0.081661	17.089509	0.073604	14.040153	0.08504	5.352287	0.091733	20.8444	0.2421	595.7751635619087	20.923516830887582	112.53391243213447	4.150587746728979	214.6646218499806	3.0907241632500324	11.718
20.397193	0.080588	16.873204	0.077359	13.407665	0.081653	4.405821	0.08591	20.8498	0.2404	529.2234853570983	16.776232968952204	99.01948129073136	3.2138491652125896	207.17729192577693	2.7278163664541855	11.718
20.564029	0.07341	16.667413	0.07646	12.821764	0.074523	3.45714	0.079483	20.8336	0.2416	478.6146336326776	13.01928160589017	89.23223494899558	2.4774135219901923	199.15137349256037	2.3170727798645934	11.718
20.697911	0.07121	16.435376	0.065468	12.221394	0.075949	2.584844	0.070344	20.812	0.2415	437.52778888761594	9.928974708372172	81.43269812909783	1.9376752134965987	193.53167355197812	2.0790037937763834	11.718
20.79089	0.066262	16.190457	0.06583	11.632148	0.080483	1.744899	0.068985	20.8066	0.2411	405.39174681417643	8.230743746510123	75.28140521474714	1.7171940624843591	188.62451726412345	2.022271909227263	11.718
20.887719	0.073581	15.92889	0.0759	11.070504	0.074757	0.979951	0.073756	20.8012	0.2407	376.09235210850534	8.01745209405244	70.6316527864339	1.5487920850970103	184.82413117018135	1.9235558846190224	11.718
20.9597	0.074694	15.688682	0.072875	10.540851	0.076859	0.258272	0.081537	20.7958	0.2401	353.81733761987596	7.004789738831924	66.66028335949265	1.3715164119937715	181.37255816008656	1.9764587579500161	11.718
21.020792	0.077181	15.448465	0.073748	10.010154	0.075518	-0.418621	0.072944	20.7958	0.2401	334.6855820097162	6.411687866740846	63.09972517922391	1.224733138916295	178.82998191517441	1.8004130287547389	11.718
21.066919	0.074918	15.210435	0.076661	9.531013	0.071882	-1.08198	0.071435	20.7527	0.2409	318.44660056651736	5.828461957388703	60.42091952739147	1.1180086658097206	175.7258868304542	1.677963347607371	11.718
21.133439	0.070027	15.010741	0.068222	9.111896	0.06997	-1.639536	0.074086	20.7635	0.2414	304.6006580987466	4.863770007143653	58.17340039485276	0.9637408261171838	173.46318526573123	1.6441194157780041	11.718
21.172209	0.071263	14.79658	0.069507	8.647086	0.07523	-2.19965	0.077139	20.7473	0.2404	292.51664510682406	4.567269480429355	55.80230142683863	0.9294310342943548	171.93905028490033	1.708010569266127	11.718
21.169505	0.079323	14.550824	0.080976	8.22879	0.080681	-2.718051	0.085285	20.7419	0.2399	281.7748218339991	4.825788002475395	54.2793497122593	0.9814228707992417	170.36672726650792	1.8271133936360058	11.718
21.17814	0.067899	14.338772	0.067363	7.805531	0.073019	-3.233483	0.066919	20.7203	0.2412	272.68274163310804	3.813330353848433	52.52460469697611	0.7986979080398662	168.94422181371613	1.5158157151364975	11.718
21.146831	0.080373	14.103061	0.077244	7.412313	0.076458	-3.705484	0.075774	20.7149	0.2412	264.7698019036085	4.1902067819526065	51.28812235892921	0.8331263572098984	167.74704763681072	1.6241723063307076	11.718
21.123886	0.078487	13.870965	0.082997	7.046508	0.079152	-4.159681	0.08199	20.7041	0.241	257.13471549825243	4.049792247910939	50.28324981659388	0.8450394458965956	166.42389718758858	1.6924566380544324	11.718
21.183903	0.069267	13.727645	0.076109	6.735269	0.070494	-4.535078	0.070107	20.6879	0.2396	250.1224557102188	3.4521402744821006	49.07572084206522	0.7280930227123796	165.47650397364293	1.4597301826142874	11.718
21.171957	0.071871	13.539245	0.075429	6.414446	0.070361	-4.908002	0.075892	20.6879	0.2396	244.3401046936246	3.3352670802951994	48.163586609002806	0.6972993760493503	164.7150472889626	1.505539740541728	11.718
21.124973	0.072551	13.339996	0.070271	6.077725	0.071153	-5.289579	0.07858	20.6502	0.2407	239.56109830817712	3.1080904581538826	47.251872255328934	0.6506732072509248	164.06507781159053	1.5300118493520227	11.718
21.088329	0.070312	13.155105	0.073426	5.783149	0.080436	-5.628785	0.070344	20.6556	0.2409	235.08446212742305	3.0125383098868035	46.54882247238523	0.6876876250306396	163.42345318035618	1.5302200679363815	11.718
21.067503	0.069646	13.001685	0.068371	5.499176	0.071181	-5.958285	0.068124	20.6448	0.2404	231.21989128915183	2.797765646439619	45.738814151107924	0.6017071840044644	162.7740825230975	1.3997563965332205	11.718
21.048461	0.076258	12.848156	0.074933	5.243198	0.075604	-6.243785	0.07545	20.6394	0.2399	227.42784114768793	2.9651020375935104	45.12265172374988	0.6315830364832763	162.35574028327994	1.5096601210498468	11.718
21.033985	0.076095	12.707193	0.071415	5.013341	0.074236	-6.506385	0.069537	20.634	0.2394	223.97313213992558	2.8069978457781493	44.60131346644652	0.5971511909391762	161.8942621711148	1.4294953977547467	11.718
20.965879	0.072154	12.531121	0.07176	4.765685	0.072063	-6.785444	0.072721	20.6232	0.2403	221.10622247974175	2.667586842793771	44.19016383998706	0.578727741904917	161.45415219128583	1.4309830033045807	11.718
20.927398	0.077871	12.369478	0.071952	4.526202	0.07108	-7.030265	0.077588	20.6124	0.2407	217.9241646484674	2.69984449063747	43.751601655016955	0.564188000003253	161.37957430411524	1.4694088970344459	11.718
20.887389	0.073687	12.22665	0.069322	4.310813	0.074202	-7.276889	0.06978	20.6016	0.2407	215.33702264447876	2.5154400353239192	43.35055093882736	0.5561037537188324	160.94455779970488	1.4147370002907376	11.718
20.856254	0.081488	12.1025	0.074458	4.113477	0.076604	-7.495204	0.07322	20.5855	0.2397	213.04889867036894	2.6864949179201565	42.953425421815595	0.5743657912803034	160.65369906975963	1.4665104689445796	11.718
20.7851	0.070608	11.950783	0.070941	3.902039	0.074429	-7.716404	0.073895	20.5801	0.2391	211.10603630630266	2.3917801373832392	42.63471017678119	0.5446508946953811	160.51872782650292	1.4490291046779376	11.718
20.771376	0.071973	11.867807	0.066725	3.740616	0.06895	-7.902594	0.066949	20.5639	0.2403	209.46405860955431	2.3089388928086425	42.223186328642086	0.49848806783379906	160.1772731933895	1.322134473028087	11.718
20.731389	0.069673	11.727303	0.068806	3.567278	0.068971	-8.077078	0.067383	20.5693	0.24	207.12570136726774	2.252534638507332	42.05328621993905	0.5020778290863368	160.1615009454813	1.326249724465182	11.718
20.682795	0.073832	11.607148	0.073134	3.388125	0.079532	-8.285095	0.070886	20.5585	0.2405	205.49253445180835	2.353017989601814	41.751420417515156	0.5488565948821734	159.76547553580383	1.458115591817542	11.718
20.631526	0.074272	11.49488	0.071672	3.226693	0.072778	-8.41971	0.068222	20.5423	0.2402	204.12059026391054	2.305904105742798	41.50316095487444	0.5127282466586776	160.1333554899648	1.3715815365523876	11.718
20.589125	0.077324	11.391027	0.072472	3.077248	0.070594	-8.58246	0.066937	20.5315	0.2394	202.75687931855342	2.336101115786024	41.27555982571757	0.5022886954269262	159.95063505226443	1.3345585588499858	11.718
20.579299	0.072612	11.308036	0.068766	2.957527	0.068912	-8.717402	0.07522	20.5261	0.2388	201.15680367682788	2.169818644562627	41.09400696287355	0.47908889008084365	159.74209496677466	1.3958181017931433	11.718
20.526106	0.083029	11.198033	0.080688	2.798389	0.081406	-8.877981	0.072078	20.5261	0.2388	199.9317208138549	2.481489083464266	40.85362076068571	0.5574766627200252	159.7223899907355	1.4873326042126114	11.718
20.502964	0.073991	11.104596	0.072852	2.678684	0.074634	-9.016235	0.071512	20.5099	0.24	198.43631484367296	2.192401888462694	40.72626260536903	0.5041104273572659	159.46904594345716	1.4094557537735952	11.718
20.416911	0.074622	11.003283	0.074242	2.555184	0.073242	-9.141512	0.073289	20.4938	0.2401	198.1146491420739	2.2153231266467195	40.619301699649924	0.5014328086738191	159.4448173538247	1.412407814258467	11.718
20.385258	0.076784	10.915966	0.075149	2.431664	0.07813	-9.257197	0.072668	20.4776	0.2392	196.95005850766978	2.2346115711865053	40.44597849219309	0.5167837646479477	159.55169258120398	1.4564409186212772	11.718
20.342658	0.070926	10.824411	0.069983	2.321859	0.069651	-9.370788	0.070584	20.4722	0.2386	195.937097375012	2.051138916747528	40.359165305451455	0.46867472402182564	159.50002349375268	1.35268856928579	11.718
20.285061	0.069575	10.718569	0.068175	2.198366	0.068504	-9.493533	0.068487	20.4722	0.2386	194.94895330193316	1.9850396835814352	40.27555055122145	0.4568550613804021	159.5102410340503	1.3215377672618365	11.718
20.253987	0.071553	10.653954	0.070672	2.104477	0.071026	-9.596246	0.070214	20.4722	0.2386	194.26784280187155	2.0351506633654055	40.1376451991916	0.47039626721109756	159.3899441072291	1.3605041768106452	11.718
20.224703	0.077921	10.574997	0.079277	2.002748	0.077043	-9.678296	0.075564	20.4614	0.2395	193.26779923462024	2.2263434966025066	40.03102429256458	0.5162330846593736	159.65847120480444	1.4749919832204978	11.718
20.167217	0.075303	10.493629	0.074093	1.912685	0.073163	-9.782295	0.069649	20.4398	0.2399	192.79068183288712	2.1054118607655927	39.99045806134832	0.48527389216565225	159.46820755008704	1.3773867434002949	11.718
20.137705	0.068494	10.42068	0.071412	1.818826	0.06869	-9.849287	0.068322	20.4398	0.2399	191.928873424537	1.9544446487988076	39.89324460613804	0.45953705881597384	159.8354067911577	1.327141680947569	11.718
20.061357	0.07279	10.33536	0.069392	1.724941	0.069488	-9.962539	0.068778	20.4344	0.2397	191.75183226317694	1.9827094254966626	39.85356454918442	0.4545374834473643	159.5705501745487	1.3348649934027546	11.718
20.058093	0.076035	10.311537	0.074098	1.652767	0.071855	-10.009466	0.074608	20.429	0.2394	191.34734282880623	2.0843417212623443	39.63101800265416	0.47242140076597	159.91599957087155	1.42036587408537	11.718
20.007129	0.070034	10.226296	0.067809	1.588254	0.06927	-10.10409	0.067651	20.4182	0.2383	190.67676656483272	1.9004159070196738	39.72612234420915	0.44580288459184286	159.50416107967	1.3208612600325462	11.718
19.966945	0.073443	10.151324	0.070801	1.478885	0.070071	-10.187637	0.070177	20.4182	0.2383	190.00097971006647	1.9746638331299065	39.56855573688927	0.45449052020654174	159.85720292828393	1.3588598775747678	11.718
19.943854	0.072385	10.11089	0.068172	1.435949	0.074051	-10.23226	0.067514	20.4182	0.2383	189.66586919547424	1.9179478012527018	39.55714208959873	0.45897110485213577	159.83408836364816	1.3726853926234344	11.718
19.880439	0.07614	10.035917	0.06953	1.332495	0.073137	-10.317579	0.067352	20.4129	0.2389	189.4431768892785	1.984202017040266	39.42770050867542	0.45714881938442964	160.0828909105676	1.366191340056916	11.718
19.853772	0.067993	9.983677	0.077669	1.287704	0.069828	-10.371764	0.066848	20.4021	0.2395	188.95232947992355	1.9761483764369343	39.46147226029928	0.4739536954732045	159.95392407229937	1.3261564349336672	11.718
19.822583	0.072909	9.935334	0.071146	1.227281	0.066559	-10.425787	0.067328	20.3967	0.2397	188.62453268415354	1.9434202736282211	39.406728260040865	0.44088489219313276	160.04176547940213	1.3002402191277442	11.718
19.780168	0.073637	9.862397	0.071124	1.151201	0.07076	-10.49801	0.066419	20.3859	0.2396	188.04403209535639	1.9410905112243337	39.39251154554723	0.45368642676866433	160.0947607921982	1.3337380750651835	11.718
19.743841	0.068578	9.815642	0.06859	1.096564	0.077016	-10.538557	0.067973	20.3805	0.2394	187.84651457189915	1.835146559224902	39.35689795712464	0.46552216512992445	160.28864375852766	1.415120328621185	11.718
19.704091	0.068631	9.787463	0.06621	1.055659	0.066545	-10.590611	0.066808	20.3805	0.2394	188.0656952070124	1.808507564181077	39.29954046431994	0.42249198010367955	160.13519257903766	1.2965497489061435	11.718
19.682584	0.077238	9.734702	0.070298	1.004951	0.068311	-10.625614	0.069493	20.3643	0.2381	187.4748432311224	1.968226985072628	39.3087826678154	0.44137536214309303	160.35142256099647	1.3434859922786297	11.718
19.655699	0.071751	9.700584	0.075399	0.942656	0.070664	-10.68889	0.068003	20.3697	0.2387	187.33863230604592	1.9586576631150294	39.18231501790192	0.46231886526913074	160.3378923957101	1.3518754765882122	11.718
19.619549	0.074076	9.625666	0.078958	0.890034	0.072012	-10.740598	0.070614	20.3643	0.2381	186.6119113355752	2.021619121744841	39.28231949261668	0.4805495491611478	160.35049356580916	1.390499766597548	11.718
19.60365	0.073129	9.624093	0.068016	0.86675	0.066879	-10.757752	0.070121	20.3643	0.2381	186.87979738587993	1.870188008074854	39.18493202831546	0.42681651006697513	160.43505152158926	1.3373659513931062	11.718
19.53745	0.073138	9.552941	0.078562	0.784891	0.068791	-10.825804	0.065641	20.3589	0.2386	186.7871097655247	2.0080236914078315	39.13708329593998	0.4661041976543046	160.62584042683272	1.315413348744964	11.718
19.518449	0.077412	9.508494	0.073458	0.736226	0.075021	-10.853554	0.07336	20.3535	0.239	186.31229752453953	1.9863113773760814	39.118263915168164	0.4682127903409524	160.9156933284808	1.4568492729722862	11.718
19.464325	0.069984	9.454258	0.069071	0.697352	0.068271	-10.883473	0.065507	20.3535	0.239	186.3102175288604	1.8301196356107774	39.186882883367225	0.4345953125812357	161.0401430442767	1.3157026203547832	11.718
19.46012	0.082386	9.430043	0.07816	0.662329	0.073418	-10.935334	0.072564	20.3427	0.2394	185.93851292312826	2.1052327046762374	39.138578684720095	0.47868916932917516	160.80633318339787	1.4312846577712255	11.718
19.424769	0.069378	9.397942	0.072748	0.633178	0.071255	-10.954054	0.067598	20.3266	0.2392	185.99877007071697	1.8647686072316394	39.15175302417198	0.4548743945832011	160.95110215351633	1.3642933862451627	11.718
19.413078	0.07137	9.392325	0.074319	0.598235	0.072321	-10.984164	0.074357	20.3427	0.2394	186.11152701486026	1.9136924800801596	39.0211948203552	0.4601361891961778	161.01824543352402	1.442003557401435	11.718
19.341166	0.072955	9.299315	0.074307	0.534019	0.074666	-11.022805	0.069234	20.3266	0.2392	185.72051088829448	1.9259407656770473	39.14937705751515	0.47049495677462394	161.37458794957627	1.4218526700995269	11.718
19.306558	0.07466	9.264566	0.07514	0.475616	0.07498	-11.072259	0.072482	20.3319	0.2394	185.71789517576386	1.9589855384726997	39.04401637729685	0.4715632510249256	161.49963346803088	1.4584660196612222	11.718
19.324966	0.072054	9.281451	0.069727	0.489342	0.071606	-11.071259	0.068567	20.3158	0.2384	185.68973329702158	1.8537961044129687	39.02998278340911	0.4436831820180485	161.321858153103	1.3834543577329375	11.718
19.276036	0.071251	9.220671	0.073533	0.444584	0.069864	-11.100549	0.071579	20.3158	0.2384	185.47091447932092	1.8885917486814674	39.10123829152598	0.4519146711262275	161.5379985021006	1.399502441836506	11.718
19.241668	0.074571	9.153793	0.067631	0.397884	0.06946	-11.153806	0.065889	20.3158	0.2384	184.8731889041262	1.8449382049484238	39.19134722790744	0.43393326332525417	161.44631301467098	1.3380587652772582	11.718
19.240858	0.073653	9.174552	0.072894	0.413521	0.07556	-11.137846	0.06796	20.3158	0.2384	185.26931545728024	1.9072272065196203	39.1684363748063	0.4693836323224454	161.45081632980958	1.4204094073600155	11.718
19.178667	0.074695	9.121546	0.068604	0.341531	0.071241	-11.174157	0.068117	20.3104	0.2378	185.43853486142385	1.8700262480372616	39.08374622967802	0.4402628753206871	161.95102912284054	1.3861846876204436	11.718
19.153546	0.07133	9.10949	0.07424	0.327936	0.066947	-11.207498	0.068363	20.3104	0.2378	185.6797362500632	1.9032715153822457	39.0768957981261	0.44484384278682954	161.673823313727	1.3410519652850343	11.718
19.153999	0.07284	9.091565	0.067713	0.304652	0.066015	-11.216993	0.069408	20.3104	0.2378	185.29315255393138	1.831341352065014	39.043066360071734	0.42019232543474405	161.8258670427414	1.34538544524589	11.715
19.12888	0.072722	9.065405	0.070612	0.269691	0.072019	-11.237381	0.066602	20.305	0.2383	185.3214341911236	1.8666270088474677	39.01398457711836	0.4473708652965685	162.0723087478254	1.3816207049550735	11.718
19.062454	0.071179	8.99427	0.077872	0.224937	0.067268	-11.269929	0.06819	20.3104	0.2378	185.23475689318585	1.9410202060969737	39.131356314675145	0.45918569690618216	162.2443938483812	1.3519677371595673	11.718
19.055111	0.073733	8.978643	0.074542	0.217233	0.071232	-11.276055	0.070304	20.2942	0.239	185.0824686426976	1.9258203271012202	39.16674190522313	0.460911822585703	162.26668045181063	1.4130069256221023	11.718
19.020633	0.078538	8.946004	0.070045	0.197761	0.065397	-11.308843	0.071107	20.305	0.2383	185.11626256288704	1.933641684006711	39.225688164357706	0.42967832807969863	162.07889708402254	1.3607888279071865	11.718
19.006095	0.074003	8.925937	0.075823	0.158938	0.078818	-11.31817	0.068811	20.2888	0.2392	185.01471751091987	1.9446581813894444	39.14177436083434	0.4882924302396196	162.4954258342485	1.4813621804563244	11.718
19.013663	0.076408	8.925557	0.075083	0.147243	0.073442	-11.330656	0.073064	20.2888	0.2392	184.86895614707296	1.9630951400779442	39.09131818066279	0.46771328270503837	162.48423174757468	1.4665236173586633	11.718
18.961063	0.071764	8.883209	0.071808	0.120059	0.070303	-11.347211	0.072312	20.2834	0.2392	185.05700638109656	1.8641986426730128	39.158965799493785	0.44906321594181153	162.63484255778093	1.4303707636140064	11.718
18.964507	0.07296	8.881813	0.077746	0.124016	0.070671	-11.351656	0.078298	20.2996	0.2387	184.9681870412211	1.9559317174292228	39.18289967875813	0.47007016686948133	162.5157688425265	1.4937090857485475	11.718
18.936033	0.073145	8.858065	0.064087	0.081362	0.068318	-11.383581	0.069773	20.2834	0.2392	185.05493070750444	1.785723672337091	39.098494239050396	0.4172908532289924	162.6678485748948	1.3854906950918755	11.718
18.902992	0.06889	8.812005	0.070977	0.063922	0.067799	-11.396812	0.067783	20.2726	0.2389	184.8161756156198	1.8115689911863195	39.226409110847165	0.4401270011940912	162.72758737097342	1.361237153844464	11.718
18.905313	0.078338	8.812107	0.075988	0.040645	0.071315	-11.408028	0.073663	20.278	0.2391	184.77554192621014	1.9979747117645275	39.12185613869002	0.46479590247861585	162.89902543178007	1.4588467190741068	11.718
18.833559	0.076704	8.759575	0.072466	0.007634	0.073735	-11.444741	0.066784	20.2672	0.2386	185.1281221762347	1.9391538087832356	39.209115041452236	0.46316454597472295	162.8463678222295	1.4146029923024763	11.718
18.830794	0.076164	8.761283	0.07388	-0.004041	0.072259	-11.451756	0.075541	20.278	0.2391	185.21035656057893	1.9516860828634297	39.14925127283695	0.4615646732256489	162.9126577497894	1.4876526342439007	11.718
18.813204	0.07743	8.732742	0.068179	-0.031241	0.072072	-11.462381	0.066782	20.278	0.2391	185.0091381867816	1.8934798423452566	39.155244436685976	0.44324833791344176	163.1488705728261	1.402340434495168	11.718
18.81619	0.072065	8.739182	0.07138	-0.027318	0.07102	-11.468428	0.068948	20.2618	0.2381	185.0725597646941	1.8628840500038168	39.14399723523636	0.44960919175660213	163.00670417054113	1.4102516126460163	11.718
18.763925	0.067395	8.696998	0.065129	-0.060289	0.065977	-11.490685	0.065558	20.2618	0.2381	185.25789482389445	1.7247377072062366	39.18518134995936	0.41482729498352433	163.15949595819697	1.3276394948587007	11.718
18.757784	0.068361	8.697065	0.068975	-0.064161	0.06778	-11.500007	0.069148	20.2618	0.2381	185.37221289848904	1.789321842187347	39.16756078842747	0.4323180290041295	163.0817447870302	1.3808078875106347	11.718
18.736895	0.071618	8.660889	0.074115	-0.102949	0.070182	-11.520371	0.073472	20.2834	0.2392	185.09094276357118	1.8932313939439398	39.15589124478828	0.4560433447108096	163.34489718128586	1.4536285860472875	11.718
18.704718	0.076622	8.616306	0.070082	-0.128192	0.071187	-11.534728	0.069318	20.2618	0.2381	184.86334193968307	1.902774337480235	39.242488565325104	0.44829813267418317	163.50079274100892	1.4242332095026595	11.718
18.713397	0.070189	8.642585	0.071705	-0.118484	0.074272	-11.53305	0.068167	20.2564	0.2376	185.18642930484327	1.845092481420099	39.168267325137336	0.46154393134158034	163.38576632626038	1.4429992405755132	11.718
18.679791	0.075321	8.600317	0.072298	-0.161146	0.072663	-11.555174	0.073418	20.2618	0.2381	185.0272807700754	1.9165319314882727	39.166502241857586	0.45822171583006693	163.6802818329332	1.483901650249831	11.718
18.655087	0.064774	8.580407	0.066697	-0.161128	0.067771	-11.568357	0.063616	20.2618	0.2381	185.115333879459	1.708327074668801	39.25579313579287	0.4270060292402921	163.4908528783357	1.332197820523813	11.718
18.655528	0.072148	8.564519	0.072915	-0.166926	0.070271	-11.563069	0.06792	20.2618	0.2381	184.81578403161748	1.878669964618855	39.30115534007251	0.4558040405169444	163.6498887329106	1.4034073857347649	11.718
18.624024	0.066993	8.552422	0.071225	-0.168868	0.066902	-11.572262	0.070041	20.2618	0.2381	185.17189061181918	1.7977515168697573	39.346919087400735	0.44086576819304635	163.54582931079403	1.3891298551318345	11.718
18.60234	0.077204	8.533997	0.071816	-0.203795	0.073316	-11.594001	0.071212	20.2564	0.2376	185.2318343989336	1.9398651242924447	39.272608885596455	0.4612767020860933	163.73518625706234	1.469244981001665	11.718
18.568531	0.075462	8.505721	0.075849	-0.215437	0.074884	-11.606759	0.070183	20.2618	0.2381	185.33369306897387	1.970563423575189	39.347511198249734	0.48088811416340776	163.71916278703785	1.4750488498400518	11.718
18.587749	0.073054	8.505885	0.074249	-0.250312	0.07395	-11.608818	0.06921	20.251	0.2381	184.9834201429424	1.9111975497294114	39.19005565825771	0.4690217941341636	164.19216879547886	1.4641213266403477	11.718
18.55857	0.079724	8.505951	0.078107	-0.225109	0.078382	-11.592282	0.074119	20.2618	0.2381	185.52157610249697	2.059746364328289	39.30288756318576	0.4981100305870155	164.06697324565513	1.5570249327164012	11.718
18.556475	0.074309	8.48585	0.069369	-0.250307	0.074877	-11.619983	0.067431	20.2564	0.2376	185.1898526371668	1.8693617237073803	39.279960049956834	0.4589399219275568	164.03085602927086	1.4537298968274883	11.718
18.514879	0.081708	8.459851	0.075025	-0.263863	0.074031	-11.621999	0.072505	20.2564	0.2376	185.47711918862635	2.0461969649154694	39.33598520629595	0.47526328772012644	164.1975052889468	1.498003834180677	11.718
18.501075	0.080346	8.441209	0.078305	-0.318166	0.078494	-11.66928	0.072307	20.2564	0.2376	185.38792193318378	2.067532574707861	39.17584164432946	0.495875215871433	164.2990787302082	1.5447206258017174	11.718
18.489385	0.071299	8.429542	0.06898	-0.312323	0.070164	-11.6661	0.071182	20.2618	0.2381	185.38834287358932	1.828221155586878	39.254309629828455	0.44182485285441236	164.26054744102188	1.446020021216736	11.718
18.461656	0.073231	8.401182	0.073482	-0.312341	0.075764	-11.667648	0.069667	20.2564	0.2376	185.3767328652866	1.9115739175469768	39.381989732772574	0.477027716717388	164.23841744065936	1.4886750915260911	11.718
18.470831	0.075486	8.409577	0.07291	-0.314251	0.071881	-11.65704	0.074743	20.2618	0.2381	185.36234381429466	1.9334849510751306	39.33547264964487	0.461649619442844	164.41967533729627	1.5031611014246593	11.718
18.446287	0.074484	8.387733	0.067906	-0.321982	0.069295	-11.686921	0.07348	20.2618	0.2381	185.41209838550157	1.857937648856505	39.39921170143295	0.43888195980231837	164.0992176413189	1.4583536060760645	11.718
18.444702	0.071625	8.404035	0.069047	-0.323902	0.068599	-11.663219	0.072625	20.2618	0.2381	185.74240834612712	1.8404008874981197	39.31695208086091	0.4384486619016743	164.47002301423367	1.4490069568107167	11.718
18.42051	0.075166	8.359313	0.069083	-0.353004	0.076128	-11.68469	0.068967	20.2564	0.2376	185.36339395918006	1.8808615505458026	39.38744152031033	0.46474984454550283	164.58076830060085	1.491939632587941	11.718
18.394449	0.074502	8.350859	0.076917	-0.358846	0.069389	-11.69521	0.068506	20.2564	0.2376	185.68834433654055	1.9797807200849444	39.39925603629395	0.4686040759788647	164.5128568566114	1.4150415193437573	11.718
18.412209	0.073057	8.335238	0.071975	-0.374311	0.070154	-11.693963	0.070336	20.2618	0.2381	185.073237524532	1.8835379740121998	39.39995581820321	0.45467899237684206	164.75574465208592	1.4459014250135505	11.718
18.385142	0.078999	8.333294	0.076288	-0.368495	0.080543	-11.701433	0.073183	20.2564	0.2376	185.53579908387275	2.027065692046226	39.435094986972274	0.5027496215769782	164.56259770992148	1.5802270306726858	11.718
18.353602	0.067245	8.315151	0.071914	-0.39562	0.065838	-11.710577	0.064906	20.2564	0.2376	185.78340869010796	1.8221379943684235	39.39443459972418	0.44094316592701677	164.82410064256734	1.346741607318886	11.718
18.332313	0.076557	8.268797	0.074551	-0.436304	0.071602	-11.734358	0.069197	20.2564	0.2376	185.32067045377275	1.9678263245163765	39.42009535263017	0.46808557375688403	165.07069839012328	1.454832487871312	11.718
18.319974	0.068331	8.2709	0.073021	-0.420804	0.066879	-11.732641	0.068149	20.2618	0.2381	185.58702529307857	1.8469157202240496	39.48085127464062	0.44978347559011345	164.86956544317593	1.391667382305633	11.718
18.307419	0.072992	8.266884	0.067895	-0.418867	0.067212	-11.727103	0.069682	20.2564	0.2376	185.74485083674594	1.8441630300758378	39.50791203714195	0.43455602743258587	164.92205759460109	1.4119656766375315	11.718
18.309511	0.076726	8.272909	0.072457	-0.420804	0.078541	-11.736332	0.069161	20.2564	0.2376	185.81762585920282	1.953816918927516	39.4717309919165	0.48516393626234217	164.8157811804473	1.5242915835091382	11.718
18.281447	0.066687	8.230357	0.075309	-0.463433	0.064972	-11.74689	0.067837	20.251	0.2381	185.5022959537052	1.8565033316645962	39.46127459640158	0.4514630905856825	165.24191966812808	1.3756034030456836	11.715
18.290247	0.073043	8.242595	0.072329	-0.455675	0.073921	-11.732383	0.066539	20.2564	0.2376	185.61327755757165	1.8989563627743813	39.45104651590127	0.46906268515635924	165.3831661063079	1.4586301371371149	11.718
18.260885	0.072469	8.214453	0.068584	-0.473105	0.069861	-11.776632	0.066735	20.2564	0.2376	185.63581609248826	1.843677388656108	39.49969356189493	0.44511981746351065	164.99077082811624	1.410203834964741	11.718
18.235926	0.069363	8.20247	0.072795	-0.473101	0.070233	-11.7638	0.063602	20.2618	0.2381	185.8759006670732	1.862753133844473	39.55426918807198	0.4611828923452907	165.17822120629046	1.3861831834598284	11.718
18.275165	0.074601	8.253368	0.072379	-0.451757	0.075154	-11.742599	0.066713	20.2564	0.2376	186.09214053032156	1.930069818925372	39.419984518828	0.4724869796134035	165.17612803928628	1.4701183416490413	11.718
18.224236	0.069871	8.194819	0.070977	-0.48276	0.068579	-11.764317	0.067114	20.2564	0.2376	185.95074428214113	1.8465904633804802	39.545116873125494	0.44977164159974375	165.31208378504826	1.4060537865586034	11.718
18.219551	0.06999	8.202628	0.071879	-0.475028	0.071235	-11.76217	0.065393	20.2564	0.2376	186.1827008608805	1.8647295010745304	39.54476506105714	0.46116845667857054	165.2302775067373	1.4155624022219593	11.718
18.206929	0.07387	8.186536	0.068957	-0.507945	0.070966	-11.780581	0.065979	20.2564	0.2376	186.07055751644447	1.8764805628058532	39.45813719195777	0.44906705082666404	165.40055451657233	1.421765789196223	11.715
18.184797	0.080354	8.183992	0.075808	-0.513783	0.071591	-11.781694	0.072176	20.2564	0.2376	186.4827456176223	2.0599041672533525	39.45329622194135	0.47296742934301556	165.51228869167386	1.4932581568059964	11.718
18.166548	0.072689	8.180229	0.073444	-0.513769	0.071234	-11.79311	0.070356	20.2564	0.2376	186.705449865327	1.931931204312134	39.46032825097403	0.4643876574174749	165.30223572682738	1.4673064748705273	11.715
18.165976	0.077729	8.157896	0.078821	-0.531206	0.079251	-11.785384	0.074597	20.2564	0.2376	186.34720258087074	2.06120229145671	39.49267460590214	0.5080211112086546	165.71424426122073	1.6025851629634948	11.718
18.141526	0.073734	8.138108	0.074648	-0.535062	0.071328	-11.796843	0.07117	20.2564	0.2376	186.43402563058768	1.9554712217322334	39.565221045712775	0.4709909675688846	165.60237498108532	1.4816698795121328	11.718
18.159989	0.072201	8.141965	0.069187	-0.540878	0.071231	-11.800317	0.066673	20.2672	0.2386	186.16222919181874	1.85825763580624	39.52114493556284	0.4519828406189859	165.63680778853566	1.4352926095410998	11.718
18.12689	0.076813	8.105996	0.070678	-0.546677	0.074613	-11.820828	0.071951	20.2564	0.2376	186.1089080311988	1.9385859681779158	39.65894645742219	0.47105641914694507	165.42066148402628	1.5208639573646558	11.718
18.119097	0.072482	8.106246	0.074562	-0.571828	0.070507	-11.821174	0.069003	20.251	0.2381	186.25840113102174	1.9343410758320567	39.542864615006124	0.46759864089667547	165.785412955792	1.4538930371744152	11.718
18.10641	0.070721	8.096149	0.071253	-0.567959	0.070132	-11.821088	0.063677	20.2564	0.2376	186.2589065683334	1.8679640028729707	39.596460113071906	0.45691490425908005	165.6872715563193	1.3947336410303033	11.715
18.074552	0.072812	8.071851	0.070561	-0.587325	0.068975	-11.841079	0.071576	20.2618	0.2381	186.44738902547	1.889933172380756	39.62916430451384	0.451583486107776	165.72048915151942	1.4637640938041825	11.718
18.060133	0.077262	8.055892	0.07553	-0.593126	0.072359	-11.846743	0.070906	20.2618	0.2381	186.41869805505252	2.0133472122507166	39.67570305490588	0.4798203915919153	165.72251318000446	1.4918886610835438	11.718
18.073316	0.069145	8.068211	0.068823	-0.591178	0.067736	-11.843443	0.06621	20.2618	0.2381	186.40261065272793	1.8175972795273567	39.62818689800123	0.44191356663108683	165.74241438134726	1.3951991004199642	11.718
18.056592	0.072887	8.066204	0.068716	-0.589243	0.070036	-11.834219	0.064549	20.2564	0.2376	186.6772002141648	1.8717745020219059	39.646235176439106	0.4494235963038695	165.84984806869818	1.4047479512681207	11.718
18.05025	0.073093	8.058147	0.070999	-0.600856	0.073666	-11.854469	0.071708	20.2672	0.2386	186.64515403282437	1.9034010642858303	39.629951720244925	0.46825177536409546	165.72257454903738	1.5139195143689137	11.718
18.042386	0.069675	8.028268	0.066529	-0.610523	0.071224	-11.849238	0.064094	20.2564	0.2376	186.23482790544017	1.7915827963711393	39.72267528033949	0.4481476431619652	165.9422522843686	1.4147602019248806	11.718
18.033883	0.078186	8.04225	0.079299	-0.622137	0.077161	-11.852841	0.074121	20.2618	0.2381	186.65393991148474	2.0803514641676637	39.60532376625288	0.5057619997953762	166.0606254414227	1.5820510475250091	11.718
18.007739	0.076716	8.021723	0.072172	-0.626027	0.071579	-11.859569	0.068493	20.2618	0.2381	186.75892363761037	1.9698595739657956	39.68152018027616	0.4664260686860965	166.01866914840468	1.4641370849912472	11.718
18.005153	0.078957	8.005458	0.073807	-0.666668	0.07736	-11.872177	0.073513	20.2564	0.2376	186.50345015050303	2.015833335920059	39.56998087971931	0.4878674745919909	166.43399698327443	1.5850655340779611	11.718
18.050037	0.075148	8.048021	0.077638	-0.600861	0.072526	-11.858028	0.074101	20.2564	0.2388	186.46018091969563	2.014299386298259	39.676328378430554	0.48738634410025955	165.67023804879088	1.5259523039396545	11.718
18.012557	0.072806	8.013977	0.073394	-0.626016	0.070867	-11.869183	0.0695	20.2618	0.2381	186.52424529297843	1.928566436300076	39.71715191158163	0.46899330507040565	165.87653630872578	1.4644242290969258	11.718
17.972497	0.069937	7.997774	0.070212	-0.643437	0.069459	-11.872655	0.068301	20.2618	0.2381	186.92249602089765	1.8571053809872555	39.70138293218909	0.45376056790029323	166.04007886359452	1.4404075500904938	11.715
17.991375	0.070655	7.989781	0.071168	-0.653111	0.072599	-11.876387	0.065721	20.2618	0.2381	186.46803882207558	1.8696970873942746	39.70382910607164	0.4670231831119477	166.1705107645117	1.4499010571924544	11.718
17.975152	0.075049	7.989996	0.071064	-0.647297	0.071665	-11.869313	0.07032	20.2564	0.2376	186.77501129800675	1.9332944784713713	39.729560571761496	0.4642324297586159	166.18918338254636	1.486885276630526	11.718
17.977313	0.071169	7.988021	0.072448	-0.666645	0.071133	-11.876735	0.068013	20.2618	0.2381	186.64988820082698	1.8975816214405006	39.639660002907014	0.4650294903385991	166.32339169911458	1.4601911914925136	11.715
17.970902	0.070286	7.975924	0.069303	-0.662778	0.075054	-11.880337	0.066109	20.2564	0.2376	186.5914660166141	1.8427046230346609	39.723083901488764	0.4697446185275299	166.25520414932134	1.4823577692467758	11.718
17.948835	0.06904	7.9683	0.069706	-0.660828	0.071574	-11.871679	0.07033	20.2564	0.2376	186.861483354583	1.8368624295932963	39.767157238344254	0.4604280297117537	166.35468517410837	1.4889966025463715	11.718
17.943809	0.073447	7.96392	0.067942	-0.674385	0.066517	-11.889603	0.070721	20.2618	0.2381	186.8735817824925	1.8734968834243182	39.72490717075863	0.43725373149495667	166.2899157978346	1.4395316329936567	11.718
17.934632	0.075603	7.964473	0.075872	-0.67243	0.091459	-11.877474	0.076071	20.2564	0.2376	187.06217688201954	2.0096141223956607	39.732682583576285	0.5466738171221349	166.44645871641163	1.767112458251274	11.718390600000001
17.923127	0.079698	7.955989	0.070154	-0.674382	0.069263	-11.895267	0.071172	20.2726	0.2389	187.11264592074252	1.9932473053772046	39.7614280580853	0.454197272681887	166.20592818547553	1.4710311169504924	11.718
17.93428	0.077227	7.946267	0.075148	-0.684045	0.076306	-11.90308	0.071343	20.2726	0.2389	186.72159415925253	2.0144398932251453	39.761701339793596	0.49342016525474475	166.23332960130782	1.547835991680359	11.718
17.895898	0.079801	7.925875	0.077786	-0.687926	0.076018	-11.898913	0.074936	20.2618	0.2381	187.01060900890704	2.090309692280645	39.82771779674243	0.502889243015165	166.31009080780598	1.5834994946702454	11.715
17.891931	0.071235	7.917945	0.077209	-0.718876	0.071916	-11.904576	0.068122	20.2618	0.2381	186.98416869162352	1.9694032594776125	39.73173821513744	0.4853939115246596	166.7287271220609	1.4765172610807749	11.718
17.904607	0.069338	7.924022	0.067977	-0.689855	0.071129	-11.891752	0.072494	20.2618	0.2381	186.86055909789135	1.817965676462404	39.83756284917598	0.4550243412812329	166.48766392432853	1.5094427171735163	11.718
17.859755	0.066085	7.893516	0.067792	-0.732427	0.064826	-11.916964	0.065382	20.2618	0.2381	187.129523671909	1.7776205623294936	39.7818403942395	0.43258782742151164	166.7460816741771	1.3726565881584383	11.718
17.872779	0.06696	7.913781	0.06849	-0.728552	0.068658	-11.91358	0.066818	20.2726	0.2389	187.2655863329192	1.8010825722751629	39.706392062745614	0.44555634192838955	166.73875385560814	1.42819098538114	11.718
17.872639	0.073541	7.899683	0.071643	-0.736291	0.071998	-11.919026	0.071306	20.2834	0.2392	187.00350574992174	1.9251725422019534	39.73562940803372	0.4673432841879466	166.77294771192908	1.511214594225152	11.718
17.862125	0.066927	7.907674	0.067522	-0.709211	0.067187	-11.915294	0.068225	20.2618	0.2381	187.3031651400195	1.7888526586860092	39.81346164752072	0.4401103130403819	166.38287099736957	1.4217086797937117	11.715
17.860387	0.077214	7.893789	0.074289	-0.71501	0.074824	-11.891535	0.071558	20.2618	0.2381	187.12279245930029	2.011714820643526	39.86106225161348	0.488213329704362	166.8656077301895	1.5457574958608282	11.718
17.851752	0.071607	7.873617	0.070981	-0.718882	0.070856	-11.92087	0.070739	20.2618	0.2381	186.9064387633707	1.8886202637744804	39.93667796111814	0.4661494667554752	166.48631365159	1.488040994085765	11.718
17.847574	0.076889	7.885647	0.072572	-0.728554	0.073008	-11.911649	0.071791	20.2564	0.2376	187.21052462110504	1.9869212930390263	39.8360646110848	0.4760461762152459	166.76757898502618	1.5269188189555851	11.718
17.853981	0.081977	7.873678	0.08154	-0.716946	0.077767	-11.91358	0.073292	20.2618	0.2381	186.81798925377143	2.1643359212405158	39.93517081035216	0.5238072117361736	166.5232731764908	1.5893138230433093	11.715
17.860598	0.072588	7.887865	0.074433	-0.722745	0.068147	-11.919331	0.066645	20.2618	0.2381	187.00767714620582	1.9495916596873735	39.852681015059794	0.46707724803072065	166.56662505276245	1.4180105647518348	11.718
17.831077	0.070869	7.879723	0.073035	-0.730486	0.068556	-11.915468	0.065451	20.2726	0.2389	187.36146058233177	1.916043643937051	39.84433322209308	0.46354306689893293	166.69674436404347	1.4126085914332027	11.715
17.822583	0.073496	7.859613	0.074815	-0.745961	0.071566	-11.930135	0.068839	20.2618	0.2381	187.19092691123743	1.9704802928619574	39.876001672561664	0.4797434587279992	166.75149499869394	1.4805233565601923	11.718
17.771768	0.073608	7.833249	0.069943	-0.767244	0.06925	-11.924166	0.063944	20.2726	0.2389	187.65145794915657	1.9171783555815576	39.899561678842026	0.45661940273968926	167.15879273367943	1.4122169442631398	11.718
17.78005	0.071999	7.839232	0.069692	-0.776914	0.075708	-11.935187	0.071699	20.2564	0.2376	187.6080781289767	1.8910910709472886	39.82707244837563	0.4756488993038117	167.13855759871257	1.5618687389269013	11.718
17.806016	0.077172	7.855663	0.078804	-0.736289	0.07505	-11.930222	0.075988	20.2618	0.2381	187.38030295008735	2.077075140329012	39.92899735780538	0.5057308396414085	166.56344938320572	1.589190965490347	11.715
17.791539	0.078765	7.861739	0.077866	-0.744024	0.072511	-11.911867	0.078513	20.2618	0.2381	187.81622603955023	2.0948886353274596	39.875128375840184	0.4930061161892666	166.99532963554668	1.5981133901566862	11.718
17.833797	0.071934	7.873981	0.068553	-0.740149	0.070212	-11.917705	0.067519	20.2672	0.2386	187.25021760447342	1.8681726363386308	39.836393736580135	0.4537998102735688	166.85022007140074	1.4540485995729218	11.718
17.778731	0.077667	7.831546	0.075765	-0.755632	0.069255	-11.92829	0.070484	20.2672	0.2386	187.4879811520402	2.0450666701819857	39.961427478010854	0.477685174058533	166.9233523784561	1.476321843412265	11.718
17.774904	0.071415	7.827687	0.066546	-0.7711	0.068654	-11.926664	0.070371	20.2726	0.2389	187.43937766599558	1.839380098697921	39.897255479225265	0.4436314354469757	167.1363390102488	1.4729605576674274	11.715
17.777062	0.074676	7.835736	0.072114	-0.753693	0.072923	-11.928552	0.071399	20.2726	0.2389	187.59847875496695	1.9589876834706674	39.950952727807504	0.4770162095921928	166.89047732381857	1.5241664488395126	11.718
17.780819	0.071278	7.827537	0.072678	-0.784641	0.065446	-11.944887	0.070388	20.2726	0.2389	187.37312769485507	1.9163545297334634	39.84542402468073	0.4524930814623964	167.10900627231	1.4391534477204864	11.718
17.755834	0.075454	7.815539	0.072069	-0.776905	0.070115	-11.946775	0.070644	20.2726	0.2389	187.61794722462275	1.9694062244562796	39.93693370850272	0.4673444067682722	166.9650250021026	1.4877895300424138	11.718
17.764534	0.077254	7.833732	0.079592	-0.778835	0.075933	-11.937773	0.074591	20.2564	0.2376	187.7972678417602	2.097539573114479	39.84362397157044	0.5088979878342497	167.12859787203897	1.5941704186037502	11.718
17.771218	0.076919	7.841932	0.072287	-0.753688	0.069738	-11.921437	0.068097	20.2726	0.2389	187.82596093883907	1.9967327392746403	39.922179657547474	0.4665072875618486	166.9967337607029	1.4575316353493073	11.718
17.747762	0.070688	7.807642	0.068817	-0.778836	0.069054	-11.939574	0.065534	20.2564	0.2376	187.57320300975638	1.8616241064156267	39.954453861651224	0.4536366768493837	167.05886687412215	1.4249989366137479	11.715
17.718116	0.071993	7.79343	0.070972	-0.792377	0.069348	-11.95222	0.06857	20.278	0.2391	187.91301076195708	1.9141087651177626	39.967804389285845	0.46191559506054336	167.11505031436684	1.4603946887015713	11.718
17.7495	0.069679	7.805487	0.070731	-0.792377	0.072247	-11.944887	0.064541	20.2888	0.2392	187.5477730610388	1.8726074283483505	39.911762650595136	0.4693434122541307	167.22491114217388	1.4526099639264012	11.718
17.703226	0.07348	7.753228	0.070991	-0.805916	0.070204	-11.977859	0.069254	20.2726	0.2389	187.38698201652042	1.9241879047442842	40.08205154561126	0.4675539906293209	166.89131010121972	1.4731389873898262	11.715
17.70907	0.074842	7.767076	0.068354	-0.813654	0.06824	-11.959158	0.066319	20.2834	0.2392	187.58587422618555	1.912443595668595	39.99145523386936	0.45015513792337786	167.33003703710665	1.4286280619304388	11.718
17.717698	0.068861	7.7692	0.070129	-0.803983	0.071204	-11.963021	0.066731	20.2726	0.2389	187.46322970253362	1.8520187677723994	40.026657933070034	0.46660389834053423	167.12710843933115	1.4615339033914676	11.718
17.690702	0.069264	7.771264	0.07406	-0.807849	0.076852	-11.937293	0.065423	20.2834	0.2392	188.01242227531552	1.9219596329818283	39.99899106917931	0.4976096198692645	167.571509785479	1.5196328305927134	11.718
17.705383	0.070406	7.783319	0.070027	-0.81945	0.063348	-11.974215	0.070401	20.2726	0.2389	187.96266960642097	1.8811655008132016	39.8890020900733	0.4378438004580155	167.19112407419502	1.4194845753585978	11.718
17.69933	0.072804	7.76938	0.072144	-0.80398	0.073242	-11.946688	0.073146	20.2726	0.2389	187.81339322378213	1.9385636872321572	40.02583716241051	0.47996588389398603	167.37202600150235	1.5548294841782677	11.718
17.703992	0.071214	7.747544	0.070927	-0.819445	0.073563	-11.967277	0.073656	20.2672	0.2386	187.3135573520483	1.8909089071081446	40.05560121188443	0.47778302380655197	167.29508326603076	1.562223081880571	11.718
17.687223	0.073971	7.769559	0.078224	-0.800108	0.076574	-11.948794	0.077614	20.2618	0.2381	188.0460553777221	2.0413175424301393	40.04307961965314	0.5114915412134717	167.28228687458056	1.635952352321506	11.718
17.691537	0.071945	7.765611	0.074523	-0.815577	0.068139	-11.959945	0.070289	20.2888	0.2392	187.88952847881663	1.9607729107241483	39.98932351449828	0.47057167201575817	167.34708546625978	1.4700293840608036	11.718
17.671849	0.074871	7.745182	0.073363	-0.844586	0.068445	-11.955689	0.069578	20.2888	0.2392	187.8755194225439	1.9839088382807437	39.949377789931546	0.46663439823580827	167.84810739791075	1.4743844549473277	11.718
17.683188	0.070148	7.759598	0.073036	-0.813643	0.069051	-11.954413	0.065533	20.2726	0.2389	187.93377153157343	1.9178012151781105	40.02638739217307	0.4692560724799945	167.40113611100105	1.4304327742523426	11.718
17.68771	0.078792	7.753736	0.076082	-0.817507	0.073486	-11.971228	0.072319	20.278	0.2391	187.73730125024696	2.0699313353976514	40.035720137377766	0.4940741804158902	167.20677460673642	1.5456274833933856	11.718
17.676718	0.078158	7.759509	0.071671	-0.823313	0.069732	-11.965346	0.069138	20.2726	0.2389	188.05468410842644	2.0108641794521023	39.981710197492106	0.46581619908990196	167.38216509954304	1.4751630554964574	11.718
17.665935	0.073552	7.73932	0.069744	-0.832983	0.070202	-11.968815	0.074845	20.278	0.2391	187.87648931150974	1.9184115538814468	40.03077104799238	0.46210936084378185	167.47537737211738	1.543284623403927	11.718
17.69766	0.070402	7.753526	0.072825	-0.813644	0.073643	-11.948794	0.073695	20.2888	0.2392	187.5455109673917	1.910349730974465	40.054750627685294	0.48422948807598853	167.48563539136975	1.5670502718254038	11.718
17.651534	0.071942	7.719371	0.074798	-0.838782	0.06973	-11.967102	0.06847	20.2888	0.2392	187.77154123441218	1.9620124487826451	40.09695780360681	0.47911052293557665	167.588418064796	1.471723255092262	11.718
17.651326	0.079044	7.721285	0.072193	-0.86005	0.073317	-11.978034	0.071468	20.2942	0.239	187.811680790331	2.024698585751261	39.98863617805335	0.4794828136955881	167.7442249095231	1.5447840620648912	11.718
17.643464	0.070401	7.717486	0.068238	-0.860047	0.068847	-11.983872	0.063964	20.2888	0.2392	187.88855047819123	1.8558851074290081	40.00636238800833	0.4521121881242551	167.65614391076053	1.4163695345377765	11.718
17.626769	0.073201	7.723497	0.0721	-0.832979	0.074116	-11.961746	0.071074	20.2888	0.2392	188.31933798004422	1.953816845080505	40.10481125357594	0.4846437415640302	167.58170529852606	1.5463134216572838	11.718
17.658212	0.074726	7.717545	0.077803	-0.848446	0.075333	-11.965521	0.070764	20.2834	0.2392	187.61092878469074	2.0359458272491553	40.06026496755195	0.506471174129992	167.75794035972467	1.5596685555592706	11.718
17.645482	0.073966	7.709441	0.07521	-0.863914	0.071986	-11.972765	0.073697	20.2996	0.2387	187.6502239332939	1.992212997360019	40.01560959875069	0.48592089993462906	167.83914643054268	1.5564982235982143	11.715
17.647846	0.074955	7.721583	0.076994	-0.842645	0.069729	-11.974784	0.067821	20.278	0.2391	187.83505009628445	2.033353873855875	40.05825522513121	0.4858678510107023	167.4880404433056	1.463496368880296	11.715
17.609037	0.071608	7.690994	0.072718	-0.887116	0.070565	-11.990589	0.069357	20.2834	0.2392	187.99073040784026	1.9344387479396987	39.99342875006222	0.47241893077613356	167.92044654787895	1.4963472021189563	11.715
17.635047	0.070396	7.717456	0.069397	-0.842647	0.069729	-11.969077	0.069692	20.2942	0.239	187.99930073580543	1.8738407494438036	40.07755676046883	0.46059409489611974	167.5739748951063	1.4847906192661218	11.715
17.619678	0.078841	7.691083	0.082224	-0.875517	0.078148	-12.003626	0.074593	20.2888	0.2392	187.79094247772903	2.154612873854662	40.04716421178638	0.5302938016802384	167.54870073874196	1.6265914457016022	11.715
17.590398	0.073542	7.685043	0.072848	-0.883249	0.070197	-11.996207	0.071854	20.2834	0.2392	188.27974401561002	1.967594272728403	40.04950661878668	0.4728609463739177	167.82008828764134	1.5169498881564942	11.718
17.594294	0.074627	7.690935	0.071676	-0.875519	0.072989	-11.986814	0.073432	20.2834	0.2392	188.26947256356434	1.9670922952943175	40.047848258041334	0.478238515179716	167.80223162326826	1.5635925716946775	11.715
17.609522	0.072535	7.709233	0.069147	-0.869716	0.067713	-11.981677	0.068589	20.2834	0.2392	188.37609169421606	1.906793041246815	39.99975558823406	0.4512412996483641	167.83514144495135	1.4557535989401784	11.718
17.611608	0.073389	7.703223	0.071978	-0.86005	0.071111	-11.968771	0.069916	20.2888	0.2392	188.22214627129776	1.9527066071282475	40.072982650398934	0.4734873037768591	167.88410140617478	1.5071173765529293	11.718
17.584554	0.071172	7.669194	0.075456	-0.883247	0.074572	-11.998314	0.06502	20.2888	0.2392	188.0897600370704	1.967629015502109	40.12373538504828	0.4977098145425167	167.78824738799955	1.4935195284380776	11.718
17.586432	0.067445	7.679122	0.070473	-0.892913	0.068131	-11.998183	0.067727	20.2942	0.239	188.2425703835876	1.8534149309637356	40.03202116797382	0.4577706074702504	167.93627697283748	1.452734978596188	11.718
17.590467	0.073011	7.679063	0.071606	-0.871651	0.069242	-12.005469	0.067744	20.2888	0.2392	188.1166497261408	1.9409654660878892	40.12156853189195	0.467382787369223	167.46277805927514	1.457000350456136	11.715
17.59457	0.068424	7.667013	0.071619	-0.873584	0.069725	-11.979615	0.072006	20.2834	0.2392	187.85866439975354	1.8743409379485154	40.17937682164341	0.47023629294523006	167.9247700030479	1.515523121555022	11.718
17.592761	0.074171	7.681155	0.073268	-0.877449	0.073234	-11.996383	0.073263	20.2888	0.2392	188.16099291494285	1.9792152793557036	40.0948450213857	0.4853069177773957	167.72989178894443	1.5626526936201173	11.718
17.550484	0.071975	7.664892	0.070572	-0.898714	0.067816	-12.008936	0.070062	20.2888	0.2392	188.65613675160583	1.9236766395876737	40.07142464489072	0.45798142857460583	167.86140839912454	1.4732088129157557	11.718
17.540261	0.071494	7.660974	0.070385	-0.892914	0.070102	-12.001694	0.068825	20.2996	0.2387	188.77653877539603	1.917064352840322	40.11694607035546	0.46589072228361694	167.88320942827352	1.4846726397165726	11.718
17.561881	0.074505	7.661299	0.070959	-0.881313	0.071198	-11.98374	0.070065	20.305	0.2383	188.3705035707877	1.9575923099863932	40.16990315475956	0.4726770038231407	167.9792657279505	1.5113508501754012	11.718
17.573915	0.069337	7.671108	0.068839	-0.881315	0.069339	-11.987121	0.069553	20.305	0.2383	188.3281956407085	1.8581367295467037	40.12381683253095	0.45839447788953386	167.92817007554598	1.485030250456927	11.718
17.552984	0.077663	7.651047	0.074145	-0.89098	0.070196	-12.007356	0.068444	20.2942	0.239	188.3447225106434	2.0423558200681278	40.172650777310515	0.4801840563283981	167.76849070506216	1.479636506065964	11.718
17.542485	0.074024	7.651017	0.073387	-0.906444	0.069238	-12.001782	0.067356	20.2996	0.2387	188.54407457436656	1.9868747091199268	40.1001974606951	0.47278939492150635	168.0865945447552	1.463365733813067	11.718
17.561467	0.075251	7.655112	0.070497	-0.894846	0.070928	-12.009288	0.067491	20.2996	0.2387	188.21254269573754	1.9590907446944992	40.12511329086165	0.4693170099910304	167.75472362490154	1.4777571262817717	11.715
17.534417	0.076767	7.643123	0.07703	-0.892913	0.076276	-11.996427	0.07466	20.2942	0.239	188.5473804120171	2.07300488554191	40.20085050637746	0.5105383612566717	167.9628242336528	1.6145644735335136	11.718
17.546864	0.070809	7.649103	0.075155	-0.887114	0.070196	-11.994539	0.0707	20.2942	0.239	188.42418669762387	1.9657261745890175	40.19999692093628	0.48430196590428853	167.9036818465019	1.5060295030105242	11.718
17.538175	0.072961	7.640943	0.068309	-0.906444	0.071106	-12.014599	0.070302	20.2942	0.239	188.3860185414847	1.9024194877965805	40.13718009602451	0.463013555390914	167.8496812611427	1.5109292317898846	11.715
17.532193	0.075311	7.635052	0.072035	-0.908376	0.069337	-12.023991	0.069467	20.2996	0.2387	188.38774374068157	1.983694164676405	40.15578189873559	0.4699398714866899	167.7370172593164	1.4810909579881772	11.715
17.53671	0.081378	7.659237	0.075838	-0.902576	0.075475	-12.018681	0.072001	20.2942	0.239	188.7628638945832	2.1257958813652658	40.069554986725805	0.5007381556803435	167.72963255358036	1.5739240491197513	11.715
17.534348	0.077634	7.639087	0.071264	-0.89098	0.072657	-12.007444	0.069251	20.2942	0.239	188.47179924750324	2.0072009914357305	40.228977670081015	0.4799728557589834	167.76715587190998	1.5148059994145107	11.718
17.519816	0.074708	7.631105	0.072438	-0.910308	0.070746	-12.016706	0.074095	20.305	0.2383	188.59662766731714	1.9846270248580817	40.175539840452366	0.47625958072555963	167.91922524766417	1.5488882442736007	11.718
17.510716	0.070275	7.598737	0.071259	-0.93157	0.068127	-12.018066	0.066997	20.2888	0.2392	188.10574809543348	1.8993263917269667	40.217546782762604	0.4647998435846624	168.17759407864745	1.4494615497629493	11.715
17.531072	0.073463	7.655496	0.073115	-0.892909	0.074801	-11.989578	0.071845	20.305	0.2383	188.79911464607767	1.9814967097248772	40.13240489988767	0.4910673556852387	168.02340055714552	1.5704398208517973	11.715
17.524332	0.06934	7.62324	0.070075	-0.919971	0.069335	-12.009551	0.069018	20.305	0.2383	188.31256945317105	1.8749870245796882	40.15680158140141	0.46336727791700055	168.13081624094093	1.4832266824019351	11.715
17.509319	0.073918	7.625066	0.077586	-0.935434	0.069719	-12.025879	0.067392	20.2942	0.239	188.68171482551372	2.045609122299411	40.08596188032348	0.4884451436872516	168.1607556500138	1.470271259429886	11.718
17.525936	0.068131	7.609014	0.069911	-0.914174	0.064813	-12.011087	0.066732	20.2996	0.2387	188.01199204109218	1.850724681061441	40.25113592840469	0.45021222400262567	168.01971534775677	1.4085254658536621	11.715
17.492083	0.071162	7.588783	0.07207	-0.9393	0.073225	-12.031057	0.067133	20.2996	0.2387	188.2705806888298	1.9254608121720147	40.22803791321608	0.4846485983671787	168.0978195332965	1.505546717103744	11.715
17.518212	0.081092	7.643329	0.074194	-0.910307	0.073633	-12.011483	0.07384	20.3104	0.2378	188.8123720093662	2.1015672905551104	40.10786046716221	0.49014055898914854	167.95519301938984	1.5776860976601148	11.715
17.51592	0.074281	7.629219	0.074379	-0.931568	0.071892	-12.011351	0.072456	20.2942	0.239	188.58669017197738	2.0051073652188136	40.074356445731475	0.4842385232799246	168.27947902792948	1.5502440842800107	11.715
17.499028	0.071605	7.615111	0.070133	-0.914174	0.069433	-12.014906	0.073064	20.305	0.2383	188.639802495544	1.9129298102987626	40.22236901887978	0.46540031162036477	167.96190496418032	1.5250763408580483	11.715
17.501045	0.07588	7.605067	0.079699	-0.923838	0.070835	-12.005645	0.071479	20.2942	0.239	188.40990779768782	2.095129547781024	40.22415856155961	0.5028803054278957	168.24874766876744	1.527841427987674	11.715
17.479846	0.071298	7.598913	0.073445	-0.947029	0.069718	-12.029389	0.071218	20.305	0.2383	188.69677688779888	1.9547715607600404	40.143968061612576	0.47568761446552804	168.24035081030547	1.5129691426702085	11.715
17.47407	0.069207	7.59311	0.069922	-0.939298	0.067706	-12.016794	0.073119	20.305	0.2383	188.69624557183843	1.878758153535823	40.20764430212321	0.45865470626935073	168.31423894351335	1.5141352908853203	11.715
17.490685	0.074615	7.603094	0.07412	-0.933501	0.074567	-12.014906	0.069896	20.3104	0.2378	188.56970004299453	2.0057797945179847	40.187925112801	0.49495992367668584	168.2548464255023	1.5518192776841755	11.715
17.476705	0.073032	7.597349	0.073001	-0.94123	0.071103	-12.018989	0.070255	20.305	0.2383	188.7268914209721	1.9726096485209224	40.17858473024422	0.47952172795265996	168.31023561153745	1.5187057115399527	11.715
17.467883	0.070207	7.573113	0.072387	-0.962488	0.074792	-12.038958	0.067208	20.2996	0.2387	188.4328992658916	1.9203821041853475	40.192603183979706	0.49011878565074646	168.32981907934294	1.5280961346380415	11.715
17.512781	0.072189	7.615639	0.066037	-0.925767	0.066034	-12.002792	0.069771	20.2888	0.2392	188.38772894624708	1.8622849277845843	40.16528854620205	0.4391507505672022	168.32138682518163	1.4597581904205073	11.715
17.493665	0.073583	7.617495	0.073761	-0.929633	0.073471	-12.017321	0.070397	20.305	0.2383	188.78777750578072	1.9915967647961137	40.138396105695996	0.4889077083012667	168.15951430424667	1.5432166154542282	11.715
17.466003	0.072998	7.597232	0.069958	-0.941231	0.075321	-12.020656	0.06527	20.2888	0.2392	188.9293135166374	1.9356336515674801	40.17913338080424	0.4837302767776627	168.2849093358803	1.5138249592352677	11.715
17.476018	0.071058	7.583038	0.07377	-0.960556	0.0711	-12.031453	0.069131	20.3104	0.2378	188.46698581541406	1.9512995513342264	40.155001275239414	0.48154682733027615	168.41455529567506	1.5085816900040447	11.715
17.454685	0.066926	7.594849	0.070025	-0.9393	0.067275	-12.023772	0.066809	20.305	0.2383	189.10053308354205	1.8577347607566046	40.199444118018455	0.45740726700415507	168.20829789891746	1.4387883021226382	11.715
17.472122	0.069093	7.597174	0.065377	-0.9335	0.065796	-12.016881	0.064882	20.305	0.2383	188.8111259445374	1.8187377222507193	40.21581808656887	0.4372672163270326	168.22485285333687	1.4025496135323983	11.715
17.454547	0.084325	7.576768	0.074624	-0.941232	0.076053	-12.02737	0.072996	20.2942	0.239	188.75701065080642	2.151756966254728	40.27565490232058	0.5037981601946264	168.18302081805533	1.5992184381063024	11.715
17.465385	0.076254	7.576943	0.076525	-0.935434	0.076555	-12.025791	0.07319	20.305	0.2383	188.55347050047743	2.0599476228692404	40.302260921477654	0.5124859831888187	168.1190414036554	1.6055347547042043	11.715
17.467814	0.078581	7.591107	0.074175	-0.927703	0.073868	-12.01495	0.075241	20.305	0.2383	188.77751011385834	2.0653882052355983	40.27182718381537	0.4948754203646713	168.16619018846208	1.5992755890309214	11.715
17.461832	0.072617	7.587219	0.072328	-0.935433	0.06972	-12.0225	0.066655	20.3104	0.2378	188.81752503028682	1.9597960942323573	40.253674385472976	0.4744858968901082	168.16892574971624	1.4630417980093224	11.715
17.451612	0.075778	7.601325	0.069264	-0.939298	0.063893	-12.013414	0.065189	20.305	0.2383	189.2838550252309	1.9727887877353594	40.16896990908125	0.4432024413711195	168.36558862359996	1.3877706160264631	11.715
17.472122	0.069093	7.57915	0.066987	-0.954758	0.069717	-12.027942	0.068545	20.305	0.2383	188.4671335812629	1.833327019710626	40.2005766521993	0.45544740016494434	168.3797750315681	1.4866988973754685	11.715
17.451063	0.068839	7.587072	0.07041	-0.933501	0.071281	-12.02228	0.066727	20.3104	0.2378	189.02087937222734	1.8869483347645701	40.263491693022004	0.47345176326314314	168.14296109563332	1.4805343848810026	11.715
17.463712	0.075532	7.597144	0.073248	-0.943163	0.071544	-12.024211	0.073347	20.2996	0.2387	188.97150759990512	2.015166677794455	40.17045272911435	0.48160775173658504	168.2602758646064	1.5558235975874495	11.715
17.459541	0.079138	7.587131	0.076137	-0.939298	0.075982	-12.016838	0.077313	20.305	0.2383	188.85966978994426	2.1007908435706897	40.23583849563104	0.5075910592062649	168.31356926046422	1.6470474868225284	11.715
17.436741	0.068252	7.555149	0.068337	-0.966353	0.067704	-12.016925	0.068742	20.3104	0.2378	188.68418958073414	1.8442037702084288	40.25910303403309	0.45447391582665314	168.72430587030433	1.4731637158148794	11.715
17.47274	0.075983	7.59944	0.070481	-0.921902	0.070563	-12.004372	0.067018	20.3104	0.2378	188.84264239514684	1.982259406587827	40.25985817679179	0.47119775425535476	168.238691392507	1.4773292680151646	11.715
17.428401	0.070495	7.569166	0.065623	-0.947028	0.067706	-12.018769	0.066727	20.305	0.2383	189.1120634672377	1.8473685860395817	40.28419360594968	0.4460156217593303	168.4017211316936	1.4458840960711936	11.715
17.443271	0.068434	7.555265	0.07043	-0.947028	0.071544	-12.026319	0.065417	20.305	0.2396	188.5618095098456	1.8726913218024013	40.35005748137083	0.4764473906954802	168.2869623699029	1.4724930003990742	11.715
17.425836	0.071489	7.544934	0.071565	-0.966353	0.077388	-12.038738	0.068014	20.3104	0.2378	188.697361046644	1.9317657813835056	40.30742082048082	0.4991803688053344	168.39192241937315	1.5668832301986855	11.715
17.436878	0.07908	7.565219	0.075286	-0.958623	0.080264	-12.037291	0.071673	20.3158	0.2384	188.8740528100396	2.089051015800524	40.248047865450296	0.5196192082620453	168.29642505426943	1.6346648105621961	11.715
17.424436	0.073145	7.553234	0.071567	-0.960556	0.071455	-12.031805	0.071776	20.2888	0.2392	188.88278925815365	1.9581129087855018	40.29557286804936	0.47865347966979815	168.4091948783039	1.5406112336526423	11.715
17.447647	0.084381	7.575378	0.082009	-0.95669	0.076483	-12.024607	0.076048	20.2996	0.2387	188.86237554077624	2.251051166996781	40.20924471498135	0.5284776873795082	168.45990314586376	1.6416330664845036	11.715
17.450075	0.074184	7.565511	0.071724	-0.952825	0.074257	-12.019296	0.06853	20.2996	0.2387	188.67575444138828	1.9696272942930735	40.28438013273627	0.488235027810865	168.5250486345335	1.5387888957778029	11.718
17.379492	0.069734	7.528713	0.068003	-0.960556	0.067382	-12.02737	0.064196	20.3104	0.2378	189.27438748494615	1.8715028465701709	40.411959415794165	0.45572309488544943	168.47669001249946	1.4168137026881327	11.715
17.404782	0.07129	7.536838	0.072117	-0.981811	0.072563	-12.053351	0.068565	20.2942	0.239	188.9451524088241	1.9416574156866162	40.27258577411898	0.4836557264488581	168.4047695836935	1.5185219015379754	11.715
17.430965	0.081288	7.559358	0.074874	-0.958623	0.073225	-12.009859	0.0713	20.305	0.2383	188.87502897118125	2.114527633062508	40.275746449120994	0.49518873671877595	168.7141765717129	1.560295075667245	11.715
17.413669	0.069471	7.547081	0.070863	-0.958623	0.069332	-12.026055	0.071597	20.305	0.2383	188.97113393768635	1.9006336077631583	40.333873739655516	0.4701116068267377	168.46729110719494	1.5170794079721808	11.715
17.40803	0.074268	7.545341	0.072665	-0.96442	0.069621	-12.01539	0.069188	20.3104	0.2378	189.04582400636227	1.991597935432986	40.31464835654025	0.4767515271408648	168.71824870091237	1.4985424888684484	11.715
17.44799	0.070234	7.565511	0.07665	-0.94896	0.06823	-12.019296	0.068617	20.305	0.2383	188.66725326241374	1.9847423782227311	40.29234933570981	0.4856132252266412	168.42307816838087	1.4721875419611745	11.715
17.416575	0.076315	7.567455	0.076645	-0.952825	0.07128	-12.022896	0.07122	20.3104	0.2378	189.3062715705564	2.078890727794119	40.26487570726114	0.4946346349789839	168.42712862520708	1.5330717451357099	11.715
17.418592	0.077543	7.53739	0.082402	-0.95669	0.075908	-12.015477	0.074567	20.3104	0.2378	188.69163338401142	2.1607169201060157	40.38907495503185	0.5327286074480249	168.5989743311906	1.6222381437064934	11.715
17.408098	0.080037	7.567397	0.070922	-0.976015	0.071628	-12.026495	0.068088	20.305	0.2383	189.46822042673136	2.0589455207776695	40.15585823837482	0.47377859502865294	168.72572169694425	1.508935159488167	11.715
17.419992	0.067296	7.559125	0.069201	-0.968285	0.065794	-12.035315	0.067014	20.305	0.2383	189.080748964759	1.850908120304606	40.23121015565056	0.4504913685185923	168.47339743544535	1.4296384413719339	11.715
17.400886	0.079739	7.544963	0.077703	-0.964421	0.076622	-12.025879	0.072293	20.2996	0.2387	189.1756034865326	2.1370307936765855	40.31643645904337	0.517031823987391	168.55826482000853	1.6052569733067727	11.715
17.405261	0.075348	7.563071	0.07872	-0.966353	0.075392	-12.01495	0.070809	20.305	0.2383	189.43957438194812	2.0973931567427786	40.22170934993034	0.5139995828264856	168.75447223050213	1.5797755089482957	11.715
17.430691	0.069059	7.571256	0.072641	-0.947028	0.067276	-12.020744	0.071612	20.3104	0.2378	189.1082156446937	1.9224463293506464	40.27431103621935	0.46811291991668363	168.37167689330647	1.4939460063561791	11.715
17.411173	0.073448	7.562926	0.070488	-0.954759	0.068125	-12.023947	0.071344	20.2996	0.2387	189.3230413351906	1.9569885509926581	40.27714626961048	0.4635419263167602	168.44054680034662	1.501103445023342	11.715
17.405534	0.073149	7.551173	0.071702	-0.970218	0.07083	-12.029873	0.075533	20.2996	0.2387	189.20558893072888	1.9666890012435814	40.25962708829289	0.4761758387865714	168.58573274134065	1.5784145112311119	11.715
17.388514	0.073116	7.527001	0.068398	-0.974082	0.069716	-12.02781	0.068286	20.3104	0.2378	189.1167874740603	1.9200455757439958	40.36613389772032	0.4637505675423347	168.7193384326289	1.4895294809476203	11.718
17.388514	0.075156	7.547023	0.075768	-0.966353	0.077389	-12.029653	0.072695	20.3104	0.2378	189.45302125768174	2.05441346832209	40.297528371408106	0.512651143917091	168.5301944228739	1.6174222518897299	11.715
17.425121	0.074837	7.563537	0.070067	-0.945094	0.069624	-12.015653	0.071618	20.305	0.2383	189.067018329073	1.9654935733440142	40.31999870057352	0.4680762347424122	168.41969790192346	1.5195440071854132	11.715
17.415959	0.075503	7.557181	0.076944	-0.960556	0.075319	-12.02803	0.072263	20.3104	0.2378	189.12081082030105	2.0679541637390937	40.27690193476761	0.5091374950606292	168.46663553343762	1.588828813535058	11.715
17.395042	0.072642	7.529119	0.070166	-0.979879	0.071973	-12.037203	0.070313	20.3104	0.2378	188.98386766487096	1.934586216843651	40.31826064773824	0.4762718118405065	168.621290243446	1.5343929202545885	11.715
17.403723	0.071426	7.545283	0.069953	-0.970218	0.073224	-12.030049	0.067838	20.3104	0.2378	189.12729423443977	1.9179682990378493	40.287477583448755	0.4791047692569074	168.58304959796376	1.5215106999359373	11.715
17.418386	0.068837	7.557326	0.070893	-0.954758	0.067706	-12.020876	0.066419	20.3158	0.2384	189.07705036261586	1.8946780338678932	40.30364649351973	0.4641591438802315	168.48728146925123	1.4440645038509101	11.715
17.396853	0.073116	7.533008	0.070946	-0.987608	0.070186	-12.035183	0.069015	20.305	0.2383	189.02366184948306	1.952337760950946	40.2632905130483	0.4715789831192834	168.77007789419244	1.5037341198877676	11.715
17.380244	0.074767	7.52703	0.072699	-0.987608	0.069231	-12.035227	0.069877	20.3158	0.2384	189.22762213416536	2.002735489228525	40.29155589504738	0.47504528791171957	168.76940636781478	1.5026845469245913	11.715
17.408372	0.076248	7.561506	0.07622	-0.960555	0.07517	-12.019296	0.073193	20.3104	0.2378	189.34960142109148	2.0731516644737478	40.25646231200591	0.5056910724630187	168.59967452440168	1.59955873525332	11.715
17.373922	0.081702	7.516991	0.077725	-0.983744	0.079312	-12.031497	0.074917	20.3104	0.2378	189.15625973205533	2.1640073714911865	40.35745699033564	0.5271988400210047	168.7673625507699	1.6666389361922616	11.715
17.379834	0.068561	7.512842	0.069891	-0.985676	0.067272	-12.03312	0.064104	20.3104	0.2378	188.96338425248115	1.874981839072535	40.36798391389023	0.4607794364064396	168.77207785594692	1.419594887557766	11.715
17.35482	0.070059	7.514844	0.071958	-0.979879	0.073782	-12.049709	0.066133	20.3104	0.2378	189.48218421212098	1.9339168575638666	40.386016225667696	0.48998051838195394	168.43078439611043	1.5075744652443384	11.715
17.382807	0.078671	7.539247	0.073165	-0.977947	0.073862	-12.028162	0.07087	20.2942	0.239	189.4131959736894	2.067297253396707	40.2794674798613	0.4916706433007197	168.72976470723518	1.5630181069107916	11.715
17.395589	0.072019	7.543367	0.075419	-0.976015	0.071628	-12.032025	0.070962	20.3158	0.2384	189.29514252460848	2.003618702246701	40.27943223251861	0.49176767927081894	168.68450948907582	1.538354161454328	11.718
17.376689	0.071152	7.537302	0.070947	-0.968285	0.070188	-12.031937	0.069016	20.3104	0.2378	189.4935332429875	1.9350920494347181	40.33442958083706	0.4732591531130615	168.5248448000553	1.499404949639568	11.715
17.365993	0.07602	7.519167	0.076353	-0.985676	0.072228	-12.046507	0.068896	20.305	0.2383	189.35036529864647	2.071880061959282	40.3379620615623	0.4984970163617428	168.56781594091944	1.5212181740206376	11.715
17.382807	0.069387	7.539247	0.076311	-0.960556	0.070559	-12.039222	0.067874	20.3104	0.2378	189.4131959736894	1.9846644128946265	40.36188361653423	0.49353069846104186	168.29643987410503	1.4872786835224174	11.715
17.372315	0.074389	7.529206	0.069963	-0.97215	0.0711	-12.037335	0.067038	20.3104	0.2378	189.4218822821521	1.965216576161222	40.35450441986403	0.4734953687350794	168.50149268558116	1.4880974233186375	11.715
17.382738	0.073015	7.5232	0.073725	-0.993405	0.068122	-12.057611	0.068101	20.305	0.2383	189.10623224527185	1.990154758158498	40.282251995912425	0.4747782280616929	168.51640430940293	1.4670992907368456	11.715
17.378296	0.071878	7.527088	0.072343	-0.985676	0.067703	-12.035315	0.070551	20.3104	0.2378	189.26615473925696	1.9592933542137472	40.30042621394605	0.4690622813258378	168.73855143465195	1.493200768333074	11.715
17.36719	0.073194	7.498771	0.06698	-0.991472	0.065791	-12.047778	0.067505	20.3104	0.2378	188.98443438102998	1.9000178645998476	40.41767540005311	0.4469483188870942	168.67999430253718	1.4381119714562947	11.718
17.369548	0.070902	7.518906	0.065995	-0.983744	0.071452	-12.040581	0.067132	20.3104	0.2378	189.2770251343643	1.8611970359715302	40.34836733636099	0.46156579934806263	168.62869966472465	1.4952289967460362	11.715
17.357041	0.075744	7.504892	0.073396	-1.006929	0.072477	-12.062699	0.069814	20.3104	0.2378	189.24807175627524	2.0259626555058796	40.304892655326356	0.4884295499164701	168.6449782956562	1.5350508969789383	11.715
17.35482	0.070203	7.496827	0.073676	-1.026248	0.071093	-12.064454	0.070829	20.3104	0.2378	189.13587286574946	1.9525018296326435	40.25167557566671	0.4835216585125976	168.91332638555812	1.5356815401980781	11.715
17.365311	0.072173	7.520879	0.068897	-1.003065	0.07231	-12.060812	0.065956	20.3104	0.2378	189.396429553062	1.9196294032517165	40.24757108479816	0.4715924890099772	168.61482696282653	1.4924009558124491	11.715
17.344126	0.075765	7.484701	0.072553	-1.004996	0.072225	-12.045847	0.068172	20.3104	0.2378	189.10840748755675	2.012058935990606	40.40992668079031	0.48728653541340144	168.87287263493747	1.5190823765824706	11.715
17.361073	0.074805	7.52085	0.07294	-0.993404	0.074788	-12.04418	0.068583	20.3212	0.2389	189.47742475977813	2.011804395667919	40.293373554497755	0.49438979925349635	168.72120599323011	1.5492769774715176	11.715
17.367532	0.067949	7.53295	0.06758	-0.997269	0.070463	-12.055371	0.068974	20.3104	0.2378	189.58611501146595	1.8474379588567165	40.2179659914671	0.46031169504003105	168.6094163648113	1.5034492251176748	11.715
17.388514	0.071152	7.53501	0.073728	-0.97215	0.071277	-12.03887	0.066319	20.2888	0.2392	189.22203938191765	1.967628216324472	40.32697498144635	0.48611646855569923	168.47811901732263	1.4821699753824602	11.715
17.359057	0.072008	7.508867	0.07349	-0.987608	0.070186	-12.044224	0.07028	20.3104	0.2378	189.28570450835883	1.9771361502893123	40.3776894120548	0.48293054553117226	168.63208363491097	1.5148573141600488	11.715
17.378364	0.078528	7.531122	0.070519	-0.995337	0.068225	-12.031673	0.068198	20.3104	0.2378	189.3423635412083	2.0294041279993005	40.235699811955406	0.46302309698554567	168.94195613487733	1.4766815970534346	11.715
17.353486	0.083164	7.51316	0.077657	-0.995337	0.074251	-12.039134	0.071192	20.3104	0.2378	189.4754549259412	2.1909195468360236	40.32063511772504	0.5091546586942368	168.82781832102376	1.572532355507853	11.715
17.368146	0.069054	7.511187	0.068763	-0.995337	0.066718	-12.048395	0.06673	20.3104	0.2378	189.15572816517377	1.8700961402543799	40.32998720256812	0.45424195681056273	168.68637220748096	1.4401026342117416	11.715
17.358064	0.075661	7.507328	0.072751	-1.001134	0.07322	-12.054145	0.0703	20.3104	0.2378	189.27520621739384	2.016797628046022	40.32080346140164	0.4891391025277232	168.6870874647333	1.5491339687657772	11.715
17.368214	0.07253	7.513218	0.07673	-1.001134	0.072226	-12.052125	0.06844	20.3104	0.2378	189.19340062150863	2.026981291784489	40.29291044437236	0.4986762074183374	168.717908294836	1.5191134051658575	11.715
17.351879	0.074881	7.511361	0.072749	-1.003067	0.06923	-12.046816	0.070137	20.3104	0.2378	189.47174956492984	2.010160385098723	40.29255411148706	0.4752386251590088	168.82854857841565	1.506545400604431	11.715
17.341048	0.0709	7.499175	0.065994	-1.020454	0.065428	-12.076042	0.063957	20.3104	0.2378	189.44567472391583	1.8644734890159607	40.267951523447735	0.439234613797639	168.64776531238402	1.395713414690082	11.715
17.34508	0.070733	7.497116	0.071918	-1.022386	0.069228	-12.07411	0.069566	20.3104	0.2378	189.3284809213973	1.9392996010674923	40.26855703547811	0.4718286195346944	168.70671312382126	1.4981594501296693	11.715
17.351674	0.077146	7.509272	0.077054	-0.993405	0.07766	-12.052213	0.07146	20.3158	0.2396	189.4354762757017	2.098602502719241	40.34823531643641	0.5191410239419012	168.59865422833786	1.6089443012289881	11.715
17.380312	0.071719	7.509041	0.07101	-1.004997	0.069327	-12.048174	0.070216	20.3158	0.2384	188.88146096034802	1.9311663563512527	40.294397159976775	0.46967516773873375	168.83729624436444	1.5086050212443523	11.715
17.361824	0.080717	7.521169	0.07459	-0.995337	0.072646	-12.055723	0.07012	20.3158	0.2384	189.46910898319337	2.11604946140663	40.282720321637385	0.49248378612229826	168.57459633938157	1.53885707614421	11.715
17.35557	0.072784	7.499146	0.069272	-0.997269	0.067702	-12.050194	0.069335	20.3104	0.2378	189.16598610162515	1.9284177936768125	40.37797062413368	0.46031863888791347	168.688400375083	1.4789756898263107	11.715
17.38267	0.072175	7.495143	0.066997	-0.981812	0.068534	-12.037291	0.071967	20.3158	0.2384	188.5709231854092	1.8781295534358096	40.470670992535084	0.45756590464905106	168.64941988437334	1.5160116272292274	11.715
17.374263	0.075498	7.507125	0.074194	-0.989541	0.074174	-12.05015	0.071324	20.3158	0.2384	188.96059139149787	2.027115281247199	40.37678168050896	0.49854751353220533	168.57119875249992	1.5683027710978004	11.715
17.351129	0.071582	7.503035	0.075367	-1.012725	0.07009	-12.06292	0.071593	20.3104	0.2378	189.32599134636533	1.9982671626716015	40.2862481419232	0.4868977531913605	168.7300795921108	1.5298518554493612	11.715
17.383148	0.080412	7.511361	0.080458	-0.999202	0.07759	-12.056032	0.074772	20.3158	0.2384	188.8715894625813	2.176364500960632	40.31084947923172	0.5294322353064604	168.6288173845256	1.6433827610317304	11.715
17.363567	0.075228	7.488993	0.072657	-1.014657	0.071796	-12.081306	0.073339	20.3104	0.2378	188.81827936233134	1.9998678938930576	40.34362043922912	0.4846084972926971	168.47920564308757	1.5624750639971319	11.715
17.366266	0.07063	7.50727	0.07046	-1.016591	0.069712	-12.074331	0.07129	20.3104	0.2378	189.11663656635125	1.91372681511611	40.247962735428345	0.4680148831863582	168.6149303645084	1.5204323402303241	11.715
17.368487	0.074359	7.479301	0.074116	-1.030115	0.073618	-12.065204	0.069267	20.305	0.2383	188.5392886689198	2.0016133025339453	40.3162852249808	0.49493672287726836	168.9610421090208	1.547697160473665	11.715
17.338418	0.074597	7.494941	0.077262	-1.033976	0.072806	-12.073846	0.076054	20.3158	0.2384	189.4147786211597	2.0665973337144137	40.2241057429312	0.5006756326953378	168.88787415531775	1.6106530355320101	11.715
17.373922	0.078426	7.492968	0.066681	-1.02818	0.070824	-12.07389	0.071289	20.2996	0.2387	188.69636956594306	1.965875480092199	40.260775706710355	0.4596063250141001	168.79859021034576	1.5356702362431023	11.715
17.355843	0.071149	7.493256	0.070943	-0.993405	0.067702	-12.054057	0.065016	20.3104	0.2378	189.04777624407123	1.9259094976739757	40.42437980552686	0.4671039380465474	168.57055758206076	1.4305583604274419	11.715
17.353691	0.079499	7.483218	0.075436	-1.037842	0.072806	-12.087188	0.072329	20.305	0.2383	188.89674606675877	2.0973434576189924	40.261193018753616	0.4953575239994958	168.74302568084383	1.5672889994331916	11.715
17.345353	0.072732	7.497231	0.07299	-1.010794	0.07037	-12.065072	0.069826	20.305	0.2383	189.32545950503166	1.9809159312360851	40.322872142229635	0.48051344318577704	168.6677584890746	1.512602207463456	11.715
17.349044	0.073167	7.485018	0.077311	-1.014657	0.071623	-12.08135	0.068082	20.3104	0.2378	189.02019168749683	2.0397480314927456	40.362485881738166	0.5004608245606107	168.4785354593027	1.5043960354712933	11.715
17.351061	0.075455	7.486991	0.072694	-1.035908	0.067698	-12.092363	0.071906	20.3104	0.2378	189.06776763117216	2.0082697509969467	40.262812645302695	0.4692655763966375	168.67771579601137	1.5066805518739017	11.718
17.340571	0.068714	7.458939	0.067433	-1.045566	0.066024	-12.101533	0.068367	20.3104	0.2378	188.68342306246868	1.8382945724933166	40.33956391454584	0.4476425634199852	168.64198453844187	1.4497440584101833	11.715
17.324033	0.075542	7.485018	0.077396	-1.020453	0.073216	-12.086879	0.073847	20.305	0.2383	189.50069047896628	2.083001165489159	40.33498179578458	0.5052369831762051	168.48260117005495	1.5832186661133565	11.715
17.342587	0.074241	7.490937	0.075749	-1.018521	0.074402	-12.09596	0.075524	20.3104	0.2378	189.25765356480946	2.037584429347988	40.31608604075014	0.50304681758048	168.31508137370446	1.6108613499593571	11.715
17.325368	0.073064	7.464685	0.072654	-1.055222	0.071531	-12.097449	0.070465	20.3158	0.2384	189.08426862379162	1.97581605577729	40.26664155791426	0.4818668225226835	168.85181705861902	1.5353957931292423	11.715
17.304324	0.074136	7.462597	0.07119	-1.020451	0.073856	-12.080731	0.069326	20.3104	0.2378	189.44846612995647	1.9785028880065507	40.44160090706217	0.4890364168513031	168.5762051677627	1.5439098354843175	11.715
17.333296	0.075969	7.478523	0.071693	-1.041699	0.072804	-12.089813	0.069741	20.3212	0.2389	189.2461247271286	2.005931270999979	40.27546191430706	0.4829983639035005	168.80506823864556	1.540402088474336	11.718
17.335857	0.078744	7.468717	0.072782	-1.045564	0.071619	-12.080908	0.066191	20.3158	0.2384	188.9605343425259	2.0534733153651064	40.293248032810666	0.48323171688519817	168.95714051570965	1.4931185696967406	11.715
17.331212	0.073481	7.480525	0.071171	-1.041699	0.069224	-12.099027	0.070245	20.305	0.2383	189.3246173312125	1.9661007145594867	40.26600241448177	0.4691006454745145	168.66440911723146	1.504353199706001	11.718
17.329128	0.072505	7.452504	0.073621	-1.045562	0.072805	-12.093498	0.069208	20.3104	0.2378	188.77908874793926	1.9750128315623412	40.37013050822177	0.4918675321544294	168.76456611224825	1.5344407709910086	11.715
17.315152	0.075404	7.478782	0.07348	-1.022384	0.072972	-12.092054	0.071769	20.3104	0.2378	189.55165005012964	2.028907448355621	40.355408958728894	0.49159203768906384	168.43321918363296	1.5573390999809869	11.715
17.325777	0.07329	7.46886	0.071872	-1.045566	0.06883	-12.099558	0.068191	20.3158	0.2384	189.15653426318613	1.9698757803601914	40.29256088760392	0.47093016883463684	168.67211094939438	1.4784227956186202	11.715
17.311324	0.074681	7.47092	0.07414	-1.041703	0.072136	-12.092275	0.070167	20.3158	0.2384	189.473928942201	2.02624083346156	40.301098346676184	0.48972472249246163	168.7243111554568	1.5365000878160944	11.715
17.339957	0.07904	7.476694	0.070366	-1.024315	0.070459	-12.086393	0.066507	20.3104	0.2378	189.0348173193618	2.0281789443787175	40.35615328203641	0.47272138518377327	168.54882191708086	1.4762815898326191	11.715
17.319729	0.070905	7.454936	0.062636	-1.045566	0.070181	-12.079419	0.068736	20.3104	0.2378	189.00550069897417	1.8126568137228969	40.35856075100761	0.4466089513747075	168.9799827975117	1.5044236209825446	11.715
17.323489	0.074712	7.468774	0.073902	-1.03977	0.072556	-12.088368	0.073279	20.3104	0.2378	189.19880191260333	2.017547095166134	40.32041623713047	0.49077845762137473	168.7544523693036	1.5750709905171252	11.715
17.331348	0.067255	7.460567	0.07392	-1.051358	0.070086	-12.099115	0.066313	20.3158	0.2384	188.890833781606	1.9124275385346545	40.304402856295276	0.4823286107484076	168.7672956609926	1.4739279103310223	11.715
17.337601	0.077718	7.46457	0.071502	-1.026246	0.068831	-12.089901	0.071211	20.3104	0.2378	188.89615820384455	2.0205119309677366	40.41494912402567	0.47240584072800323	168.567940930265	1.5089717787622519	11.718
17.329673	0.071097	7.464742	0.071935	-1.026247	0.069994	-12.084638	0.06918	20.3158	0.2384	189.0028665396622	1.9377635723031943	40.403775665688656	0.47759541925216115	168.60501323713638	1.500472858375595	11.715
17.334045	0.06571	7.474837	0.066927	-1.02818	0.065427	-12.082928	0.067278	20.3158	0.2384	189.11255185126868	1.7990573150153393	40.34662804419357	0.44410368926566574	168.66057192917205	1.431798324617134	11.715
17.342314	0.076632	7.478811	0.073468	-1.037838	0.072136	-12.086569	0.069742	20.3104	0.2378	189.0302182705783	2.0345185246710398	40.28204228624538	0.4869871473885427	168.75242372453678	1.5324891135098726	11.715
17.331485	0.072729	7.478638	0.071639	-1.033973	0.069225	-12.101046	0.068025	20.3104	0.2378	189.2346753405805	1.9606897484100498	40.301148917126085	0.47163446564458583	168.47274433859272	1.4774460594000962	11.715
17.334182	0.076429	7.470891	0.072756	-1.026248	0.074247	-12.077487	0.070197	20.3158	0.2384	189.03428652864054	2.022375816114335	40.3745343544816	0.4939319000148065	168.714125441692	1.5598881058981038	11.715
17.36425	0.076896	7.495287	0.071291	-1.001134	0.075388	-12.046728	0.074412	20.3104	0.2378	188.92564686435972	2.0073610103492032	40.37794540930442	0.49309514673014165	168.8003596417087	1.6187937430701256	11.715
17.330286	0.075401	7.493025	0.070624	-1.020453	0.069711	-12.090565	0.071907	20.3104	0.2378	189.53449248821642	1.9904820563234118	40.29704501686864	0.46970349991402177	168.42650485654323	1.523743428720033	11.715
17.3294	0.072888	7.472633	0.067368	-1.035905	0.069323	-12.071561	0.069561	20.3104	0.2378	189.15940355015553	1.9047442350699662	40.320441488786	0.45807939857784385	168.95236215053006	1.5035016641701766	11.715
17.324169	0.0684	7.501091	0.066682	-1.022386	0.072973	-12.064851	0.067131	20.3158	0.2384	189.856733338823	1.8462735281292717	40.26008571819026	0.4669174662692168	168.8914154820505	1.5165373594810232	11.718
17.302105	0.070111	7.44853	0.06972	-1.035904	0.069709	-12.097228	0.063656	20.3104	0.2378	189.22067996657242	1.8987427590316726	40.43499358214421	0.46986416889232485	168.56030847927582	1.4385384600276088	11.715
17.338418	0.076194	7.476925	0.074668	-1.04943	0.073774	-12.101489	0.068025	20.305	0.2383	189.06873661727144	2.0453311430435823	40.23619276580463	0.495340390174887	168.70160629361806	1.531764124949754	11.715
17.349181	0.070908	7.483074	0.067889	-1.024317	0.065428	-12.090653	0.068735	20.305	0.2383	188.98033228055058	1.8803390760436034	40.3258783822282	0.44691940467929175	168.48397129929393	1.4447859162962655	11.715
17.335067	0.07568	7.497289	0.074081	-1.03591	0.074783	-12.078062	0.070473	20.3104	0.2378	189.52451345954375	2.0402181773735166	40.203916219907626	0.49594837689839555	168.85298176532254	1.5713212944429775	11.715
17.324374	0.080097	7.467146	0.078977	-1.037841	0.071446	-12.090786	0.071059	20.3104	0.2378	189.15057218620453	2.158477437118593	40.3372756827995	0.5050970209000104	168.6880965105485	1.5378845105116952	11.715
17.305752	0.078008	7.455194	0.066049	-1.030114	0.070368	-12.068758	0.067351	20.3158	0.2384	189.3270974327933	1.964537317495127	40.44118050806882	0.4599661025899098	168.94988939374772	1.4908204262782576	11.718
17.320273	0.066649	7.459169	0.066926	-1.03591	0.063887	-12.088987	0.064613	20.3104	0.2378	189.0761952282656	1.811020058788174	40.384328834135374	0.43984439269713843	168.68606858326106	1.3867306863609725	11.715
17.313408	0.072115	7.452905	0.067367	-1.037839	0.072807	-12.084903	0.067832	20.3104	0.2378	189.08773268762843	1.8924254101466111	40.404940174639336	0.4720261134137452	168.77788983071858	1.5203054123359614	11.715
17.28745	0.074354	7.442497	0.07404	-1.064877	0.067155	-12.102712	0.065809	20.3104	0.2378	189.38639145572282	2.018539119660364	40.32595897767639	0.4738143279362874	168.9190173109234	1.438917906164167	11.715
17.34433	0.070487	7.492794	0.066121	-1.028179	0.067699	-12.088368	0.066721	20.3104	0.2378	189.25984419521166	1.856684704355113	40.2615997940581	0.4471346397911197	168.57760560487088	1.4487610535650353	11.715
17.317168	0.069529	7.47475	0.070407	-1.026247	0.065789	-12.069895	0.068632	20.3158	0.2384	189.435171901029	1.904508050824874	40.356209488901044	0.45744525542331105	168.83010304121183	1.4534041292571291	11.715
17.321404	0.075147	7.458766	0.075126	-1.032043	0.075677	-12.088368	0.071769	20.3158	0.2384	189.09521047174496	2.037294047163886	40.41498033346053	0.50756533882476	168.6796990557769	1.5911991428716017	11.718
17.31744	0.076323	7.478869	0.074151	-1.024316	0.072889	-12.0756	0.071381	20.3158	0.2384	189.50923019568037	2.0496913106254797	40.34582769233658	0.4933490789242382	168.713439519727	1.5574817296476628	11.715
17.327657	0.07483	7.474779	0.070456	-1.041701	0.074553	-12.099425	0.066209	20.3158	0.2384	189.2340694986506	1.9739730316044362	40.2828413830915	0.48519156875682895	168.61519212831394	1.520424830717794	11.715
17.327929	0.067825	7.470891	0.066517	-1.026248	0.069031	-12.071958	0.06796	20.3158	0.2384	189.15419603747688	1.8229913280992565	40.3745343544816	0.4554968143436827	168.798575497538	1.4803492393826512	11.715
17.321813	0.075717	7.464943	0.074187	-1.037839	0.074554	-12.081262	0.071845	20.3104	0.2378	189.1574378663131	2.034255227183009	40.34773457596091	0.4990839373544006	168.83354957002496	1.582890577862518	11.715
17.315493	0.081487	7.468918	0.071226	-1.041703	0.073775	-12.090432	0.071074	20.305	0.2383	189.35520680399142	2.0812759419850786	40.31057689892212	0.48571150447865763	168.75245326961928	1.5646340295934835	11.715
17.317985	0.073014	7.457081	0.071914	-1.035909	0.073216	-12.077797	0.068494	20.3158	0.2384	189.08004104057952	1.9650701025224682	40.39425964913442	0.48810979087768386	168.85701242686935	1.533202904973418	11.715
17.308041	0.068742	7.457282	0.067098	-1.032047	0.070089	-12.083635	0.065543	20.3158	0.2384	189.274776771098	1.8457377772380217	40.41167987098543	0.4618874687702824	168.70880043630808	1.4648888204062744	11.715
17.331239	0.073034	7.487424	0.074504	-1.032048	0.073538	-12.089341	0.072358	20.3104	0.2378	189.45677992452465	2.0079770694539354	40.27901178921417	0.49493370857320645	168.6649377476336	1.5736911414591515	11.718
17.299704	0.074852	7.449275	0.070949	-1.051365	0.070087	-12.096536	0.06701	20.3104	0.2378	189.2811155729184	1.9817679422828554	40.357903688920366	0.47347811080495383	168.8068255369694	1.4819652517003736	11.715
17.316649	0.076998	7.475412	0.071303	-1.035912	0.074784	-12.091184	0.068892	20.3158	0.2384	189.45790729989457	2.020277783869343	40.30724639288887	0.4893336940263107	168.65258013215998	1.5511596943656	11.715
17.33346	0.073441	7.477472	0.072795	-1.02432	0.074786	-12.080214	0.067092	20.3158	0.2384	189.1743525124312	1.9847467448895406	40.35243740610017	0.49535318137721235	168.6430984854181	1.5325457949827894	11.715
17.29352	0.075787	7.443299	0.074858	-1.051365	0.074781	-12.098423	0.074273	20.3104	0.2378	189.28511469794597	2.0470022217337065	40.386293917208775	0.5030583612844034	168.77799323023115	1.6102821317985607	11.715
17.287472	0.073312	7.44939	0.069722	-1.061025	0.068629	-12.087498	0.067577	20.3104	0.2378	189.51866638111716	1.9489606599879985	40.3115505419402	0.463403237435738	169.0930742668924	1.4770069243301147	11.715
17.295808	0.077208	7.457397	0.07651	-1.053298	0.075749	-12.093027	0.075951	20.3104	0.2378	189.51231960780464	2.0937489504194398	40.31022616189935	0.5099434633066958	168.89003691275514	1.641027631501754	11.715
17.314225	0.071905	7.467261	0.070908	-1.049433	0.071793	-12.098334	0.073555	20.3104	0.239	189.39621637921485	1.942367047628025	40.292144402687775	0.4773865710684007	168.79304105468444	1.5702278120474074	11.718
17.29694	0.076947	7.460998	0.071329	-1.039772	0.071534	-12.08135	0.069954	20.3104	0.2378	189.55988368423155	2.022069168325657	40.35729109961194	0.4795868839812797	168.86174429279012	1.5301385619895613	11.715
17.331035	0.073066	7.469321	0.070812	-1.035911	0.073856	-12.091051	0.068732	20.3104	0.2378	189.06450888585871	1.9507019295786874	40.336118955157595	0.4852450154156602	168.6545928808705	1.5391498187019363	11.715
17.284845	0.076093	7.451162	0.077534	-1.051364	0.071532	-12.107416	0.068434	20.3158	0.2384	189.6520069893095	2.0951470298590547	40.35928619693076	0.5007397419168564	168.6838733527816	1.5103844103678838	11.718
17.288945	0.079435	7.453135	0.07339	-1.0475	0.071879	-12.109214	0.071057	20.3104	0.2378	189.56245103512737	2.084307781822478	40.357928859126616	0.4877062078411397	168.55436390212466	1.5401098144522942	11.715
17.31146	0.075649	7.462971	0.072387	-1.043635	0.072221	-12.094206	0.070466	20.3104	0.239	189.3183818307947	2.012707925494365	40.329603305190766	0.48478065449354496	168.72432595195852	1.540610908106961	11.715
17.303804	0.072265	7.457253	0.065953	-1.018523	0.072809	-12.076219	0.066916	20.305	0.2383	189.40414508490156	1.8819395477154597	40.48666276587518	0.4692648537279982	168.65879536436287	1.5083113963535695	11.718
17.331307	0.076216	7.481447	0.070414	-1.032048	0.073539	-12.076484	0.069809	20.3104	0.2378	189.3405081771741	1.9946268649595844	40.30728840680519	0.4820394771771739	168.86128863326758	1.5502811450175698	11.718
17.319074	0.083937	7.469551	0.074456	-1.028185	0.073217	-12.072974	0.072834	20.3104	0.2378	189.29852286522637	2.156404152729074	40.37169930939862	0.49610690282288916	168.8126547599649	1.578474820000683	11.715
17.312685	0.074683	7.447475	0.073466	-1.039776	0.072558	-12.096845	0.069482	20.3104	0.2378	188.99750520612767	2.0070041973693837	40.42157374257606	0.4917717414500306	168.6251700715609	1.5320752672597069	11.715
17.301924	0.073355	7.455338	0.077268	-1.043639	0.071533	-12.091095	0.073353	20.3158	0.2384	189.3549738032148	2.0488752198841733	40.365807092396075	0.500105417956267	168.77189142732783	1.5652499007895677	11.715
17.288877	0.070783	7.435093	0.073052	-1.07068	0.070084	-12.111013	0.068521	20.3104	0.2378	189.21667385522423	1.9532569708373386	40.33355307502524	0.48004272239258805	168.88079011803006	1.4993034830567535	11.715
17.331648	0.069316	7.467578	0.0708	-1.041709	0.072308	-12.089606	0.074606	20.3212	0.2389	189.0193533407913	1.8986603722986353	40.31689700974601	0.4794760484088822	168.76516259337774	1.5870920837133815	11.715
17.278118	0.072261	7.426945	0.07598	-1.080335	0.071442	-12.125532	0.06533	20.3158	0.2384	189.2668103428712	2.0145409521880864	40.326408268885	0.49436715094359013	168.80641492340197	1.4795486594961607	11.715
17.28027	0.07411	7.420969	0.069296	-1.07261	0.065545	-12.092407	0.072283	20.3158	0.2384	189.11079944899464	1.9461126948305763	40.39145755750044	0.45360153753098853	169.19549542273586	1.4981561551689753	11.715
17.293316	0.081208	7.441212	0.073851	-1.055228	0.073214	-11.361814	0.087932	20.3319	0.2394	189.24892531960643	2.1085056712475656	40.37785653433658	0.49420094922448066	180.9037598087255	2.0083498861747513	11.715
