-8.65998288830162	0.18801801087418143	-9.343442403354732	0.18797696821569546	-39.19689686840242	0.18695371791456405	-38.089644183320615	0.18700792366635727	1.0545	0.1824	776.0980462689859	301.9053758831123	4.548568686051734	0.040394084628525444	-479.05198287912094	114.40577943882975	3.3328
-8.65998288830162	0.18801801087418143	-9.343442403354732	0.18797696821569546	-39.19689686840242	0.18695371791456405	-38.089644183320615	0.18700792366635727	1.0545	0.1824	776.0980462689859	301.9053758831123	4.548568686051734	0.040394084628525444	-479.05198287912094	114.40577943882975	3.3328
-8.65998288830162	0.18801801087418143	-9.343442403354732	0.18797696821569546	-39.19689686840242	0.18695371791456405	-38.089644183320615	0.18700792366635727	1.0545	0.1824	776.0980462689859	301.9053758831123	4.548568686051734	0.040394084628525444	-479.05198287912094	114.40577943882975	3.3328
-8.65998288830162	0.18801801087418143	-9.343442403354732	0.18797696821569546	-39.19689686840242	0.18695371791456405	-38.089644183320615	0.18700792366635727	1.0545	0.1824	776.0980462689859	301.9053758831123	4.548568686051734	0.040394084628525444	-479.05198287912094	114.40577943882975	3.3328
-8.65998288830162	0.18801801087418143	-9.343442403354732	0.18797696821569546	-39.19689686840242	0.18695371791456405	-38.089644183320615	0.18700792366635727	1.0545	0.1824	776.0980462689859	301.9053758831123	4.548568686051734	0.040394084628525444	-479.05198287912094	114.40577943882975	3.3328
-8.65998288830162	0.18801801087418143	-9.343442403354732	0.18797696821569546	-39.19689686840242	0.18695371791456405	-38.089644183320615	0.18700792366635727	1.0545	0.1824	776.0980462689859	301.9053758831123	4.548568686051734	0.040394084628525444	-479.05198287912094	114.40577943882975	3.3328
-8.65998288830162	0.18801801087418143	-9.343442403354732	0.18797696821569546	-39.19689686840242	0.18695371791456405	-38.089644183320615	0.18700792366635727	1.0545	0.1824	776.0980462689859	301.9053758831123	4.548568686051734	0.040394084628525444	-479.05198287912094	114.40577943882975	3.3328
-8.65998288830162	0.18801801087418143	-9.343442403354732	0.18797696821569546	-39.19689686840242	0.18695371791456405	-38.089644183320615	0.18700792366635727	1.0545	0.1824	776.0980462689859	301.9053758831123	4.548568686051734	0.040394084628525444	-479.05198287912094	114.40577943882975	3.3328
-8.65998288830162	0.18801801087418143	-9.343442403354732	0.18797696821569546	-39.19689686840242	0.18695371791456405	-38.089644183320615	0.18700792366635727	1.0545	0.1824	776.1465523968776	301.924244969105	4.548852971594613	0.040396609258814734	-479.0819236280509	114.41292980004471	3.3330083000000004
-8.65998288830162	0.18801801087418143	-9.343442403354732	0.18797696821569546	-39.19689686840242	0.18695371791456405	-38.089644183320615	0.18700792366635727	1.0545	0.1824	776.0980462689859	301.9053758831123	4.548568686051734	0.040394084628525444	-479.05198287912094	114.40577943882975	3.3328
-8.65998288830162	0.18801801087418143	-9.343442403354732	0.18797696821569546	-39.19689686840242	0.18695371791456405	-38.089644183320615	0.18700792366635727	1.0545	0.1824	776.0980462689859	301.9053758831123	4.548568686051734	0.040394084628525444	-479.05198287912094	114.40577943882975	3.3328
-8.65998288830162	0.18801801087418143	-9.343442403354732	0.18797696821569546	-39.19689686840242	0.18695371791456405	-38.089644183320615	0.18700792366635727	1.0545	0.1824	776.0980462689859	301.9053758831123	4.548568686051734	0.040394084628525444	-479.05198287912094	114.40577943882975	3.3328
-8.65998288830162	0.18801801087418143	-9.343442403354732	0.18797696821569546	-39.19689686840242	0.18695371791456405	-38.089644183320615	0.18700792366635727	1.0545	0.1824	776.0980462689859	301.9053758831123	4.548568686051734	0.040394084628525444	-479.05198287912094	114.40577943882975	3.3328
-8.65998288830162	0.18801801087418143	-9.343442403354732	0.18797696821569546	-39.19689686840242	0.18695371791456405	-38.089644183320615	0.18700792366635727	1.0545	0.1824	776.0980462689859	301.9053758831123	4.548568686051734	0.040394084628525444	-479.05198287912094	114.40577943882975	3.3328
-8.65998288830162	0.18801801087418143	-9.343442403354732	0.18797696821569546	-39.19689686840242	0.18695371791456405	-38.089644183320615	0.18700792366635727	1.0545	0.1824	776.0980462689859	301.9053758831123	4.548568686051734	0.040394084628525444	-479.05198287912094	114.40577943882975	3.3328
-8.65998288830162	0.18801801087418143	-9.343442403354732	0.18797696821569546	-39.19689686840242	0.18695371791456405	-38.089644183320615	0.18700792366635727	1.0545	0.1824	776.0980462689859	301.9053758831123	4.548568686051734	0.040394084628525444	-479.05198287912094	114.40577943882975	3.3328
-8.65998288830162	0.18801801087418143	-9.343442403354732	0.18797696821569546	-39.19689686840242	0.18695371791456405	-38.089644183320615	0.18700792366635727	1.0545	0.1824	776.0980462689859	301.9053758831123	4.548568686051734	0.040394084628525444	-479.05198287912094	114.40577943882975	3.3328
-8.65998288830162	0.18801801087418143	-9.343442403354732	0.18797696821569546	-39.19689686840242	0.18695371791456405	-38.089644183320615	0.18700792366635727	1.0545	0.1824	776.049540141094	301.88650679711964	4.548284400508855	0.04039155999823617	-479.022042130191	114.39862907761484	3.3325917000000005
-8.65998288830162	0.18801801087418143	-9.343442403354732	0.18797696821569546	-39.19689686840242	0.18695371791456405	-38.089644183320615	0.18700792366635727	1.0545	0.1824	776.0980462689859	301.9053758831123	4.548568686051734	0.040394084628525444	-479.05198287912094	114.40577943882975	3.3328
-8.65998288830162	0.18801801087418143	-9.343442403354732	0.18797696821569546	-39.19689686840242	0.18695371791456405	-38.089644183320615	0.18700792366635727	1.0545	0.1824	776.0980462689859	301.9053758831123	4.548568686051734	0.040394084628525444	-479.05198287912094	114.40577943882975	3.3328
-8.65998288830162	0.18801801087418143	-9.343442403354732	0.18797696821569546	-39.19689686840242	0.18695371791456405	-38.089644183320615	0.18700792366635727	1.0545	0.1824	776.0980462689859	301.9053758831123	4.548568686051734	0.040394084628525444	-479.05198287912094	114.40577943882975	3.3328
-8.65998288830162	0.18801801087418143	-9.343442403354732	0.18797696821569546	-39.19689686840242	0.18695371791456405	-38.089644183320615	0.18700792366635727	1.0545	0.1824	776.0980462689859	301.9053758831123	4.548568686051734	0.040394084628525444	-479.05198287912094	114.40577943882975	3.3328
-8.65998288830162	0.18801801087418143	-9.343442403354732	0.18797696821569546	-39.19689686840242	0.18695371791456405	-38.089644183320615	0.18700792366635727	1.0545	0.1824	776.049540141094	301.88650679711964	4.548284400508855	0.04039155999823617	-479.022042130191	114.39862907761484	3.3325917000000005
-8.65998288830162	0.18801801087418143	-9.343442403354732	0.18797696821569546	-39.19689686840242	0.18695371791456405	-38.089644183320615	0.18700792366635727	1.0545	0.1824	776.0980462689859	301.9053758831123	4.548568686051734	0.040394084628525444	-479.05198287912094	114.40577943882975	3.3328
-8.65998288830162	0.18801801087418143	-9.343442403354732	0.18797696821569546	-39.19689686840242	0.18695371791456405	-38.089644183320615	0.18700792366635727	1.0545	0.1824	776.0980462689859	301.9053758831123	4.548568686051734	0.040394084628525444	-479.05198287912094	114.40577943882975	3.3328
-8.65998288830162	0.18801801087418143	-9.343442403354732	0.18797696821569546	-39.19689686840242	0.18695371791456405	-38.089644183320615	0.18700792366635727	1.0545	0.1824	776.0980462689859	301.9053758831123	4.548568686051734	0.040394084628525444	-479.05198287912094	114.40577943882975	3.3328
-8.65998288830162	0.18801801087418143	-9.343442403354732	0.18797696821569546	-39.19689686840242	0.18695371791456405	-38.089644183320615	0.18700792366635727	1.0545	0.1824	776.0980462689859	301.9053758831123	4.548568686051734	0.040394084628525444	-479.05198287912094	114.40577943882975	3.3328
-8.65998288830162	0.18801801087418143	-9.343442403354732	0.18797696821569546	-39.19689686840242	0.18695371791456405	-38.089644183320615	0.18700792366635727	1.0545	0.1824	776.0980462689859	301.9053758831123	4.548568686051734	0.040394084628525444	-479.05198287912094	114.40577943882975	3.3328
-8.65998288830162	0.18801801087418143	-9.343442403354732	0.18797696821569546	-39.19689686840242	0.18695371791456405	-38.089644183320615	0.18700792366635727	1.0545	0.1824	776.049540141094	301.88650679711964	4.548284400508855	0.04039155999823617	-479.022042130191	114.39862907761484	3.3325917000000005
-8.65998288830162	0.18801801087418143	-9.343442403354732	0.18797696821569546	-39.19689686840242	0.18695371791456405	-38.089644183320615	0.18700792366635727	1.0545	0.1824	776.0980462689859	301.9053758831123	4.548568686051734	0.040394084628525444	-479.05198287912094	114.40577943882975	3.3328
-8.65998288830162	0.18801801087418143	-9.343442403354732	0.18797696821569546	-39.19689686840242	0.18695371791456405	-38.089644183320615	0.18700792366635727	1.0545	0.1824	776.470632945063	302.0503136535795	4.550752348407015	0.04041347689190928	-479.28196462798275	114.4607030007303	3.3344
-8.65998288830162	0.18801801087418143	-9.343442403354732	0.18797696821569546	-39.19689686840242	0.18695371791456405	-38.089644183320615	0.18700792366635727	1.0545	0.1824	776.0980462689859	301.9053758831123	4.548568686051734	0.040394084628525444	-479.05198287912094	114.40577943882975	3.3328
-8.65998288830162	0.18801801087418143	-9.343442403354732	0.18797696821569546	-39.19689686840242	0.18695371791456405	-38.089644183320615	0.18700792366635727	1.0545	0.1824	776.0980462689859	301.9053758831123	4.548568686051734	0.040394084628525444	-479.05198287912094	114.40577943882975	3.3328
-8.65998288830162	0.18801801087418143	-9.343442403354732	0.18797696821569546	-39.19689686840242	0.18695371791456405	-38.089644183320615	0.18700792366635727	1.0545	0.1824	776.0980462689859	301.9053758831123	4.548568686051734	0.040394084628525444	-479.05198287912094	114.40577943882975	3.3328
-8.65998288830162	0.18801801087418143	-9.343442403354732	0.18797696821569546	-39.19689686840242	0.18695371791456405	-38.089644183320615	0.18700792366635727	1.0545	0.1824	776.0980462689859	301.9053758831123	4.548568686051734	0.040394084628525444	-479.05198287912094	114.40577943882975	3.3328
-8.65998288830162	0.18801801087418143	-9.343442403354732	0.18797696821569546	-39.19689686840242	0.18695371791456405	-38.089644183320615	0.18700792366635727	1.0545	0.1824	776.0980462689859	301.9053758831123	4.548568686051734	0.040394084628525444	-479.05198287912094	114.40577943882975	3.3328
-8.65998288830162	0.18801801087418143	-9.343442403354732	0.18797696821569546	-39.19689686840242	0.18695371791456405	-38.089644183320615	0.18700792366635727	1.0545	0.1824	776.0980462689859	301.9053758831123	4.548568686051734	0.040394084628525444	-479.05198287912094	114.40577943882975	3.3328
-8.65998288830162	0.18801801087418143	-9.343442403354732	0.18797696821569546	-39.19689686840242	0.18695371791456405	-38.089644183320615	0.18700792366635727	1.0545	0.1824	776.0980462689859	301.9053758831123	4.548568686051734	0.040394084628525444	-479.05198287912094	114.40577943882975	3.3328
-8.65998288830162	0.18801801087418143	-9.343442403354732	0.18797696821569546	-39.19689686840242	0.18695371791456405	-38.089644183320615	0.18700792366635727	1.0545	0.1824	776.0980462689859	301.9053758831123	4.548568686051734	0.040394084628525444	-479.05198287912094	114.40577943882975	3.3328
-8.65998288830162	0.18801801087418143	-9.343442403354732	0.18797696821569546	-39.19689686840242	0.18695371791456405	-38.089644183320615	0.18700792366635727	1.0545	0.1824	776.0980462689859	301.9053758831123	4.548568686051734	0.040394084628525444	-479.05198287912094	114.40577943882975	3.3328
-8.65998288830162	0.18801801087418143	-9.343442403354732	0.18797696821569546	-39.19689686840242	0.18695371791456405	-38.089644183320615	0.18700792366635727	1.0545	0.1824	776.0980462689859	301.9053758831123	4.548568686051734	0.040394084628525444	-479.05198287912094	114.40577943882975	3.3328
-8.65998288830162	0.18801801087418143	-9.343442403354732	0.18797696821569546	-39.19689686840242	0.18695371791456405	-38.089644183320615	0.18700792366635727	1.0545	0.1824	776.0980462689859	301.9053758831123	4.548568686051734	0.040394084628525444	-479.05198287912094	114.40577943882975	3.3328
-8.65998288830162	0.18801801087418143	-9.343442403354732	0.18797696821569546	-39.19689686840242	0.18695371791456405	-38.089644183320615	0.18700792366635727	1.0545	0.1824	776.0980462689859	301.9053758831123	4.548568686051734	0.040394084628525444	-479.05198287912094	114.40577943882975	3.3328
-8.65998288830162	0.18801801087418143	-9.343442403354732	0.18797696821569546	-39.19689686840242	0.18695371791456405	-38.089644183320615	0.18700792366635727	1.0545	0.1824	776.0980462689859	301.9053758831123	4.548568686051734	0.040394084628525444	-479.05198287912094	114.40577943882975	3.3328
-8.65998288830162	0.18801801087418143	-9.343442403354732	0.18797696821569546	-39.19689686840242	0.18695371791456405	-38.089644183320615	0.18700792366635727	1.0545	0.1824	776.0980462689859	301.9053758831123	4.548568686051734	0.040394084628525444	-479.05198287912094	114.40577943882975	3.3328
-8.65998288830162	0.18801801087418143	-9.343442403354732	0.18797696821569546	-39.19689686840242	0.18695371791456405	-38.089644183320615	0.18700792366635727	1.0545	0.1824	776.0980462689859	301.9053758831123	4.548568686051734	0.040394084628525444	-479.05198287912094	114.40577943882975	3.3328
-8.65998288830162	0.18801801087418143	-9.343442403354732	0.18797696821569546	-39.19689686840242	0.18695371791456405	-38.089644183320615	0.18700792366635727	1.0545	0.1824	776.0980462689859	301.9053758831123	4.548568686051734	0.040394084628525444	-479.05198287912094	114.40577943882975	3.3328
-8.65998288830162	0.18801801087418143	-9.343442403354732	0.18797696821569546	-39.19689686840242	0.18695371791456405	-38.089644183320615	0.18700792366635727	1.0545	0.1824	776.0980462689859	301.9053758831123	4.548568686051734	0.040394084628525444	-479.05198287912094	114.40577943882975	3.3328
-8.65998288830162	0.18801801087418143	-9.343442403354732	0.18797696821569546	-39.19689686840242	0.18695371791456405	-38.089644183320615	0.18700792366635727	1.0545	0.1824	776.0980462689859	301.9053758831123	4.548568686051734	0.040394084628525444	-479.05198287912094	114.40577943882975	3.3328
-8.65998288830162	0.18801801087418143	-9.343442403354732	0.18797696821569546	-39.19689686840242	0.18695371791456405	-38.089644183320615	0.18700792366635727	1.0545	0.1824	776.0980462689859	301.9053758831123	4.548568686051734	0.040394084628525444	-479.05198287912094	114.40577943882975	3.3328
-8.65998288830162	0.18801801087418143	-9.343442403354732	0.18797696821569546	-39.19689686840242	0.18695371791456405	-38.089644183320615	0.18700792366635727	1.0545	0.1824	776.049540141094	301.88650679711964	4.548284400508855	0.04039155999823617	-479.022042130191	114.39862907761484	3.3325917000000005
-8.65998288830162	0.18801801087418143	-9.343442403354732	0.18797696821569546	-39.19689686840242	0.18695371791456405	-38.089644183320615	0.18700792366635727	1.0545	0.1824	776.1465523968776	301.924244969105	4.548852971594613	0.040396609258814734	-479.0819236280509	114.41292980004471	3.3330083000000004
-8.65998288830162	0.18801801087418143	-9.343442403354732	0.18797696821569546	-39.19689686840242	0.18695371791456405	-38.089644183320615	0.18700792366635727	1.0545	0.1824	776.470632945063	302.0503136535795	4.550752348407015	0.04041347689190928	-479.28196462798275	114.4607030007303	3.3344
-8.65998288830162	0.18801801087418143	-9.343442403354732	0.18797696821569546	-39.19689686840242	0.18695371791456405	-38.089644183320615	0.18700792366635727	1.0545	0.1824	776.0980462689859	301.9053758831123	4.548568686051734	0.040394084628525444	-479.05198287912094	114.40577943882975	3.3328
-8.65998288830162	0.18801801087418143	-9.343442403354732	0.18797696821569546	-39.19689686840242	0.18695371791456405	-38.089644183320615	0.18700792366635727	1.0545	0.1824	776.0980462689859	301.9053758831123	4.548568686051734	0.040394084628525444	-479.05198287912094	114.40577943882975	3.3328
-8.65998288830162	0.18801801087418143	-9.343442403354732	0.18797696821569546	-39.19689686840242	0.18695371791456405	-38.089644183320615	0.18700792366635727	1.0545	0.1824	776.049540141094	301.88650679711964	4.548284400508855	0.04039155999823617	-479.022042130191	114.39862907761484	3.3325917000000005
-8.65998288830162	0.18801801087418143	-9.343442403354732	0.18797696821569546	-39.19689686840242	0.18695371791456405	-38.089644183320615	0.18700792366635727	1.0545	0.1824	776.049540141094	301.88650679711964	4.548284400508855	0.04039155999823617	-479.022042130191	114.39862907761484	3.3325917000000005
-8.65998288830162	0.18801801087418143	-9.343442403354732	0.18797696821569546	-39.19689686840242	0.18695371791456405	-38.089644183320615	0.18700792366635727	1.0545	0.1824	776.0980462689859	301.9053758831123	4.548568686051734	0.040394084628525444	-479.05198287912094	114.40577943882975	3.3328
-8.65998288830162	0.18801801087418143	-9.343442403354732	0.18797696821569546	-39.19689686840242	0.18695371791456405	-38.089644183320615	0.18700792366635727	1.0545	0.1824	776.0980462689859	301.9053758831123	4.548568686051734	0.040394084628525444	-479.05198287912094	114.40577943882975	3.3328
-8.65998288830162	0.18801801087418143	-9.343442403354732	0.18797696821569546	-39.19689686840242	0.18695371791456405	-38.089644183320615	0.18700792366635727	1.0545	0.1824	776.0980462689859	301.9053758831123	4.548568686051734	0.040394084628525444	-479.05198287912094	114.40577943882975	3.3328
-8.65998288830162	0.18801801087418143	-9.343442403354732	0.18797696821569546	-39.19689686840242	0.18695371791456405	-38.089644183320615	0.18700792366635727	1.0545	0.1824	776.0980462689859	301.9053758831123	4.548568686051734	0.040394084628525444	-479.05198287912094	114.40577943882975	3.3328
-8.65998288830162	0.18801801087418143	-9.343442403354732	0.18797696821569546	-39.19689686840242	0.18695371791456405	-38.089644183320615	0.18700792366635727	1.0545	0.1824	776.0980462689859	301.9053758831123	4.548568686051734	0.040394084628525444	-479.05198287912094	114.40577943882975	3.3328
-8.65998288830162	0.18801801087418143	-9.343442403354732	0.18797696821569546	-39.19689686840242	0.18695371791456405	-38.089644183320615	0.18700792366635727	1.0545	0.1824	776.0980462689859	301.9053758831123	4.548568686051734	0.040394084628525444	-479.05198287912094	114.40577943882975	3.3328
-8.65998288830162	0.18801801087418143	-9.343442403354732	0.18797696821569546	-39.19689686840242	0.18695371791456405	-38.089644183320615	0.18700792366635727	1.0545	0.1824	776.0980462689859	301.9053758831123	4.548568686051734	0.040394084628525444	-479.05198287912094	114.40577943882975	3.3328
-8.65998288830162	0.18801801087418143	-9.343442403354732	0.18797696821569546	-39.19689686840242	0.18695371791456405	-38.089644183320615	0.18700792366635727	1.0545	0.1824	776.0980462689859	301.9053758831123	4.548568686051734	0.040394084628525444	-479.05198287912094	114.40577943882975	3.3328
-8.65998288830162	0.18801801087418143	-9.343442403354732	0.18797696821569546	-39.19689686840242	0.18695371791456405	-38.089644183320615	0.18700792366635727	1.0545	0.1824	776.0980462689859	301.9053758831123	4.548568686051734	0.040394084628525444	-479.05198287912094	114.40577943882975	3.3328
-8.65998288830162	0.18801801087418143	-9.343442403354732	0.18797696821569546	-39.19689686840242	0.18695371791456405	-38.089644183320615	0.18700792366635727	1.0545	0.1824	776.0980462689859	301.9053758831123	4.548568686051734	0.040394084628525444	-479.05198287912094	114.40577943882975	3.3328
-8.65998288830162	0.18801801087418143	-9.343442403354732	0.18797696821569546	-39.19689686840242	0.18695371791456405	-38.089644183320615	0.18700792366635727	1.0545	0.1824	776.1465523968776	301.924244969105	4.548852971594613	0.040396609258814734	-479.0819236280509	114.41292980004471	3.3330083000000004
-8.65998288830162	0.18801801087418143	-9.343442403354732	0.18797696821569546	-39.19689686840242	0.18695371791456405	-38.089644183320615	0.18700792366635727	1.0545	0.1824	776.0980462689859	301.9053758831123	4.548568686051734	0.040394084628525444	-479.05198287912094	114.40577943882975	3.3328
-8.65998288830162	0.18801801087418143	-9.343442403354732	0.18797696821569546	-39.19689686840242	0.18695371791456405	-38.089644183320615	0.18700792366635727	1.0545	0.1824	776.0980462689859	301.9053758831123	4.548568686051734	0.040394084628525444	-479.05198287912094	114.40577943882975	3.3328
-8.65998288830162	0.18801801087418143	-9.343442403354732	0.18797696821569546	-39.19689686840242	0.18695371791456405	-38.089644183320615	0.18700792366635727	1.0545	0.1824	776.1465523968776	301.924244969105	4.548852971594613	0.040396609258814734	-479.0819236280509	114.41292980004471	3.3330083000000004
-8.65998288830162	0.18801801087418143	-9.343442403354732	0.18797696821569546	-39.19689686840242	0.18695371791456405	-38.089644183320615	0.18700792366635727	1.0545	0.1824	776.0980462689859	301.9053758831123	4.548568686051734	0.040394084628525444	-479.05198287912094	114.40577943882975	3.3328
-8.65998288830162	0.18801801087418143	-9.343442403354732	0.18797696821569546	-39.19689686840242	0.18695371791456405	-38.089644183320615	0.18700792366635727	1.0545	0.1824	776.0980462689859	301.9053758831123	4.548568686051734	0.040394084628525444	-479.05198287912094	114.40577943882975	3.3328
-8.65998288830162	0.18801801087418143	-9.343442403354732	0.18797696821569546	-39.19689686840242	0.18695371791456405	-38.089644183320615	0.18700792366635727	1.0545	0.1824	776.0980462689859	301.9053758831123	4.548568686051734	0.040394084628525444	-479.05198287912094	114.40577943882975	3.3328
-8.65998288830162	0.18801801087418143	-9.343442403354732	0.18797696821569546	-39.19689686840242	0.18695371791456405	-38.089644183320615	0.18700792366635727	1.0545	0.1824	776.1465523968776	301.924244969105	4.548852971594613	0.040396609258814734	-479.0819236280509	114.41292980004471	3.3330083000000004
-8.65998288830162	0.18801801087418143	-9.343442403354732	0.18797696821569546	-39.19689686840242	0.18695371791456405	-38.089644183320615	0.18700792366635727	1.0545	0.1824	776.0980462689859	301.9053758831123	4.548568686051734	0.040394084628525444	-479.05198287912094	114.40577943882975	3.3328
-8.65998288830162	0.18801801087418143	-9.343442403354732	0.18797696821569546	-39.19689686840242	0.18695371791456405	-38.089644183320615	0.18700792366635727	1.0545	0.1824	776.0980462689859	301.9053758831123	4.548568686051734	0.040394084628525444	-479.05198287912094	114.40577943882975	3.3328
-8.65998288830162	0.18801801087418143	-9.343442403354732	0.18797696821569546	-39.19689686840242	0.18695371791456405	-38.089644183320615	0.18700792366635727	1.0545	0.1824	776.0980462689859	301.9053758831123	4.548568686051734	0.040394084628525444	-479.05198287912094	114.40577943882975	3.3328
-8.65998288830162	0.18801801087418143	-9.343442403354732	0.18797696821569546	-39.19689686840242	0.18695371791456405	-38.089644183320615	0.18700792366635727	1.0545	0.1824	776.0980462689859	301.9053758831123	4.548568686051734	0.040394084628525444	-479.05198287912094	114.40577943882975	3.3328
-8.65998288830162	0.18801801087418143	-9.343442403354732	0.18797696821569546	-39.19689686840242	0.18695371791456405	-38.089644183320615	0.18700792366635727	1.0545	0.1824	776.049540141094	301.88650679711964	4.548284400508855	0.04039155999823617	-479.022042130191	114.39862907761484	3.3325917000000005
-8.65998288830162	0.18801801087418143	-9.343442403354732	0.18797696821569546	-39.19689686840242	0.18695371791456405	-38.089644183320615	0.18700792366635727	1.0545	0.1824	776.0980462689859	301.9053758831123	4.548568686051734	0.040394084628525444	-479.05198287912094	114.40577943882975	3.3328
-8.65998288830162	0.18801801087418143	-9.343442403354732	0.18797696821569546	-39.19689686840242	0.18695371791456405	-38.089644183320615	0.18700792366635727	1.0545	0.1824	776.0980462689859	301.9053758831123	4.548568686051734	0.040394084628525444	-479.05198287912094	114.40577943882975	3.3328
-8.65998288830162	0.18801801087418143	-9.343442403354732	0.18797696821569546	-39.19689686840242	0.18695371791456405	-38.089644183320615	0.18700792366635727	1.0545	0.1824	776.0980462689859	301.9053758831123	4.548568686051734	0.040394084628525444	-479.05198287912094	114.40577943882975	3.3328
-8.65998288830162	0.18801801087418143	-9.343442403354732	0.18797696821569546	-39.19689686840242	0.18695371791456405	-38.089644183320615	0.18700792366635727	1.0545	0.1824	776.0980462689859	301.9053758831123	4.548568686051734	0.040394084628525444	-479.05198287912094	114.40577943882975	3.3328
-8.65998288830162	0.18801801087418143	-9.343442403354732	0.18797696821569546	-39.19689686840242	0.18695371791456405	-38.089644183320615	0.18700792366635727	1.0545	0.1824	776.0980462689859	301.9053758831123	4.548568686051734	0.040394084628525444	-479.05198287912094	114.40577943882975	3.3328
-8.65998288830162	0.18801801087418143	-9.343442403354732	0.18797696821569546	-39.19689686840242	0.18695371791456405	-38.089644183320615	0.18700792366635727	0.9681	0.3167	776.0980462689859	301.9053758831123	4.548568686051734	0.040394084628525444	-479.05198287912094	114.40577943882975	3.3328
-8.65998288830162	0.18801801087418143	-9.343442403354732	0.18797696821569546	-39.19689686840242	0.18695371791456405	-38.089644183320615	0.18700792366635727	1.0545	0.1824	776.049540141094	301.88650679711964	4.548284400508855	0.04039155999823617	-479.022042130191	114.39862907761484	3.3325917000000005
-8.65998288830162	0.18801801087418143	-9.343442403354732	0.18797696821569546	-39.19689686840242	0.18695371791456405	-38.089644183320615	0.18700792366635727	1.0545	0.1824	776.0980462689859	301.9053758831123	4.548568686051734	0.040394084628525444	-479.05198287912094	114.40577943882975	3.3328
-8.65998288830162	0.18801801087418143	-9.343442403354732	0.18797696821569546	-39.19689686840242	0.18695371791456405	-38.089644183320615	0.18700792366635727	1.0545	0.1824	776.0980462689859	301.9053758831123	4.548568686051734	0.040394084628525444	-479.05198287912094	114.40577943882975	3.3328
-8.65998288830162	0.18801801087418143	-9.343442403354732	0.18797696821569546	-39.19689686840242	0.18695371791456405	-38.089644183320615	0.18700792366635727	1.0545	0.1824	776.0980462689859	301.9053758831123	4.548568686051734	0.040394084628525444	-479.05198287912094	114.40577943882975	3.3328
-8.65998288830162	0.18801801087418143	-9.343442403354732	0.18797696821569546	-39.19689686840242	0.18695371791456405	-38.089644183320615	0.18700792366635727	1.0545	0.1824	776.0980462689859	301.9053758831123	4.548568686051734	0.040394084628525444	-479.05198287912094	114.40577943882975	3.3328
-8.65998288830162	0.18801801087418143	-9.343442403354732	0.18797696821569546	-39.19689686840242	0.18695371791456405	-38.089644183320615	0.18700792366635727	1.0545	0.1824	776.1465523968776	301.924244969105	4.548852971594613	0.040396609258814734	-479.0819236280509	114.41292980004471	3.3330083000000004
-8.65998288830162	0.18801801087418143	-9.343442403354732	0.18797696821569546	-39.19689686840242	0.18695371791456405	-38.089644183320615	0.18700792366635727	1.0545	0.1824	776.0980462689859	301.9053758831123	4.548568686051734	0.040394084628525444	-479.05198287912094	114.40577943882975	3.3328
-8.65998288830162	0.18801801087418143	-9.343442403354732	0.18797696821569546	-39.19689686840242	0.18695371791456405	-38.089644183320615	0.18700792366635727	1.0545	0.1824	776.0980462689859	301.9053758831123	4.548568686051734	0.040394084628525444	-479.05198287912094	114.40577943882975	3.3328
-8.65998288830162	0.18801801087418143	-9.343442403354732	0.18797696821569546	-39.19689686840242	0.18695371791456405	-38.089644183320615	0.18700792366635727	1.0545	0.1824	776.0980462689859	301.9053758831123	4.548568686051734	0.040394084628525444	-479.05198287912094	114.40577943882975	3.3328
-8.65998288830162	0.18801801087418143	-9.343442403354732	0.18797696821569546	-39.19689686840242	0.18695371791456405	-38.089644183320615	0.18700792366635727	1.0545	0.1824	776.0980462689859	301.9053758831123	4.548568686051734	0.040394084628525444	-479.05198287912094	114.40577943882975	3.3328
-8.65998288830162	0.18801801087418143	-9.343442403354732	0.18797696821569546	-39.19689686840242	0.18695371791456405	-38.089644183320615	0.18700792366635727	1.0545	0.1824	776.0980462689859	301.9053758831123	4.548568686051734	0.040394084628525444	-479.05198287912094	114.40577943882975	3.3328
-8.65998288830162	0.18801801087418143	-9.343442403354732	0.18797696821569546	-39.19689686840242	0.18695371791456405	-38.089644183320615	0.18700792366635727	1.0545	0.1824	776.0980462689859	301.9053758831123	4.548568686051734	0.040394084628525444	-479.05198287912094	114.40577943882975	3.3328
-8.65998288830162	0.18801801087418143	-9.343442403354732	0.18797696821569546	-39.19689686840242	0.18695371791456405	-38.089644183320615	0.18700792366635727	1.0545	0.1824	776.0980462689859	301.9053758831123	4.548568686051734	0.040394084628525444	-479.05198287912094	114.40577943882975	3.3328
-8.65998288830162	0.18801801087418143	-9.343442403354732	0.18797696821569546	-39.19689686840242	0.18695371791456405	-38.089644183320615	0.18700792366635727	1.0545	0.1824	776.0980462689859	301.9053758831123	4.548568686051734	0.040394084628525444	-479.05198287912094	114.40577943882975	3.3328
