18.904132	0.074074	8.826711	0.072495	-1.805332	0.07083	-12.890976	0.067014	19.7494	0.2367	184.92283236317704	1.9019244948953198	32.25084033147868	0.3074403749956806	168.104370162064	1.4786194501263863	11.709
18.908699	0.07554	8.828894	0.077679	-1.795721	0.076718	-12.856319	0.072279	19.7386	0.2366	184.8790935890132	1.9873579376945731	32.273387466149494	0.3316365205772681	168.4850329479524	1.6055984759977215	11.709
18.903301	0.082528	8.847419	0.082304	-1.79961	0.079107	-12.85872	0.080136	19.7602	0.2362	185.3189185219974	2.14796403766984	32.205447945215724	0.3453067161265711	168.5077037616843	1.7157517016873713	11.709
18.910871	0.078862	8.814839	0.074661	-1.809202	0.076786	-12.874732	0.068276	19.7386	0.2366	184.58195506656986	1.9854547217105059	32.27513113772823	0.3253617967059213	168.4099427780285	1.5637966137172317	11.709
18.909295	0.070207	8.841243	0.067018	-1.809224	0.067089	-12.860368	0.070248	19.744	0.2367	185.09491994887284	1.7843657706384324	32.1950489163851	0.2866536733954738	168.6291634734013	1.4822263873482666	11.709
18.887429	0.073456	8.816682	0.06968	-1.813036	0.069536	-12.880006	0.067644	19.7494	0.2367	185.04538521048931	1.8603798389063513	32.257893975034165	0.2987351912055295	168.38803881705638	1.4760394207763203	11.709
18.93027	0.074042	8.867412	0.067983	-1.776491	0.071462	-12.750146	0.070343	19.7548	0.2365	185.19045178485763	1.8498706709989958	32.2149040947871	0.29852268085303496	169.81992891709515	1.5517635285475937	11.709
18.912968	0.068045	8.841004	0.073222	-1.791874	0.067632	-11.375021	0.088176	19.7494	0.2367	0.0	0.0	0.0	0.0	0.0	0.0	0.0
18.741633	0.082455	8.879525	0.081497	-1.626249	0.078359	-9.545634	0.101023	19.7602	0.2362	0.0	0.0	0.0	0.0	0.0	0.0	0.0
18.379074	0.077403	8.92573	0.072451	-1.257934	0.070707	-7.761434	0.085906	19.7764	0.2359	0.0	0.0	0.0	0.0	0.0	0.0	0.0
18.04054	0.071946	9.034626	0.068875	-0.676344	0.070494	-6.067744	0.085153	19.7764	0.2359	0.0	0.0	0.0	0.0	0.0	0.0	0.0
17.675397	0.081938	9.167796	0.069045	0.032791	0.073653	-4.498812	0.08953	19.7872	0.2367	0.0	0.0	0.0	0.0	0.0	0.0	0.0
17.324688	0.070821	9.316819	0.070873	0.847181	0.076694	-3.00925	0.080365	19.8141	0.2365	0.0	0.0	0.0	0.0	0.0	0.0	0.0
17.018262	0.078874	9.490182	0.072581	1.636998	0.081633	-1.627867	0.084583	19.8249	0.2356	0.0	0.0	0.0	0.0	0.0	0.0	0.0
16.76199	0.078076	9.699946	0.079177	2.468594	0.072192	-0.34306	0.090062	19.8303	0.2361	0.0	0.0	0.0	0.0	0.0	0.0	0.0
16.557147	0.078777	9.945022	0.07863	3.295518	0.08095	0.902009	0.083228	19.8357	0.2366	0.0	0.0	0.0	0.0	0.0	0.0	0.0
16.340792	0.08277	10.165294	0.075117	4.073692	0.076	2.022449	0.087711	19.8519	0.2372	0.0	0.0	0.0	0.0	0.0	0.0	0.0
16.168128	0.067326	10.365461	0.071074	4.828608	0.069151	3.069487	0.080749	19.8789	0.2358	0.0	0.0	0.0	0.0	0.0	0.0	0.0
16.029512	0.072752	10.649403	0.069031	5.57624	0.076736	4.07587	0.078448	19.8843	0.2364	0.0	0.0	0.0	0.0	0.0	0.0	0.0
15.898572	0.073635	10.880441	0.069672	6.252231	0.09064	4.99319	0.077502	19.8897	0.2368	0.0	0.0	0.0	0.0	0.0	0.0	0.0
15.825173	0.073683	11.171698	0.070527	6.93685	0.068106	5.880757	0.073642	19.922	0.237	0.0	0.0	0.0	0.0	0.0	0.0	0.0
15.726111	0.078019	11.394122	0.076915	7.555878	0.073308	6.69068	0.071954	19.9328	0.2361	0.0	0.0	0.0	0.0	0.0	0.0	0.0
15.687207	0.065926	11.630498	0.065094	8.163553	0.075159	7.432138	0.065343	19.922	0.237	0.0	0.0	0.0	0.0	0.0	0.0	0.0
15.614276	0.07567	11.856234	0.071687	8.71589	0.072486	8.143325	0.080629	19.949	0.2374	0.0	0.0	0.0	0.0	0.0	0.0	0.0
15.582932	0.076299	12.096585	0.074765	9.247398	0.080013	8.798306	0.080557	19.9598	0.2377	0.0	0.0	0.0	0.0	0.0	0.0	0.0
15.587802	0.079464	12.352275	0.075622	9.782785	0.080624	9.425401	0.075557	19.9813	0.2368	0.0	0.0	0.0	0.0	0.0	0.0	0.0
15.569119	0.073448	12.560605	0.067724	10.262138	0.070241	9.988943	0.071031	19.9867	0.2363	0.0	0.0	0.0	0.0	0.0	0.0	0.0
15.596934	0.076055	12.792412	0.075257	10.714761	0.077631	10.556482	0.078074	20.0029	0.2377	0.0	0.0	0.0	0.0	0.0	0.0	0.0
15.583908	0.075081	12.992482	0.071424	11.136618	0.073207	11.041031	0.080564	20.0245	0.2378	0.0	0.0	0.0	0.0	0.0	0.0	0.0
15.623655	0.072802	13.216118	0.070501	11.555934	0.070541	11.519139	0.070852	20.0407	0.2366	0.0	0.0	0.0	0.0	0.0	0.0	0.0
15.645026	0.07128	13.411462	0.070649	11.945611	0.079406	11.986165	0.071414	20.0461	0.2371	0.0	0.0	0.0	0.0	-0.0	0.0	0.0
15.673515	0.075246	13.61213	0.069316	12.312497	0.074735	12.391914	0.073161	20.0569	0.2379	0.0	0.0	0.0	0.0	-0.0	0.0	0.0
15.727405	0.065027	13.817543	0.067005	12.653809	0.067483	12.790583	0.070818	20.0784	0.238	0.0	0.0	0.0	0.0	-0.0	0.0	0.0
15.746877	0.074066	13.980864	0.073499	12.961697	0.073047	13.133499	0.070651	20.0946	0.2368	0.0	0.0	0.0	0.0	-0.0	0.0	0.0
15.795309	0.070627	14.17078	0.071958	13.316868	0.069525	13.521683	0.069885	20.0946	0.2368	0.0	0.0	0.0	0.0	-0.0	0.0	0.0
15.932099	0.07991	14.537324	0.077087	13.678066	0.078338	13.953029	0.08217	20.1	0.2374	0.0	0.0	0.0	0.0	-0.0	0.0	0.0
16.099816	0.068607	14.850541	0.06656	14.111554	0.069536	14.341674	0.073068	20.1162	0.2384	0.0	0.0	0.0	0.0	-0.0	0.0	0.0
16.20646	0.075019	14.991821	0.07264	14.427405	0.071923	14.651657	0.076192	20.1054	0.2378	0.0	0.0	0.0	0.0	-0.0	0.0	0.0
16.302346	0.076841	15.163618	0.075046	14.69779	0.075455	14.965586	0.076687	20.1216	0.2385	0.0	0.0	0.0	0.0	-0.0	0.0	0.0
16.385947	0.075971	15.337732	0.075501	14.914948	0.074814	15.222194	0.077127	20.0353	0.2371	0.0	0.0	0.0	0.0	-0.0	0.0	0.0
16.457574	0.075627	15.487582	0.077128	15.153415	0.077222	15.487791	0.074839	10.9953	0.8157	0.0	0.0	0.0	0.0	-0.0	0.0	0.0
16.48808	0.071128	15.689769	0.075221	15.280901	0.070804	15.700327	0.068463	1.1461	0.1992	0.0	0.0	0.0	0.0	-0.0	0.0	0.0
16.596949	0.078292	15.889395	0.07453	15.418194	0.073527	15.931055	0.076245	1.7017	0.2216	0.0	0.0	0.0	0.0	-0.0	0.0	0.0
16.674876	0.073275	16.074934	0.080769	15.607503	0.073549	16.112469	0.076268	0.0566	0.184	0.0	0.0	0.0	0.0	-0.0	0.0	0.0
16.758818	0.070306	16.220878	0.072179	15.794636	0.073383	16.312403	0.070168	0.0458	0.1837	0.0	0.0	0.0	0.0	-0.0	0.0	0.0
16.862141	0.070316	16.35513	0.072672	15.951446	0.071469	16.494465	0.072222	0.035	0.1827	0.0	0.0	0.0	0.0	-0.0	0.0	0.0
16.924351	0.070917	16.481591	0.069703	16.144074	0.071757	16.656325	0.073715	0.0458	0.1837	0.0	0.0	0.0	0.0	-0.0	0.0	0.0
17.020477	0.075819	16.581689	0.072645	16.279342	0.074564	16.80225	0.08134	0.0512	0.1839	0.0	0.0	0.0	0.0	-0.0	0.0	0.0
17.088636	0.077471	16.680915	0.071403	16.463574	0.069247	16.959814	0.071446	0.035	0.1827	0.0	0.0	0.0	0.0	-0.0	0.0	0.0
17.167627	0.082898	16.768096	0.078004	16.621331	0.083435	17.107465	0.078302	0.035	0.1827	0.0	0.0	0.0	0.0	-0.0	0.0	0.0
17.206862	0.073093	16.842628	0.070575	16.768581	0.069365	17.234166	0.068402	0.035	0.1827	0.0	0.0	0.0	0.0	-0.0	0.0	0.0
17.289783	0.068261	16.929596	0.069935	16.915842	0.068314	17.358773	0.066659	0.0512	0.1839	0.0	0.0	0.0	0.0	-0.0	0.0	0.0
17.348197	0.078111	16.998329	0.072207	17.065764	0.074209	17.496435	0.079433	0.0458	0.1837	0.0	0.0	-0.0	0.0	-0.0	0.0	0.0
17.42614	0.072405	17.101128	0.071977	17.226983	0.075424	17.647462	0.071655	0.062	0.1839	0.0	0.0	-0.0	0.0	-0.0	0.0	0.0
17.488486	0.074424	17.155065	0.074381	17.349716	0.074983	17.755783	0.078739	0.0728	0.1833	0.0	0.0	-0.0	0.0	-0.0	0.0	0.0
17.515733	0.071705	17.217682	0.070752	17.497897	0.074739	17.856149	0.075371	0.0782	0.1827	0.0	0.0	-0.0	0.0	-0.0	0.0	0.0
17.574274	0.074381	17.263648	0.079722	17.581484	0.074056	17.960736	0.07129	0.0836	0.182	0.0	0.0	-0.0	0.0	-0.0	0.0	0.0
17.599031	0.074048	17.298797	0.074012	17.702229	0.075513	18.06703	0.074121	0.0782	0.1827	0.0	0.0	-0.0	0.0	-0.0	0.0	0.0
17.655643	0.071374	17.363673	0.073292	17.836153	0.066382	18.178125	0.069736	0.0836	0.182	0.0	0.0	-0.0	0.0	-0.0	0.0	0.0
17.719019	0.076148	17.418623	0.075773	17.937244	0.075979	18.262583	0.075902	0.0836	0.182	0.0	0.0	-0.0	0.0	-0.0	0.0	0.0
17.758822	0.07319	17.456289	0.073619	18.048161	0.073352	18.361073	0.07474	0.0836	0.182	0.0	0.0	-0.0	0.0	-0.0	0.0	0.0
17.815197	0.078047	17.535538	0.073628	18.179894	0.071906	18.474112	0.075107	0.0836	0.182	0.0	0.0	-0.0	0.0	-0.0	0.0	0.0
17.816093	0.072701	17.544795	0.068441	18.230901	0.070831	18.508461	0.071497	0.0836	0.182	0.0	0.0	-0.0	0.0	-0.0	0.0	0.0
17.905146	0.071401	17.617037	0.069227	18.341149	0.071553	18.610395	0.074985	0.089	0.1827	0.0	0.0	-0.0	0.0	-0.0	0.0	0.0
17.904512	0.074086	17.633106	0.074053	18.405351	0.082316	18.676776	0.080251	0.089	0.1827	0.0	0.0	-0.0	0.0	-0.0	0.0	0.0
17.975615	0.072956	17.70413	0.068745	18.518498	0.070809	18.752299	0.074621	0.0836	0.182	0.0	0.0	-0.0	0.0	-0.0	0.0	0.0
18.00062	0.072853	17.731195	0.078814	18.614781	0.072551	18.840277	0.077736	0.1051	0.1839	0.0	0.0	-0.0	0.0	-0.0	0.0	0.0
18.033277	0.069266	17.79932	0.069244	18.737572	0.073555	18.883491	0.072708	0.0944	0.1833	0.0	0.0	-0.0	0.0	-0.0	0.0	0.0
18.065267	0.077424	17.852155	0.077709	18.973162	0.079652	18.997441	0.079514	0.0836	0.182	0.0	0.0	-0.0	0.0	-0.0	0.0	0.0
18.119262	0.075165	17.893575	0.071793	19.115486	0.0786	19.0873	0.06794	1.2702	0.2278	0.0	0.0	-0.0	0.0	0.0	0.0	0.0
18.143617	0.073699	17.982662	0.070835	19.221995	0.076082	19.176916	0.077208	1.7071	0.1835	0.0	0.0	-0.0	0.0	0.0	0.0	0.0
18.197703	0.076324	18.11406	0.077924	19.347732	0.078243	19.27322	0.081019	1.583	0.1839	0.0	0.0	-0.0	0.0	0.0	0.0	0.0
18.25108	0.074102	18.1967	0.074455	19.401249	0.074366	19.330969	0.075921	1.432	0.1826	0.0	0.0	-0.0	0.0	0.0	0.0	0.0
18.328921	0.072406	18.268247	0.072104	19.47531	0.074534	19.392367	0.079727	1.4428	0.1838	0.0	0.0	-0.0	0.0	0.0	0.0	0.0
18.316296	0.078042	18.452322	0.070369	19.456067	0.07264	19.457306	0.089895	1.9714	0.1829	-0.0	0.0	-0.0	0.0	-0.0	0.0	0.0
18.452045	0.077147	18.519046	0.076831	19.43286	0.074776	19.516001	0.075724	1.9768	0.1837	-0.0	0.0	-0.0	0.0	-0.0	0.0	0.0
18.483668	0.066915	18.54649	0.06934	19.416285	0.069514	19.554083	0.073561	1.9768	0.1837	-0.0	0.0	-0.0	0.0	-0.0	0.0	0.0
18.558544	0.078347	18.581583	0.073154	19.394702	0.071479	19.557745	0.074844	1.9714	0.1829	-0.0	0.0	-0.0	0.0	-0.0	0.0	0.0
18.614878	0.074275	18.623258	0.068535	19.413377	0.074108	19.586954	0.068027	1.9229	0.1836	-0.0	0.0	-0.0	0.0	-0.0	0.0	0.0
18.622891	0.075479	18.64803	0.073696	19.417178	0.069808	19.609699	0.076951	8.6004	0.8073	-0.0	0.0	-0.0	0.0	-0.0	0.0	0.0
18.702328	0.06685	18.756823	0.069736	19.398254	0.070654	19.632761	0.071436	12.8723	0.2077	-0.0	0.0	-0.0	0.0	-0.0	0.0	0.0
18.724054	0.071041	18.805802	0.07461	19.392601	0.068996	19.650289	0.075427	19.0051	0.2402	-0.0	0.0	-0.0	0.0	-0.0	0.0	0.0
18.80901	0.0759	18.888694	0.073413	19.41693	0.071523	19.668292	0.0738	19.7602	0.2362	-0.0	0.0	-0.0	0.0	-0.0	0.0	0.0
18.817714	0.068364	18.88481	0.078192	19.389774	0.070768	19.666416	0.070709	20.0946	0.238	-0.0	0.0	-0.0	0.0	-0.0	0.0	0.0
18.891772	0.068684	18.9505	0.074043	19.438843	0.068816	19.681846	0.066227	20.3319	0.2394	-0.0	0.0	-0.0	0.0	-0.0	0.0	0.0
18.947425	0.071718	18.968404	0.075453	19.45477	0.068694	19.685124	0.074759	20.4668	0.2391	-0.0	0.0	-0.0	0.0	-0.0	0.0	0.0
18.947052	0.070641	19.018385	0.068865	19.477493	0.069004	19.701565	0.071256	20.4668	0.2391	-0.0	0.0	-0.0	0.0	-0.0	0.0	0.0
19.026928	0.073737	19.058407	0.072306	19.498681	0.076715	19.714348	0.070307	20.4668	0.2391	-0.0	0.0	-0.0	0.0	-0.0	0.0	0.0
19.074971	0.071689	19.093861	0.074817	19.517364	0.072649	19.74147	0.072672	20.4614	0.2395	-0.0	0.0	-0.0	0.0	-0.0	0.0	0.0
19.097607	0.070512	19.110201	0.072165	19.544215	0.073868	19.75573	0.075148	20.3104	0.2378	-0.0	0.0	-0.0	0.0	-0.0	0.0	0.0
19.115896	0.073718	19.145284	0.073347	19.558288	0.074988	19.76352	0.076954	20.3266	0.2392	-0.0	0.0	-0.0	0.0	-0.0	0.0	0.0
19.154059	0.073689	19.181353	0.07245	19.588139	0.074957	19.778646	0.076173	20.3212	0.2389	-0.0	0.0	-0.0	0.0	-0.0	0.0	0.0
19.170779	0.080193	19.195975	0.072103	19.585955	0.076045	19.801721	0.076216	20.3104	0.2378	-0.0	0.0	-0.0	0.0	-0.0	0.0	0.0
19.246526	0.072836	19.248627	0.071339	19.615567	0.074217	19.812403	0.081476	20.3158	0.2384	-0.0	0.0	-0.0	0.0	-0.0	0.0	0.0
19.266189	0.074197	19.27249	0.073737	19.633211	0.073621	19.825822	0.07157	20.3104	0.239	-0.0	0.0	-0.0	0.0	-0.0	0.0	0.0
19.276463	0.079078	19.253359	0.074729	19.626655	0.071537	19.821375	0.073717	20.3212	0.2389	0.0	0.0	-0.0	0.0	-0.0	0.0	0.0
19.281045	0.083638	19.194935	0.077967	19.606025	0.08197	19.779668	0.07839	20.3158	0.2384	0.0	0.0	-0.0	0.0	-0.0	0.0	0.0
19.270314	0.073233	19.173711	0.072449	19.553196	0.073	19.752071	0.07725	20.3104	0.2378	0.0	0.0	-0.0	0.0	-0.0	0.0	0.0
19.263937	0.073654	19.173635	0.078154	19.544702	0.072355	19.726738	0.073721	20.3212	0.2389	0.0	0.0	-0.0	0.0	-0.0	0.0	0.0
19.269554	0.068888	19.185552	0.078237	19.516634	0.079714	19.696574	0.074725	20.3158	0.2384	0.0	0.0	-0.0	0.0	-0.0	0.0	0.0
19.252979	0.07754	19.18368	0.07745	19.525289	0.076328	19.526437	0.08764	20.3158	0.2384	26889.429180302108	42524.81150992341	-1003.6894923215706	319.49232106229067	-1623063.9502133958	164298364.217247	11.708219399999999
19.500474	0.072383	19.195824	0.075569	19.526905	0.073287	17.69511	0.091812	20.305	0.2383	0.0	0.0	-0.0	0.0	0.0	0.0	0.0
19.678065	0.073037	19.255535	0.073653	19.376511	0.070245	15.464488	0.104562	20.2834	0.2392	0.0	0.0	-0.0	0.0	0.0	0.0	0.0
19.718901	0.067617	19.159828	0.068065	18.890247	0.068968	13.30354	0.09105	20.2564	0.2376	0.0	0.0	0.0	0.0	0.0	0.0	0.0
19.734254	0.082924	18.979944	0.069426	18.178761	0.071494	11.353941	0.096809	20.251	0.2381	0.0	0.0	0.0	0.0	0.0	0.0	0.0
19.700743	0.074321	18.703318	0.076366	17.320824	0.076322	9.530491	0.090766	20.2079	0.2379	0.0	0.0	0.0	0.0	0.0	0.0	0.0
19.628982	0.083019	18.290611	0.074925	16.359615	0.077704	7.858752	0.087321	20.2079	0.2379	1392.3058217609637	116.3363278496181	177.56089708447706	9.925653209023046	219.20375525584942	3.01408370059414	11.708219399999999
19.762471	0.083746	17.885924	0.081057	15.376256	0.08324	6.326357	0.090154	20.1971	0.2378	993.0714424787502	61.67797500248079	136.62857720468713	6.325278464080178	205.91888887679823	2.7920017456094546	11.709
19.931591	0.071991	17.385986	0.074997	14.341396	0.076122	4.870248	0.083602	20.1593	0.2381	732.0637603608161	29.89613870281208	112.62349650400945	3.9529118896219892	196.7602187532078	2.348908524443031	11.709
20.135875	0.069735	16.940265	0.073461	13.33044	0.077214	3.535541	0.076715	20.1593	0.2381	583.1579217614875	18.48393900565662	94.98861981921834	2.8044459391917913	190.2567167037401	2.114211529520895	11.709
20.33894	0.079302	16.556173	0.071499	12.411951	0.076459	2.335628	0.079653	20.1486	0.2371	492.6407856876186	13.905610045175512	82.73985987153469	2.0899635871626017	184.94297684578103	2.0265017338666813	11.709
20.507513	0.073633	16.169885	0.078568	11.500395	0.074194	1.180574	0.07755	20.1378	0.238	429.623081235351	10.665106796917852	73.4324939249973	1.6994034192936396	180.57922349965403	1.878006569533564	11.709
20.630547	0.075645	15.80554	0.07601	10.66166	0.07419	0.147567	0.069836	20.127	0.2384	386.2264591297992	8.583928478297448	66.66024483848811	1.3764564362611944	177.2426097852951	1.7175968823817196	11.709
20.741442	0.076144	15.471528	0.071057	9.849186	0.068068	-0.813314	0.07103	20.0946	0.2368	353.61971126014896	6.98853129860484	60.987452631124	1.0673660457235477	174.77563536821475	1.6126010591286437	11.709
20.849303	0.076517	15.142963	0.075043	9.112584	0.073052	-1.702911	0.084627	20.0946	0.2368	326.574528902434	6.133620648642532	56.860824870541094	0.9874937371892551	172.30327805165362	1.781040573711858	11.709
20.91061	0.077306	14.835404	0.07395	8.424388	0.080526	-2.520088	0.071714	20.0838	0.2377	306.74604338012136	5.401615680792006	53.48485979975719	0.9121016473780479	170.27267708639215	1.677604459021459	11.709
20.966085	0.07805	14.549176	0.084314	7.790451	0.077517	-3.250343	0.074363	20.073	0.2382	290.4116301457091	5.199797537881403	50.73328873572431	0.8597194886326904	168.78725012349466	1.6421708849032632	11.709
20.971849	0.07158	14.272834	0.0698	7.203718	0.068726	-3.93622	0.065497	20.0623	0.2381	278.181993106271	4.151692618110764	48.505684022050254	0.6721362214766607	167.28506766160274	1.4256502785330802	11.709
21.067284	0.07303	14.042598	0.069007	6.672589	0.073825	-4.530808	0.069748	20.0407	0.2366	265.2851994977605	3.794455564041144	46.52536138792452	0.6379414455743645	166.3375231831017	1.5079020550496223	11.709
21.063052	0.069028	13.781598	0.066088	6.138554	0.074383	-5.154229	0.068977	20.0353	0.2371	255.93036829963214	3.358911926117491	44.863316524293	0.5840548270172475	165.0209110455862	1.4823787942433284	11.709
21.052641	0.077886	13.520982	0.073107	5.655409	0.071207	-5.673791	0.077248	20.0137	0.238	247.43650888965647	3.5093963634992806	43.59552068452573	0.56564383505108	164.49592427904872	1.525435418502133	11.709390299999999
21.054173	0.066989	13.290921	0.07009	5.226547	0.069875	-6.165554	0.077912	20.0029	0.2377	240.04697870586958	2.9979197758582554	42.51939558198777	0.5218213333709374	163.5822347325746	1.5027770542229009	11.709
21.048743	0.071522	13.082485	0.070615	4.806788	0.067348	-6.598225	0.067115	19.9921	0.2369	233.92980320598744	2.951429768367517	41.43364849769507	0.4885608026668786	163.39702755441263	1.3621850921177612	11.709
21.024059	0.075901	12.878945	0.076079	4.418769	0.078412	-7.050126	0.075896	19.976	0.2385	228.79302860180823	3.0186756761043414	40.53016488941404	0.5234038822007573	162.4869064739849	1.5460687086386264	11.709
20.987356	0.071762	12.67804	0.067017	4.047365	0.068122	-7.441179	0.073387	19.9706	0.2375	224.32926885107864	2.6508313726004835	39.739668449208956	0.44000626135724963	162.25057053883222	1.4141355393913362	11.712000000000002
20.972967	0.076723	12.492294	0.080162	3.720154	0.071335	-7.785038	0.073497	19.9436	0.2371	219.79655452963368	2.8758168404628197	39.098801271370924	0.4782795853288543	162.01578534957886	1.4423220333950606	11.712000000000002
20.969734	0.080989	12.374401	0.07096	3.438758	0.073301	-8.091127	0.07296	19.9328	0.2361	216.8645242088781	2.7167737193540193	38.38337750749126	0.4382364512389575	161.66880381936883	1.4501634037581705	11.712000000000002
20.903522	0.069846	12.157646	0.06918	3.100351	0.073897	-8.429921	0.069233	19.9274	0.2366	213.1316184715797	2.39569241276386	37.86783411630262	0.42321568449501	161.66337674911372	1.4197647412960004	11.712000000000002
20.883125	0.077772	12.011208	0.075149	2.858871	0.075002	-8.697715	0.075354	19.9274	0.2366	210.10369343979684	2.5611360700885686	37.474604395791964	0.43472903982868744	161.2952653949312	1.4838807816974375	11.712000000000002
20.814826	0.073483	11.845723	0.073244	2.605619	0.068561	-8.973999	0.068853	19.895	0.2372	207.82710497983217	2.4040817670306556	37.11864903299848	0.4030219960848929	160.97446215891102	1.350766652923867	11.712000000000002
20.80371	0.076875	11.740651	0.068695	2.378465	0.075414	-9.185559	0.070165	19.8843	0.2364	205.61990175052864	2.339014186908116	36.62524258530281	0.3990725825528222	161.15023271588555	1.4354476420115678	11.709
20.750304	0.07227	11.58761	0.072799	2.135525	0.069344	-9.418431	0.067638	19.8789	0.237	203.4360941742798	2.2775451751313107	36.286192469557676	0.3859673047286989	161.33199311203978	1.3526049958911281	11.712000000000002
20.694718	0.067096	11.43056	0.069248	1.916299	0.06673	-9.643575	0.066152	19.8681	0.2367	201.20799270548576	2.0941782974143464	36.04906453220173	0.3643731845360021	161.24939405242733	1.3106882496403753	11.712000000000002
20.65637	0.075132	11.300225	0.07602	1.728592	0.074905	-9.825842	0.077432	19.8519	0.2372	199.22976959007346	2.275952359855846	35.83298663717179	0.39953391560495005	161.32530200761755	1.5041939520890513	11.712000000000002
20.606175	0.068702	11.194784	0.076186	1.546992	0.07798	-10.025061	0.070515	19.8249	0.2356	198.00954510946633	2.1583763245991174	35.5410168574457	0.40161121895294316	161.03842414102044	1.4630667308700698	11.709
20.551196	0.073089	11.097209	0.073397	1.384972	0.070622	-10.182988	0.067831	19.8249	0.2356	197.16789029800026	2.160244038489186	35.314231711489356	0.3703523339631484	161.13667459749126	1.3639892905976734	11.712000000000002
20.532602	0.072284	10.999929	0.072794	1.230913	0.067027	-10.346605	0.068443	19.8195	0.2361	195.4903262655712	2.103771117213936	35.09998578852484	0.3555329988433217	160.96241228220657	1.3318664849567883	11.709
20.499151	0.076964	10.908733	0.078347	1.104226	0.076036	-10.461833	0.074392	19.8087	0.2368	194.36302896738863	2.2257660255698006	34.981888419627154	0.3895372343053772	161.16317615537494	1.4822410896267806	11.712000000000002
20.472602	0.073315	10.840185	0.07605	0.967913	0.070564	-10.592116	0.077067	19.798	0.237	193.51557220691166	2.122206775996286	34.74176822513691	0.3650894233678542	161.24722991554808	1.4575250965998086	11.712000000000002
20.408401	0.074377	10.72813	0.069185	0.850985	0.069201	-10.71962	0.072102	19.7764	0.2359	192.5589241969514	2.020617834273992	34.72462885558241	0.3440193802140915	161.09984454607348	1.391446722178042	11.712000000000002
20.350471	0.070932	10.614067	0.073066	0.693257	0.073722	-10.863675	0.069439	19.7764	0.2359	191.3997473827366	2.0018561884651964	34.562937117660205	0.36161345537736916	161.24912640488043	1.4130545366493106	11.709
20.304388	0.087071	10.539226	0.071992	0.568796	0.070996	-10.949027	0.07197	19.771	0.2353	190.88498462677893	2.208463391143778	34.39973588103684	0.3488490236910325	161.83811781596467	1.4204978706161062	11.712000000000002
20.253694	0.070335	10.447994	0.069402	0.452143	0.070971	-11.067463	0.07141	19.7602	0.2362	190.0471440200994	1.9150824753676774	34.30346390352501	0.340653362431201	161.77161180043862	1.4138486359307638	11.709
20.253934	0.074703	10.407597	0.073174	0.386084	0.07204	-11.145303	0.073151	19.7494	0.2367	189.26278520760053	2.0100123646755073	34.21562492780417	0.350588345386951	161.60634200261964	1.4388444538403715	11.709
20.185906	0.068971	10.316174	0.071874	0.277261	0.072695	-11.241201	0.069726	19.7278	0.2361	188.86254194332506	1.906152771905102	34.16507008999052	0.34790672552552293	161.82912782196374	1.4152004798699545	11.712000000000002
20.145777	0.077436	10.243247	0.075482	0.18405	0.074629	-11.348395	0.071855	19.7224	0.2356	188.23702101307126	2.055603302933917	34.096179649295635	0.35978924932621603	161.63291008609036	1.4519868397720281	11.712000000000002
20.10621	0.076059	10.205025	0.074175	0.127781	0.07343	-11.37637	0.073503	19.717	0.2351	188.26257974397154	2.020053326146543	34.03511894803914	0.3525146670128141	162.03044267603673	1.4633423015527272	11.712000000000002
20.055795	0.076209	10.114037	0.074496	0.017178	0.075219	-11.463306	0.073632	19.717	0.2351	187.44623836017718	2.0093345634004427	33.96029680939596	0.3560734465252948	162.32287881390417	1.4882677706263676	11.709
20.044231	0.07502	10.064975	0.072725	-0.046883	0.076021	-11.536649	0.07336	19.7117	0.2356	186.74190576113043	1.9552049965199672	33.90992349223007	0.3528035159081513	162.19173703708427	1.4913151875034236	11.709
20.011236	0.073736	10.018804	0.071226	-0.110848	0.072321	-11.597972	0.067134	19.6955	0.2364	186.49566643069429	1.9133887728901036	33.85035802763655	0.3392032102656564	162.22905168330786	1.3935952995265335	11.709
19.964816	0.083193	9.97023	0.077642	-0.163199	0.074206	-11.642241	0.074558	19.6793	0.2362	186.50946311296283	2.1235412946378807	33.84753825967757	0.3587382999893276	162.3902800507295	1.4881290038440864	11.712390400000002
19.900852	0.078779	9.897062	0.078449	-0.258198	0.07935	-11.724873	0.076284	19.6739	0.2358	186.2839373684461	2.0702745766386506	33.764996007477784	0.37099847714379985	162.5183623527673	1.560053363455889	11.709
19.895399	0.070022	9.850994	0.067192	-0.312421	0.070154	-11.769632	0.067504	19.6631	0.2348	185.5306662884955	1.792525930452801	33.7379051491659	0.32246339881333613	162.65260772686312	1.3821386010343895	11.709
19.865373	0.069753	9.802227	0.074261	-0.387982	0.071153	-11.815453	0.064896	19.6631	0.2348	185.17897084647885	1.8748302078965908	33.64807282138098	0.3395999525486188	163.07048037579747	1.374240037268712	11.708609699999998
19.844243	0.06655	9.773901	0.068522	-0.403478	0.068273	-11.846768	0.068294	19.6631	0.2348	185.052840039207	1.7552842124604153	33.6916135018075	0.3202161771689063	162.85047848696857	1.3742628347439012	11.709
19.810876	0.071238	9.721527	0.077403	-0.46156	0.065097	-11.88936	0.066427	19.6577	0.2353	184.75153700133154	1.9262910115265492	33.68135500300019	0.3345220921153446	163.11299750271948	1.3275128796904434	11.712000000000002
19.781878	0.071235	9.687414	0.072943	-0.509948	0.071583	-11.933877	0.07177	19.6631	0.2348	184.65792219754493	1.8650927105034405	33.634204723225466	0.3370892238761539	163.16826504112598	1.4478186968909104	11.712000000000002
19.732384	0.069616	9.622269	0.073028	-0.548683	0.070134	-11.977512	0.068984	19.6523	0.2357	184.37205647429536	1.8399292741643014	33.721538733157686	0.3356969368492684	163.09831451367242	1.4038824235642056	11.712000000000002
19.733319	0.074441	9.618678	0.069996	-0.552535	0.072272	-12.000158	0.071344	19.6307	0.2361	184.24233756529267	1.8612615172479434	33.71203993809959	0.3334724874483069	162.78883247709615	1.4441283420811855	11.709
19.659061	0.069933	9.559833	0.069781	-0.651231	0.065083	-12.045884	0.063581	19.6307	0.2361	184.5708110086159	1.8055107795881027	33.589074617559945	0.3138854355553683	163.58749218932965	1.3062296194928296	11.712000000000002
19.646905	0.069999	9.545924	0.0695	-0.657027	0.066402	-12.071947	0.066682	19.6254	0.2359	184.4915133532483	1.8016480077005834	33.60716960463484	0.31661314793867523	163.2552140005628	1.3458792606037377	11.709
19.63631	0.07693	9.495429	0.079071	-0.703453	0.074824	-12.084802	0.072785	19.6254	0.2359	183.8126922861146	1.999651799646409	33.62919330860651	0.3589558497584418	163.77871689084722	1.502116907571999	11.712000000000002
19.59004	0.069492	9.463141	0.072157	-0.746001	0.069735	-12.130862	0.066643	19.6254	0.2359	184.0193403059044	1.8203789275965019	33.586791007082624	0.3301292193294258	163.68624831005565	1.3868350275906918	11.709
19.586066	0.074424	9.430967	0.073271	-0.769203	0.073882	-12.167837	0.070264	19.6146	0.2351	183.50832927172232	1.88728050262145	33.6163328855765	0.3429282861904184	163.48846868122845	1.4623813120929823	11.709
19.589174	0.071857	9.427406	0.067135	-0.784663	0.069731	-12.168416	0.067101	19.6092	0.2346	183.38788606865538	1.7747107896188827	33.577166394909774	0.31826606785143197	163.70218505439883	1.391624894395095	11.709
19.546421	0.07375	9.37866	0.071049	-0.833003	0.069823	-12.193802	0.068528	19.6092	0.2346	183.27980219320418	1.8459237638728183	33.57849938836613	0.32755859618289374	164.032944525076	1.4125573240691112	11.709
19.511217	0.069316	9.368828	0.070053	-0.854264	0.067712	-12.21069	0.06397	19.6092	0.2346	183.7382877430196	1.785320555344614	33.540961920660195	0.3196534787854822	164.09610515240323	1.345985562747517	11.709
19.490988	0.071953	9.348042	0.071591	-0.871667	0.073312	-12.23387	0.069853	19.6092	0.2346	183.77528352275888	1.8390505244644104	33.560658201660566	0.3364993704670139	164.05469035364808	1.462094494442972	11.712000000000002
19.440235	0.077671	9.293449	0.074342	-0.933508	0.070921	-12.263151	0.070835	19.6092	0.2346	183.65867493601863	1.9460364741343579	33.52828244102911	0.33684042886763715	164.48402333083362	1.4552360932758053	11.709
19.444131	0.078681	9.26911	0.083866	-0.933509	0.072979	-12.272177	0.070207	19.6038	0.2351	183.14902950863402	2.0699315173907027	33.60826363782961	0.36621336893526824	164.35309574906387	1.4678516141793656	11.709
19.40279	0.071987	9.263384	0.07207	-0.93544	0.071541	-12.294673	0.072112	19.6092	0.2346	183.79234251920283	1.8464434048615952	33.62077018668893	0.334760921920491	164.05554905136606	1.467052800542152	11.709
19.424265	0.077987	9.24747	0.077175	-0.964422	0.072142	-12.302306	0.072828	19.5876	0.2359	183.11709597904849	1.9742179589388784	33.57774778429362	0.3473646964134875	164.36445671105722	1.4860847577885499	11.709
19.405351	0.075639	9.221262	0.074355	-0.977946	0.072892	-12.317033	0.071365	19.5714	0.2357	182.98594696182258	1.90576408034246	33.61950490384022	0.34322396818411444	164.3470241683053	1.4785339253361922	11.709
19.346441	0.071716	9.186959	0.069541	-1.016582	0.068528	-12.335395	0.070661	19.5768	0.2359	183.42915980720707	1.8036126367363459	33.60522837303868	0.321550019392428	164.64139701360034	1.4317922712036144	11.709
19.348542	0.072219	9.178897	0.067799	-1.022377	0.071965	-12.359322	0.069213	19.5714	0.2357	183.24584758891064	1.784898878121227	33.61269752448465	0.32577858969579127	164.37807232835058	1.4477101355272182	11.709
19.318825	0.071345	9.138449	0.070718	-1.076454	0.068215	-12.392267	0.068156	19.5714	0.2357	183.05268279136178	1.8062656461203708	33.567851847039165	0.32288694973869253	164.6850501895697	1.4033842550750166	11.709
19.313285	0.071241	9.134771	0.068215	-1.062939	0.071529	-12.374317	0.066184	19.5714	0.2357	183.08618374166934	1.7741729609119141	33.62444322647932	0.3259048215836745	164.7496227646129	1.4193643118360784	11.709
19.290178	0.072007	9.116635	0.068467	-1.082251	0.065422	-12.3964	0.063557	19.5606	0.2349	183.17564007121462	1.7890138035756888	33.62056548885935	0.3121718023685009	164.70927239713365	1.32783576769998	11.709
19.290559	0.071097	9.128902	0.077076	-1.088047	0.06842	-12.391106	0.066103	19.5606	0.2349	183.38990687694772	1.8924136701757779	33.56112787883381	0.33854663171020916	164.87087317031353	1.38770020490148	11.709
19.2568	0.075083	9.082487	0.070582	-1.103494	0.070723	-12.394696	0.070112	19.566	0.2354	183.16178147293155	1.855145834967283	33.663160286841524	0.3302133068253781	165.044015875794	1.4556585125822503	11.709
19.243667	0.070059	9.056051	0.071761	-1.132453	0.067687	-12.423819	0.070018	19.5606	0.2349	182.92260814545944	1.8007322673423527	33.654823361413804	0.3258510325584773	165.04160534561322	1.423453298142213	11.709
19.212092	0.070772	9.025801	0.070093	-1.163342	0.065414	-12.453211	0.067314	19.5498	0.2348	182.94639611798493	1.78896293425611	33.65271612119323	0.316655745864686	165.063487871952	1.3723178921337869	11.709
19.169192	0.077266	9.013298	0.073741	-1.182636	0.070071	-12.456344	0.067775	19.5606	0.2349	183.49396423618367	1.9297649968586148	33.63030126628199	0.335525912226935	165.3001092409051	1.429375971318031	11.709
19.192664	0.069924	9.0175	0.066254	-1.178779	0.071165	-12.462091	0.070662	19.5606	0.2349	183.14645386851956	1.733831256252675	33.62916080689946	0.3206873764920178	165.15942627148343	1.4679518951740405	11.709
19.197166	0.074106	9.025696	0.071122	-1.171061	0.074763	-12.454914	0.06735	19.5552	0.2343	183.2129678989903	1.8501182988073561	33.62758467927793	0.34030218371825766	165.15149567898652	1.4727659279544387	11.709
19.16957	0.071923	8.973193	0.066742	-1.194221	0.069692	-12.476807	0.067069	19.5606	0.2349	182.7654423526729	1.758750201090692	33.7246333076102	0.32007120062790184	165.1700461743743	1.4159606205068074	11.709
19.141086	0.065814	8.969582	0.072871	-1.209672	0.067252	-12.479194	0.068332	19.5498	0.2348	183.21235968391625	1.7686670661899924	33.68540748807136	0.3281466017619766	165.36152759584996	1.4068145180995464	11.709
19.147685	0.069953	8.963679	0.073159	-1.232837	0.070438	-12.495931	0.067049	19.5498	0.2348	182.98743152634682	1.818756099437923	33.628382992186566	0.33493677716462955	165.45587615248138	1.4285735817500906	11.709
19.126844	0.071884	8.945624	0.072275	-1.246348	0.071595	-12.508898	0.070595	19.5444	0.2353	183.0375279825262	1.8325923978821628	33.643372961701665	0.3358149593922229	165.4638721048544	1.4771770425431385	11.709
19.11342	0.0684	8.919069	0.074202	-1.259845	0.071508	-12.515753	0.069165	19.5498	0.2348	182.80175870701365	1.8096313261047658	33.686534226965684	0.3410380569042639	165.56151818950022	1.4633106840752208	11.709
19.084036	0.070922	8.927123	0.067987	-1.250196	0.069206	-12.52127	0.064069	19.5444	0.2353	183.4755530727294	1.774716435657858	33.69181336914188	0.3211609923506631	165.33874294991685	1.3834505501769598	11.709
19.094605	0.07137	8.921117	0.074688	-1.244408	0.071507	-12.510281	0.073003	19.5444	0.2353	183.1766289382703	1.8600428328238299	33.730902555065164	0.34309951613831696	165.4150768642839	1.5004323052790376	11.709
19.080139	0.076993	8.90914	0.07011	-1.277215	0.074978	-12.532488	0.066972	19.5498	0.2348	183.22145341177034	1.8758351563083522	33.66192343591174	0.339219229455737	165.57086621930716	1.478900632212586	11.709
19.045961	0.082318	8.880681	0.077123	-1.286853	0.074745	-12.541317	0.072195	19.5606	0.2349	183.32453747348293	2.0343196810776374	33.72423479978524	0.3562316325054927	165.582772955671	1.528909773151206	11.709
19.055256	0.071666	8.881093	0.074183	-1.290727	0.071503	-12.547384	0.069842	19.5391	0.2355	183.16446551345146	1.856932483471499	33.710028643482545	0.34145827509019566	165.55050275642947	1.4699906762602037	11.709
19.023255	0.069315	8.860723	0.071012	-1.317729	0.066802	-12.556257	0.068691	19.5498	0.2348	183.3741078968596	1.7905917134276002	33.688063762313675	0.3226830396777838	165.817542408759	1.4137266089522174	11.709
18.999876	0.065821	8.858573	0.06926	-1.317723	0.067674	-12.568946	0.068653	19.5337	0.2357	183.7579753517482	1.7313088833282246	33.69519758677581	0.32063070566380447	165.63047047855846	1.4191188441078437	11.709
19.008493	0.081101	8.85465	0.074309	-1.325444	0.074437	-12.565406	0.070111	19.5552	0.2343	183.53103371463015	1.988194616773954	33.68262819926668	0.3480047718201392	165.79640171641063	1.5083521238299864	11.709
19.00055	0.07493	8.826677	0.077488	-1.344743	0.074738	-12.574875	0.072495	19.5444	0.2353	183.16969180464773	1.9406612255989346	33.71135374277633	0.35681180715182553	165.94151821118672	1.5385468465367709	11.709
18.963689	0.075457	8.803995	0.073824	-1.367866	0.072516	-12.590688	0.067689	19.5337	0.2357	183.42532459978258	1.9058674586541817	33.70989176732078	0.342943405475384	166.04961616209678	1.4677201929227286	11.709
18.9535	0.078895	8.810168	0.07599	-1.373658	0.073408	-12.596387	0.071539	19.5391	0.2355	183.72120865982356	1.984035216302331	33.67028503821163	0.349326374778785	166.05098448196952	1.516603059475432	11.709
18.992607	0.073631	8.828894	0.07281	-1.344751	0.074742	-12.580667	0.070821	19.5391	0.2355	183.35279649037614	1.8680560973912523	33.70397877798776	0.34567847412251307	165.85610060145095	1.5199049944406189	11.709
18.933868	0.073111	8.798705	0.073187	-1.379472	0.070051	-12.584345	0.069213	19.5283	0.2357	183.86928648049502	1.8767312806464147	33.68897212891933	0.3353237099914669	166.3156034008797	1.4616981488250411	11.709
18.927352	0.07348	8.788541	0.071032	-1.352463	0.067669	-12.582368	0.069013	19.5337	0.2357	183.80313957213033	1.8527545894403998	33.81246151568966	0.3271061962547667	165.94487735328386	1.428251696410427	11.709
18.916119	0.072172	8.778141	0.074223	-1.392952	0.072598	-12.616841	0.069187	19.5391	0.2355	183.81823058343298	1.8771163705671612	33.71243590905558	0.34412972562553373	166.03383367311054	1.4835250623924263	11.709
18.942184	0.076796	8.792634	0.068184	-1.381399	0.071583	-12.593493	0.070337	19.5337	0.2357	183.60865254327007	1.8578146164848641	33.702694097730884	0.327481671563148	166.20850038785935	1.487686000771643	11.709
18.937914	0.075019	8.768452	0.075464	-1.400684	0.069187	-12.608155	0.06907	19.5283	0.2357	183.2491515187278	1.917433715393977	33.71892143035717	0.3394723762113307	166.2770504233708	1.4504223211563652	11.709
18.908699	0.079	8.744375	0.077177	-1.394902	0.076201	-12.626632	0.077288	19.5498	0.2348	183.34177813078423	1.9921092404490122	33.81822363685963	0.3617430793064546	165.9179059236316	1.603323185253173	11.709
18.87904	0.066	8.732168	0.065355	-1.414181	0.063312	-12.630124	0.065848	19.5229	0.2356	183.6571180735673	1.681176272390648	33.794650831966	0.30307111605989184	166.15144125518376	1.3532076379124793	11.709
18.87095	0.078467	8.730291	0.084266	-1.400687	0.071748	-12.615602	0.069647	19.5444	0.2353	183.76965134816516	2.0866267740354356	33.84592229481259	0.3697404699847103	166.16669735234473	1.4815404705636135	11.709
18.88548	0.073658	8.730224	0.069829	-1.410327	0.07317	-12.630217	0.069764	19.5337	0.2357	183.50548318556932	1.8340438704248254	33.813973707403434	0.33726399881005675	166.09300717087297	1.4966009325886989	11.709
18.865328	0.068842	8.710476	0.070512	-1.425773	0.068895	-12.617855	0.065845	19.5391	0.2355	183.51279350623903	1.780851860142999	33.8283232603632	0.32900565251148084	166.50568749214685	1.4177927955952527	11.709
18.859037	0.075218	8.712488	0.07563	-1.418059	0.071489	-12.638078	0.070582	19.5337	0.2357	183.66296102146268	1.9307623517220092	33.8473642264479	0.34771192039528154	166.09110005911683	1.4871446419063978	11.709
18.856197	0.075352	8.700081	0.069045	-1.456609	0.069666	-12.659675	0.067075	19.5391	0.2355	183.48996609850957	1.8464617938556345	33.76024334118035	0.32602676710242584	166.34242396656035	1.4359144092398337	11.709
18.849237	0.068748	8.679664	0.068331	-1.441167	0.067662	-12.635362	0.065394	19.5498	0.2348	183.24714704387696	1.746591894988247	33.879857547906305	0.3219079298513154	166.47424383540454	1.399377630815981	11.709
18.864287	0.074342	8.697935	0.069389	-1.448889	0.072174	-12.630078	0.065802	19.5391	0.2355	183.30521494113944	1.8335823275492997	33.7930686991401	0.3334373016953732	166.66788478245348	1.4558426980855268	11.709
18.804913	0.075463	8.657406	0.077077	-1.472009	0.070038	-12.651721	0.068323	19.5444	0.2353	183.64563256022777	1.952157378166503	33.85114768553947	0.34803880045476016	166.68990196255743	1.4588455077241669	11.709
18.838976	0.073416	8.683788	0.068971	-1.433459	0.071493	-12.653883	0.067849	19.5444	0.2353	183.50670569915607	1.8202576433525115	33.89186041665622	0.33277732062537024	166.08510110199836	1.458941968099598	11.709
18.815246	0.079327	8.675441	0.075505	-1.458509	0.074033	-12.657143	0.071404	19.5444	0.2353	183.78510036420553	1.9849869773699094	33.83599991714555	0.3530685814715637	166.40826156956172	1.5284195737609914	11.709
18.808661	0.078509	8.661228	0.067072	-1.477781	0.067974	-12.662472	0.070564	19.5337	0.2357	183.64696777869824	1.868759432927101	33.81911618741824	0.31852415922559985	166.6157036104577	1.4595579465516852	11.709
18.817862	0.067417	8.66763	0.066227	-1.466234	0.06859	-12.670333	0.069374	19.5337	0.2357	183.59631395173048	1.7093791592907523	33.83628663083147	0.3183490621504319	166.3270922871615	1.4482563510253879	11.709
18.799365	0.068407	8.651707	0.073762	-1.493234	0.06918	-12.676079	0.066163	19.5391	0.2355	183.6428933870576	1.8205609441583213	33.79933995068788	0.33692023043115954	166.64322485531167	1.4264744252101949	11.709
18.792779	0.071767	8.639507	0.073829	-1.468164	0.082575	-12.67038	0.071686	19.5444	0.2353	183.5413347112516	1.8612480456915845	33.92397092190393	0.3717616573901843	166.35505911111989	1.6238689774334247	11.709
18.814336	0.077482	8.675976	0.070154	-1.475891	0.070038	-12.654207	0.070813	19.5444	0.2353	183.81131192283786	1.8950306093783298	33.77628002088692	0.3298179344920078	166.71073561705506	1.4853750283850604	11.709
18.782298	0.066229	8.643529	0.068328	-1.487443	0.06539	-12.668541	0.067451	19.5337	0.2357	183.80388942885003	1.7250983049984732	33.84594542930606	0.31596315948310044	166.66924558310646	1.4003625831440947	11.709
18.750044	0.074069	8.610988	0.074661	-1.502843	0.073156	-12.67906	0.068753	19.5337	0.2357	183.79868202172446	1.9064720768085233	33.90330786487981	0.35039509807617875	166.74204740616258	1.497800877882596	11.709
18.761115	0.077536	8.617286	0.072146	-1.52599	0.077311	-12.686782	0.074684	19.5337	0.2357	183.71220825447574	1.918103987780763	33.80488757577868	0.352420425503715	166.97249815829787	1.6081644929105214	11.709
18.782742	0.078011	8.621607	0.078377	-1.497094	0.074333	-12.698226	0.073074	19.5283	0.2357	183.3993203949117	1.9959255584061906	33.886989086270084	0.3617535623176236	166.37114752611149	1.548225221419337	11.709
18.731847	0.071918	8.599222	0.068397	-1.518282	0.069659	-12.705206	0.066553	19.5444	0.2353	183.9153567037156	1.8014469547160574	33.89099761116607	0.32701689950254687	166.5824556107689	1.4345993770909273	11.709
18.75961	0.071655	8.61353	0.076133	-1.506731	0.071481	-12.668773	0.070871	19.5391	0.2355	183.67144798237427	1.8926254861352794	33.88176616144746	0.34962377986407284	166.95378985543107	1.5055863206636295	11.709
18.729898	0.073825	8.587224	0.073879	-1.529852	0.071817	-12.705299	0.070725	19.5391	0.2355	183.7331292727719	1.8919579689270345	33.89243258964595	0.34516292063388465	166.75352614578605	1.5040165148869653	11.709
18.749204	0.06884	8.579381	0.069227	-1.527937	0.07242	-12.676171	0.068522	19.5498	0.2348	183.2426303787363	1.7590991770522082	33.92515575515266	0.33626976499913347	167.16057033303036	1.4949247892221635	11.709
18.734385	0.069892	8.597411	0.06805	-1.526005	0.067222	-12.690782	0.068503	19.5337	0.2357	183.83642889732195	1.769062900481638	33.87120845334522	0.3200393772573927	166.91289279452556	1.4348340044765215	11.709
18.729825	0.069931	8.585181	0.073853	-1.543342	0.06644	-12.694226	0.06811	19.5444	0.2353	183.69745063031192	1.8417191384469223	33.854131093047194	0.33204110960129085	167.1208470757748	1.4260052390953588	11.709
18.679384	0.072912	8.544906	0.074229	-1.560683	0.070763	-12.710673	0.068858	19.5337	0.2357	183.8817080904613	1.8878841811856948	33.93095945893495	0.3443401660321495	167.13425379138477	1.4800158585056051	11.709
18.74612	0.072099	8.599986	0.075564	-1.508691	0.069757	-12.676866	0.071853	19.5391	0.2355	183.6704577316857	1.8906636524401341	33.920594678118334	0.3450871811789161	166.86210757604366	1.4962416558898972	11.709
18.710816	0.071431	8.562999	0.07398	-1.568392	0.070762	-12.708835	0.074128	19.5498	0.2348	183.64000738098318	1.8609830987461384	33.844546883516394	0.3419841712532202	167.2774738449686	1.5387704606444257	11.709
18.710521	0.070776	8.566887	0.071766	-1.535619	0.068982	-12.684759	0.065903	19.5498	0.2348	183.71574527687886	1.8255348552917314	33.94131110328208	0.3344334168747576	167.14700201555593	1.430267250034189	11.709
18.709236	0.073901	8.553178	0.072796	-1.547207	0.070679	-12.707322	0.071775	19.5498	0.2348	183.49099075577928	1.8741657237621752	33.94843977488687	0.34102724451438204	166.98261683563325	1.5072092672422022	11.709
18.677804	0.071479	8.567251	0.069655	-1.551062	0.074339	-12.714673	0.067659	19.5444	0.2353	184.31684425437516	1.8194619226245605	33.88828924815783	0.3411938269758496	166.93032278198956	1.5030623526033866	11.709
18.68251	0.076125	8.55743	0.080264	-1.543368	0.075968	-12.703972	0.074888	19.5444	0.2353	184.05239261407635	2.0108747986137905	33.947053962411175	0.37141997365078655	166.97529973534478	1.5959692251513644	11.709
18.688649	0.074063	8.545301	0.070244	-1.543363	0.07387	-12.707555	0.069197	19.5498	0.2348	183.72092358063313	1.8488457087472197	33.98787933694424	0.34341338384904946	166.92165035700285	1.5133492610468862	11.709
18.660233	0.067565	8.530703	0.067663	-1.572237	0.068069	-12.714162	0.067129	19.5498	0.2348	183.97153026505526	1.7366496480593152	33.939856711418045	0.3224253095140435	167.25522445988045	1.4351020738922031	11.709
18.667548	0.078914	8.545236	0.077461	-1.56456	0.074403	-12.718488	0.074337	19.5498	0.2348	184.10271299344646	2.0111853853763164	33.91684106771582	0.3603312936663829	167.0752398853523	1.575423203206197	11.709
18.69045	0.081162	8.535118	0.069954	-1.572264	0.07147	-12.734933	0.072046	19.5552	0.2343	183.50411545248818	1.9361488387280525	33.92493824552478	0.3356703463915215	166.94441002766138	1.5177186497356654	11.709
18.65064	0.072045	8.531098	0.069887	-1.56841	0.070031	-12.71472	0.069614	19.5498	0.2348	184.1531234046871	1.8265558183124941	33.95139040770715	0.33259389813193474	167.18943218174104	1.4811121853888485	11.709
18.62223	0.069586	8.502431	0.067258	-1.591498	0.071817	-12.736026	0.067047	19.5552	0.2343	184.14844282772546	1.7610496180954773	33.970153267885024	0.3311361756704073	167.21615384998037	1.474178105727906	11.709
18.678172	0.070622	8.529219	0.077665	-1.56071	0.071472	-12.718581	0.07214	19.5552	0.2343	183.61945733227498	1.8992229422443052	33.98362129140602	0.3554890544709188	167.0161978481151	1.5200486740031898	11.709
18.686922	0.078109	8.541446	0.075893	-1.556866	0.072823	-12.707787	0.07162	19.5444	0.2353	183.68237881690928	1.9717556963916125	33.95541057155382	0.3536684606891723	167.12030327244588	1.5307866033579585	11.709
18.685342	0.071179	8.547708	0.069031	-1.553027	0.070769	-12.70995	0.069563	19.5498	0.2348	183.82447101367765	1.7979685366673765	33.947266245645835	0.3322605682311098	167.0303950564236	1.485630299538034	11.709
18.64972	0.075317	8.525594	0.077114	-1.583864	0.071467	-12.722814	0.070491	19.5552	0.2343	184.0697313895789	1.9598058239085712	33.91797409613673	0.35274823573577063	167.29990021390537	1.5076676443008887	11.709
18.617413	0.069313	8.478969	0.073184	-1.595399	0.071125	-12.744307	0.067536	19.5498	0.2348	183.80978246961095	1.8274719707172573	34.036114128151475	0.3447835642485971	167.1504652857281	1.4704898193635896	11.709
18.637002	0.070313	8.517487	0.070109	-1.593495	0.065504	-12.73926	0.064935	19.5498	0.2348	184.15360898556807	1.8069294664932833	33.912860445791665	0.3218169029323289	167.19760868541982	1.3836191088325493	11.709
18.630717	0.084904	8.507436	0.081721	-1.587714	0.081614	-12.73926	0.076	19.5498	0.2348	184.0851104265143	2.1428913092281547	33.96604595387387	0.3885931203052817	167.11092670538378	1.6711866305418615	11.709
18.608374	0.075806	8.488723	0.074231	-1.597304	0.07611	-12.742051	0.070802	19.5498	0.2348	184.15114257806653	1.9307115435795172	33.99676600754448	0.35835519571157487	167.2128902939053	1.5596453779721156	11.709
18.665821	0.078195	8.523287	0.074899	-1.570353	0.078045	-12.729746	0.074214	19.5498	0.2348	183.73567575237658	1.9615091812424792	33.971126241760004	0.3640586817573835	166.9934152813017	1.6116257187656	11.709
18.598487	0.076725	8.499035	0.070533	-1.587688	0.071469	-12.735073	0.070143	19.5552	0.2343	184.51944672663453	1.9041019752447041	33.9944222181883	0.3384124408055982	167.1733105042617	1.5017555690565592	11.709
18.599336	0.073013	8.454265	0.06852	-1.626185	0.071473	-12.754493	0.070069	19.5552	0.2343	183.68972635717276	1.8129709332151318	34.01557798584219	0.3341075430741969	167.4598826500959	1.5061691800386992	11.709
18.604331	0.073625	8.486779	0.069701	-1.605017	0.072739	-12.738469	0.070176	19.5552	0.2343	184.18933847116213	1.8457098155235965	33.977334619149964	0.3391853808385039	167.38251845599117	1.5195397955660974	11.709
18.621456	0.071727	8.490962	0.073972	-1.583832	0.071119	-12.735026	0.069473	19.5552	0.2343	183.95403850893	1.8709896757332376	34.03467311353656	0.3466521454561803	167.11619312584992	1.489951383316628	11.709
18.563657	0.072041	8.444185	0.071393	-1.631962	0.071023	-12.763633	0.072365	19.5552	0.2343	184.15439906905803	1.8457161373098534	34.03010201570328	0.340103527822854	167.40930308753136	1.5248747845936375	11.709
18.608081	0.075291	8.476534	0.072418	-1.597295	0.069171	-12.729002	0.069145	19.5606	0.2349	183.9349165723578	1.896546517999563	34.03793440597159	0.338373420909888	167.40875276579746	1.4708649968989027	11.709
18.584528	0.076014	8.460228	0.074284	-1.610766	0.071807	-12.741539	0.074318	19.5552	0.2343	184.06658873086477	1.9323047295740992	34.047513994440926	0.3492873738996575	167.42281089494045	1.5543995045235257	11.709
18.585113	0.076984	8.472547	0.0736	-1.616566	0.071198	-12.752935	0.069384	19.5552	0.2343	184.28015302733868	1.940850460441733	33.9863698211979	0.34495371585980295	167.3386673560105	1.4938377089626385	11.709
18.574714	0.083774	8.466551	0.081795	-1.612715	0.077765	-12.745632	0.076324	19.5552	0.2343	184.3604222084481	2.1354517407046907	34.01957428857529	0.38093157245584014	167.3905503271518	1.638310792391321	11.709
18.551165	0.078558	8.428144	0.071816	-1.65123	0.073536	-12.765516	0.072972	19.5606	0.2349	184.08982484700994	1.9355999979272178	34.019211238132435	0.3469189785104567	167.6711478585959	1.5628811428043652	11.709
18.594077	0.080477	8.460751	0.074846	-1.620439	0.0719	-12.745958	0.069175	19.5552	0.2343	183.90260881056236	1.994538018808635	34.01308163887042	0.3501654920795178	167.5018626440479	1.5021567705529846	11.709
18.566117	0.071893	8.464443	0.071287	-1.614634	0.0704	-12.756517	0.06445	19.5606	0.2361	184.4788568007455	1.8489467814332248	34.02020914313079	0.33817338470393604	167.25586730877302	1.432784046179017	11.709
18.567846	0.06726	8.444185	0.069277	-1.631962	0.071032	-12.761795	0.07183	19.5552	0.2343	184.0782065862123	1.7556959995591668	34.03010201570328	0.33509889476742155	167.4369373691511	1.5197458816595781	11.709
18.564096	0.072241	8.450409	0.073037	-1.63005	0.077026	-12.747377	0.067288	19.5552	0.2343	184.25973649836396	1.8715962853089696	34.01554481950286	0.35818723083138465	167.62530532148912	1.5421257091598017	11.709
18.574641	0.074742	8.442404	0.073966	-1.651245	0.071549	-12.773145	0.073045	19.5552	0.2343	183.92239196444694	1.9087688878091915	33.971096025238474	0.3463480347511136	167.55637330730707	1.540425572508725	11.709
18.560273	0.080838	8.428469	0.078359	-1.618502	0.077013	-12.749447	0.073048	19.566	0.2354	183.93024697328545	2.043806412614472	34.128925245243	0.3732180572047411	167.42022371736152	1.5965429843911543	11.709
18.532099	0.074398	8.424028	0.075835	-1.645443	0.069641	-12.774562	0.068747	19.5606	0.2361	184.36209470326202	1.9376459713159404	34.05266801785941	0.34818765332333024	167.44767724024769	1.472349194512788	11.709
18.592569	0.072434	8.465031	0.074188	-1.630093	0.071814	-12.738981	0.06882	19.5552	0.2343	184.00773477099324	1.8838570753747943	33.966133474711455	0.3474052605275192	167.75263150392374	1.502010617134007	11.709
18.564242	0.073949	8.43239	0.078793	-1.643541	0.074323	-12.754819	0.073472	19.5606	0.2349	183.92937109236124	1.9616675155185048	34.03083185068012	0.36582905249812686	167.71655615416944	1.5774814764214355	11.709
18.525963	0.073944	8.412038	0.071008	-1.664712	0.070016	-12.76547	0.069715	19.5552	0.2343	184.2553854368786	1.867666557419975	34.02806931590555	0.33674876813834326	167.87549181179295	1.4942143153767884	11.709
18.556011	0.071495	8.432455	0.068923	-1.631987	0.067102	-12.753075	0.070556	19.5552	0.2343	184.0800988422047	1.8057348077212965	34.069681340592105	0.32562657325761735	167.56860518933166	1.467126948456411	11.709
18.551092	0.073068	8.43213	0.072793	-1.65508	0.067531	-12.761795	0.071752	19.5552	0.2343	184.1636696085723	1.87713474736522	33.99278338368865	0.3346108431942667	167.78544686266187	1.4885157886965068	11.709
18.551457	0.075914	8.422246	0.0715	-1.628121	0.074169	-12.771214	0.073524	19.5552	0.2343	183.9773273578498	1.8941140534912697	34.11739338887429	0.3497188354184848	167.23769258671496	1.567392377607286	11.709
18.517369	0.078859	8.41194	0.073592	-1.647366	0.072891	-12.776353	0.073263	19.5552	0.2343	184.4103159654625	1.9683590719550927	34.08707303656819	0.35099441642201096	167.44968566351022	1.554983399689176	11.709
18.555499	0.073903	8.434236	0.066715	-1.622336	0.066323	-12.76561	0.065465	19.5552	0.2343	184.12180616388216	1.8111870960923295	34.09634049945994	0.318946995314819	167.23498945502018	1.3985715626063207	11.709
18.526109	0.071168	8.408084	0.074199	-1.643526	0.074324	-12.783934	0.07139	19.5552	0.2343	184.18073587672941	1.8715111136871945	34.113172273624976	0.3564224640354594	167.27800512612936	1.5474315701401964	11.709
18.562294	0.073408	8.446521	0.067865	-1.63584	0.069557	-12.769611	0.070555	19.5498	0.2348	184.22172719703119	1.8206201129780495	34.009130036296426	0.3277976226346473	167.37773099907113	1.4894461864755701	11.709
18.534996	0.072497	8.410321	0.069031	-1.660882	0.067208	-12.775075	0.068834	19.5606	0.2349	184.0597487863198	1.8198390215501439	34.046808860681004	0.32570042245674535	167.67256214654844	1.4513476903789402	11.709
18.53933	0.07398	8.434497	0.072518	-1.641623	0.073146	-12.782517	0.069555	19.5552	0.2343	184.42116974378231	1.8906972735572027	34.03019686398393	0.3478664200365378	167.27069425263568	1.5154704614520647	11.709
18.548145	0.069992	8.436701	0.065641	-1.632004	0.069744	-12.762588	0.068215	19.5552	0.2343	184.3006030409431	1.7489942911306444	34.05525289809521	0.3239410834438373	167.4256530599773	1.4674591874255083	11.709
18.550094	0.071632	8.412524	0.072807	-1.651266	0.070115	-12.764332	0.067321	19.5768	0.2359	183.82564892722124	1.8520685719846675	34.07188765586817	0.3422129226056741	167.6895603980992	1.4667242578953956	11.709
18.53558	0.071266	8.420626	0.073483	-1.643564	0.073547	-12.775449	0.06849	19.566	0.2354	184.23665544469324	1.864508279091446	34.070530761023505	0.3519567567566269	167.40608710416168	1.5113436371861941	11.709
18.535945	0.067865	8.432845	0.067567	-1.639724	0.067104	-12.744447	0.067289	19.5552	0.2343	184.45281674601145	1.7483826024793248	34.04219147582267	0.3218386172527137	167.81555137010164	1.4361056953037405	11.709
18.491097	0.072387	8.378208	0.070057	-1.668591	0.071464	-12.787982	0.07047	19.5552	0.2343	184.2742845435579	1.8355972504316553	34.12950939495524	0.3399615513653843	167.59417470661737	1.512728910828057	11.709
18.539257	0.093058	8.402316	0.074137	-1.660885	0.07146	-12.782471	0.073826	19.5606	0.2349	183.83704267754294	2.157733561439958	34.07388026710698	0.34865651068787734	167.56110827927262	1.548014305269425	11.709
18.514931	0.069989	8.422766	0.066762	-1.647428	0.06936	-12.762774	0.068943	19.5498	0.2348	184.65266797343898	1.7697301289175489	34.05022168863231	0.3255165987426964	167.65516007435315	1.4750670578274077	11.709
18.499399	0.069908	8.398266	0.069449	-1.668588	0.075006	-12.771401	0.078771	19.5552	0.2343	184.48873390593096	1.799765503893775	34.06151786158098	0.34586794706824026	167.84441944576824	1.6443020523655927	11.709
18.535288	0.080875	8.416478	0.076614	-1.653187	0.077555	-12.775262	0.073307	19.5606	0.2349	184.16643994544236	2.0275661254692343	34.05200919547279	0.36865469043389176	167.55373325771652	1.6077047686140817	11.709
18.50568	0.067009	8.404293	0.067977	-1.65703	0.06965	-12.780587	0.072586	19.5552	0.2343	184.48409067996553	1.743266814609238	34.08024301489343	0.32966240361989596	167.53140789407948	1.515091804204107	11.709
18.532975	0.070186	8.400307	0.071265	-1.664738	0.070027	-12.780634	0.06436	19.5552	0.2343	183.91457268574538	1.8155007800680931	34.06763857065336	0.33817819928307663	167.64687854932427	1.434427346097813	11.709
18.524891	0.07414	8.400437	0.074264	-1.657043	0.0747	-12.775309	0.071999	19.5606	0.2349	184.0637835016193	1.9077729876352751	34.093265821123424	0.35706543286473197	167.61113404583028	1.5640509084174248	11.709
18.520848	0.068467	8.408538	0.069729	-1.653195	0.069263	-12.74968	0.070259	19.5606	0.2349	184.28482192549762	1.7808910372281315	34.078852778882855	0.33288286849570886	167.94013710877044	1.4931654652020865	11.709
18.512399	0.077788	8.412524	0.071025	-1.658972	0.073539	-12.77903	0.076496	19.5606	0.2349	184.51171230681175	1.9243351018002985	34.04581811657828	0.34560413746168467	167.58412378329612	1.5991409265984917	11.709
18.54028	0.07048	8.416835	0.067961	-1.633949	0.064886	-12.761077	0.06626	19.566	0.2354	184.0821305440632	1.780352000112315	34.11597837061406	0.31894212197731264	167.47764249288963	1.3958540102358175	11.709
18.51666	0.078669	8.390456	0.076503	-1.674386	0.074309	-12.782751	0.075298	19.5606	0.2349	184.03196647181483	1.9942739220495043	34.068326614419796	0.36100124750750445	167.76052720198655	1.5976623259590994	11.709
18.49867	0.073909	8.377853	0.071421	-1.678193	0.066427	-12.79849	0.069274	19.5714	0.2357	184.12991397313854	1.8698804728460572	34.09812672962197	0.33073085367470684	167.58052556718468	1.446343151224567	11.709
18.543957	0.07698	8.416608	0.073934	-1.653197	0.074701	-12.777286	0.074674	19.5552	0.2343	184.01115817508202	1.939322250477552	34.05153509194848	0.35540720653755487	167.52340408364338	1.590640638258705	11.709
18.497888	0.073739	8.390489	0.07396	-1.66283	0.068156	-12.78096	0.06812	19.5606	0.2349	184.37435833949448	1.9051268100788303	34.107376895499556	0.3412153579068565	167.613178567199	1.4527144098669065	11.709
18.503805	0.076182	8.396354	0.065532	-1.674375	0.068372	-12.79175	0.062923	19.5714	0.2357	184.37341039411967	1.8330638617141821	34.04841139477503	0.32019394094573744	167.62457731038754	1.4010123153076457	11.709
18.504534	0.074577	8.402705	0.073033	-1.651284	0.07067	-12.762821	0.072397	19.5606	0.2349	184.4760320773135	1.9061903503873183	34.105102161411736	0.3447385339739554	167.7126338962609	1.5270256316828723	11.709
18.510597	0.072356	8.406627	0.075814	-1.662835	0.067749	-12.775542	0.064932	19.566	0.2354	184.4369224442506	1.9130187199163178	34.05269689386917	0.3438400346502057	167.69498101768983	1.4160916778547685	11.709
18.49543	0.075279	8.3843	0.072409	-1.668596	0.067639	-12.775215	0.068513	19.5714	0.2357	184.3063287826191	1.9039351962655957	34.10881100170314	0.3361935167842112	167.78689569484632	1.4544360631739932	11.709
18.475786	0.073972	8.375909	0.068475	-1.680124	0.069643	-12.787562	0.068579	19.566	0.2354	184.51167116969418	1.8414922072568116	34.09816954963877	0.33117307245252925	167.77454543711076	1.4763470772645408	11.709
18.507847	0.07712	8.380217	0.074876	-1.67437	0.071372	-12.789819	0.068747	19.5714	0.2357	184.0060584916861	1.9529295149005814	34.10307387899036	0.35085380692194845	167.65360986828185	1.4946559339643544	11.709
18.514566	0.074844	8.396484	0.07053	-1.651268	0.074328	-12.766216	0.069142	19.566	0.2354	184.1796785916412	1.8720081631785843	34.12627345461614	0.3480154068562964	167.66117665671848	1.5312844361265308	11.709
18.506045	0.06821	8.392401	0.068836	-1.67438	0.069555	-12.791843	0.066153	19.5714	0.2357	184.2605111084708	1.765551789938308	34.06176463697901	0.33111111014147543	167.62324829377778	1.4472869645189472	11.709
18.502003	0.074383	8.372376	0.072524	-1.674386	0.074317	-12.773565	0.072244	19.566	0.2354	183.96977545808986	1.8867508991242985	34.129638045501835	0.35275372318448317	167.89937006013545	1.5678488911086355	11.709
18.495867	0.077233	8.378467	0.078762	-1.660906	0.075298	-12.775496	0.070389	19.5606	0.2349	184.19211033690146	2.0082579994292145	34.15475506123049	0.37070586318333915	167.66657942843443	1.5549042837625517	11.709
18.497232	0.069789	8.378144	0.070455	-1.658953	0.069549	-12.786052	0.073897	19.5714	0.2357	184.16137465387624	1.8048164453631135	34.16249896460431	0.3369593749935455	167.47809770034146	1.5273886305106261	11.709
18.495794	0.071713	8.400534	0.073536	-1.664756	0.072483	-12.784635	0.070565	19.5606	0.2349	184.59606458785902	1.8781844118273623	34.06680860551318	0.3494717483842992	167.58683238921384	1.5245661285153853	11.709
18.502804	0.071264	8.402868	0.070251	-1.68212	0.073543	-12.774078	0.068215	19.566	0.2354	184.51058331321627	1.8280984228853692	34.000270708870744	0.34288289971575664	168.00868264518337	1.5193635694932355	11.709
18.494429	0.07505	8.382776	0.068146	-1.662856	0.073545	-12.794288	0.068489	19.5606	0.2349	184.29680198071787	1.8476314479492932	34.133474603245574	0.34068007766117453	167.41289468438313	1.5114388079506542	11.709
18.500419	0.06994	8.386665	0.071809	-1.657066	0.070392	-12.790427	0.068452	19.566	0.2354	184.2585062812094	1.826246522913393	34.13993614219661	0.3418057175497656	167.38389091857272	1.4761971777681429	11.709
18.502659	0.073043	8.372666	0.071021	-1.674409	0.07223	-12.786846	0.074646	19.5606	0.2349	183.96314375237634	1.8501435063603562	34.12856927146785	0.34409233818723695	167.69907207728096	1.5675247840628512	11.709
18.474857	0.071567	8.362364	0.077069	-1.689799	0.069738	-12.795657	0.068579	19.5768	0.2359	184.28148567981853	1.9165967828342203	34.11130004452919	0.3527053603144063	167.79839109542857	1.4777916748167983	11.709
18.516879	0.073033	8.384526	0.073776	-1.682099	0.067747	-12.792077	0.069012	19.5606	0.2349	183.92028651640294	1.8843602203854821	34.06229126489453	0.33892073522247396	167.7361797149537	1.4600684741086143	11.709
18.470524	0.074169	8.37837	0.066711	-1.687867	0.069646	-12.77903	0.06926	19.5552	0.2343	184.65287768408862	1.8252095618915332	34.06360497456589	0.3263524849036822	168.02072467326013	1.4879689384228265	11.709
18.512983	0.074302	8.402738	0.071058	-1.672478	0.073141	-12.794101	0.073595	19.5714	0.2357	184.32246199113013	1.8743663193643487	34.03324896654	0.3444622858995325	167.560546303778	1.5632451090238546	11.709
18.497524	0.076451	8.382291	0.073144	-1.689785	0.074005	-12.782564	0.069403	19.5714	0.2357	184.23157373419596	1.9270682819751002	34.04385761029044	0.3516977168424249	167.9962451101741	1.5365285881284745	11.709
18.478898	0.071625	8.346229	0.072888	-1.689793	0.075078	-12.79189	0.067799	19.593	0.2358	183.91454311400383	1.8548124882938848	34.16615765112068	0.35622905933624555	167.85525313596486	1.5294741270193186	11.709
18.478753	0.07594	8.374288	0.074697	-1.684009	0.074695	-12.79547	0.069431	19.5606	0.2349	184.42789310562927	1.94421991869363	34.090495961476364	0.3580301892774509	167.7137841700759	1.5392680863329125	11.709
18.521943	0.070594	8.388933	0.071633	-1.657087	0.070764	-12.763241	0.069033	19.566	0.2354	183.90835996690222	1.8253217613262682	34.13215819141674	0.34210660138890947	167.7939275206092	1.493572869549974	11.709
18.477314	0.074485	8.348463	0.068456	-1.684033	0.066769	-12.795891	0.067671	19.566	0.2354	183.9838755854072	1.8375813925195303	34.17816484170241	0.32577174272608883	167.7078003496901	1.4347918847696084	11.709
18.490241	0.072212	8.384785	0.070609	-1.657076	0.074091	-12.77959	0.076008	19.5822	0.236	184.4098161142082	1.843036060134107	34.14629130541339	0.3480257987506081	167.54712468173057	1.5989452247756921	11.709
18.48771	0.06943	8.382582	0.069015	-1.674399	0.075082	-12.79217	0.071607	19.5714	0.2357	184.4157951798776	1.7865727675459149	34.09495624235654	0.345738234328034	167.6185967473701	1.5642586971472274	11.709
18.475293	0.071481	8.362557	0.072833	-1.693667	0.071898	-12.794101	0.070614	19.5768	0.2359	184.27705736256559	1.8595857504456017	34.09752013995923	0.34701039162013025	167.880404545705	1.5241032633977367	11.709
18.472472	0.069735	8.358217	0.069324	-1.703271	0.06965	-12.804655	0.069345	19.5606	0.2349	184.24938328693406	1.7912551042315783	34.07968343708793	0.3328544511993236	167.86601945440506	1.486183521565934	11.709
18.500419	0.07747	8.370593	0.073641	-1.660919	0.070387	-12.783078	0.072345	19.5768	0.2359	183.96616086823383	1.9411349433847906	34.18152054416277	0.3471111240274509	167.55247283987856	1.520582960775218	11.709
18.496814	0.07116	8.380896	0.07348	-1.664793	0.073145	-12.785289	0.066253	19.5822	0.236	184.21909918790416	1.8627617948618678	34.133279944518755	0.3522814050936132	167.5775310339838	1.4871749025044843	11.709
18.484178	0.0791	8.36881	0.074272	-1.672496	0.070382	-12.781567	0.073108	19.5714	0.2357	184.2291107236275	1.9761692609204786	34.14817926968649	0.34797768613940205	167.74986854794142	1.5323930676038018	11.709
18.478898	0.073565	8.372343	0.070958	-1.680162	0.069642	-12.788216	0.07126	19.5768	0.2359	184.38975701732448	1.8647735098549556	34.11013627202254	0.33736343927793006	167.765233860741	1.504850570124232	11.709
18.483578	0.072125	8.369624	0.076787	-1.687807	0.071806	-12.792699	0.066923	19.5714	0.2357	184.25486749673826	1.9192279201626468	34.093428617238644	0.35637839438888197	167.8130093063835	1.4833030386620605	11.709
18.488493	0.068043	8.369947	0.069804	-1.668572	0.071813	-12.77847	0.073379	19.5768	0.2359	184.1712425761564	1.7742770145198146	34.15766000998203	0.34077082600071723	167.73739088116892	1.5501520021371542	11.709
18.460841	0.074602	8.353684	0.076157	-1.699375	0.072813	-12.813091	0.068577	19.5714	0.2357	184.3787762366641	1.9447860000773716	34.1082588348045	0.35747996592422787	167.67975214629166	1.5090964634766877	11.709
18.477807	0.073662	8.351772	0.074545	-1.683974	0.070014	-12.807721	0.070467	19.5714	0.2357	184.0350408850117	1.9046802259411217	34.16709844450198	0.34817744401303025	167.5285520026819	1.4960358593108058	11.709
18.471599	0.072208	8.361847	0.07462	-1.691681	0.069252	-12.780213	0.070565	19.5822	0.236	184.33145770915343	1.8932665433293745	34.10666344672476	0.3453695329247207	168.06058836493816	1.498492803864144	11.709
18.488566	0.071459	8.371988	0.068903	-1.682059	0.070664	-12.791376	0.071453	19.5822	0.236	184.20707473936488	1.807498951615651	34.10490656923447	0.3347949841026561	167.74615458307	1.5174074545423328	11.709
18.475131	0.074609	8.337455	0.072007	-1.691657	0.073135	-12.801836	0.071387	19.5768	0.2359	183.82370580978028	1.8801664258166655	34.18970033914415	0.3498839893540388	167.7331336023963	1.5429409060927044	11.709
18.466612	0.079911	8.35145	0.072898	-1.710911	0.075289	-12.8146	0.072282	19.5714	0.2357	184.23285661801197	1.970085370685929	34.07672741830744	0.354902897979519	167.83117470973428	1.577542444477192	11.709
18.471672	0.074378	8.359871	0.073572	-1.695536	0.070744	-12.796793	0.070085	19.5714	0.2357	184.29410244183418	1.9067280519709144	34.10029186296197	0.3461316893130965	167.86794802685358	1.5058315352180507	11.709
18.444094	0.075077	8.327574	0.070601	-1.697449	0.070106	-12.798396	0.071526	19.5822	0.236	184.2081144114276	1.8765661406736578	34.20364742984198	0.33946312474521606	167.87262334022165	1.5145634812809456	11.709
18.439763	0.072161	8.345585	0.076225	-1.697443	0.075071	-12.818508	0.070772	19.5822	0.236	184.6158578534176	1.9197252042383743	34.14232339096363	0.36370963267454853	167.56895913681333	1.5545641044361729	11.709
18.486108	0.078385	8.349731	0.074629	-1.680119	0.072809	-12.789305	0.070465	19.5876	0.2359	183.84726643471294	1.9630059900606012	34.187182889425536	0.3553836127353956	167.74813258504767	1.5299806670679812	11.709
18.479609	0.079385	8.353652	0.079613	-1.697446	0.079329	-12.824065	0.072462	19.5768	0.2359	184.03644513268245	2.0433549267722624	34.114913440438876	0.3814644486869264	167.48531168888528	1.6172909984133046	11.709
18.439182	0.072748	8.321227	0.072143	-1.712828	0.071196	-12.81997	0.068935	19.5768	0.2359	184.18201613262448	1.8650298667585146	34.17285374211734	0.34519449080596915	167.77901183164835	1.4969654083962634	11.709
18.479973	0.07844	8.3739	0.072569	-1.680124	0.071458	-12.789399	0.070149	19.5822	0.236	184.39854915826805	1.9498037225585845	34.10498240193441	0.3454790269942137	167.7468025946685	1.5120191814709814	11.709
18.469505	0.07794	8.361847	0.069012	-1.689755	0.068158	-12.79491	0.067062	19.5876	0.2359	184.36963637698713	1.8988808393969703	34.1131990652329	0.3291837165027715	167.80903484239627	1.4448766887712794	11.709
18.471672	0.070009	8.357862	0.069963	-1.685906	0.066207	-12.796793	0.066687	19.5768	0.2359	184.25750022595054	1.803169512380043	34.13980926805645	0.3274118719634342	167.72244452565448	1.418519153387442	11.709
18.457875	0.065784	8.34928	0.062142	-1.693564	0.070488	-12.808856	0.065999	19.5768	0.2359	184.35254677569586	1.6503542726000016	34.14295017425674	0.31946929250742223	167.65598001536486	1.4564913412296339	11.709
18.451596	0.072416	8.343255	0.071334	-1.712823	0.070476	-12.801509	0.070611	19.5876	0.2359	184.3571857732989	1.8539025293186422	34.09801854178286	0.3400172732644048	168.05825143723942	1.5119950710517225	11.709
18.471381	0.07659	8.343673	0.070549	-1.689747	0.069925	-12.805791	0.069796	19.5876	0.2359	184.0046471558796	1.8919011040174423	34.175018101015446	0.3383338583383612	167.6446490650281	1.4900016568085586	11.709
18.417671	0.082154	8.318963	0.077482	-1.733988	0.076148	-12.821432	0.075525	19.5876	0.2359	184.53301908061263	2.0635221158668315	34.10862341086744	0.36859440592475456	168.07709151847757	1.625827754833399	11.709
18.468996	0.06683	8.361622	0.065931	-1.69744	0.076105	-12.781724	0.066668	19.5876	0.2359	184.37480484469364	1.7124880251235852	34.08790215990784	0.3412207103593088	168.12500930595758	1.53461877498589	11.709
18.46055	0.075475	8.359581	0.074885	-1.695512	0.070381	-12.80372	0.070774	19.5876	0.2359	184.49172335930808	1.9419287072046656	34.10135967815276	0.3485325571483295	167.76289850029156	1.5074236588033805	11.709
18.44142	0.069568	8.355435	0.068045	-1.70513	0.070109	-12.794349	0.070298	19.5714	0.2357	184.7658044236923	1.7826798091681402	34.08280941816182	0.33098599052987787	168.0501893710951	1.5045737443172227	11.709
18.482067	0.08016	8.371891	0.070606	-1.680124	0.073136	-12.793073	0.075479	19.6038	0.2351	184.32372637855823	1.9475262914839144	34.111797920618066	0.34497585229485944	167.69134508550374	1.5859265086770724	11.709
18.485034	0.072126	8.378305	0.071434	-1.680157	0.070389	-12.769751	0.070616	19.5876	0.2359	184.38659340271647	1.8520167427228902	34.089935837315494	0.3398917815220796	168.0444957241671	1.5108799205063503	11.709
18.463298	0.07666	8.357862	0.073772	-1.699388	0.072809	-12.794956	0.07107	19.5714	0.2357	184.4101858814483	1.9414900007896878	34.094041394960534	0.3513772381761876	167.95401992067858	1.540129318059856	11.709
18.457163	0.080845	8.357927	0.078885	-1.689763	0.078284	-12.785865	0.075482	19.5876	0.2359	184.5233849786313	2.0638014353380085	34.126482473596504	0.37746751179863053	167.945945311913	1.6459530294644005	11.709
18.475932	0.074868	8.386018	0.071868	-1.687834	0.071802	-12.783981	0.070858	19.5822	0.236	184.69387035067194	1.8996681539759726	34.03785516665308	0.3432543745941459	167.945262580139	1.526829774393967	11.709
18.453049	0.072418	8.361976	0.071432	-1.682061	0.072566	-12.782237	0.069171	19.5876	0.2359	184.67266610408558	1.8615284721702352	34.13889205309901	0.34609565930458036	167.88429655017322	1.5162512433296107	11.709
18.477807	0.071444	8.363824	0.06927	-1.695531	0.068469	-12.793026	0.066647	19.5876	0.2359	184.2543390770629	1.812880779809251	34.0869105172214	0.33003916874370776	167.9248531840972	1.4458358369474567	11.709
18.45709	0.072023	8.365929	0.069869	-1.695539	0.070387	-12.804188	0.067317	19.5822	0.236	184.6710469463657	1.8363395279446166	34.07974943799615	0.33592772614904437	167.7562485165483	1.4708083784215542	11.709
18.450519	0.080923	8.347723	0.084205	-1.703232	0.074993	-12.813185	0.070129	19.5768	0.2359	184.45834830132483	2.1322951583665892	34.115398093937046	0.38272807274980136	167.7365601912273	1.5501595648892905	11.709
18.467121	0.075855	8.377788	0.071091	-1.699375	0.069251	-12.80207	0.07362	19.5876	0.2359	184.70450613502584	1.9031969431199562	34.026672520112626	0.3351117691249191	167.846197470221	1.527969839455303	11.709
18.479973	0.073363	8.363856	0.077042	-1.687829	0.074086	-12.79491	0.072145	19.5714	0.2357	184.2154692497784	1.9372615137479068	34.11291883385438	0.36273599790345146	167.77993425687967	1.562074850061145	11.709
18.458966	0.073676	8.365833	0.075331	-1.682048	0.067956	-12.794863	0.066131	19.5822	0.236	184.63496320183256	1.9275597701911484	34.12583603057346	0.3445699856004905	167.69335636164482	1.4308876114540023	11.709
18.456799	0.073775	8.35174	0.066571	-1.68975	0.069741	-12.800327	0.066641	19.6092	0.2346	184.41704220565063	1.8134970047901027	34.14755567912318	0.3278676060397734	167.72713268182224	1.4562027379988198	11.709
18.461132	0.07721	8.369882	0.075637	-1.689755	0.073531	-12.80042	0.071049	19.5984	0.2355	184.6694278129132	1.977939121925794	34.085951875126	0.35743422755821275	167.72580292908827	1.5435396897097442	11.709
18.449648	0.076964	8.357379	0.076256	-1.703199	0.074078	-12.81446	0.074598	19.5822	0.236	184.65077072893064	1.9822902317001203	34.082766620783985	0.3601633515553339	167.71681031680924	1.5868728557132425	11.709
18.473329	0.073235	8.367712	0.073517	-1.685889	0.070294	-12.796513	0.068047	19.5876	0.2359	184.4068823296859	1.8935793682588082	34.10641625567868	0.34506495060957465	167.72643378242165	1.4769219457862865	11.709
18.460405	0.071707	8.345456	0.074617	-1.714765	0.070745	-12.8073	0.070146	19.5768	0.2359	184.2367549892286	1.8849518050709881	34.08397208768323	0.34836381395822424	167.99994717458435	1.5088665104176413	11.709
18.44315	0.081388	8.345231	0.075153	-1.7263	0.07499	-12.819829	0.071604	19.5822	0.236	184.5474514489625	2.024566200324083	34.045698576964575	0.35888517544645876	167.98488606461714	1.5700603355840246	11.709
