19.527069248741608	0.1890056438695071	8.192035437858216	0.18858889401528076	2.0369547017011653	0.18838675698798502	-10.209833123366192	0.18797737041925272	20.0407	0.2366	187.22799671994747	4.410206658900675	51.02953041432568	2.2099690034184536	173.28916802336263	3.7656738677865653	13.3344
19.527069248741608	0.1890056438695071	8.192035437858216	0.18858889401528076	2.0369547017011653	0.18838675698798502	-10.269685749123653	0.29995524125877726	20.0407	0.2366	187.22799671994747	4.410206658900675	51.02953041432568	2.2099690034184536	172.44638629402164	4.963316036339805	13.3344
19.527069248741608	0.1890056438695071	8.192035437858216	0.18858889401528076	2.0369547017011653	0.18838675698798502	-10.299606278379883	0.3173359595242347	20.0407	0.2366	187.22214584504997	4.410068839942585	51.027935741500215	2.209899941887097	172.02276685749746	5.1459683374341925	13.3339833
19.527069248741608	0.1890056438695071	8.192035437858216	0.18858889401528076	2.0369547017011653	0.18838675698798502	-10.269685749124132	0.2999552412587772	20.0407	0.2366	187.22799671994747	4.410206658900675	51.02953041432568	2.2099690034184536	172.4463862940149	4.9633160363394175	13.3344
19.527069248741608	0.1890056438695071	8.192035437858216	0.18858889401528076	2.0369547017011653	0.18838675698798502	-10.23976136436901	0.27013256636313937	20.0407	0.2366	187.22799671994747	4.410206658900675	51.02953041432568	2.2099690034184536	172.86672280626468	4.637312218414691	13.3344
19.527069248741608	0.1890056438695071	8.192035437858216	0.18858889401528076	2.0369547017011653	0.18838675698798502	-10.209833123366192	0.18797737041925272	20.0407	0.2366	187.22214584504997	4.410068839942585	51.027935741500215	2.209899941887097	173.2837527368619	3.765556190478197	13.3339833
19.527069248741608	0.1890056438695071	8.159690544529335	0.2774074895672279	2.0369547017011653	0.18838675698798502	-10.299606278379883	0.3173359595242347	20.0407	0.2366	186.69525564219637	5.513058636379068	51.299106754093394	2.809527976287851	172.02814273695805	5.146129153970254	13.3344
19.527069248741608	0.1890056438695071	8.127349978562874	0.3096382918799726	2.0369547017011653	0.18838675698798502	-10.269685749124132	0.2999552412587772	20.0407	0.2366	186.1656083686432	5.924225764497069	51.57150978716158	3.0690568383477497	172.4463862940149	4.9633160363394175	13.3344
19.527069248741608	0.1890056438695071	8.127349978562874	0.3096382918799726	2.0369547017011653	0.18838675698798502	-10.41924985537938	0.31726520476711095	20.0407	0.2366	186.1656083686432	5.924225764497069	51.57150978716158	3.0690568383477497	170.375788502784	5.04691319232072	13.3344
19.527069248741608	0.1890056438695071	8.192035437858216	0.18858889401528076	2.0369547017011653	0.18838675698798502	-10.209833123366192	0.18797737041925272	20.0407	0.2366	187.22799671994747	4.410206658900675	51.02953041432568	2.2099690034184536	173.28916802336263	3.7656738677865653	13.3344
19.527069248741608	0.1890056438695071	8.192035437858216	0.18858889401528076	2.0369547017011653	0.18838675698798502	-10.23976136436901	0.27013256636313937	20.0407	0.2366	187.22214584504997	4.410068839942585	51.027935741500215	2.209899941887097	172.86132072117698	4.637167302407865	13.3339833
19.527069248741608	0.1890056438695071	8.159690544529335	0.2774074895672279	2.0369547017011653	0.18838675698798502	-10.299606278379883	0.3173359595242347	20.0407	0.2366	186.69525564219637	5.513058636379068	51.299106754093394	2.809527976287851	172.02814273695805	5.146129153970254	13.3344
19.527069248741608	0.1890056438695071	8.127349978562874	0.3096382918799726	2.0369547017011653	0.18838675698798502	-10.23976136436901	0.27013256636313937	20.0407	0.2366	186.15979069338167	5.924040632441928	51.569898177480724	3.068960930321551	172.86132072117698	4.637167302407865	13.3339833
19.527069248741608	0.1890056438695071	8.192035437858216	0.18858889401528076	2.0369547017011653	0.18838675698798502	-10.299606278379883	0.3173359595242347	20.0407	0.2366	187.22799671994747	4.410206658900675	51.02953041432568	2.2099690034184536	172.02814273695805	5.146129153970254	13.3344
19.527069248741608	0.1890056438695071	8.192035437858216	0.18858889401528076	2.0369547017011653	0.18838675698798502	-10.269685749124132	0.2999552412587772	20.0407	0.2366	187.22799671994747	4.410206658900675	51.02953041432568	2.2099690034184536	172.4463862940149	4.9633160363394175	13.3344
19.527069248741608	0.1890056438695071	8.159690544529335	0.2774074895672279	2.0369547017011653	0.18838675698798502	-10.269685749123653	0.29995524125877726	20.0407	0.2366	186.68942141545756	5.51288635329668	51.297503657007326	2.8094401785385923	172.44099734444995	4.963160932713669	13.3339833
19.527069248741608	0.1890056438695071	8.192035437858216	0.18858889401528076	2.0369547017011653	0.18838675698798502	-10.23976136436901	0.27013256636313937	20.0407	0.2366	187.22799671994747	4.410206658900675	51.02953041432568	2.2099690034184536	172.86672280626468	4.637312218414691	13.3344
19.527069248741608	0.1890056438695071	8.192035437858216	0.18858889401528076	2.0369547017011653	0.18838675698798502	-10.299606278379883	0.3173359595242347	20.0407	0.2366	187.23384759484497	4.410344477858766	51.031125087151125	2.210038064949811	172.03351861641852	5.146289970506316	13.3348167
19.527069248741608	0.1890056438695071	8.159690544529335	0.2774074895672279	2.0369547017011653	0.18838675698798502	-10.23976136436901	0.27013256636313937	20.0407	0.2366	186.69525564219637	5.513058636379068	51.299106754093394	2.809527976287851	172.86672280626468	4.637312218414691	13.3344
19.527069248741608	0.1890056438695071	8.192035437858216	0.18858889401528076	2.0369547017011653	0.18838675698798502	-10.23976136436901	0.27013256636313937	20.0407	0.2366	187.23384759484497	4.410344477858766	51.031125087151125	2.210038064949811	172.87212489135237	4.637457134421516	13.3348167
19.527069248741608	0.1890056438695071	8.159690544529335	0.2774074895672279	2.0369547017011653	0.18838675698798502	-10.32952295288458	0.3267684653595051	20.0407	0.2366	186.69525564219637	5.513058636379068	51.299106754093394	2.809527976287851	171.6119765418895	5.234244056189946	13.3344
19.527069248741608	0.1890056438695071	8.192035437858216	0.18858889401528076	2.0369547017011653	0.18838675698798502	-10.38934474063649	0.32673065359344644	20.0407	0.2366	187.22799671994747	4.410206658900675	51.02953041432568	2.2099690034184536	170.78581463552203	5.183518515972551	13.3344
19.527069248741608	0.1890056438695071	8.127349978562874	0.3096382918799726	2.0369547017011653	0.18838675698798502	-10.359435773387503	0.3297667995029955	20.0407	0.2366	186.1656083686432	5.924225764497069	51.57150978716158	3.0690568383477497	171.19787227010445	5.244927831749147	13.3344
19.527069248741608	0.1890056438695071	8.09501373908652	0.3284218763797203	2.0369547017011653	0.18838675698798502	-10.359435773387503	0.3297667995029956	20.0407	0.2366	185.63902802713022	6.153158176601391	51.84678420762258	3.2403201973328084	171.19787227010445	5.2449278317491475	13.3344
19.527069248741608	0.1890056438695071	8.062681825226989	0.3386152549102488	2.0369547017011653	0.18838675698798502	-10.269685749124132	0.2999552412587772	20.0407	0.2366	185.11548805579	6.261694673390489	52.124975656808836	3.35196034292295	172.4463862940149	4.9633160363394175	13.3344
19.493186985577154	0.2820379008013083	8.030354236111965	0.3418548818177326	2.0369547017011653	0.18838675698798502	-10.23976136436901	0.27013256636313937	20.0407	0.2366	185.14059478566367	7.157999255552129	52.40613074850416	3.412999838264912	172.86672280626468	4.637312218414691	13.3344
19.493186985577154	0.2820379008013083	8.127349978562874	0.3096382918799726	2.0369547017011653	0.18838675698798502	-10.32952295288458	0.32676846535950516	20.0407	0.2366	186.7205795626718	6.880687956868038	51.57150978716158	3.0690568383477497	171.6119765418895	5.234244056189947	13.3344
19.493186985577154	0.2820379008013083	8.09501373908652	0.3284218763797203	2.0369547017011653	0.18838675698798502	-10.269685749124132	0.2999552412587772	20.0407	0.2366	186.19085947109826	7.071559559170239	51.84678420762258	3.2403201973328084	172.4463862940149	4.9633160363394175	13.3344
19.527069248741608	0.1890056438695071	8.062681825226989	0.3386152549102488	2.0369547017011653	0.18838675698798502	-10.269685749124132	0.2999552412587772	20.0407	0.2366	185.11548805579	6.261694673390489	52.124975656808836	3.35196034292295	172.4463862940149	4.9633160363394175	13.3344
19.527069248741608	0.1890056438695071	8.09501373908652	0.3284218763797203	2.0369547017011653	0.18838675698798502	-10.299606278379883	0.3173359595242347	20.0407	0.2366	185.63902802713022	6.153158176601391	51.84678420762258	3.2403201973328084	172.02814273695805	5.146129153970254	13.3344
19.527069248741608	0.1890056438695071	8.192035437858216	0.18858889401528076	2.0369547017011653	0.18838675698798502	-10.359435773387503	0.3297667995029956	20.0407	0.2366	187.22799671994747	4.410206658900675	51.02953041432568	2.2099690034184536	171.19787227010445	5.2449278317491475	13.3344
19.527069248741608	0.1890056438695071	8.192035437858216	0.18858889401528076	2.0369547017011653	0.18838675698798502	-10.32952295288458	0.32676846535950516	20.0407	0.2366	187.22799671994747	4.410206658900675	51.02953041432568	2.2099690034184536	171.6119765418895	5.234244056189947	13.3344
19.493186985577154	0.2820379008013083	8.09501373908652	0.3284218763797203	2.0369547017011653	0.18838675698798502	-10.32952295288458	0.3267684653595051	20.0407	0.2366	186.1966779354567	7.071780545406461	51.84840441962907	3.2404214573389747	171.61733941615645	5.2344076263167025	13.3348167
19.527069248741608	0.1890056438695071	8.09501373908652	0.3284218763797203	2.0369547017011653	0.18838675698798502	-10.38934474063649	0.32673065359344644	20.0407	0.2366	185.63322680750437	6.152965890408371	51.84516399561609	3.2402189373266412	170.78047757881467	5.1833565310189265	13.3339833
19.527069248741608	0.1890056438695071	8.127349978562874	0.3096382918799726	2.0369547017011653	0.18838675698798502	-10.32952295288458	0.32676846535950516	20.0407	0.2366	186.1656083686432	5.924225764497069	51.57150978716158	3.0690568383477497	171.6119765418895	5.234244056189947	13.3344
19.527069248741608	0.1890056438695071	8.192035437858216	0.18858889401528076	2.0369547017011653	0.18838675698798502	-10.38934474063649	0.32673065359344644	20.0407	0.2366	187.22799671994747	4.410206658900675	51.02953041432568	2.2099690034184536	170.78581463552203	5.183518515972551	13.3344
19.527069248741608	0.1890056438695071	8.127349978562874	0.3096382918799726	2.0369547017011653	0.18838675698798502	-10.38934474063649	0.32673065359344644	20.0407	0.2366	186.1656083686432	5.924225764497069	51.57150978716158	3.0690568383477497	170.78581463552203	5.183518515972551	13.3344
19.527069248741608	0.1890056438695071	8.127349978562874	0.3096382918799726	2.0369547017011653	0.18838675698798502	-10.41924985537938	0.31726520476711095	20.0407	0.2366	186.1656083686432	5.924225764497069	51.57150978716158	3.0690568383477497	170.375788502784	5.04691319232072	13.3344
19.493186985577154	0.2820379008013083	8.159690544529335	0.2774074895672279	2.0369547017011653	0.18838675698798502	-10.299606278379883	0.3173359595242347	20.0407	0.2366	187.25339388454088	6.536170347895739	51.299106754093394	2.809527976287851	172.02814273695805	5.146129153970254	13.3344
19.493186985577154	0.2820379008013083	8.127349978562874	0.3096382918799726	2.0369547017011653	0.18838675698798502	-10.359435773387503	0.3297667995029955	20.0407	0.2366	186.7205795626718	6.880687956868038	51.57150978716158	3.0690568383477497	171.19787227010445	5.244927831749147	13.3344
19.459309368270713	0.31579995628355106	8.09501373908652	0.3284218763797203	2.0369547017011653	0.18838675698798502	-10.299606278379883	0.3173359595242347	20.0407	0.2366	186.74590510603588	7.487077788044224	51.84678420762258	3.2403201973328084	172.02814273695805	5.146129153970254	13.3344
19.493186985577154	0.2820379008013083	8.030354236111965	0.3418548818177326	2.0369547017011653	0.18838675698798502	-10.449151118364012	0.2998625510824333	20.0407	0.2366	185.14059478566367	7.157999255552129	52.40613074850416	3.412999838264912	169.96777888540205	4.820595428793743	13.3344
19.527069248741608	0.1890056438695071	8.030354236111965	0.3418548818177326	2.0369547017011653	0.18838675698798502	-10.359435773387503	0.3297667995029956	20.0407	0.2366	184.59496219861074	6.272000979526148	52.40613074850416	3.412999838264912	171.19787227010445	5.2449278317491475	13.3344
19.493186985577154	0.2820379008013083	8.062681825226989	0.3386152549102488	2.0369547017011653	0.18838675698798502	-10.41924985537938	0.317265204767111	20.0407	0.2366	185.6642067339355	7.158033278489953	52.124975656808836	3.35196034292295	170.375788502784	5.046913192320721	13.3344
19.527069248741608	0.1890056438695071	7.933397408517481	0.30953429728863435	2.005427743462793	0.27494566242715995	-10.479048530337744	0.27003971157042606	20.0407	0.2366	183.05121124797532	5.7262674972290295	52.98456256952837	3.7004722258424354	169.98996406587074	5.247354425069977	13.3344
19.42543639586201	0.3354756481455372	8.09501373908652	0.3284218763797203	2.0369547017011653	0.18838675698798502	-10.32952295288458	0.32676846535950516	20.0407	0.2366	187.3041930960529	7.7608975825650734	51.84678420762258	3.2403201973328084	171.6119765418895	5.234244056189947	13.3344
19.527069248741608	0.1890056438695071	7.965712028629049	0.3283424894740104	2.0369547017011653	0.18838675698798502	-10.359435773387503	0.3297667995029955	20.0407	0.2366	183.56284930567242	6.015202095598443	52.97752333390062	3.3825839824095403	171.19787227010445	5.244927831749147	13.3344
19.493186985577154	0.2820379008013083	8.030354236111965	0.3418548818177326	2.0369547017011653	0.18838675698798502	-10.38934474063697	0.32673065359344633	20.0407	0.2366	185.1463804292507	7.158222943028866	52.407768440090045	3.4131064945098575	170.79115169222277	5.183680500925774	13.3348167
19.459309368270713	0.31579995628355106	7.965712028629049	0.3283424894740104	2.0369547017011653	0.18838675698798502	-10.359435773387503	0.3297667995029955	20.0407	0.2366	184.65080429688368	7.318877201526543	52.9791788815048	3.3826896881589903	171.20322220361288	5.2450917357438875	13.3348167
19.527069248741608	0.1890056438695071	8.030354236111965	0.3418548818177326	2.0369547017011653	0.18838675698798502	-10.32952295288458	0.3267684653595051	20.0407	0.2366	184.59496219861074	6.272000979526148	52.40613074850416	3.412999838264912	171.6119765418895	5.234244056189946	13.3344
19.493186985577154	0.2820379008013083	7.965712028629049	0.3283424894740104	2.0369547017011653	0.18838675698798502	-10.32952295288458	0.32676846535950516	20.0407	0.2366	184.09663531913904	6.912630498651371	52.97586778629645	3.38247827666009	171.60661366762258	5.23408048606319	13.3339833
19.527069248741608	0.1890056438695071	8.09501373908652	0.3284218763797203	2.0369547017011653	0.18838675698798502	-10.32952295288458	0.32676846535950516	20.0407	0.2366	185.64482924675605	6.153350462794408	51.84840441962907	3.2404214573389747	171.61733941615645	5.2344076263167025	13.3348167
19.527069248741608	0.1890056438695071	7.965712028629049	0.3283424894740104	2.0369547017011653	0.18838675698798502	-10.359435773387503	0.3297667995029955	20.0407	0.2366	183.5685856447132	6.015390070663929	52.9791788815048	3.3826896881589903	171.20322220361288	5.2450917357438875	13.3348167
19.527069248741608	0.1890056438695071	8.030354236111965	0.3418548818177326	2.0369547017011653	0.18838675698798502	-10.32952295288458	0.3267684653595051	20.0407	0.2366	184.59496219861074	6.272000979526148	52.40613074850416	3.412999838264912	171.6119765418895	5.234244056189946	13.3344
19.42543639586201	0.3354756481455372	8.030354236111965	0.3418548818177326	2.0369547017011653	0.18838675698798502	-10.32952295288458	0.3267684653595051	20.0407	0.2366	186.24136653097383	7.82823046613282	52.40613074850416	3.412999838264912	171.6119765418895	5.234244056189946	13.3344
19.527069248741608	0.1890056438695071	7.933397408517481	0.30953429728863435	2.0369547017011653	0.18838675698798502	-10.38934474063649	0.32673065359344644	20.0407	0.2366	183.05121124797532	5.7262674972290295	53.26785915604093	3.2734767570095458	170.78581463552203	5.183518515972551	13.3344
19.527069248741608	0.1890056438695071	7.9980309708705715	0.3385728294389092	2.0369547017011653	0.18838675698798502	-10.269685749124132	0.2999552412587772	20.0407	0.2366	184.07742450105417	6.191073274433459	52.690297094977524	3.424734295190363	172.4463862940149	4.9633160363394175	13.3344
19.42543639586201	0.3354756481455372	7.965712028629049	0.3283424894740104	2.0369547017011653	0.18838675698798502	-10.299606278379883	0.3173359595242347	20.0407	0.2366	185.19081307336884	7.5858535746569284	52.97752333390062	3.3825839824095403	172.02814273695805	5.146129153970254	13.3344
19.493186985577154	0.2820379008013083	7.9980309708705715	0.3385728294389092	2.0369547017011653	0.18838675698798502	-10.299606278379883	0.3173359595242347	20.0407	0.2366	184.6199973666682	7.07721998132047	52.690297094977524	3.424734295190363	172.02814273695805	5.146129153970254	13.3344
19.493186985577154	0.2820379008013083	7.9010871096635515	0.27730332290978155	2.0369547017011653	0.18838675698798502	-10.32952295288458	0.32676846535950516	20.0407	0.2366	183.07603418550696	6.246644201877802	53.56135533397576	3.0620004897771302	171.6119765418895	5.234244056189947	13.3344
19.493186985577154	0.2820379008013083	7.965712028629049	0.3283424894740104	2.0369547017011653	0.18838675698798502	-10.299606278379883	0.3173359595242347	20.0407	0.2366	184.10238851878023	6.912846525105279	52.97752333390062	3.3825839824095403	172.02814273695805	5.146129153970254	13.3344
19.32384533841918	0.3461073060386603	7.9010871096635515	0.27730332290978155	2.0369547017011653	0.18838675698798502	-10.359435773387503	0.3297667995029955	20.0407	0.2366	185.78431853328016	7.21317284395444	53.55968154162158	3.0619048022618243	171.192522336596	5.244763927754403	13.3339833
19.459309368270713	0.31579995628355106	7.965712028629049	0.3283424894740104	2.0369547017011653	0.18838675698798502	-10.32952295288458	0.3267684653595051	20.0407	0.2366	184.64503413956683	7.3186484937611125	52.97752333390062	3.3825839824095403	171.6119765418895	5.234244056189946	13.3344
19.459309368270713	0.31579995628355106	8.030354236111965	0.3418548818177326	2.0369547017011653	0.18838675698798502	-10.299606278379883	0.3173359595242347	20.0407	0.2366	185.68938705455506	7.5614335401319	52.40613074850416	3.412999838264912	172.02814273695805	5.146129153970254	13.3344
19.42543639586201	0.3354756481455372	7.9010871096635515	0.27730332290978155	2.0369547017011653	0.18838675698798502	-10.209833123366192	0.18797737041925272	20.0407	0.2366	184.15232135545867	6.955011039291913	53.56135533397576	3.0620004897771302	173.28916802336263	3.7656738677865653	13.3344
19.493186985577154	0.2820379008013083	8.030354236111965	0.3418548818177326	2.0369547017011653	0.18838675698798502	-10.299606278379883	0.3173359595242347	20.0407	0.2366	185.14059478566367	7.157999255552129	52.40613074850416	3.412999838264912	172.02814273695805	5.146129153970254	13.3344
19.493186985577154	0.2820379008013083	8.030354236111965	0.3418548818177326	2.0369547017011653	0.18838675698798502	-10.32952295288458	0.32676846535950516	20.0407	0.2366	185.14059478566367	7.157999255552129	52.40613074850416	3.412999838264912	171.6119765418895	5.234244056189947	13.3344
19.459309368270713	0.31579995628355106	7.9980309708705715	0.3385728294389092	2.0369547017011653	0.18838675698798502	-10.299606278379883	0.3173359595242347	20.0407	0.2366	185.16570312487778	7.479981943938943	52.690297094977524	3.424734295190363	172.02814273695805	5.146129153970254	13.3344
19.493186985577154	0.2820379008013083	8.030354236111965	0.3418548818177326	2.0369547017011653	0.18838675698798502	-10.359435773387503	0.3297667995029956	20.0407	0.2366	185.14059478566367	7.157999255552129	52.40613074850416	3.412999838264912	171.19787227010445	5.2449278317491475	13.3344
19.459309368270713	0.31579995628355106	8.030354236111965	0.3418548818177326	2.0369547017011653	0.18838675698798502	-10.41924985537938	0.31726520476711095	20.0407	0.2366	185.6835842612096	7.561197245333772	52.40449305691826	3.4128931820199657	170.3704642593933	5.046755476283459	13.3339833
19.493186985577154	0.2820379008013083	7.965712028629049	0.3283424894740104	2.0369547017011653	0.18838675698798502	-10.23976136436901	0.27013256636313937	20.0407	0.2366	184.10238851878023	6.912846525105279	52.97752333390062	3.3825839824095403	172.86672280626468	4.637312218414691	13.3344
19.459309368270713	0.31579995628355106	7.933397408517481	0.30953429728863435	2.0369547017011653	0.18838675698798502	-10.38934474063649	0.32673065359344644	20.0407	0.2366	184.12735413693085	7.064184515640251	53.26785915604093	3.2734767570095458	170.78581463552203	5.183518515972551	13.3344
19.42543639586201	0.3354756481455372	8.030354236111965	0.3418548818177326	2.005427743462793	0.27494566242715995	-10.32952295288458	0.32676846535950516	20.0407	0.2366	186.24136653097383	7.82823046613282	52.13190235790742	3.795962584075935	172.05060039623882	5.956604218461252	13.3344
19.42543639586201	0.3354756481455372	8.062681825226989	0.3386152549102488	2.0369547017011653	0.18838675698798502	-10.359435773387503	0.3297667995029955	20.0407	0.2366	186.77123227224342	7.834919467450274	52.124975656808836	3.35196034292295	171.19787227010445	5.244927831749147	13.3344
19.459309368270713	0.31579995628355106	7.933397408517481	0.30953429728863435	2.0369547017011653	0.18838675698798502	-10.299606278379883	0.3173359595242347	20.0407	0.2366	184.12735413693085	7.064184515640251	53.26785915604093	3.2734767570095458	172.02814273695805	5.146129153970254	13.3344
19.42543639586201	0.3354756481455372	7.9010871096635515	0.27730332290978155	2.0369547017011653	0.18838675698798502	-10.359435773387503	0.3297667995029956	20.0407	0.2366	184.14656659541632	6.954793695196934	53.55968154162158	3.0619048022618243	171.192522336596	5.244763927754405	13.3339833
19.391568067390786	0.34615285066435497	7.868781131196383	0.18857758281645856	2.0369547017011653	0.18838675698798502	-10.449151118364012	0.2998625510824333	20.0407	0.2366	184.17729017433987	6.300582733201817	53.858063751657795	2.4616792943428942	169.96777888540205	4.820595428793743	13.3344
19.28999093600018	0.33539042530511676	7.933397408517481	0.30953429728863435	2.0369547017011653	0.18838675698798502	-10.41924985537938	0.31726520476711095	20.0407	0.2366	186.87255716503435	7.510004971721831	53.26785915604093	3.2734767570095458	170.375788502784	5.04691319232072	13.3344
19.459309368270713	0.31579995628355106	7.868781131196383	0.18857758281645856	2.0369547017011653	0.18838675698798502	-10.359435773387503	0.3297667995029955	20.0407	0.2366	183.100858714638	5.8106108829504945	53.858063751657795	2.4616792943428942	171.19787227010445	5.244927831749147	13.3344
19.32384533841918	0.3461073060386603	7.933397408517481	0.30953429728863435	2.005427743462793	0.27494566242715995	-10.449151118364012	0.2998625510824333	20.0407	0.2366	186.3171392578312	7.595181273279531	52.98456256952837	3.7004722258424354	170.3980276418022	5.566101668421655	13.3344
19.28999093600018	0.33539042530511676	7.933397408517481	0.30953429728863435	2.0369547017011653	0.18838675698798502	-10.38934474063649	0.32673065359344644	20.0407	0.2366	186.87255716503435	7.510004971721831	53.26785915604093	3.2734767570095458	170.78581463552203	5.183518515972551	13.3344
19.459309368270713	0.31579995628355106	7.9010871096635515	0.27730332290978155	2.0369547017011653	0.18838675698798502	-10.38934474063649	0.32673065359344644	20.0407	0.2366	183.61263745245824	6.676360216883032	53.56135533397576	3.0620004897771302	170.78581463552203	5.183518515972551	13.3344
19.391568067390303	0.34615285066435486	7.868781131196383	0.18857758281645856	2.005427743462793	0.27494566242715995	-10.41924985537938	0.31726520476711095	20.0407	0.2366	184.1772901743476	6.300582733202344	53.56847163356198	3.046006710013993	170.80810799970664	5.771527697497213	13.3344
19.28999093600018	0.33539042530511676	7.933397408517481	0.30953429728863435	2.0369547017011653	0.18838675698798502	-10.359435773387503	0.3297667995029955	20.0407	0.2366	186.87255716503435	7.510004971721831	53.26785915604093	3.2734767570095458	171.19787227010445	5.244927831749147	13.3344
19.391568067390303	0.34615285066435497	7.868781131196383	0.18857758281645856	2.0369547017011653	0.18838675698798502	-10.479048530337744	0.27003971157042606	20.0407	0.2366	184.1772901743476	6.3005827332023445	53.858063751657795	2.4616792943428942	169.56177094393803	4.460658590371703	13.3344
19.357704381895797	0.34954584673640643	7.868781131196383	0.18857758281645856	2.0369547017011653	0.18838675698798502	-10.479048530337744	0.27003971157042606	20.0407	0.2366	184.72592659195942	6.385937737282669	53.85974681615003	2.461756221820842	169.56706974928	4.460797985952653	13.3348167
19.28999093600018	0.33539042530511676	7.868781131196383	0.18857758281645856	1.9739049516938991	0.30636131547424517	-10.508942092047935	0.1879669247677779	20.0407	0.2366	185.8153128639621	6.259952228370128	53.28201476402596	3.251655810651112	170.01215073195448	4.895293991189452	13.3344
19.28999093600018	0.33539042530511676	7.868781131196383	0.18857758281645856	1.9739049516938991	0.30636131547424517	-10.508942092047935	0.1879669247677779	20.0407	0.2366	185.8153128639621	6.259952228370128	53.28201476402596	3.251655810651112	170.01215073195448	4.895293991189452	13.3344
19.357704381895797	0.34954584673640643	7.9010871096635515	0.27730332290978155	2.005427743462793	0.27494566242715995	-10.479048530337744	0.27003971157042606	20.0407	0.2366	185.23524901572384	7.214071209137746	53.27327187336568	3.528587357195265	169.98465187949373	5.2471904452441915	13.3339833
19.25614117367949	0.3156883189212565	7.9010871096635515	0.27730332290978155	2.005427743462793	0.27494566242715995	-10.479048530337744	0.27003971157042606	20.0407	0.2366	186.89789244508438	6.916027998487782	53.27493671513804	3.528697628996172	169.98996406587074	5.247354425069977	13.3344
19.28999093600018	0.33539042530511676	7.868781131196383	0.18857758281645856	2.0369547017011653	0.18838675698798502	-10.449151118364012	0.2998625510824333	20.0407	0.2366	185.8095061354351	6.259756604862991	53.85638068716555	2.4616023668649456	169.96246739231188	4.820444785186592	13.3339833
19.28999093600018	0.33539042530511676	7.868781131196383	0.18857758281645856	2.0369547017011653	0.18838675698798502	-10.41924985537938	0.31726520476711095	20.0407	0.2366	185.8153128639621	6.259952228370128	53.858063751657795	2.4616792943428942	170.375788502784	5.04691319232072	13.3344
19.32384533841918	0.3461073060386603	7.933397408517481	0.30953429728863435	2.0369547017011653	0.18838675698798502	-10.508942092047935	0.1879669247677779	20.0407	0.2366	186.32296166843298	7.595418622694321	53.269523776639545	3.2735790531582016	169.1630361638856	3.5882707265137213	13.3348167
19.391568067390303	0.34615285066435486	7.9010871096635515	0.27730332290978155	2.0369547017011653	0.18838675698798502	-10.38934474063649	0.32673065359344644	20.0407	0.2366	184.6893407775707	7.128968559143858	53.55968154162158	3.0619048022618243	170.78047757881467	5.1833565310189265	13.3339833
19.42543639586201	0.3354756481455372	7.868781131196383	0.18857758281645856	2.0369547017011653	0.18838675698798502	-10.508942092047935	0.1879669247677779	20.0407	0.2366	183.63179524687362	6.115066589991962	53.85638068716555	2.4616023668649456	169.15246380451163	3.588046466601436	13.3339833
19.32384533841918	0.3461073060386603	7.868781131196383	0.18857758281645856	2.005427743462793	0.27494566242715995	-10.449151118364012	0.2998625510824333	20.0407	0.2366	185.26615257437228	6.374654633604233	53.56847163356198	3.046006710013993	170.3980276418022	5.566101668421655	13.3344
19.25614117367949	0.3156883189212565	7.868781131196383	0.18857758281645856	2.0369547017011653	0.18838675698798502	-10.479048530337744	0.27003971157042606	20.0407	0.2366	186.36766250009586	6.018232566090063	53.858063751657795	2.4616792943428942	169.56177094393803	4.460658590371703	13.3344
19.222296050498286	0.281926085692054	7.9010871096635515	0.27730332290978155	1.942386325563498	0.3246700561000271	-10.449151118364012	0.2998625510824333	20.0407	0.2366	187.45662978710936	6.547836713920027	52.711302515216595	3.777067700356971	171.26492033517388	6.108375008109598	13.3344
19.25614117367949	0.3156883189212565	7.868781131196383	0.18857758281645856	2.005427743462793	0.27494566242715995	-10.479048530337744	0.27003971157042606	20.0407	0.2366	186.37348648954898	6.018420635857752	53.570145648300524	3.0461018977236805	169.99527625224783	5.24751840489576	13.3348167
19.25614117367949	0.3156883189212565	7.868781131196383	0.18857758281645856	2.0369547017011653	0.18838675698798502	-10.479048530337744	0.27003971157042606	20.0407	0.2366	186.37348648954898	6.018420635857752	53.85974681615003	2.461756221820842	169.56706974928	4.460797985952653	13.3348167
