17.188464500063347	0.07490204839392257	7.328872456269616	0.07378919342364453	-0.9489612647420621	0.06822964983090544	-12.08310453318193	0.07005486109356913	20.4129	0.2389	189.10520334309288	2.016634009754349	41.44417980520122	0.5031648986307569	167.45789176312712	1.4707714152744813	11.715
17.222945140824432	0.07541585582013792	7.321349831186875	0.0740967794830669	-0.9392964644212596	0.07449091625307622	-12.070954142941574	0.07292216258626501	20.4182	0.2383	188.30300572946797	2.010628712238206	41.530410194849026	0.5282281863791548	167.49528346701678	1.5685138189418237	11.715
17.186786617156177	0.06966538689883195	7.31303806272963	0.07089144088841957	-0.9373652069993591	0.06694626804648443	-12.077840701398777	0.062487676435859285	20.4182	0.2383	188.83407330498318	1.9008671652213305	41.58197095527368	0.4914289743020809	167.36270900276048	1.3757694737258626	11.715
17.169718174324384	0.07261745539226805	7.288866154742642	0.06804653623010519	-0.9605559638087268	0.06942830918270636	-12.088633252726638	0.07160491969080307	20.4129	0.2389	188.69831818415176	1.9005125780363756	41.58691653802897	0.4900759294709521	167.54917403191916	1.50169012382861	11.715
17.197269588007345	0.06903932122616306	7.32306843905809	0.07365446230236594	-0.9489606492502777	0.07248416698848073	-12.085256830835643	0.06672677945033624	20.4075	0.2393	188.8254178941819	1.9305256314233978	41.4732619371535	0.5181077619325262	167.42551813632917	1.4811886102104126	11.715
17.18692165894249	0.07509428395540865	7.299091902638031	0.07772181737995158	-0.9547581576312925	0.06770555786853255	-12.079772062076225	0.06507803256564158	20.4075	0.2393	188.56515577978598	2.061003688207869	41.56460641108031	0.519069982681759	167.59531038218338	1.4147370275672166	11.715
17.202246891796282	0.07650813483868224	7.333409884352229	0.06958585121598354	-0.941228922535904	0.06923672949468913	-12.07288558931382	0.06947993843205745	20.4129	0.2389	188.9280527092669	1.9798613692975624	41.46018178407772	0.49184543570142036	167.4952986904543	1.4759006926413303	11.715
17.17005542812503	0.08072428873749267	7.319011144923949	0.0696276777257832	-0.9431631529207097	0.07256834129587345	-12.081482512581845	0.07193688681168409	20.4182	0.2383	189.269290109788	2.0481964160675776	41.52272958229186	0.5054251300534128	167.3951067585728	1.535662577857082	11.715
17.185176184675687	0.07292468891130363	7.321237080727113	0.06827989959049306	-0.947027521396237	0.07154420638221583	-12.087365016216118	0.06808106893511937	20.4182	0.2383	189.02186425453368	1.914389491018554	41.49214443899915	0.4962915566621868	167.3647821880193	1.4837075948142515	11.715
17.174626063348864	0.07020730319213424	7.309178002106878	0.07074000565913498	-0.9779471905964086	0.07154078912016149	-12.090962519188887	0.06987235017387032	20.4182	0.2383	188.992952651238	1.9092978684042532	41.39771285623067	0.5025862596700881	167.77626082494595	1.5097449596409513	11.715
17.155543035529064	0.07020655554264271	7.307036951939993	0.0774324103529842	-0.9605557000404026	0.07018889884223496	-12.105484237250216	0.06552036561609861	20.4182	0.2383	189.318069410389	2.009218817609803	41.495516720818166	0.5245396903830523	167.29583793171096	1.441315886234271	11.715
17.149699011905692	0.07892009094503351	7.285202428516443	0.08011279722945486	-0.9644203857460586	0.07546694269743354	-12.111278296991108	0.07355392937050874	20.4075	0.2393	189.01118192500275	2.154749223274037	41.585904817132594	0.5548091985543222	167.26688122942966	1.5813404440302856	11.715
17.15426892762138	0.07329843743057679	7.29137155527326	0.07263671501039637	-0.9702176478257775	0.07188885156033066	-12.091272060210368	0.06365757413479403	20.4182	0.2383	189.04182898109798	1.9778929350402834	41.525670267226104	0.5136751445671974	167.65498029082707	1.4475809906691064	11.715
17.173082824784988	0.07457774459584171	7.315404593148589	0.07240228106245802	-0.950892222521497	0.07479501128802558	-12.082101118615006	0.07443857893084328	20.4075	0.2393	189.14191704267492	1.9943622042864126	41.502021616357354	0.5226373588317097	167.50203645678587	1.5879271948467837	11.715
17.15379720198255	0.07911634054118905	7.2931753238358645	0.07000834274987713	-0.9682852868537253	0.07440951083800912	-12.107548411994287	0.06917859060690101	20.4182	0.2383	189.08545336817934	2.025801429137968	41.52631662823238	0.5135397228409007	167.3809243372215	1.5266551599449405	11.715
17.181212559879825	0.07748364002338512	7.309318703999055	0.07820323673396432	-0.964420268507949	0.07231534174191745	-12.1096126466284	0.07212629922220914	20.4129	0.2389	188.86955082188769	2.106217019649275	41.46469090590778	0.5338063623331747	167.29187752575942	1.5330809029973176	11.715
17.14707736510513	0.07126245874085856	7.284978065456806	0.06897198992918105	-0.9876082901516874	0.06980954240458451	-12.125665382857676	0.07183981873818479	20.4182	0.2383	189.05712685209332	1.9011715952280879	41.47046816846815	0.49195141962434247	167.39904839799797	1.5055243122413364	11.715
17.16024791662513	0.07395111929129625	7.297260173748251	0.07545780519948447	-0.9856765838305718	0.0697151255035475	-12.10583841134575	0.07160806191469618	20.4182	0.2383	189.04009686802146	2.0250188058089122	41.418646450156864	0.513714387290635	167.66843749594784	1.5068762593314895	11.715
17.16045016255317	0.07695550350683054	7.2953441152002565	0.07542143667297625	-0.9818120616016516	0.07479089673521991	-12.094913775211115	0.07138005197677601	20.4182	0.2395	188.9995048580195	2.06435872392684	41.447572306617886	0.5318784188215255	167.7749566566305	1.5608318530963339	11.715
17.172678026482366	0.06715082168011711	7.2952317712844605	0.06599310958884502	-0.9547578278945735	0.0677057836821508	-12.092893906688554	0.06499094123587812	20.4182	0.2383	188.76338176382174	1.799268054448876	41.58405595630145	0.4765647213657079	167.39786128770652	1.4105012142119235	11.715
17.177113939921245	0.07146301391733981	7.313347774123246	0.07332489602756298	-0.9528249817968731	0.07281725534724598	-12.08385579103968	0.07328079836014131	20.4182	0.2383	189.0251783123766	1.9621404668609475	41.502644483865325	0.5188411476919339	167.50471634427066	1.5546165022914784	11.715
17.15782802550167	0.07454717888875595	7.277117676921938	0.07296459240239375	-0.9818117685301683	0.06893608177824236	-12.122201768883402	0.06773868903098126	20.4075	0.2393	188.70102376693598	1.992153326098795	41.53904345557536	0.5048671815612941	167.3639933846513	1.4519499882983113	11.715
17.14331608680813	0.06926881412382124	7.295147515618043	0.06787326218769213	-0.9644204443634312	0.07018876042421639	-12.089075356769767	0.06827622463259501	20.4129	0.2389	189.32455764170996	1.8643596023983389	41.53583223642794	0.49100497241906976	167.60071867418048	1.4752163527092472	11.715
17.125578674538534	0.06896154837683602	7.276697486172979	0.07014015445136303	-0.9953361302237302	0.07018470072406943	-12.112323749880831	0.07596122488175902	20.4075	0.2393	189.31085903687014	1.8906958250226737	41.473239234804524	0.4974796189169077	167.71631147854637	1.5602668293736703	11.715
17.14257532754564	0.07299353502834607	7.272837493164732	0.07330913654330501	-0.9856758145680922	0.0715390792448117	-12.090431914704535	0.0676451994837412	20.4182	0.2383	188.9108089402972	1.9801106526119676	41.54113656388198	0.5152370418784372	167.90104541770575	1.4886392027401925	11.715
17.17818466620137	0.07706325872468557	7.306924429929524	0.07605450212507212	-0.9779469927796576	0.07118767456379374	-12.090564561412485	0.07183293056702662	20.4129	0.2389	188.88167404101725	2.0717493828886897	41.40897445804674	0.5206705817106096	167.78226613182562	1.5269250517287902	11.715
17.174491120005687	0.0733427347614384	7.293119169674217	0.07147504783997533	-0.9760148120544763	0.06923259291940209	-12.087188193301463	0.06734951711014317	20.4182	0.2383	188.6883893950586	1.9555590773388765	41.487782141298226	0.49924993764301745	167.8040738225169	1.458688866092254	11.715
17.12410161962629	0.0751718648595665	7.26694943474535	0.07231472313848814	-0.9798792896259969	0.07314077692766849	-12.099823043566586	0.07095350767542347	20.4182	0.2383	189.15201098156467	2.001605604138152	41.59999444602481	0.5188340269908193	167.671725647068	1.536522871063048	11.715
17.1157718251867	0.07411507327386628	7.262949486686669	0.06923364604559656	-0.9856760196964548	0.06770252657673051	-12.105351427364953	0.06807880590231141	20.4182	0.2383	189.23513428593907	1.9479221548279184	41.59093280034182	0.4882557961404258	167.6757719956225	1.4477878930539194	11.715
17.12652048503633	0.070628825629099	7.265089285873475	0.07272145571632468	-0.9972695306437714	0.0704632981885419	-12.12215743789815	0.06540921554871854	20.4182	0.2383	189.06993525238335	1.9436244237550357	41.52180227822351	0.5088712638365789	167.59720851710702	1.4483982592762805	11.715
17.151983933173756	0.07481064972576036	7.281286134379934	0.07115180647559813	-0.9798796413042794	0.0703731761969163	-12.102196950775921	0.0691243366647745	20.4075	0.2393	188.89243661672955	1.975737672663619	41.52779867230688	0.5030628634301835	167.63594370156716	1.4867595339222122	11.715
17.11402553944203	0.06991223942889274	7.2670893072600755	0.07232771986117427	-0.9953373609424799	0.06822567443340333	-12.109258361129916	0.06967798611684664	20.4182	0.2383	189.34825151278602	1.9343248305980871	41.52146129797947	0.4996618951467975	167.76258876503707	1.4720165491512045	11.715
17.12672231504887	0.07162184847489486	7.28717459288861	0.06648515401781939	-0.9837441437616173	0.06759657982490155	-12.105705593605299	0.07028983303062074	20.4182	0.2383	189.49043299240236	1.8819714859358077	41.47882962638206	0.4754909759386256	167.64130740156085	1.4699039551161983	11.715
17.13673147167745	0.07795736768579113	7.275005540535993	0.07838351495809441	-1.0011334931208316	0.07417245606289413	-12.109125509469507	0.07139262998175418	20.4182	0.2383	189.06428462322367	2.1194137226808127	41.45266624158932	0.5405107002884005	167.85213345286834	1.5556529136689259	11.715
17.13760663240777	0.0740299365048103	7.28337046122285	0.0711747023000209	-0.9798797292291368	0.06649289151422932	-12.102329732628293	0.06941398949797557	20.4182	0.2383	189.20798384897623	1.971813924049515	41.517323235302	0.4893799400070761	167.6339437580515	1.4487326216154774	11.715
17.107643905994756	0.0783323815513059	7.261033390036396	0.0727208869998122	-1.0185220060005309	0.0660261923887682	-12.11469801685097	0.06708354999239047	20.4182	0.2383	189.35451496733484	2.055433844928024	41.43556178093549	0.4915639602725014	168.03087446507206	1.4253591138550412	11.715
17.103344842099595	0.07261069805999991	7.250977951634308	0.07403176135603531	-1.016589687271744	0.07118389131897632	-12.118294793032334	0.06620810041475877	20.4182	0.2383	189.24388210978418	1.991803088727618	41.495642263237656	0.5154738840899131	167.94718834263386	1.4706661479686192	11.715
17.105158414860057	0.06634240844910186	7.23886759703494	0.06957680414048573	-1.0262485449733743	0.07018238071998381	-12.119960173571434	0.07013155330656516	20.4182	0.2383	188.9768092942304	1.8413798272143913	41.507950189288565	0.4963085583408654	168.06820122447832	1.5031229692907444	11.715
17.106770368249972	0.06962110983608674	7.254670529322372	0.07038679393595616	-1.0243152858107092	0.06769884138081264	-12.12333507960284	0.06618702068129641	20.4182	0.2383	189.24901176443058	1.901730036965712	41.43841248091947	0.4888118669494892	167.9878217141662	1.4329814881339715	11.715
17.13424503468272	0.06774226423232335	7.270837492413861	0.06835897377680472	-0.9837436162691857	0.06843172802340411	-12.092274770641168	0.06664853510533288	20.4182	0.2395	189.03205107680938	1.8444207736383589	41.5609253351803	0.4870031949993808	167.84398696921716	1.4433241821514113	11.715
17.11960045458771	0.07598810146163837	7.276809532294759	0.07282103346759652	-0.976014650872682	0.07362376836261227	-12.101444575898755	0.07250296316195777	20.4182	0.2383	189.4279958846474	2.0255307208963105	41.56977314879573	0.5216035622901263	167.58904337956938	1.5565255944832659	11.715
17.12893946591821	0.06976885879491791	7.275229592683199	0.07044524364384695	-0.9972700068453412	0.07386038200669104	-12.094736840882454	0.07213822003590128	20.4129	0.2389	189.21808966447998	1.90390219256216	41.470903081182115	0.5116778155723276	168.01132963091482	1.5630707072344587	11.715
17.11167424785347	0.0783928579264959	7.258977547704046	0.07335746083253504	-1.003065476374825	0.06737913757200796	-12.11645210896399	0.06712600725574333	20.4129	0.2389	189.23754735018665	2.0620812342003183	41.52338932771587	0.500597727054097	167.77065533327604	1.4358009785497687	11.715
17.09071700289768	0.07989215081413674	7.248922286754527	0.07906296721780579	-1.00499730469311	0.07289196293732625	-12.112678104870145	0.07206643777636071	20.4182	0.2383	189.44717016534386	2.1636113309988567	41.56425627003182	0.541523625928245	167.85683635163852	1.5489987812531145	11.715
17.12040743503026	0.0751550542463773	7.253145346548645	0.072750043277081	-1.0049983009870664	0.06932745027212106	-12.105661321680069	0.07516558206782169	20.4182	0.2383	188.95820761648235	2.003063181425936	41.54299607437076	0.505535486646677	167.96295454117435	1.5472151108447831	11.715
17.10589750392514	0.07161984098757786	7.2611731485581315	0.06776773863306734	-1.0030662968676087	0.06759494997202048	-12.131503718258184	0.06487410502195207	20.4182	0.2383	189.39079358835397	1.8968376602943062	41.512353483544594	0.48079372599536563	167.54375189617338	1.4105389320955821	11.715
17.08897042644279	0.08084622442974618	7.25306158520927	0.07656919955724438	-1.0146581878745724	0.07409289681035772	-12.129483659519336	0.07207921715448194	20.4182	0.2383	189.5605366435795	2.1459814547319547	41.494878702595685	0.5347569198353991	167.74893704612052	1.560083579203939	11.715
17.090918391756134	0.07320500319610623	7.2510058634067684	0.07508900461786067	-1.016589855752173	0.07321755971253027	-12.122024446908597	0.07115143281955019	20.4182	0.2383	189.4834077995937	2.0194058008897584	41.495501326480685	0.5263828543587682	167.89078743539753	1.5434576098671726	11.715
17.097030817628944	0.07316742491347962	7.246950357056113	0.07226216471246494	-1.0165895187922758	0.07046118303982549	-12.116407799520431	0.06618804566162297	20.4182	0.2383	189.28780996100858	1.9761916637621517	41.51586781033647	0.5070637844626136	167.97573718470295	1.4629689572125513	11.715
17.08682110258104	0.07353310205140759	7.247034045491803	0.07750692926611305	-0.9953371851177572	0.07091781477805449	-12.111012548948969	0.07331849882622522	20.4182	0.2383	189.48582398216067	2.057398182831906	41.622491820936155	0.5305114334043837	167.73611114879859	1.5392546661766733	11.715
17.080641693722455	0.07458835682458798	7.235063103013532	0.07378716399875111	-1.0243180545685153	0.07118258457362539	-12.127641043416828	0.07406806951730643	20.4075	0.2393	189.37436140939909	2.018057461792194	41.53677165222386	0.5156056883130458	167.92271648714313	1.553621615553748	11.715
17.10589750392514	0.07175097000607258	7.245173651339941	0.07073347657868721	-1.0049984255281366	0.06853215855390501	-12.120447730617157	0.07303823866045689	20.4182	0.2383	189.083497945512	1.9320055360142943	41.583136198221105	0.49640648606508375	167.73952245618395	1.5114219098817356	11.715
17.129208618092548	0.07735071494839683	7.249340862251541	0.07533667698343555	-1.0049991727933012	0.07289335894887712	-12.113342576957887	0.07137787655311935	20.4182	0.2383	188.71711690870114	2.0624627771340887	41.562139150389655	0.5278320330979127	167.84682382276205	1.5415319938698455	11.715
17.07244735431534	0.07593783823587365	7.217121521839929	0.08048189740367662	-1.030114225067344	0.07530991411099634	-12.12772974486465	0.07107054440044544	20.4182	0.2383	189.18706393020776	2.1241255301816717	41.5979413780935	0.555945535890254	168.00907861652144	1.5676649140211805	11.715
17.062238146437025	0.07890775610075865	7.231202796063532	0.07446176542438353	-1.0146589936888621	0.07486199940289576	-12.122334763804874	0.07175180988204269	20.4129	0.2389	189.65450655720807	2.093005533294477	41.604872586818786	0.5327502207047058	167.85691236485204	1.5670166556478762	11.715
17.12726055167249	0.0739800846467823	7.257396674645324	0.0710962235458109	-1.0146601218797169	0.07109617021906181	-12.124487836411081	0.06920662166774756	20.4182	0.2383	188.90839646343204	1.9638457973169476	41.47312301763732	0.5040975653594822	167.8243989223016	1.4987820169292303	11.715
17.078760798997735	0.08016105415495062	7.251145425493523	0.07953421507445485	-1.0069304065684124	0.07799562702039468	-12.105661321680069	0.07208254080186277	20.4182	0.2383	189.72050568323505	2.179949942964724	41.543337226234485	0.560390891495528	167.99219411499686	1.6075153606096215	11.715
17.088903303703965	0.07736641147360127	7.205040881460582	0.07173627383426406	-1.0339772930814493	0.07264127496793187	-12.133124477658852	0.06879626315033498	20.4182	0.2383	188.64084491155438	2.013672794434575	41.63943104182258	0.5159677104750432	167.98589362904684	1.51423511930677	11.715
17.082455464250646	0.08026893155193464	7.2429507402908655	0.07790623835718784	-1.0320447561217456	0.07625691813176322	-12.140361463912024	0.07222376431875632	20.4182	0.2383	189.49126105721407	2.154208343788232	41.45839466376668	0.5461792093858183	167.84722720535842	1.5870149986148478	11.715
17.076209148272966	0.07530532488357186	7.2329519882351105	0.07746262072783575	-1.0359084079478298	0.07682413932350116	-12.140361463912024	0.07236889971627354	20.4182	0.2383	189.41902339920006	2.078956010916822	41.4891548162468	0.5474019095595826	167.90562749239885	1.5958615015965567	11.715
17.058883082072647	0.07290953671334316	7.220676100437723	0.07852270792141697	-1.0417011308850381	0.06922518928115909	-12.127020169995369	0.07213322453078233	20.4182	0.2383	189.5162565497996	2.0641061454542022	41.52170973634456	0.5260593173721837	168.19544405924395	1.5169266314609333	11.715
17.05941907630577	0.06965135907341623	7.2208984442362185	0.06782674374249117	-1.0339761211372338	0.0680140036452028	-12.149484896099723	0.06690888713108774	20.4182	0.2395	189.51021480242127	1.8726628806235923	41.55944786492894	0.48358716749861025	167.73862502104373	1.4397561425216545	11.715
17.07459652269011	0.07637963835279872	7.2391462470264285	0.07664488454948219	-1.018522709237903	0.07297321350221204	-12.111189713000556	0.07268552186294207	20.4182	0.2383	189.56937466655438	2.08555006151849	41.54538416933169	0.5324332574211257	168.0840286370367	1.5606763781215036	11.715
17.069895946234862	0.07288835990381656	7.2149275072321295	0.06548173841846834	-1.0204532395060166	0.06275754752005738	-12.136632063765939	0.06628605148122774	20.4236	0.2389	189.19392485748344	1.8810506192913141	41.657822471298324	0.4587931705862751	167.72851424920165	1.377320900014331	11.715
17.095955825033762	0.07770784433186412	7.241369066643592	0.08064111634579724	-1.0069314615225162	0.07264513427492617	-12.120758014833948	0.07528026705565657	20.4182	0.2383	189.20125257754958	2.1501081676342912	41.59257145877081	0.547305189329126	167.7640144353355	1.5791807858364053	11.715
17.07372471766223	0.07858160630730027	7.220787270625257	0.07564502341071101	-1.0359069577168412	0.0773789673287878	-12.134567667049355	0.0740663766538074	20.4182	0.2383	189.23292351584513	2.0948554247396625	41.55028872857415	0.5445531184350105	167.99325676779674	1.6213100278172645	11.715
17.06143399672003	0.07336032624266653	7.22486985603112	0.07239191910085258	-1.0417029765390189	0.07018043634907549	-12.1328582637431	0.07030251517454841	20.4129	0.2389	189.54790836050734	1.9860281966870341	41.5006358837709	0.5061763163869542	168.10693837030996	1.505627859140507	11.715
17.046793965717246	0.07045795846679313	7.208845684766093	0.0745907595340703	-1.0397709713679735	0.0689301305739827	-12.140183884460159	0.06782736665149869	20.4129	0.2389	189.52124010772803	1.9766440285216575	41.590977424807846	0.5121010426389815	167.96673897801605	1.4633035359114315	11.715
17.052704572772505	0.06837418405600772	7.202708709352913	0.07193820662440004	-1.049428056627382	0.07126842831970752	-12.136277018865293	0.07159942357357786	20.4182	0.2383	189.28943566827664	1.907266634209314	41.573235982403396	0.5101528360319756	168.17223402899134	1.5323813049569701	11.715
17.05921807452105	0.07184652386729377	7.226813849956071	0.07039824732316441	-1.039770715021322	0.06852850224995324	-12.132769528394547	0.06667893249966422	20.4182	0.2383	189.62810272418864	1.9399332982956543	41.500576983706715	0.49321721598216434	168.07900097075606	1.4487408213964437	11.715
17.07855955454998	0.07285858505637569	7.225064525957283	0.07142621731833314	-1.0436366066204679	0.07118181339559568	-12.129483659519336	0.06712487092139692	20.4182	0.2383	189.22221535720885	1.9593355187809265	41.489953939623796	0.5059822483089466	168.18743298772114	1.4843611856612025	11.715
17.06170203820322	0.07467946740841694	7.212983489396532	0.07249058065493894	-1.0359086496597232	0.0744773134158638	-12.147775746529415	0.07327219134906639	20.4182	0.2395	189.3139852745071	2.0005777548109878	41.58958843780153	0.5240058663266132	167.79359778761207	1.5776615087416626	11.715
17.05384317827003	0.07410874532982625	7.207179094091105	0.06880824531549214	-1.047501270658992	0.06769719110671155	-12.120447730617157	0.06807781718668454	20.4182	0.2383	189.35348483323708	1.9446951422168932	41.56042559759998	0.4859919324533474	168.38338061724886	1.4599654260275172	11.715
17.061635027043252	0.06931800847136181	7.220954032324944	0.07034107218356565	-1.0397719967747652	0.07385472712804983	-12.132991369225005	0.06854026890373133	20.4182	0.2383	189.46861089413107	1.9014195319968294	41.53000933848365	0.5127554871530846	168.07565916815798	1.5266138975756214	11.715
17.070298220992857	0.07328892279776003	7.215094134739016	0.06833305918201403	-1.049432158087775	0.06902907041851856	-12.140583445610078	0.0725672890031667	20.4182	0.2383	189.18940105179368	1.923590376330106	41.51091266161648	0.4878675233936149	168.10699899289466	1.5180350554619841	11.715
17.04941145430147	0.06852961594438325	7.21306678003691	0.06170186375488252	-1.0552269818625248	0.06726740786663765	-12.146066545475998	0.06588311373503777	20.4182	0.2383	189.55213751300946	1.7770186002172428	41.491998108731266	0.4580614160725176	168.11172388053976	1.4272002800611119	11.715
17.0600221100802	0.07152611244839	7.215149678951824	0.0700355343800996	-1.0339782306695997	0.06980544322595741	-12.125931445430803	0.06996625048838913	20.4182	0.2383	189.38794497998924	1.925736762001435	41.588399754479056	0.4985218677866324	168.09484517481306	1.497789852313153	11.715
17.046793965717246	0.07247678312779768	7.204846759831758	0.06991980108821069	-1.0571560779330005	0.06715627083712128	-12.15123842802689	0.06580566495707893	20.4129	0.2389	189.44423489760055	1.9384515163541554	41.52359129714136	0.48724171371814445	168.062585032621	1.4243423587788515	11.715
17.039069174710292	0.06743149968823806	7.203096838779058	0.06697310857219152	-1.049432158087775	0.06902907041851856	-12.136898361219483	0.06540804057590126	20.4182	0.2383	189.5593129629344	1.8315952759719152	41.57126006602529	0.4844920072327491	168.16287185569203	1.4423128034573798	11.715
17.039136095443315	0.06868636716899962	7.185129667458329	0.0677988420901572	-1.0571593004774058	0.06922488411498245	-12.142470369797445	0.06525988243768471	20.4182	0.2383	189.2123951762857	1.8531753558210873	41.62290723678505	0.48931538216931536	168.19556498344795	1.4434888133545307	11.715
17.036786645418694	0.07344873577495659	7.221009621270127	0.07114463971697738	-1.0359088913730585	0.07153396504252896	-12.144135241625147	0.06990320737235664	20.4182	0.2383	189.94931870747982	1.9787985629910048	41.54916008991153	0.5076796123978821	167.84859252343568	1.5112990735782905	11.715
17.039269938486267	0.077383029861085	7.209178658571427	0.07442050435427053	-1.05715994501522	0.0758937384084449	-12.138874083793002	0.07426789739492717	20.4182	0.2383	189.6727207539935	2.0715570315141276	41.50181181573104	0.533654111495616	168.2501583213725	1.612196544741879	11.715
17.05142637661993	0.07434372821373668	7.215038591381224	0.0763139433593735	-1.0339772930814493	0.07575143180239216	-12.127596693184346	0.07219629728179965	20.4182	0.2383	189.55130674286514	2.0530736416066806	41.58896454270954	0.5421185637326048	168.06959848507697	1.585384311000696	11.715
17.04115098793138	0.07134367977488827	7.191100138976664	0.07432838351738869	-1.057158978211863	0.06648604100091622	-12.140583445610078	0.07100741691564524	20.4182	0.2383	189.2883790056184	1.9798755582287548	41.59278027726449	0.502875274082797	168.2241949503931	1.4764414204650884	11.715
17.06257323119206	0.07182032801078916	7.215344090431043	0.07003319728886555	-1.0339798715162696	0.06883197545984614	-12.137297829545627	0.06818811934497795	20.4182	0.2383	189.34261929619936	1.9288299241461868	41.58741137015331	0.49503752179760074	167.92279257149815	1.4653147858924813	11.715
17.05807411791628	0.06872077623744867	7.225203582327838	0.0684307474830641	-1.0378424516113862	0.07230736343483157	-12.13707589941719	0.06825444606375217	20.4182	0.2383	189.6191098594561	1.8702014635412048	41.51834901101426	0.5002203022641617	167.98458804289274	1.5049055770011412	11.715
17.033024528280436	0.07584172419297294	7.197181520096366	0.07033918674734586	-1.0436376906705853	0.06852845834289736	-12.129661090263314	0.0702916116097809	20.4182	0.2383	189.56180540602028	1.993528166429889	41.63033071796238	0.496092274597113	168.18475761020414	1.4893032256462706	11.715
16.992539689122584	0.07661507353522115	7.160807838960512	0.06819091734742488	-1.0919215566327944	0.07246892632898352	-12.165888026087258	0.06900241200263571	20.4182	0.2383	189.64107104800854	1.9783702621602814	41.57025060271009	0.5012344808190026	168.3678710301716	1.5213874134185101	11.715
17.022816428726227	0.07974721423679573	7.195265139200162	0.07048355817554035	-1.0687509331513319	0.06941785978597856	-12.14269239450823	0.06818744440832689	20.4182	0.2383	189.72174282200766	2.0546591346350827	41.513475545982	0.4969556809359267	168.3682512525306	1.4794337277839278	11.715
17.020801570890097	0.07332675633147295	7.1952928343676295	0.07367946801034873	-1.0668196611917578	0.0668240912406204	-12.15563435706662	0.06857369645575319	20.4182	0.2383	189.76118268472018	2.007586691050615	41.5230401807714	0.4999040969946009	168.14242184199944	1.451860863501161	11.715
17.03329211916399	0.07269776860236872	7.197292330729762	0.07188607403019773	-1.0494342089811406	0.07036578295815923	-12.142736800434978	0.06802212232360227	20.4182	0.2383	189.558783898506	1.9703211169270038	41.600509908891986	0.5074401278396393	168.07439830929567	1.4828120769729942	11.715
17.041686436190464	0.07902257677184243	7.215316316721304	0.07787327179238679	-1.0475026989931144	0.07478172268696262	-12.131725547236652	0.0754827607204204	20.4182	0.2383	189.74454815490685	2.1423197640991303	41.51948971394766	0.5425113506741169	168.21207800030942	1.6124935952020565	11.715
17.022081045019917	0.07187135141795585	7.168969778919424	0.07077871026124348	-1.0668153547130632	0.07008388473971883	-12.158785675659901	0.07243896836859448	20.4182	0.2383	189.22958525154826	1.9372486006888348	41.655777022421155	0.5037977257155687	168.09458593668467	1.5274739800347403	11.715
17.02416267517052	0.07386134671435385	7.19096175083589	0.07271125909436083	-1.0571573669216372	0.07313160123089507	-12.147731324314591	0.07213531737028037	20.4236	0.2401	189.61273878858694	1.99859031262565	41.59348625222549	0.5200467399026474	168.11574995888122	1.5570993383365332	11.715
17.019464715517184	0.06910744126966187	7.182743278294611	0.06321539953212278	-1.0745383564893969	0.06542374042641054	-12.158429991417382	0.06590705643114607	20.429	0.2394	189.54487734767054	1.8047274061282068	41.54733292443159	0.4577498042820509	168.21710458139717	1.4093939561258482	11.715
17.056394081045717	0.07617363693067852	7.201374530216334	0.07487273594263044	-1.0262522368729743	0.07424787156918836	-12.120758014833948	0.07085973765577047	20.4182	0.2395	189.19294362684857	2.050495657688029	41.69708214079979	0.5343890641636261	168.05617083235455	1.5546765376904272	11.715
16.99898400555564	0.07128605017589865	7.150895275568467	0.0695689637318193	-1.0841974665105971	0.06602101781544949	-12.158652291604298	0.06789377835407512	20.4182	0.2383	189.32609254871957	1.9149088180970735	41.65927936405408	0.4851817892370284	168.36044642999195	1.439705763934519	11.715
17.022549009117885	0.07845196817138518	7.193154919914175	0.07289014694343476	-1.0455692102017236	0.07361554031379104	-12.14067224058674	0.07261045851521995	20.4182	0.2395	189.68617408162126	2.0665542174861136	41.64091717516215	0.5236066278934202	168.04712432281516	1.566100409679627	11.715
17.023627822903663	0.06817812290154457	7.184742519108395	0.07486597702044828	-1.0726069119713666	0.07072960152664638	-12.152903040799188	0.0634793504427625	20.4182	0.2383	189.50319073262688	1.9502923994022947	41.54699180343456	0.5182118085501578	168.2716902728482	1.443307851268985	11.715
17.023895244836268	0.07165057171484829	7.190851044158299	0.07238604923972032	-1.0726084351757286	0.07864983626328731	-12.154923158749932	0.0729946429036419	20.4236	0.2389	189.61576092508565	1.9640386505385745	41.516271724831476	0.5370253068830767	168.24104032665718	1.6289766321939652	11.715
