18.934804882478403	0.34240758048702846	9.482293420196802	0.33346415396468243	-1.9443026319406673	0.38981177556426944	-11.883105763262437	0.31473260444112805	19.8681	0.418	197.35020638947006	9.978785268310958	30.03901902387911	1.348564887080707	187.69413815041702	9.461543456191862	11.721
18.934804882478403	0.3424075804870287	9.482293420197282	0.3334641539646827	-1.8817223623922388	0.3703015551468084	-11.883105763262437	0.31473260444112816	19.8681	0.418	197.3502063894801	9.978785268311979	30.20444029250762	1.3244824219544467	186.5197056457006	9.06329404305833	11.721
18.82868943588364	0.3534491853232962	9.382025966096817	0.3438993229427998	-2.037910723342527	0.39652009304473235	-11.971123454959331	0.32389628240356655	19.9544	0.3504	197.47237677581865	10.30869065795524	30.056535821757755	1.3814400170702752	187.79977217667724	9.679868898235064	11.721
19.00559568802924	0.28659408146464943	9.54918205548011	0.28073008611427885	-1.8505572255199048	0.3515403189271954	-11.824390603989615	0.2684501610114216	19.7818	0.4602	197.2687702195237	8.368957488494578	30.109788279142922	1.188248523901868	187.03491598396073	8.294613627380567	11.721
18.934804882478403	0.3424075804870286	9.482293420197282	0.33346415396468265	-1.8817223623922388	0.3703015551468084	-11.883105763262437	0.31473260444112816	19.7818	0.4602	197.3502063894801	9.978785268311977	30.20444029250762	1.3244824219544467	186.5197056457006	9.06329404305833	11.721
19.041005254494838	0.18898853775344066	9.582639483171848	0.18863756678921764	-1.7880062060990487	0.30552145152426385	-11.795022006636644	0.1879220227509762	19.9544	0.3504	197.22805536195443	5.568007172757146	30.186828924958675	0.9532463006816758	186.41472394596295	6.681809640473291	11.721
18.89942363582875	0.35354157133200237	9.448862205746838	0.34398483889065035	-1.9442312819613514	0.3897670583453161	-11.91245233069976	0.32396815462378664	19.8681	0.418	197.39092770110025	10.302817204813199	30.12735185212507	1.3746662548192008	187.14022079357883	9.515011538223744	11.721
19.041005254494838	0.18898853775344066	9.582639483171848	0.18863756678921764	-1.725372999735035	0.1882552307036362	-11.795022006636644	0.1879220227509762	19.8681	0.418	197.22805536195443	5.568007172757146	30.354028765637143	0.7153739571582822	185.2552245566401	4.893660489533877	11.721
18.934804882478403	0.3424075804870287	9.482293420197282	0.3334641539646827	-1.9130145662357558	0.382726262263532	-11.883105763262437	0.31473260444112816	19.8681	0.418	197.3502063894801	9.978785268311979	30.12149707555045	1.341803534856221	187.10511780839363	9.299168727899259	11.721
18.934804882478403	0.3424075804870287	9.482293420197282	0.3334641539646827	-1.8817223623922388	0.3703015551468084	-11.883105763262437	0.31473260444112816	19.8681	0.418	197.3502063894801	9.978785268311979	30.20444029250762	1.3244824219544467	186.5197056457006	9.06329404305833	11.721
18.970195565284573	0.3218664897360273	9.515733368965467	0.3140556772791736	-1.913084005557773	0.3779047429040251	-11.883739751811927	0.3281205460592316	19.8681	0.418	197.30948722883264	9.384969412282192	30.033180594300816	1.2912410097622389	187.09452371584814	9.391168275532307	11.721
18.934804882478403	0.3424075804870286	9.482293420197282	0.33346415396468265	-1.8817223623922388	0.3703015551468084	-11.943066369994709	0.3603227309439209	20.0407	0.2366	197.3502063894801	9.978785268311977	30.20444029250762	1.3244824219544467	185.40814095716692	9.521215834179324	11.721
18.864051821556057	0.35706347677388917	9.415439722188788	0.34731340006071243	-2.0067159877801712	0.39880431616197276	-12.031692762498052	0.38100590817082675	19.8681	0.418	197.431651163352	10.408315611026449	30.05069663765529	1.3913313108315952	186.08073912795695	10.23776284243844	11.721
18.934804882478403	0.3424075804870287	9.482293420197282	0.3334641539646827	-2.006866352232662	0.3897442480185699	-12.092899943859798	0.3722236788560196	19.8681	0.418	197.3502063894801	9.978785268311979	29.875442851095784	1.3337843462688024	184.95428069253134	9.882810079221931	11.721
18.82868943588364	0.3534491853232962	9.382025966096817	0.3438993229427998	-2.100438132059322	0.39644953965913976	-12.21073727386557	0.36703307434578125	20.0407	0.2366	197.47237677581865	10.30869065795524	29.892863870870514	1.3662970490718402	184.5103751941838	9.859685408090108	11.721
18.934804882478403	0.3424075804870286	9.482293420197282	0.33346415396468265	-2.100680917245217	0.35113558418657886	-12.182753529017035	0.31447376223088463	20.0407	0.2366	197.3502063894801	9.978785268311977	29.633471178364623	1.2388787400237486	185.0269443409882	8.650622431669273	11.721
18.82868943588364	0.35344918532329644	9.382025966096817	0.3438993229428	-2.1316956384991586	0.3895338407948294	-12.270601963320352	0.32361986833374273	20.0407	0.2366	197.47237677581865	10.308690657955248	29.811710581166516	1.3454134171900733	183.98977446051154	9.190049310990094	11.721
18.82868943588364	0.3534491853232962	9.382025966096817	0.3438993229427998	-2.1941982596577048	0.35932883454662135	-12.270601963320834	0.3236198683337426	19.9544	0.3504	197.47237677581865	10.30869065795524	29.650750494681883	1.2739562825035466	185.13103909303936	8.884635385168705	11.721
18.864051821556057	0.35706347677388917	9.415439722188788	0.34731340006071243	-2.163033763392707	0.3620593663236154	-12.241326468960228	0.32660910745431626	20.0407	0.2366	197.43823221839077	10.408662554880154	29.64597864076495	1.284599685600771	185.10250935516189	8.95561027381625	11.7213907
18.89942363582875	0.35354157133200237	9.448862205746838	0.34398483889065035	-2.1631185231109504	0.33292518471636845	-12.212043658441843	0.32369155559512064	20.0407	0.2366	197.39092770110025	10.302817204813199	29.55944762596092	1.2186076878309713	185.6372759133586	8.577988627588619	11.721
18.82868943588364	0.3534491853232962	9.382025966096817	0.3438993229427998	-2.225443376021082	0.33284730520158207	-12.270601963320834	0.3236198683337426	19.8681	0.418	197.47237677581865	10.30869065795524	29.57093627142944	1.2192605982461657	185.706882750326	8.582466519677634	11.721
18.89942363582875	0.35354157133200237	9.448862205746838	0.34398483889065035	-2.1631185231109504	0.33292518471636845	-12.212043658441843	0.32369155559512064	20.0407	0.2366	197.39092770110025	10.302817204813199	29.55944762596092	1.2186076878309713	185.6372759133586	8.577988627588619	11.721
18.970195565284573	0.3218664897360273	9.515733368965467	0.3140556772791736	-2.100761865540422	0.30501712461736313	-12.153456077940524	0.29747103376644923	19.9544	0.3504	197.30948722883264	9.384969412282192	29.547959970642495	1.1135901811228903	185.56767455226554	7.864795464584452	11.721
18.82868943588364	0.3534491853232965	9.382025966096817	0.3438993229428	-2.225443376021082	0.3328473052015823	-12.270601963320352	0.3236198683337428	19.8681	0.418	197.47237677581865	10.308690657955248	29.57093627142944	1.2192605982461666	185.7068827503349	8.582466519678466	11.721
18.757992935239642	0.3216401848623583	9.315224622625093	0.31384620103221383	-2.2877364486293996	0.30482635424991994	-12.329131014541165	0.29729543167478295	19.9544	0.3504	197.55383445001536	9.401779116147557	29.58242590666801	1.1154675857773746	185.77649506104444	7.877710958335138	11.721
18.864051821556057	0.35706347677388917	9.415439722188788	0.34731340006071243	-2.194284923625674	0.33602979974360825	-12.271258636383562	0.3518962899867054	19.7818	0.4602	197.431651163352	10.408315611026449	29.565191824948716	1.2306706960503284	185.12056706254555	8.938544604113465	11.721
19.00559568802924	0.28659408146464943	9.54918205548011	0.28073008611427885	-2.069571602388964	0.2739450770137693	-12.124151302461744	0.2682804492080739	19.8681	0.418	197.2687702195237	8.368957488494578	29.542216514408114	0.9973319785239984	185.53287592584323	7.075312310286582	11.721
18.934804882478403	0.34240758048702846	9.482293420196802	0.33346415396468243	-2.131944171431728	0.32311451974225947	-12.332431971265576	0.3810910190725114	19.7818	0.4602	197.35020638947006	9.978785268310958	29.55370367450958	1.181535924993129	182.87900780691007	8.957652801711516	11.721
18.970195565284573	0.3218664897360273	9.515733368965467	0.3140556772791736	-2.100761865540422	0.30501712461736313	-12.363018225501039	0.3604621283836274	19.9544	0.3504	197.30948722883264	9.384969412282192	29.547959970642495	1.1135901811228903	181.77825836220526	8.364129143854536	11.721
18.864051821556057	0.35706347677388917	9.415439722188788	0.34731340006071243	-2.194284923625674	0.33602979974360825	-12.540473905425042	0.32632751406059407	19.8681	0.418	197.431651163352	10.408315611026449	29.565191824948716	1.2306706960503284	180.30359693426678	8.162964538418187	11.721
18.934804882478403	0.3424075804870286	9.482293420197282	0.33346415396468265	-2.1319441714312477	0.32311451974225963	-12.452104999777971	0.3414697232396595	20.0407	0.2366	197.3502063894801	9.978785268311977	29.55370367450958	1.1815359249931296	180.75833497247436	8.23403083214746	11.721
18.79333647503578	0.3422347407206894	9.348620934049421	0.3333041670111849	-2.2565938833413974	0.3229688193597858	-12.598905042364073	0.31408170760939613	19.9544	0.3504	197.51310453816873	9.990341853276027	29.5766809653516	1.1828226511007867	180.3712013008499	7.856891126258979	11.721
18.89942363582875	0.3535415713320026	9.44886220574732	0.3439848388906505	-2.16311852311047	0.33292518471636867	-12.511247392316394	0.3234155530462013	19.8681	0.418	197.39092770111034	10.302817204814255	29.55944762596092	1.218607687830972	180.26979674860326	8.085764419876527	11.721
18.82868943588364	0.3534491853232962	9.382025966096817	0.3438993229427998	-2.225443376021082	0.33284730520158207	-12.569693121195874	0.32334405020407875	19.6955	0.4837	197.47237677581865	10.30869065795524	29.57093627142944	1.2192605982461657	180.33739845176018	8.089987484956097	11.721
18.970195565284573	0.3218664897360273	9.515733368965467	0.3140556772791736	-2.100761865540422	0.30501712461736313	-12.452772463135764	0.29724546393589063	19.8681	0.418	197.30948722883264	9.384969412282192	29.547959970642495	1.1135901811228903	180.20220037385107	7.413826627309964	11.721
18.82868943588364	0.3534491853232962	9.382025966096817	0.3438993229427998	-2.225443376021082	0.33284730520158207	-12.569693121195874	0.32334405020407875	19.6955	0.4837	197.47237677581865	10.30869065795524	29.57093627142944	1.2192605982461657	180.33739845176018	8.089987484956097	11.721
18.934804882478403	0.3424075804870286	9.482293420197282	0.33346415396468265	-2.1319441714312477	0.32311451974225963	-12.482013579132817	0.3142154782359939	19.8681	0.418	197.3502063894801	9.978785268311977	29.55370367450958	1.1815359249931296	180.23599789504846	7.8485597328013235	11.721
19.041005254494838	0.18898853775344066	9.549807442358997	0.2788673860537648	-2.038373378926404	0.18824429564911704	-12.394268311737415	0.18790110694452217	20.0407	0.2366	196.54580221632898	6.976048081888623	29.6201570791735	0.860004918920295	180.1346093295816	4.626477638462098	11.721
18.970195565284573	0.3218664897360273	9.450099943535484	0.3675718214914043	-2.2570463978612403	0.3800193733145989	-12.452772463135764	0.29724546393589063	19.8681	0.418	195.94919653100845	10.056221432133691	29.319163370720165	1.324066803828786	182.96441823144227	8.65788078178492	11.721
18.89942363582875	0.35354157133200237	9.383254971953978	0.3899584800206439	-2.350575037121745	0.39619402471707665	-12.511247392316873	0.3234155530462012	19.9544	0.3504	196.03005725000818	10.842935389797013	29.252489248851557	1.3858891719969921	183.59563449817398	9.241269782146222	11.721
18.970195565284573	0.3218664897360273	9.450099943535484	0.3675718214914043	-2.225797753857922	0.37759463704212737	-12.452772463135764	0.29724546393589063	19.9544	0.3504	195.94919653100845	10.056221432133691	29.39763135000464	1.3267822115946752	182.40536825497156	8.571030359977103	11.721
18.970195565284573	0.3218664897360273	9.38448428709332	0.389208783214231	-2.3819996862537645	0.3360536175962088	-12.632176446773896	0.3674976744673838	19.9544	0.3504	194.60789437965443	10.253581858765827	29.171308690500897	1.2748311571749564	181.99247989216582	8.841708101911868	11.721
19.041005254494838	0.18898853775344066	9.45133799288491	0.34099890110685427	-2.2572274815427193	0.3234440322645984	-12.663423328232318	0.2700127248484413	19.6955	0.4837	194.52761363765296	7.908518075860561	29.31560975065724	1.1767642235311324	179.26388427270865	7.258184705025285	11.721
19.00559568802924	0.28659408146464943	9.417906774016645	0.36964836078889995	-2.2883833626409364	0.3511788895328015	-12.72250957751475	0.26794212205626744	20.0407	0.2366	194.56775294969225	9.491980675741045	29.321307791055947	1.2770937101721822	178.7840255680351	7.568730942164935	11.721
19.041005254494838	0.18898853775344066	9.352908533802774	0.33057044353456255	-2.350960121506519	0.1882333761246426	-12.693310098847164	0.18789067080536526	19.7818	0.4602	192.55124528183362	7.568017206717264	29.32737424668823	0.9532151712550212	180.37052430706615	4.6383404312842575	11.721
18.970195565284573	0.3218664897360273	9.25330625216872	0.3673849775051324	-2.413227690557417	0.30477517879694815	-12.751701766688651	0.29702038025960065	20.0407	0.2366	191.98068722076673	9.650237063612119	29.421226379094826	1.2037952294476046	180.43814534360936	7.427487794005313	11.721
18.934804882478403	0.3424075804870287	9.252699972350163	0.3946084292955399	-2.444349568732021	0.3228374836831651	-12.780886669102133	0.3139577509313128	19.6955	0.4837	192.67040641428014	10.396657821342105	29.344471439810906	1.2790466859860155	180.47195785843118	7.862518646219986	11.721
18.934804882478403	0.34240758048702846	9.18714178420123	0.3620331119191803	-2.444349568732021	0.3228374836831649	-12.780886669102133	0.3139577509313126	19.9544	0.3504	191.37459606188182	9.783217089300155	29.50986470894633	1.2306524220148645	180.47195785843118	7.862518646219981	11.721
18.970195565284573	0.3218664897360273	9.187743859194267	0.31379370812217844	-2.413227690557417	0.30477517879694815	-12.751701766688651	0.29702038025960065	19.7818	0.4602	190.69402477282054	8.762628774189254	29.587499177660373	1.1156632420526293	180.43814534360936	7.427487794005313	11.721
18.82868943588364	0.3534491853232965	9.087050891459853	0.3708523199356224	-2.5376676143143877	0.33255146775738187	-12.868397683079525	0.3230688263869593	19.8681	0.418	191.49294848841532	10.070487434065571	29.527057882549414	1.265232381607038	180.57340338610635	8.104114747379942	11.721
18.970195565284573	0.3218664897360273	9.187743859194267	0.31379370812217844	-2.413227690557417	0.30477517879694815	-12.751701766688651	0.29702038025960065	19.7818	0.4602	190.69402477282054	8.762628774189254	29.587499177660373	1.1156632420526293	180.43814534360936	7.427487794005313	11.721
19.00559568802924	0.28659408146464943	9.221127090852848	0.2805334256817922	-2.382097875829042	0.2737634424442453	-12.72250957751475	0.26794212205626744	20.0407	0.2366	190.65471665149394	7.814493278466084	29.581753105188213	0.9993209968446092	180.40433415973143	6.683170037575587	11.721
19.041005254494838	0.18898853775344066	9.254519040630969	0.188626080248766	-2.350960121506519	0.1882333761246426	-12.693310098847164	0.18789067080536526	19.6955	0.4837	190.61541059930565	5.2007409333977765	29.57600728009243	0.6791115606420018	180.37052430706615	4.6383404312842575	11.721
19.00559568802924	0.28659408146464943	9.221127090852848	0.2805334256817922	-2.382097875829042	0.2737634424442453	-12.72250957751475	0.26794212205626744	19.6092	0.4911	190.65471665149394	7.814493278466084	29.581753105188213	0.9993209968446092	180.40433415973143	6.683170037575587	11.721
19.041005254494838	0.18898853775344066	9.254519040630969	0.188626080248766	-2.350960121506519	0.1882333761246426	-12.693310098847164	0.18789067080536526	19.7818	0.4602	190.61541059930565	5.2007409333977765	29.57600728009243	0.6791115606420018	180.37052430706615	4.6383404312842575	11.721
18.934804882478403	0.34240758048702846	9.154369342235162	0.33316418963319827	-2.444349568732021	0.3228374836831649	-12.810752724318366	0.34113527337289556	19.7818	0.4602	190.7333349628836	9.316773779576108	29.5932454974648	1.1836582421875543	179.95201035325653	8.153211711573706	11.721
19.041005254494838	0.18898853775344066	9.254519040630969	0.188626080248766	-2.350960121506519	0.1882333761246426	-12.693310098847164	0.18789067080536526	19.8681	0.418	190.61541059930565	5.2007409333977765	29.57600728009243	0.6791115606420018	180.37052430706615	4.6383404312842575	11.721
18.970195565284573	0.3218664897360273	9.187743859194267	0.31379370812217844	-2.413227690557417	0.30477517879694815	-12.781573436594455	0.3273713669079573	20.0407	0.2366	190.69402477282054	8.762628774189254	29.587499177660373	1.1156632420526293	179.91829494045516	7.761504307131461	11.721
19.00559568802924	0.28659408146464943	9.221127090852848	0.2805334256817922	-2.382097875829042	0.2737634424442453	-12.72250957751475	0.26794212205626744	19.9544	0.3504	190.65471665149394	7.814493278466084	29.581753105188213	0.9993209968446092	180.40433415973143	6.683170037575587	11.721
18.97147434050497	0.3277659175132508	9.221127090852848	0.2805334256817922	-2.382097875829042	0.2737634424442453	-12.782260286721012	0.32834007259329123	19.8681	0.418	191.32191297562886	8.465492641289908	29.581753105188213	0.9993209968446092	179.3678804502549	7.372886625692266	11.721
18.970195565284573	0.3218664897360273	9.187743859194267	0.31379370812217844	-2.444451569387178	0.33600010163971034	-12.781573436594455	0.3273713669079573	19.7818	0.4602	190.69402477282054	8.762628774189254	29.508078530468616	1.1662543331016695	180.4617486321737	8.189625684570663	11.721
18.970195565284573	0.3218664897360273	9.187743859194267	0.31379370812217844	-2.413227690557417	0.30477517879694815	-12.781573436594455	0.3273713669079573	19.8681	0.418	190.69402477282054	8.762628774189254	29.587499177660373	1.1156632420526293	179.91829494045516	7.761504307131461	11.721
19.00559568802924	0.28659408146464943	9.221127090852848	0.2805334256817922	-2.382097875829042	0.2737634424442453	-12.752386863985485	0.3055534936708513	19.8681	0.418	190.65471665149394	7.814493278466084	29.581753105188213	0.9993209968446092	179.88458085503487	7.116348592534416	11.721
19.041005254494838	0.18898853775344066	9.254519040630969	0.188626080248766	-2.382196077470666	0.27406261052705894	-12.753072043725751	0.29976850525619625	19.7818	0.4602	190.61541059930565	5.2007409333977765	29.496617619726926	0.8433274381389106	179.87439962158953	7.0446324818437756	11.721
19.00559568802924	0.28659408146464943	9.221127090852848	0.2805334256817922	-2.4133277921919505	0.3125322255339884	-12.72250957751475	0.26794212205626744	19.8681	0.418	190.65471665149394	7.814493278466084	29.502347951734087	1.0649507912885474	180.95083846867044	7.225734718960021	11.721
19.041005254494838	0.18898853775344066	9.254519040630969	0.188626080248766	-2.382196077470666	0.27406261052705894	-12.782947219496226	0.31712344105027435	19.9544	0.3504	190.61541059930565	5.2007409333977765	29.496617619726926	0.8433274381389106	179.3577273897552	7.227923900588634	11.721
19.00559568802924	0.28659408146464943	9.221127090852848	0.2805334256817922	-2.4133277921919505	0.3125322255339884	-12.812129846473974	0.34266067575031406	19.8681	0.418	190.65471665149394	7.814493278466084	29.502347951734087	1.0649507912885474	179.39134510325133	8.000756289045128	11.721
18.972753280031164	0.31678057996790887	9.254519040630969	0.188626080248766	-2.350960121506519	0.1882333761246426	-12.72319300376012	0.2699894370884705	19.6955	0.4837	191.95411862137215	7.282278866363308	29.57600728009243	0.6791115606420018	179.85086809724555	5.706986341418148	11.721
18.89942363582875	0.35354157133200237	9.121003536560758	0.3436642992055722	-2.5690865781077235	0.3890760768129511	-12.899634035140968	0.37793421981883996	19.9544	0.3504	190.77264722138014	9.619157365601781	29.361940996301158	1.303870555948833	180.5765953584644	9.481349069429996	11.721
18.97147434050497	0.3277659175132508	9.221127090852848	0.2805334256817922	-2.4133277921919505	0.3125322255339884	-12.782260286721012	0.32834007259329123	19.8681	0.418	191.32191297562886	8.465492641289908	29.502347951734087	1.0649507912885474	179.90811387424614	7.8651186996338085	11.721
18.691112371517068	0.40508143693286436	9.020958353095091	0.33300462452092733	-2.6935079603937857	0.3889524380141359	-12.927397080952295	0.3409869753701734	19.8681	0.418	192.90851877088505	10.460946424116504	29.300842821418502	1.280719838748596	182.28212813373725	9.213206912826443	11.721
18.82868943588364	0.3534491853232965	9.054298045403096	0.3435790087395334	-2.6000629936865347	0.3770343801928562	-12.868397683079525	0.3230688263869593	19.7818	0.4602	190.85127794216487	9.624634181984367	29.45195665700361	1.289082012847915	181.6706549219795	8.78452405009443	11.721
18.972753280031164	0.31678057996790887	9.254519040630969	0.188626080248766	-2.600732250603856	0.30509076068362573	-12.693310098847164	0.18789067080536526	19.7818	0.4602	191.95411862137215	7.282278866363308	28.95288575132241	0.8759980789289007	184.83435213777443	6.561978590560256	11.721
18.90197157770163	0.37678191173701403	9.187743859194267	0.31379370812217844	-2.5693058463909075	0.37970735433320885	-12.781573436594455	0.3273713669079573	19.9544	0.3504	192.03328787795203	9.693119340763996	29.194716768551366	1.2231813173797534	182.66805795116497	8.967669616123802	11.721
18.937357709530122	0.3531296536050897	9.221127090852848	0.2805334256817922	-2.5694155007323105	0.35928911941421926	-12.72250957751475	0.26794212205626744	19.8681	0.418	191.99370220733402	8.91177407767273	29.1117845953341	1.1254985212806725	183.73267044239546	8.1106957939751	11.721
18.833766445979762	0.3990850809019677	9.187743859194267	0.31379370812217844	-2.6629032768944363	0.35631985658710685	-12.751701766688651	0.29702038025960065	19.9544	0.3504	193.39111755094513	10.178300747903073	28.96413438410982	1.1604452676442738	184.90359281803396	8.501818817830644	11.721
18.869138593295332	0.37814074886292176	9.221127090852848	0.2805334256817922	-2.6630186567958365	0.3123597317731197	-12.72250957751475	0.26794212205626744	19.9544	0.3504	193.35125041132548	9.435863826054787	28.882491302014802	1.0203588452683712	185.44229550801052	7.586478711972792	11.721
18.66207794097568	0.39181949103863734	9.154369342235643	0.3331641896331984	-2.569196205516846	0.3891378152208263	-12.780886669102133	0.3139577509313128	19.6955	0.4837	196.20448698094467	10.613608420714504	29.278101000095678	1.279343388779293	182.67838166778424	8.944530053105094	11.721
18.867866655349793	0.3910093948409735	9.187743859194267	0.31379370812217844	-2.6629032768944363	0.35631985658710685	-12.751701766688651	0.29702038025960065	19.6955	0.4837	192.70985784611878	9.980830701951275	28.96413438410982	1.1604452676442738	184.90359281803396	8.501818817830644	11.721
18.69741271868889	0.37658258348467505	9.187743859194267	0.31379370812217844	-2.6317082533950185	0.3696446845351664	-12.751701766688651	0.29702038025960065	19.8681	0.418	196.1640426751139	10.111455244739085	29.040579285628578	1.191345275945807	184.333624871364	8.637315625651466	11.721
18.80093833146247	0.37807923941697313	9.221127090852848	0.2805334256817922	-2.444553582574397	0.336152232989127	-12.72250957751475	0.26794212205626744	19.7818	0.4602	194.72774996570763	9.569688902430858	29.423378352040753	1.1043086661084698	181.50059106094972	7.59122834780995	11.721
18.730231417866104	0.4127893708921002	9.154369342235643	0.3331641896331984	-2.5067811321344475	0.36966661378935073	-12.780886669102133	0.3139577509313128	19.7818	0.4602	194.8080573056172	10.791604465139208	29.434808936112336	1.2561472468679924	181.5686125928855	8.57109934983221	11.721
18.765580162259937	0.399013690967309	9.187743859194267	0.31379370812217844	-2.6005091101674727	0.37722338978493253	-12.751701766688651	0.29702038025960065	19.6955	0.4837	194.76790257764284	10.322597629662626	29.117438952188	1.2119912401271262	183.7670854154982	8.691678154704734	11.721
18.768110537204628	0.31666721005882176	9.254519040630969	0.188626080248766	-2.350960121506519	0.1882333761246426	-12.693310098847164	0.18789067080536526	20.0407	0.2366	196.08316046068967	7.596932709570536	29.57600728009243	0.6791115606420018	180.37052430706615	4.6383404312842575	11.721
18.80093833146247	0.3780792394169732	9.221127090852848	0.2805334256817922	-2.4757752477982353	0.35102431993079264	-12.72250957751475	0.26794212205626744	19.8681	0.418	194.72774996570763	9.569688902430858	29.344840732244936	1.1273205328770382	182.05362098342948	7.845912488602893	11.721
18.698673273530257	0.3275664239580602	9.221127090852848	0.2805334256817922	-2.444553582574397	0.336152232989127	-12.72250957751475	0.26794212205626744	19.9544	0.3504	196.82891035547706	8.956699612497975	29.423378352040753	1.1043086661084698	181.50059106094972	7.59122834780995	11.721
18.734019908580606	0.28265813718657357	9.254519040630969	0.188626080248766	-2.413427906126409	0.30518995320246745	-12.693310098847164	0.18789067080536526	19.8681	0.418	196.78832398098538	7.0543764678441985	29.41766342910307	0.9045611579435502	181.46658230198835	6.326523343802485	11.721
18.663336059506634	0.35465467074295054	9.187743859194267	0.31379370812217844	-2.413227690557417	0.30477517879694815	-12.751701766688651	0.29702038025960065	19.9544	0.3504	196.8694988708579	9.838634787703272	29.587499177660373	1.1156632420526293	180.43814534360936	7.427487794005313	11.721
18.734019908580606	0.28265813718657357	9.254519040630969	0.188626080248766	-2.413427906126409	0.30518995320246745	-12.693310098847164	0.18789067080536526	19.7818	0.4602	196.78832398098538	7.0543764678441985	29.41766342910307	0.9045611579435502	181.46658230198835	6.326523343802485	11.721
18.698673273530257	0.3275664239580602	9.221127090852848	0.2805334256817922	-2.382097875829042	0.2737634424442453	-12.72250957751475	0.26794212205626744	19.9544	0.3504	196.82891035547706	8.956699612497975	29.581753105188213	0.9993209968446092	180.40433415973143	6.683170037575587	11.721
18.66207794097568	0.3918194910386371	9.154369342235162	0.33316418963319827	-2.444349568732021	0.3228374836831649	-12.780886669102133	0.3139577509313126	20.0407	0.2366	196.20448698093475	10.613608420713422	29.5932454974648	1.1836582421875543	180.47195785843118	7.862518646219981	11.721
18.734019908580606	0.28265813718657357	9.254519040630969	0.188626080248766	-2.350960121506519	0.1882333761246426	-12.693310098847164	0.18789067080536526	19.8681	0.418	196.78832398098538	7.0543764678441985	29.57600728009243	0.6791115606420018	180.37052430706615	4.6383404312842575	11.721
18.629264107418162	0.3215867793259896	9.187743859194267	0.31379370812217844	-2.413227690557417	0.30477517879694815	-12.721826233507107	0.3274211617696587	19.6092	0.4911	197.57994887857473	9.402697831192322	29.587499177660373	1.1156632420526293	180.961076348825	7.852374032752661	11.721
18.62800826273739	0.37164527179455037	9.154369342235643	0.3331641896331984	-2.444349568732021	0.3228374836831651	-12.780886669102133	0.3139577509313128	19.9544	0.3504	196.91008952675037	10.374190202174166	29.593245497463567	1.1836582421874564	180.47195785843118	7.862518646219986	11.721
18.69741271868889	0.37658258348467505	9.187743859194267	0.31379370812217844	-2.413227690557417	0.30477517879694815	-12.632176446773896	0.3674976744673838	19.8681	0.418	196.1640426751139	10.111455244739085	29.587499177660373	1.1156632420526293	182.54862926534352	8.528741690719528	11.721
18.62800826273739	0.37164527179455037	9.154369342235643	0.3331641896331984	-2.444349568732021	0.3228374836831651	-12.541819129797535	0.35973052858923743	19.9544	0.3504	196.91008952675037	10.374190202174166	29.593245497463567	1.1836582421874564	184.74480925132463	8.84349804592118	11.721
18.83503610607015	0.3810233502666347	9.221127090852848	0.2805334256817922	-2.382097875829042	0.2737634424442453	-12.423524041584281	0.26811110322292214	19.6955	0.4837	194.0371065533681	9.54971243069494	29.581753105188213	0.9993209968446092	185.77591043212135	7.0892677279134455	11.721
18.698673273530257	0.3275664239580602	9.221127090852848	0.2805334256817922	-2.382097875829042	0.2737634424442453	-12.453440006861207	0.3057546362544695	19.7818	0.4602	196.82891035547706	8.956699612497975	29.581753105188213	0.9993209968446092	185.22408073420533	7.547842233765673	11.721
18.768110537204628	0.31666721005882176	9.254519040630969	0.188626080248766	-2.350960121506519	0.1882333761246426	-12.394268311737415	0.18790110694452217	20.0407	0.2366	196.08316046068967	7.596932709570536	29.57600728009243	0.6791115606420018	185.74109771864113	4.918804255134812	11.721
18.625497056964	0.41586157109224686	9.087646438754353	0.346986372237325	-2.5065695275742144	0.33572776500333956	-12.540473905425042	0.32632751406059407	19.7818	0.4602	195.58443119444354	11.106307581289565	29.60473887886627	1.2328288610012728	185.91517496399234	8.674968554827398	11.721
