28.829170681317382	0.18933352782450602	23.873233723094405	0.18913900668627168	17.688686059982107	0.2812302932474927	12.379869266743077	0.18876911871533344	19.1777	0.2326	202.4145211620915	10.930381498119031	29.618309776223686	1.6230966335613717	188.95992183903738	12.055898731274384	6.302999999999999
28.829170681317382	0.18933352782450602	23.873233723094405	0.18913900668627168	17.688686059982107	0.2812302932474927	12.379869266743077	0.18876911871533344	19.1777	0.2326	202.4145211620915	10.930381498119031	29.618309776223686	1.6230966335613717	188.95992183903738	12.055898731274384	6.302999999999999
28.829170681317382	0.18933352782450602	23.873233723094405	0.18913900668627168	17.655076637654155	0.1889344293721047	12.379869266743077	0.18876911871533344	19.1777	0.2326	202.4145211620915	10.930381498119031	29.458221462559163	1.2665025359485818	190.16382404981402	9.627742667055797	6.302999999999999
28.829170681317382	0.18933352782450602	23.873233723094405	0.18913900668627168	17.755918669126352	0.3343293287598767	12.379869266743077	0.18876911871533344	19.264	0.3483	202.4145211620915	10.930381498119031	29.94383105919346	1.8802501329592676	186.59679835968487	13.326135767315943	6.302999999999999
28.829170681317382	0.18933352782450602	23.873233723094405	0.18913900668627168	17.688686059982107	0.2812302932474927	12.379869266743077	0.18876911871533344	19.264	0.3483	202.4145211620915	10.930381498119031	29.618309776223686	1.6230966335613717	188.95992183903738	12.055898731274384	6.302999999999999
28.792093325559353	0.2916079297161772	23.837222950509286	0.28840373882141046	17.620304608455402	0.2846842075372279	12.346117196760494	0.2816219626992834	19.264	0.3483	202.45809282106188	16.75834796951482	29.46409111935745	1.9205840118183237	190.20059925891854	14.441056530892213	6.302999999999999
28.829170681317382	0.18933352782450602	23.873233723094405	0.18913900668627168	17.688686059982107	0.2812302932474927	12.379869266743077	0.18876911871533344	19.264	0.3483	202.4145211620915	10.930381498119031	29.618309776223686	1.6230966335613717	188.95992183903738	12.055898731274384	6.302999999999999
28.829170681317382	0.18933352782450602	23.873233723094405	0.18913900668627168	17.722300070157715	0.31476186783159965	12.379869266743077	0.18876911871533344	19.1777	0.2326	202.4145211620915	10.930381498119031	29.780169783562076	1.7779082431755069	187.7710059748544	12.899938293886837	6.302999999999999
28.829170681317382	0.18933352782450602	23.873233723094405	0.18913900668627168	17.85680200823936	0.34501797118792193	12.379869266743077	0.18876911871533344	19.264	0.3483	202.4145211620915	10.930381498119031	30.44592828330531	1.9910908933040692	183.15974536400049	13.152167272002321	6.302999999999999
28.829170681317382	0.18933352782450602	23.873233723094405	0.18913900668627168	17.78954185783339	0.34497292057299045	12.379869266743077	0.18876911871533344	19.1777	0.2326	202.4145211620915	10.930381498119031	30.109323839665144	1.9471125052003726	185.4370277344329	13.479895701462603	6.302999999999999
28.864324114938373	0.28587996312674413	23.873233723094405	0.18913900668627168	17.688686059982107	0.2812302932474927	12.379869266743077	0.18876911871533344	19.1777	0.2326	200.98886767258068	13.80375353744992	29.618309776223686	1.6230966335613717	188.95992183903738	12.055898731274384	6.302999999999999
28.829170681317382	0.18933352782450602	23.873233723094405	0.18913900668627168	17.823169637222765	0.3483878806335324	12.379869266743077	0.18876911871533344	19.264	0.3483	202.4145211620915	10.930381498119031	30.276679042068352	1.9838199247671544	184.29142946962043	13.415398720291961	6.302999999999999
28.829170681317382	0.18933352782450602	23.873233723094405	0.18913900668627168	17.655076637654155	0.1889344293721047	12.379869266743077	0.18876911871533344	19.3503	0.4167	202.4145211620915	10.930381498119031	29.458221462559163	1.2665025359485818	190.16382404981402	9.627742667055797	6.302999999999999
28.829170681317382	0.18933352782450602	23.873233723094405	0.18913900668627168	17.722300070157715	0.31476186783159965	12.379869266743077	0.18876911871533344	19.1777	0.2326	202.4145211620915	10.930381498119031	29.780169783562076	1.7779082431755069	187.7710059748544	12.899938293886837	6.302999999999999
28.829170681317382	0.18933352782450602	23.873233723094405	0.18913900668627168	17.655076637654155	0.1889344293721047	12.379869266743077	0.18876911871533344	19.1777	0.2326	202.4145211620915	10.930381498119031	29.458221462559163	1.2665025359485818	190.16382404981402	9.627742667055797	6.302999999999999
28.829170681317382	0.18933352782450602	23.873233723094405	0.18913900668627168	17.722300070157715	0.31476186783159965	12.379869266743077	0.18876911871533344	19.1777	0.2326	202.4145211620915	10.930381498119031	29.780169783562076	1.7779082431755069	187.7710059748544	12.899938293886837	6.302999999999999
28.89948245934927	0.3209527259689243	23.873233723094405	0.18913900668627168	17.755918669126352	0.33432932875987675	12.379869266743077	0.18876911871533344	19.264	0.3483	199.58296115995276	14.792770631605402	29.94383105919346	1.8802501329592678	186.59679835968487	13.326135767315943	6.302999999999999
28.82530843764051	0.38456398721555884	23.801221771281536	0.32427511753381855	17.619137562708683	0.35197991887882485	12.312373926890547	0.3152399291376704	19.1777	0.2326	199.66884986783398	19.991761160627014	29.630112164739796	2.293813174564195	189.03302938487883	16.831364288892853	6.302999999999999
28.864324114938373	0.28587996312674413	23.873233723094405	0.18913900668627168	17.688686059982107	0.2812302932474927	12.379869266743077	0.18876911871533344	19.1777	0.2326	200.98886767258068	13.80375353744992	29.618309776223686	1.6230966335613717	188.95992183903738	12.055898731274384	6.302999999999999
28.829170681317382	0.18933352782450602	23.873233723094405	0.18913900668627168	17.655076637654155	0.1889344293721047	12.379869266743077	0.18876911871533344	19.1777	0.2326	202.4145211620915	10.930381498119031	29.458221462559163	1.2665025359485818	190.16382404981402	9.627742667055797	6.302999999999999
28.89948245934927	0.3209527259689243	23.873233723094405	0.18913900668627168	17.655076637654155	0.1889344293721047	12.379869266743077	0.18876911871533344	19.3503	0.4167	199.58296115995276	14.792770631605402	29.458221462559163	1.2665025359485818	190.16382404981402	9.627742667055797	6.302999999999999
28.792093325559353	0.2916079297161772	23.837222950509286	0.28840373882141046	17.68751444382688	0.35041395316391866	12.346117196760494	0.2816219626992834	19.1777	0.2326	202.45809282106188	16.75834796951482	29.786102595405538	2.1981514335855494	187.80733952322498	15.806720431560063	6.302999999999999
28.829170681317382	0.18933352782450602	23.873233723094405	0.18913900668627168	17.755918669126352	0.3343293287598767	12.379869266743077	0.18876911871533344	19.3503	0.4167	202.4145211620915	10.930381498119031	29.94383105919346	1.8802501329592676	186.59679835968487	13.326135767315943	6.302999999999999
28.864324114938373	0.28587996312674413	23.873233723094405	0.18913900668627168	17.655076637654155	0.1889344293721047	12.379869266743077	0.18876911871533344	19.1777	0.2326	200.98886767258068	13.80375353744992	29.458221462559163	1.2665025359485818	190.16382404981402	9.627742667055797	6.302999999999999
28.829170681317382	0.18933352782450602	23.873233723094405	0.18913900668627168	17.78954185783339	0.34497292057299045	12.379869266743077	0.18876911871533344	19.1777	0.2326	202.4145211620915	10.930381498119031	30.109323839665144	1.9471125052003726	185.4370277344329	13.479895701462603	6.302999999999999
28.864324114938373	0.28587996312674413	23.873233723094405	0.18913900668627168	17.755918669126352	0.3343293287598767	12.379869266743077	0.18876911871533344	19.1777	0.2326	200.98886767258068	13.80375353744992	29.94383105919346	1.8802501329592676	186.59679835968487	13.326135767315943	6.302999999999999
28.829170681317382	0.18933352782450602	23.873233723094405	0.18913900668627168	17.688686059982107	0.2812302932474927	12.379869266743077	0.18876911871533344	19.1777	0.2326	202.4145211620915	10.930381498119031	29.618309776223686	1.6230966335613717	188.95992183903738	12.055898731274384	6.302999999999999
28.829170681317382	0.18933352782450602	23.873233723094405	0.18913900668627168	17.655076637654155	0.1889344293721047	12.379869266743077	0.18876911871533344	19.264	0.3483	202.4145211620915	10.930381498119031	29.458221462559163	1.2665025359485818	190.16382404981402	9.627742667055797	6.302999999999999
28.829170681317382	0.18933352782450602	23.873233723094405	0.18913900668627168	17.655076637654155	0.1889344293721047	12.379869266743077	0.18876911871533344	19.1777	0.2326	202.4145211620915	10.930381498119031	29.458221462559163	1.2665025359485818	190.16382404981402	9.627742667055797	6.302999999999999
28.829170681317382	0.18933352782450602	23.873233723094405	0.18913900668627168	17.655076637654155	0.1889344293721047	12.379869266743077	0.18876911871533344	19.1777	0.2326	202.4145211620915	10.930381498119031	29.458221462559163	1.2665025359485818	190.16382404981402	9.627742667055797	6.302999999999999
28.829170681317382	0.18933352782450602	23.873233723094405	0.18913900668627168	17.655076637654155	0.1889344293721047	12.379869266743077	0.18876911871533344	19.264	0.3483	202.4145211620915	10.930381498119031	29.458221462559163	1.2665025359485818	190.16382404981402	9.627742667055797	6.302999999999999
28.829170681317382	0.18933352782450602	23.873233723094405	0.18913900668627168	17.722300070157715	0.31476186783159965	12.379869266743077	0.18876911871533344	19.264	0.3483	202.4145211620915	10.930381498119031	29.780169783562076	1.7779082431755069	187.7710059748544	12.899938293886837	6.302999999999999
28.864324114938373	0.28587996312674413	23.873233723094405	0.18913900668627168	17.655076637654155	0.1889344293721047	12.379869266743077	0.18876911871533344	19.1777	0.2326	200.98886767258068	13.80375353744992	29.458221462559163	1.2665025359485818	190.16382404981402	9.627742667055797	6.302999999999999
28.829170681317382	0.18933352782450602	23.873233723094405	0.18913900668627168	17.688686059982107	0.2812302932474927	12.379869266743077	0.18876911871533344	19.1777	0.2326	202.4145211620915	10.930381498119031	29.618309776223686	1.6230966335613717	188.95992183903738	12.055898731274384	6.302999999999999
28.864324114938373	0.28587996312674413	23.873233723094405	0.18913900668627168	17.823169637222765	0.3483878806335324	12.379869266743077	0.18876911871533344	19.1777	0.2326	200.98886767258068	13.80375353744992	30.276679042068352	1.9838199247671544	184.29142946962043	13.415398720291961	6.302999999999999
28.864324114938373	0.28587996312674413	23.873233723094405	0.18913900668627168	17.688686059982107	0.2812302932474927	12.379869266743077	0.18876911871533344	19.1777	0.2326	200.98886767258068	13.80375353744992	29.618309776223686	1.6230966335613717	188.95992183903738	12.055898731274384	6.302999999999999
28.864324114938373	0.28587996312674413	23.873233723094405	0.18913900668627168	17.722300070157715	0.31476186783159965	12.379869266743077	0.18876911871533344	19.1777	0.2326	200.98886767258068	13.80375353744992	29.780169783562076	1.7779082431755069	187.7710059748544	12.899938293886837	6.302999999999999
28.864324114938373	0.28587996312674413	23.873233723094405	0.18913900668627168	17.688686059982107	0.2812302932474927	12.379869266743077	0.18876911871533344	19.1777	0.2326	200.98886767258068	13.80375353744992	29.618309776223686	1.6230966335613717	188.95992183903738	12.055898731274384	6.302999999999999
28.864324114938373	0.28587996312674413	23.873233723094405	0.18913900668627168	17.755918669126352	0.3343293287598767	12.379869266743077	0.18876911871533344	19.1777	0.2326	200.98886767258068	13.80375353744992	29.94383105919346	1.8802501329592676	186.59679835968487	13.326135767315943	6.302999999999999
28.864324114938373	0.28587996312674413	23.873233723094405	0.18913900668627168	17.688686059982107	0.2812302932474927	12.379869266743077	0.18876911871533344	19.1777	0.2326	200.98886767258068	13.80375353744992	29.618309776223686	1.6230966335613717	188.95992183903738	12.055898731274384	6.302999999999999
28.864324114938373	0.28587996312674413	23.873233723094405	0.18913900668627168	17.755918669126352	0.3343293287598767	12.379869266743077	0.18876911871533344	19.264	0.3483	200.98886767258068	13.80375353744992	29.94383105919346	1.8802501329592676	186.59679835968487	13.326135767315943	6.302999999999999
28.829170681317382	0.18933352782450602	23.873233723094405	0.18913900668627168	17.655076637654155	0.1889344293721047	12.379869266743077	0.18876911871533344	19.264	0.3483	202.4145211620915	10.930381498119031	29.458221462559163	1.2665025359485818	190.16382404981402	9.627742667055797	6.302999999999999
28.93464571558628	0.34141982003788507	23.873233723094405	0.18913900668627168	17.655076637654155	0.1889344293721047	12.379869266743077	0.18876911871533344	19.1777	0.2326	198.19639416753645	15.283842091972797	29.458221462559163	1.2665025359485818	190.16382404981402	9.627742667055797	6.302999999999999
28.829170681317382	0.18933352782450602	23.873233723094405	0.18913900668627168	17.688686059982107	0.2812302932474927	12.379869266743077	0.18876911871533344	19.3503	0.4167	202.4145211620915	10.930381498119031	29.618309776223686	1.6230966335613717	188.95992183903738	12.055898731274384	6.302999999999999
28.864324114938373	0.28587996312674413	23.873233723094405	0.18913900668627168	17.655076637654155	0.1889344293721047	12.379869266743077	0.18876911871533344	19.264	0.3483	200.98886767258068	13.80375353744992	29.458221462559163	1.2665025359485818	190.16382404981402	9.627742667055797	6.302999999999999
28.829170681317382	0.18933352782450602	23.873233723094405	0.18913900668627168	17.755918669126352	0.33432932875987675	12.379869266743077	0.18876911871533344	19.264	0.3483	202.4145211620915	10.930381498119031	29.94383105919346	1.8802501329592678	186.59679835968487	13.326135767315943	6.302999999999999
28.829170681317382	0.18933352782450602	23.873233723094405	0.18913900668627168	17.755918669126352	0.33432932875987675	12.379869266743077	0.18876911871533344	19.264	0.3483	202.4145211620915	10.930381498119031	29.94383105919346	1.8802501329592678	186.59679835968487	13.326135767315943	6.302999999999999
28.96981388468322	0.3525530574340444	23.873233723094405	0.18913900668627168	17.688686059982107	0.2812302932474927	12.379869266743077	0.18876911871533344	19.264	0.3483	196.82877037207078	15.451154103979123	29.618309776223686	1.6230966335613717	188.95992183903738	12.055898731274384	6.302999999999999
28.864324114938373	0.28587996312674413	23.873233723094405	0.18913900668627168	17.688686059982107	0.2812302932474927	12.379869266743077	0.18876911871533344	19.1777	0.2326	200.98886767258068	13.80375353744992	29.618309776223686	1.6230966335613717	188.95992183903738	12.055898731274384	6.302999999999999
28.829170681317382	0.18933352782450602	23.873233723094405	0.18913900668627168	17.655076637654155	0.1889344293721047	12.379869266743077	0.18876911871533344	19.1777	0.2326	202.4145211620915	10.930381498119031	29.458221462559163	1.2665025359485818	190.16382404981402	9.627742667055797	6.302999999999999
28.864324114938373	0.28587996312674413	23.873233723094405	0.18913900668627168	17.722300070157715	0.31476186783159965	12.379869266743077	0.18876911871533344	19.1777	0.2326	200.98886767258068	13.80375353744992	29.780169783562076	1.7779082431755069	187.7710059748544	12.899938293886837	6.302999999999999
28.829170681317382	0.18933352782450602	23.873233723094405	0.18913900668627168	17.688686059982107	0.2812302932474927	12.379869266743077	0.18876911871533344	19.264	0.3483	202.4145211620915	10.930381498119031	29.618309776223686	1.6230966335613717	188.95992183903738	12.055898731274384	6.302999999999999
28.864324114938373	0.28587996312674413	23.873233723094405	0.18913900668627168	17.722300070157715	0.31476186783159965	12.379869266743077	0.18876911871533344	19.1777	0.2326	200.98886767258068	13.80375353744992	29.780169783562076	1.7779082431755069	187.7710059748544	12.899938293886837	6.302999999999999
28.829170681317382	0.18933352782450602	23.873233723094405	0.18913900668627168	17.655076637654155	0.1889344293721047	12.379869266743077	0.18876911871533344	19.1777	0.2326	202.4145211620915	10.930381498119031	29.458221462559163	1.2665025359485818	190.16382404981402	9.627742667055797	6.302999999999999
28.829170681317382	0.18933352782450602	23.873233723094405	0.18913900668627168	17.78954185783339	0.34497292057299045	12.379869266743077	0.18876911871533344	19.264	0.3483	202.4145211620915	10.930381498119031	30.109323839665144	1.9471125052003726	185.4370277344329	13.479895701462603	6.302999999999999
28.864324114938373	0.28587996312674413	23.873233723094405	0.18913900668627168	17.755918669126352	0.3343293287598767	12.379869266743077	0.18876911871533344	19.1777	0.2326	200.98886767258068	13.80375353744992	29.94383105919346	1.8802501329592676	186.59679835968487	13.326135767315943	6.302999999999999
28.89948245934927	0.3209527259689243	23.873233723094405	0.18913900668627168	17.722300070157715	0.31476186783159965	12.379869266743077	0.18876911871533344	19.1777	0.2326	199.58296115995276	14.792770631605402	29.780169783562076	1.7779082431755069	187.7710059748544	12.899938293886837	6.302999999999999
28.864324114938373	0.28587996312674413	23.873233723094405	0.18913900668627168	17.823169637222765	0.3483878806335324	12.379869266743077	0.18876911871533344	19.1777	0.2326	200.98886767258068	13.80375353744992	30.276679042068352	1.9838199247671544	184.29142946962043	13.415398720291961	6.302999999999999
28.89948245934927	0.3209527259689243	23.873233723094405	0.18913900668627168	17.722300070157715	0.31476186783159965	12.379869266743077	0.18876911871533344	19.1777	0.2326	199.58296115995276	14.792770631605402	29.780169783562076	1.7779082431755069	187.7710059748544	12.899938293886837	6.302999999999999
28.864324114938373	0.28587996312674413	23.873233723094405	0.18913900668627168	17.655076637654155	0.1889344293721047	12.379869266743077	0.18876911871533344	19.1777	0.2326	200.98886767258068	13.80375353744992	29.458221462559163	1.2665025359485818	190.16382404981402	9.627742667055797	6.302999999999999
28.829170681317382	0.18933352782450602	23.873233723094405	0.18913900668627168	17.755918669126352	0.3343293287598767	12.379869266743077	0.18876911871533344	19.1777	0.2326	202.4145211620915	10.930381498119031	29.94383105919346	1.8802501329592676	186.59679835968487	13.326135767315943	6.302999999999999
28.93464571558628	0.34141982003788507	23.873233723094405	0.18913900668627168	17.655076637654155	0.1889344293721047	12.379869266743077	0.18876911871533344	19.1777	0.2326	198.19639416753645	15.283842091972797	29.458221462559163	1.2665025359485818	190.16382404981402	9.627742667055797	6.302999999999999
28.864324114938373	0.28587996312674413	23.873233723094405	0.18913900668627168	17.755918669126352	0.33432932875987675	12.379869266743077	0.18876911871533344	19.1777	0.2326	200.98886767258068	13.80375353744992	29.94383105919346	1.8802501329592678	186.59679835968487	13.326135767315943	6.302999999999999
28.829170681317382	0.18933352782450602	23.873233723094405	0.18913900668627168	17.722300070157715	0.31476186783159965	12.379869266743077	0.18876911871533344	19.264	0.3483	202.4145211620915	10.930381498119031	29.780169783562076	1.7779082431755069	187.7710059748544	12.899938293886837	6.302999999999999
28.864324114938373	0.28587996312674413	23.873233723094405	0.18913900668627168	17.722300070157715	0.31476186783159965	12.379869266743077	0.18876911871533344	19.1777	0.2326	200.98886767258068	13.80375353744992	29.780169783562076	1.7779082431755069	187.7710059748544	12.899938293886837	6.302999999999999
28.864324114938373	0.28587996312674413	23.873233723094405	0.18913900668627168	17.89043897183047	0.3344136273112016	12.379869266743077	0.18876911871533344	19.264	0.3483	200.98886767258068	13.80375353744992	30.617103900009653	1.9661292561706043	182.04172345049884	12.68588478494342	6.302999999999999
28.89948245934927	0.3209527259689243	23.873233723094405	0.18913900668627168	17.722300070157715	0.31476186783159965	12.379869266743077	0.18876911871533344	19.264	0.3483	199.58296115995276	14.792770631605402	29.780169783562076	1.7779082431755069	187.7710059748544	12.899938293886837	6.302999999999999
28.96981388468322	0.3525530574340444	23.873233723094405	0.18913900668627168	17.688686059982107	0.2812302932474927	12.379869266743077	0.18876911871533344	19.264	0.3483	196.82877037207078	15.451154103979123	29.618309776223686	1.6230966335613717	188.95992183903738	12.055898731274384	6.302999999999999
28.93464571558628	0.34141982003788507	23.873233723094405	0.18913900668627168	17.755918669126352	0.33432932875987675	12.379869266743077	0.18876911871533344	19.1777	0.2326	198.19639416753645	15.283842091972797	29.94383105919346	1.8802501329592678	186.59679835968487	13.326135767315943	6.302999999999999
28.89948245934975	0.3209527259689243	23.873233723094405	0.18913900668627168	17.688686059982107	0.2812302932474927	12.379869266743077	0.18876911871533344	19.1777	0.2326	199.58296115993375	14.792770631602579	29.618309776223686	1.6230966335613717	188.95992183903738	12.055898731274384	6.302999999999999
28.93464571558628	0.34141982003788507	23.873233723094405	0.18913900668627168	17.823169637222765	0.3483878806335324	12.379869266743077	0.18876911871533344	19.264	0.3483	198.19639416753645	15.283842091972797	30.276679042068352	1.9838199247671544	184.29142946962043	13.415398720291961	6.302999999999999
28.93464571558628	0.34141982003788507	23.873233723094405	0.18913900668627168	17.755918669126352	0.3343293287598767	12.379869266743077	0.18876911871533344	19.264	0.3483	198.19639416753645	15.283842091972797	29.94383105919346	1.8802501329592676	186.59679835968487	13.326135767315943	6.302999999999999
28.93464571558628	0.34141982003788507	23.873233723094405	0.18913900668627168	17.722300070157715	0.31476186783159965	12.379869266743077	0.18876911871533344	19.1777	0.2326	198.19639416753645	15.283842091972797	29.780169783562076	1.7779082431755069	187.7710059748544	12.899938293886837	6.302999999999999
28.89948245934927	0.3209527259689243	23.873233723094405	0.18913900668627168	17.722300070157715	0.31476186783159965	12.379869266743077	0.18876911871533344	19.3503	0.4167	199.58296115995276	14.792770631605402	29.780169783562076	1.7779082431755069	187.7710059748544	12.899938293886837	6.302999999999999
28.827239434181628	0.3335579175473481	23.871677075192917	0.32980399157711043	17.75474262822052	0.37519495491184846	12.346117196760494	0.2816219626992834	19.264	0.3483	202.42982201376861	19.161258678918	29.94569421984634	2.4455262088983245	185.4729300485911	16.08740779043534	6.302999999999999
29.040164965601207	0.3526012775706824	23.873233723094405	0.18913900668627168	17.85680200823936	0.34501797118792193	12.379869266743077	0.18876911871533344	19.1777	0.2326	194.1488204943721	15.034860444357966	30.44592828330531	1.9910908933040692	183.15974536400049	13.152167272002321	6.302999999999999
28.829170681317382	0.18933352782450602	23.873233723094405	0.18913900668627168	17.755918669126352	0.3343293287598767	12.379869266743077	0.18876911871533344	19.264	0.3483	202.4145211620915	10.930381498119031	29.94383105919346	1.8802501329592676	186.59679835968487	13.326135767315943	6.302999999999999
28.89948245934927	0.3209527259689243	23.873233723094405	0.18913900668627168	17.688686059981624	0.2812302932474926	12.379869266743077	0.18876911871533344	19.1777	0.2326	199.58296115995276	14.792770631605402	29.618309776221366	1.6230966335611177	188.9599218390546	12.055898731276573	6.302999999999999
28.89948245934927	0.3209527259689243	23.873233723094405	0.18913900668627168	17.823169637222765	0.3483878806335324	12.379869266743077	0.18876911871533344	19.1777	0.2326	199.58296115995276	14.792770631605402	30.276679042068352	1.9838199247671544	184.29142946962043	13.415398720291961	6.302999999999999
28.93464571558628	0.34141982003788507	23.873233723094405	0.18913900668627168	17.755918669126352	0.33432932875987675	12.379869266743077	0.18876911871533344	19.1777	0.2326	198.19639416753645	15.283842091972797	29.94383105919346	1.8802501329592678	186.59679835968487	13.326135767315943	6.302999999999999
28.89948245934927	0.3209527259689243	23.873233723094405	0.18913900668627168	17.78954185783339	0.34497292057299045	12.379869266743077	0.18876911871533344	19.1777	0.2326	199.58296115995276	14.792770631605402	30.109323839665144	1.9471125052003726	185.4370277344329	13.479895701462603	6.302999999999999
29.00498696767628	0.3561255134876379	23.873233723094405	0.18913900668627168	17.85680200823936	0.34501797118792193	12.379869266743077	0.18876911871533344	19.1777	0.2326	195.47970420583832	15.360125694100292	30.44592828330531	1.9910908933040692	183.15974536400049	13.152167272002321	6.302999999999999
28.864324114938373	0.28587996312674413	23.873233723094405	0.18913900668627168	17.85680200823936	0.3450179711879219	12.379869266743077	0.18876911871533344	19.1777	0.2326	200.98886767258068	13.80375353744992	30.44592828330531	1.991090893304069	183.15974536400049	13.152167272002321	6.302999999999999
28.93464571558628	0.34141982003788507	23.873233723094405	0.18913900668627168	17.823169637222765	0.3483878806335324	12.379869266743077	0.18876911871533344	19.1777	0.2326	198.19639416753645	15.283842091972797	30.276679042068352	1.9838199247671544	184.29142946962043	13.415398720291961	6.302999999999999
28.96981388468322	0.3525530574340444	23.873233723094405	0.18913900668627168	17.823169637222765	0.3483878806335324	12.379869266743077	0.18876911871533344	19.1777	0.2326	196.82877037207078	15.451154103979123	30.276679042068352	1.9838199247671544	184.29142946962043	13.415398720291961	6.302999999999999
28.93464571558628	0.34141982003788507	23.873233723094405	0.18913900668627168	17.755918669126352	0.3343293287598767	12.379869266743077	0.18876911871533344	19.1777	0.2326	198.19639416753645	15.283842091972797	29.94383105919346	1.8802501329592676	186.59679835968487	13.326135767315943	6.302999999999999
28.93464571558628	0.34141982003788507	23.907694925963117	0.28379398185257837	17.85680200823936	0.34501797118792193	12.379869266743077	0.18876911871533344	19.1777	0.2326	199.55508782361002	17.62416961221812	30.27253183994337	2.2350327760492648	183.15974536400049	13.152167272002321	6.302999999999999
29.00498696767628	0.3561255134876379	23.907694925963117	0.28379398185257837	17.89043897183047	0.33441362731120167	12.379869266743077	0.18876911871533344	19.1777	0.2326	196.80128156264385	17.581483245568794	30.441757822529596	2.2189197975985238	182.04172345049884	12.685884784943422	6.302999999999999
29.00498696767628	0.3561255134876379	23.873233723094405	0.18913900668627168	17.89043897183047	0.33441362731120167	12.379869266743077	0.18876911871533344	19.1777	0.2326	195.47970420583832	15.360125694100292	30.617103900009653	1.9661292561706045	182.04172345049884	12.685884784943422	6.302999999999999
29.00498696767628	0.3561255134876379	23.873233723094405	0.18913900668627168	17.92408052894003	0.3148722947549035	12.379869266743077	0.18876911871533344	19.1777	0.2326	195.47970420583832	15.360125694100292	30.790238969113883	1.901047888124726	180.937117809379	11.981134743403205	6.302999999999999
29.040164965601207	0.3526012775706824	23.873233723094405	0.18913900668627168	17.755918669126352	0.33432932875987675	12.379869266743077	0.18876911871533344	19.1777	0.2326	194.1488204943721	15.034860444357966	29.94383105919346	1.8802501329592678	186.59679835968487	13.326135767315943	6.302999999999999
28.93464571558628	0.341419820037885	23.873233723094405	0.18913900668627168	17.823169637222765	0.3483878806335324	12.379869266743077	0.18876911871533344	19.264	0.3483	198.19639416753645	15.283842091972796	30.276679042068352	1.9838199247671544	184.29142946962043	13.415398720291961	6.302999999999999
29.00498696767628	0.3561255134876379	23.873233723094405	0.18913900668627168	17.823169637222765	0.3483878806335324	12.379869266743077	0.18876911871533344	19.1777	0.2326	195.47970420583832	15.360125694100292	30.276679042068352	1.9838199247671544	184.29142946962043	13.415398720291961	6.302999999999999
28.96981388468322	0.3525530574340444	23.907694925963117	0.28379398185257837	17.89043897183047	0.33441362731120167	12.379869266743077	0.18876911871533344	19.1777	0.2326	198.16871442346584	17.71749714520942	30.441757822529596	2.2189197975985238	182.04172345049884	12.685884784943422	6.302999999999999
29.145728459328236	0.28599833803342856	23.942160889724807	0.31817609837392624	17.95772668051533	0.2813408970666068	12.379869266743077	0.18876911871533344	19.1777	0.2326	192.7818929782184	15.849934139740006	30.60871623084936	2.172334595801936	179.84568838768382	10.9239069559375	6.302999999999999
29.075347879493712	0.3415100487041467	23.907694925963117	0.28379398185257837	17.92408052894003	0.3148722947549035	12.379869266743077	0.18876911871533344	19.264	0.3483	194.1217057973777	16.680118285468275	30.612909916623693	2.1686787219996804	180.937117809379	11.981134743403205	6.302999999999999
29.00498696767628	0.3561255134876379	23.873233723094405	0.18913900668627168	17.823169637222765	0.3483878806335324	12.379869266743077	0.18876911871533344	19.1777	0.2326	195.47970420583832	15.360125694100292	30.276679042068352	1.9838199247671544	184.29142946962043	13.415398720291961	6.302999999999999
29.00498696767628	0.3561255134876379	23.873233723094405	0.18913900668627168	17.85680200823936	0.3450179711879219	12.379869266743077	0.18876911871533344	19.1777	0.2326	195.47970420583832	15.360125694100292	30.44592828330531	1.991090893304069	183.15974536400049	13.152167272002321	6.302999999999999
29.040164965601207	0.3526012775706824	23.873233723094405	0.18913900668627168	17.823169637222765	0.3483878806335324	12.379869266743077	0.18876911871533344	19.1777	0.2326	194.1488204943721	15.034860444357966	30.276679042068352	1.9838199247671544	184.29142946962043	13.415398720291961	6.302999999999999
29.040164965601207	0.3526012775706824	23.907694925963117	0.28379398185257837	17.9913774275027	0.1889462522490879	12.379869266743077	0.18876911871533344	19.1777	0.2326	195.45240372780677	17.236546808523453	30.96112549056868	1.7841958584870687	178.76720082545867	8.508596908622398	6.302999999999999
