18.060801996017094	0.07386177199367328	8.051258271281968	0.0727561433577925	-1.4296165145922655	0.06928320881989432	-12.65425299382081	0.071839179452477	20.8929	0.2415	186.27224273111338	1.929382134110626	36.18527159986446	0.38344836354724154	166.1078433828887	1.4769642890329209	11.715
18.072035325620305	0.06868225542452001	8.069657485749987	0.07261199292642087	-1.408421616018674	0.0671268528962515	-12.64189339067083	0.06885176952869762	20.8875	0.2418	186.40569154361472	1.8626587784475896	36.19594492170334	0.3776383251554296	165.977197052181	1.4207740174184849	11.715
18.021021140303173	0.07553128665810488	8.013111509990592	0.07688375560911025	-1.4199727471068688	0.07175130074728484	-12.689129732539598	0.06802165626432602	20.8875	0.2418	186.30265731759204	2.006344958680725	36.368595867575465	0.4054504981403029	165.45160926693384	1.4515843555930528	11.715
18.057048033035358	0.07610534893246268	8.075521358064108	0.08389792977412022	-1.4141990577096764	0.06807650633657983	-12.65085392649883	0.07236102815311883	20.8875	0.2418	186.79508847046432	2.119809416903803	36.15154231108002	0.41159466791735155	165.93017940778583	1.46709608370946	11.715
18.06597764661495	0.0858967808562207	8.067744318431815	0.08431816677358336	-1.4064979157565776	0.08067930747415916	-12.662253398970623	0.07695779954578515	20.8713	0.2419	186.48296125135224	2.245004745407926	36.210603513300896	0.4460249646942239	165.64860182882651	1.6408828428544056	11.715
18.06151273172548	0.0756282665943169	8.063606992475236	0.07543151861278086	-1.4103485764386667	0.06928570659546497	-12.654715391115387	0.07333743143298321	20.8767	0.242	186.48907150642685	1.9924094006617807	36.211699182635634	0.3914840417233215	165.81637623987092	1.4877932454329907	11.715
18.02952244984791	0.07653900453109798	8.029221409351718	0.07266244526643795	-1.4238330296545518	0.073088913163347	-12.656137427918752	0.06802489423767372	20.8929	0.2415	186.44440310059323	1.967618339203522	36.29176488348142	0.39567207642702507	165.99444710648038	1.475566109862384	11.715
18.061370580108882	0.07538024825331084	8.055519269886428	0.07700413099895571	-1.4180594930653805	0.07892704976074799	-12.650946380914286	0.07328004396051374	20.8929	0.2415	186.34098194290496	2.006801630895429	36.21313948143834	0.4215053554425551	165.98583934273063	1.591469207101095	11.715
18.053436044255136	0.07772871575857435	8.063731352062318	0.08729027848201001	-1.3949256389180082	0.07149124862354989	-12.625485867253474	0.07600255593718974	20.8713	0.2419	186.64216969083216	2.1837547831311124	36.27026854428825	0.43265884178909103	166.0202269889701	1.5424866538924502	11.715
18.02087932492507	0.07757296610305307	8.025085530356977	0.07537370583299255	-1.435396305413778	0.0703218236379928	-12.67065728154603	0.07292907559364116	20.8983	0.2412	186.52847354001634	2.0183560217520684	36.26327232446039	0.3951353488047362	165.95076538786464	1.4964092174390398	11.715
18.042630193489245	0.07553466926789068	8.037493755884364	0.06600191776438145	-1.4277036602800888	0.07465961331188656	-12.671212863064772	0.07440178815609208	20.9037	0.2406	186.35429611071797	1.8683271567593014	36.245205889238186	0.38159468741348396	165.82902407904575	1.5545672604298366	11.715
18.037882224993727	0.07824476995444084	8.013173290901427	0.08030491749369698	-1.4508295022852848	0.07495562681012229	-12.685546578218968	0.07568264382054918	20.8875	0.2418	185.99045324704758	2.080204026238045	36.249781052278024	0.42075980675331065	165.95879947128984	1.5734883281149816	11.715
18.02144659983081	0.07662909453429048	8.033357484522869	0.07809444716419925	-1.431553581544512	0.07555271171398686	-12.65999881136551	0.0740681466856071	20.8821	0.242	186.6723591266306	2.0448360074602907	36.24630244663343	0.41611763832754717	166.05149868565354	1.5646661817019307	11.715
18.026794158515276	0.07346269130474903	8.03094885567623	0.08005880035768484	-1.4527413227654706	0.07316649994822758	-12.6722638089641	0.0677533910821263	20.8767	0.242	186.5275123647616	2.027580216407423	36.17452939479479	0.4136946771821899	166.18355733188423	1.4770362380504545	11.715
18.014822641296654	0.07113902643593426	8.039221031434467	0.07574238103916689	-1.4334732331808158	0.07183578978922742	-12.654252993820329	0.06436462972781162	20.8767	0.242	186.90603647185065	1.9469250983742612	36.21652082794198	0.39910984475675254	166.1649366706124	1.4283419980412213	11.715
18.048119284191177	0.07841351994399656	8.035146797899987	0.08367466703955023	-1.4296130493550292	0.06927680284554869	-12.668865518742487	0.07461916293545708	20.8875	0.2418	186.20845716636597	2.132560703764835	36.24688155512609	0.4160211406957088	165.89182985255687	1.5028661289631042	11.715
18.014822641296654	0.06880131578544005	8.019160296360884	0.07234025406807867	-1.4296165145917847	0.06723347836960378	-12.679986316409067	0.07064183034313565	20.8875	0.2418	186.53092651395826	1.863012167212714	36.30819480607207	0.37949692690022824	165.7278997193834	1.436590492180488	11.715
18.021304777756285	0.08216222183977209	8.029283317001	0.08063725768257238	-1.4508331281131575	0.07583698165748577	-12.663582609062786	0.07636208985791118	20.8875	0.2418	186.5988944924282	2.149872848633325	36.18816615991839	0.42255672839183106	166.28393967860643	1.5960179681061513	11.715
18.029948120645702	0.07232281920893725	8.05348187594408	0.07661671264250848	-1.4045577769532362	0.07860344120107235	-12.65273841823465	0.07293191986962125	20.8983	0.2412	186.8898378032168	1.9737145583036122	36.272635950101204	0.4209656596720613	165.76015426697012	1.5801590897603002	11.715
18.053009787327834	0.07961962497441728	8.031444235026084	0.07960484229085894	-1.4296303760636397	0.07732326827991334	-12.680356970853675	0.07672632663072672	20.8875	0.2418	186.04879133812742	2.0901915607551422	36.26100028098726	0.4253348388808916	165.72264400994007	1.604538366221787	11.715
18.035863223965315	0.07830583441022657	8.015210146140975	0.0741671518380383	-1.425763169277958	0.07077846638839842	-12.661698193032642	0.07327829931632267	20.8929	0.2415	186.06573282610535	2.002664550684602	36.3382055715452	0.39459852361819325	165.94080994413747	1.5046241507276212	11.715
18.011210072138454	0.07443068206751156	8.019407616298382	0.07947617441219935	-1.4412006935859019	0.06967176721022526	-12.673004673530045	0.06584082239465613	20.8659	0.2417	186.60298445269794	2.0335317671710063	36.2627875390142	0.4051172284766453	166.00184277172778	1.416777052654167	11.715
18.014964408883742	0.08260518620563995	8.02323417024991	0.08115156616516113	-1.425763169277958	0.07077846638838178	-12.661698193032642	0.07327829931630991	20.8875	0.2418	186.60433316267023	2.162630644660642	36.30734741516053	0.41375886968834896	165.94080994413747	1.504624150727315	11.715
18.027929108529477	0.07295774945520825	8.031444235026084	0.06747810478699219	-1.4412006935859019	0.06967176721022526	-12.673004673530045	0.06584082239465613	20.8767	0.242	186.5155784173279	1.8542195234618222	36.216709453020236	0.370828995343213	166.00184277172778	1.416777052654167	11.715
18.053436044255136	0.07598963094281602	8.04768015242112	0.07447204096610155	-1.4219267384152117	0.07473594864011188	-12.662253398970623	0.06846550030983467	20.8659	0.2417	186.3427589556953	1.9815069191250647	36.228328491983156	0.4036399155477633	165.87597626183444	1.495729031711641	11.715
18.0215884241378	0.07232189481728188	8.021382754128007	0.07537410706208775	-1.4469838419088004	0.0766994520961273	-12.663767700015931	0.073799248149213	20.8875	0.2418	186.4461811933642	1.9475607684942844	36.23307416875521	0.4115146715353506	166.22413179281807	1.5773355716715471	11.715
18.047236501295814	0.07780632767507974	8.06175597647819	0.07403548155994809	-1.4122855092192592	0.07404651352065444	-12.667814314482724	0.06766429726291213	20.8767	0.242	186.7211251063561	2.0083284406607107	36.211370791343995	0.4002183007189076	165.6519378680503	1.476245547148296	11.715
18.00660537844333	0.0803953321864388	8.019222124915185	0.082284178788991	-1.4450465940310533	0.07968319068863158	-12.669050682076888	0.0825479701238568	20.8713	0.2419	186.68555226043827	2.150335008785419	36.24876251076728	0.43870708115368473	166.11720235449187	1.6980628939259024	11.715
18.02605196049266	0.08023250412052106	8.037555730255166	0.07688787713998099	-1.4354208694476056	0.071750497111698	-12.667629159783553	0.06802435852045001	20.8875	0.2418	186.66475066359638	2.0767207692051928	36.215441421224476	0.4020522676327914	165.9958674311397	1.4611689828786945	11.715
18.027929108529477	0.07490877560697018	8.039468980352718	0.06971070238359622	-1.4373439839065307	0.07892676073323587	-12.658299378571405	0.07305972550715678	20.8929	0.2415	186.66542534038126	1.912306444508759	36.20078083476049	0.40225562489516675	166.16233580324638	1.5926343146027981	11.715
18.010926593992735	0.08061338369346802	8.023296031204461	0.07053374437551113	-1.433480222184708	0.07473373972853727	-12.672819449184324	0.07243342216081813	20.8875	0.2418	186.68092963593122	2.0021008549077055	36.277481875307714	0.39421112605430286	165.89054931650898	1.5361365723764435	11.715
18.051701026013983	0.0694559808081276	8.041816249527804	0.07693572247572251	-1.3891471862646483	0.07466247757366117	-12.638586088484505	0.07960633599572714	20.8983	0.2412	186.2658961571043	1.9287319721669551	36.37677438438071	0.41351949979561864	165.7416138287245	1.60800258340081	11.715
18.015531501547095	0.08393698501324641	8.027493857482483	0.07610064055580451	-1.4450609226837958	0.07473060831469062	-12.673097287753695	0.06644957917890733	20.8767	0.242	186.6733211032232	2.117528193494807	36.21705412033984	0.40779344516003274	166.05754538896588	1.4789700250391096	11.715
18.043340212172343	0.07565354348100052	8.049841673728903	0.07442887685806379	-1.4238638253303255	0.0710482768180461	-12.653293248532757	0.07568836487330632	20.8983	0.2412	186.571314455004	1.981329032278654	36.21265503400267	0.3933122870353566	166.03694524933684	1.5349267277544498	11.715
17.990454441574517	0.08288757433621821	8.01946944866637	0.077305296952927	-1.4450609226842763	0.07473060831469061	-12.687801754590732	0.07439672623515436	20.8713	0.2419	186.99257492090078	2.1255827430888283	36.24776039280731	0.4117897587427139	165.84035745360026	1.5554690420481843	11.715
17.99289808151042	0.07336105468137301	8.017617933848044	0.0722930163538797	-1.4508548842353137	0.07404212231525664	-12.667814314482724	0.07413780548108027	20.8983	0.2412	186.91205968370568	1.9298854289790817	36.23266768807295	0.3959907313792024	166.22152998911477	1.552696585257512	11.715
18.051985185558365	0.07672512283665384	8.045953013419318	0.0781335494011633	-1.416156183837023	0.07209077604728456	-12.638770831534607	0.07934295978910638	20.8929	0.2415	186.33761377592782	2.0392812647680807	36.25703550648548	0.4073621481773571	166.13776885799712	1.587009078990167	11.715
18.05025009080939	0.07831024722002404	8.048114560306447	0.08141533320948202	-1.4219505904293706	0.07473550539229118	-12.655547792280217	0.07413725567013718	20.8875	0.2418	186.4102073637669	2.105321764748753	36.22657538998132	0.4227665763596203	165.97534385640594	1.5553512457438474	11.715
18.06048857046655	0.08137490228545863	8.046015057395335	0.08352757023569382	-1.4354454360868527	0.08663704085073246	-12.664600676950114	0.08023794043344148	20.8875	0.2418	186.18054717384277	2.167980397191342	36.18303629140259	0.4592577692464768	166.0409993742519	1.7460776699497622	11.715
17.995483457727044	0.07660196141579158	8.011815942963675	0.07411662211081518	-1.4450824172917172	0.07412104209612796	-12.64791682879237	0.07420718656133188	20.8983	0.2412	186.75503321443958	1.9938526057709818	36.27701346278412	0.4020928682661696	166.43110929208126	1.5581722905964468	11.715
18.014964408883742	0.07490680327012615	8.027246282147072	0.06970914893604832	-1.4450465940310533	0.07411943244881407	-12.669050682076888	0.07305805828131795	20.8875	0.2418	186.6792929738747	1.912543823717514	36.2180555031135	0.38904898607987615	166.11720235449187	1.5402970415672377	11.715
18.038450063308815	0.07376190966822467	8.03348136749505	0.07002351428051798	-1.416132639246984	0.07175241622727709	-12.65650739857027	0.07326817162034777	20.8875	0.2418	186.35742049864584	1.8944256298397633	36.30497805374871	0.38518725362154405	165.87526646076026	1.5133494619109136	11.715
18.021730250677248	0.07565000859009213	8.03348136749505	0.07199865056237004	-1.4392741158266231	0.07340738357995788	-12.671212863064772	0.06972670245606703	20.8821	0.242	186.66937319322534	1.9517805443302372	36.21628677476084	0.3931111896990799	165.99985098565648	1.4963203619076642	11.715
18.037140767054428	0.07832905424445757	8.039840932409655	0.07730890189259823	-1.398792823851521	0.07503858382026031	-12.658854450652056	0.06981003326879176	20.8929	0.2415	186.50037401702116	2.0530845741253465	36.34721274184302	0.4148876330557219	165.58525344868278	1.5071726235493503	11.715
18.03901793737645	0.07491395431274382	8.041754239878825	0.07537744076027757	-1.4392882701234053	0.07275949456690073	-12.671583278089063	0.07293050293986632	20.8929	0.2415	186.50104816063316	1.9825370509742117	36.18463146528864	0.3998381467534915	165.99458587931477	1.5224409575563604	11.715
18.047378541371522	0.07443850329726201	8.017679753828636	0.06917556955073033	-1.4392882701229248	0.0772597669913933	-12.66055395037723	0.06331967183112373	20.8821	0.242	185.897921544494	1.8834759028127996	36.27674623222593	0.39780304795957006	166.1577411541422	1.4791435709774805	11.715
17.99594456816163	0.07729550000070345	8.009099678220004	0.08030412974496723	-1.4469694552154246	0.07612999900717303	-12.685453877743486	0.07199417650802907	20.8929	0.2415	186.69561596970516	2.0836517402560033	36.280194686619	0.42455115827869355	165.90316703060756	1.5467748390261058	11.715
18.02849663712983	0.07518604582538142	8.031691947619187	0.07441912229077965	-1.4450716697436035	0.07217892899189682	-12.666022396624761	0.07339419886800239	20.8875	0.2418	186.50961144393668	1.9736826123515656	36.20096933752955	0.39602632190337916	166.16240492482657	1.5243491839562557	11.715
18.003134329443395	0.08151483553025002	8.01551914598064	0.07577938262707856	-1.4489211473802082	0.0731654269867911	-12.669513614336033	0.07298570561450658	20.9037	0.2406	186.68121709462207	2.0802958554100432	36.24810538155358	0.4034294721867836	166.1677102891339	1.5304472393193784	11.715
17.998954820758126	0.07615627336838819	8.011507076538216	0.07044772752248071	-1.4412077997591755	0.06212603684727209	-12.662160861231728	0.06859243912938598	20.8875	0.2418	186.68434679927174	1.9391580198259615	36.29306856503271	0.3606314708176641	166.16237035367038	1.3704261682592231	11.715
18.014079594411932	0.07314347991519643	8.02977861256362	0.07602210520566488	-1.4200066723629317	0.0734104540132178	-12.642262966057478	0.07433713526925358	20.9037	0.2406	186.74318429615232	1.9731567547972242	36.30432002284721	0.40600643793783886	166.14307404199647	1.546735333194783	11.715
18.0476626282309	0.07170948317508775	8.037865616446908	0.07365359632874237	-1.4238672473308633	0.06258185386936237	-12.664415561398078	0.07056675345392166	20.8983	0.2412	186.2675293141888	1.912889300443086	36.25847760345558	0.3703765557129099	165.87270533664153	1.3918377292359299	11.715
18.064384958926624	0.07376571878478018	8.05391659067967	0.07266659805327949	-1.4161528201712557	0.07175326053731981	-12.638678459327561	0.07297849881406464	20.8875	0.2418	186.25503720042897	1.926583333447156	36.22655909343961	0.39065602390912985	166.139086536471	1.5151150673040708	11.715
18.039301887818254	0.07654197070214346	8.04187826013369	0.07566378050734597	-1.4238672473308633	0.07309043529795388	-12.660739007643997	0.07048519688929138	20.8929	0.2415	186.49806467722703	2.0077495075317127	36.2431071974867	0.4028003689026265	165.9269766614829	1.4993699414495119	11.715
18.022155743688923	0.07822267830188172	8.029654782944622	0.07692448339057324	-1.4354278882218159	0.07988185171837181	-12.656784890899528	0.07170439733786482	20.8983	0.2412	186.58994036090388	2.048604240356888	36.24564528910634	0.42467554875367397	166.1563889177249	1.5894522650819118	11.715
18.03455386830246	0.07232375522859412	8.037617705581912	0.07975688338795507	-1.4431379440979053	0.0703220300976219	-12.664045346694548	0.07518091225809906	20.8875	0.2418	186.50715859069288	2.0086563309824457	36.18572630787631	0.40584062845545743	166.1630464832183	1.5244221834096294	11.715
18.032676709633936	0.07936220982685685	8.035704412805655	0.07879641127861883	-1.4257872234517142	0.07532950301721472	-12.666022396624761	0.07166895805462932	20.8875	0.2418	186.50648445960985	2.086440952730026	36.259402039367174	0.4177645075810468	165.87732637227532	1.534419227055266	11.715
18.00703049004245	0.07660209461032516	8.019407616298382	0.07509760485367138	-1.4566269040579747	0.07148841713955505	-12.680356970853675	0.06775350675102973	20.8875	0.2418	186.68107335360446	2.0050685896398153	36.20375468179114	0.39612854694279304	166.1212580154163	1.4578041860609283	11.715
18.053862321312078	0.0670232814469105	8.051879115896744	0.07898220599992209	-1.4335081803164291	0.07787176541894869	-12.65517782255004	0.07184052083980805	20.8821	0.242	186.41304629586512	1.9306177702422744	36.168057077450925	0.42292320566064234	166.15175974387674	1.5687077396067237	11.715
18.03455386830246	0.0743259042240942	8.021568299834753	0.07784162812445881	-1.4315675019177834	0.07434904641750283	-12.664045346694548	0.07068228197183923	20.8929	0.2415	186.20821388109516	2.001511677548604	36.29145252177207	0.413252821110805	165.99188390018224	1.5159918559738945	11.715
18.0132290108401	0.07950424931439481	8.013358639349416	0.07328569432772357	-1.439270577386279	0.07726135338554126	-12.67112026272756	0.06815402017932004	20.8875	0.2418	186.45243278724746	2.0161036785995803	36.29339745218935	0.40886847852033215	166.0011672658795	1.5226681945363414	11.715
18.024174784035573	0.07697579138959068	8.031630018038436	0.0757524119434991	-1.4103552156814538	0.07381035097842999	-12.654900359592189	0.0724361757652808	20.8983	0.2412	186.58912238913538	2.0166400912794002	36.33431112622131	0.4070040258976619	165.81374652857681	1.5249948387468162	11.715
18.00745562171402	0.0790489986100967	8.027617650876971	0.07441851188466418	-1.4334976956201049	0.06766285957007023	-12.654900359592189	0.07664055011026041	20.8821	0.242	186.82669636220268	2.0324248198911667	36.26084415704591	0.38548553485553	166.15571280654586	1.5138003097405124	11.715
18.02605196049266	0.07741073031254403	8.05360607536539	0.08289877312578374	-1.427707111211789	0.07725474541531986	-12.667629159783553	0.07129432864321741	20.8875	0.2418	186.96518184192274	2.126462165269643	36.18359845098798	0.43244837429831456	165.88194742493548	1.5514582497559444	11.715
18.0215884241378	0.08106723793754186	8.029407135163071	0.079422565675036	-1.427700209401737	0.08181633481467765	-12.65273841823465	0.07910931336402557	20.8929	0.2415	186.5959097818636	2.11932258245286	36.27621180892423	0.4373874281892905	166.10189859793888	1.6840635430467683	11.715
18.030231912343876	0.06867867275839207	8.021506450312135	0.0739889933045229	-1.4392776543203154	0.0743552546446436	-12.682334029573875	0.07056434831542592	20.8821	0.242	186.28747140628096	1.8789536533962474	36.26211372513865	0.4020527349181967	165.83570304115858	1.5120088168173	11.715
18.03065761664301	0.07757609005625846	8.03774165910276	0.0763114291538243	-1.4200032796059567	0.07435353651034897	-12.64952409736169	0.07822371956227016	20.8821	0.242	186.58219144880107	2.0318003013338144	36.27376624707386	0.4086382335151903	166.0355939118498	1.5957117620939822	11.715
18.01220231592631	0.07951334699182594	8.011815942963675	0.08140941736560779	-1.4335116753210997	0.07473358736099942	-12.658946967447147	0.07177858825222677	20.8929	0.2415	186.44281218598476	2.1215901754168978	36.32145363248558	0.42496220080091696	166.0960229871341	1.533215063162302	11.715
17.996794280019984	0.07974645105642612	8.017494296746046	0.07693183694669348	-1.443134376364495	0.08012978113823753	-12.645570104219166	0.0734871587119525	20.8929	0.2415	186.8367682549475	2.0745607350100834	36.26270948634212	0.4257800691568131	166.43703241121975	1.6153523303648012	11.715
17.99289808151042	0.08143955180161014	8.041692231186271	0.080035313248111	-1.4045708801735248	0.07308992500920933	-12.653108299638655	0.07321118322619607	20.8983	0.2412	187.36424372738915	2.149895536884453	36.317856604968206	0.41671413419348124	165.75489672951733	1.5244145210991562	11.715
18.018117666627642	0.07479018966108401	8.033729144902589	0.07500720124348853	-1.4200032796059567	0.07276459559243348	-12.664230451313049	0.07387055390648194	20.8767	0.242	186.7415469925458	1.9811127222014193	36.28916217702241	0.4011439055369057	165.8184355269022	1.5291096979248415	11.715
18.001115396797513	0.07232005769009953	7.997496188200284	0.07975136947771082	-1.4469946325008856	0.07275831425320647	-12.671398067842693	0.06906406584696431	20.8875	0.2418	186.38256009576818	2.0058510309356974	36.32467177364424	0.41520411449971584	166.11129215570432	1.4846119399594628	11.715
18.018117666627642	0.07479018966108401	8.029716697276388	0.07468274087253643	-1.4277174643188089	0.07526224080442509	-12.667906893883341	0.06984658185300051	20.8767	0.242	186.66653091347146	1.975232178096176	36.27495822538195	0.4066808993979883	165.87800143451753	1.5152916668105763	11.715
18.000832077957263	0.07729705716675422	8.013420424070574	0.07693112560326686	-1.4392741158266231	0.07340738357995788	-12.663860247542091	0.0734848016381866	20.8821	0.242	186.68502139850892	2.038480161516978	36.293146645453426	0.4082662719652875	166.10858845417403	1.5371119713749124	11.715
18.00989978939804	0.0638423190321852	8.02175385412578	0.06783045363804475	-1.4354349072079777	0.06995629850810578	-12.682704766926669	0.07056484511015207	20.8875	0.2418	186.6712971961328	1.7408957444509432	36.27589950766539	0.37376642055744985	165.77357719486494	1.4645322645113028	11.715
18.024600344938108	0.08315835245184691	8.027803348128197	0.07451109292853816	-1.4296511698468812	0.07113643080769184	-12.666207531751327	0.07355372718006827	20.8821	0.242	186.50975496616937	2.0831732741194458	36.2748801465682	0.3951266994980011	165.93163405852806	1.5110559626883566	11.715
18.00515326330091	0.07729780155087523	8.013482209744796	0.07601934122177423	-1.446991035582067	0.0710451623114155	-12.682334029573875	0.07348273890841074	20.8983	0.2412	186.6054385024979	2.024776011341094	36.26330525279264	0.39883720332905886	165.94955394940865	1.5096915084038343	11.715
17.99289808151042	0.0783149042701036	8.029654782944622	0.07364167647246402	-1.4315709821425497	0.06668229983747026	-12.656784890899528	0.06850643371196924	20.8875	0.2418	187.1378729243667	2.0191600579310682	36.26042096967179	0.3807463736253264	166.09929872846575	1.4146148303218908	11.715
18.033102481836902	0.0796182255328386	8.031877742092307	0.07583081194797017	-1.425797533163913	0.08326645219277037	-12.662623563590119	0.07462198013137121	20.8713	0.2419	186.42718335406275	2.049547349244935	36.27403343279533	0.43194948483511497	165.92765192528614	1.6510505720197066	11.715
18.014079594411932	0.08891796665424204	8.009717215742805	0.079077123981325	-1.4277209154590964	0.07307823004994313	-12.664323005672127	0.07601520876967414	20.8875	0.2418	186.3687147415773	2.2167107735668	36.35181755490615	0.4147453533981214	165.93095878562036	1.557113255163348	11.715
17.971294776752536	0.07527685800028648	8.001261276946593	0.0756964059654586	-1.4469802451533913	0.07308421319064105	-12.678379940226442	0.0754324351680686	20.8929	0.2415	187.01042061271355	2.0024234055242855	36.3102518419655	0.40436780082716733	166.00781816530542	1.5524194641071367	11.715
18.00933286113661	0.08137433843870127	8.013482209744796	0.07903390828813664	-1.446991035582067	0.07434292217200747	-12.678657899664016	0.07474609649866304	20.8929	0.2415	186.52741255812404	2.1168048557355292	36.26330525279264	0.4159128273070551	166.00386931739308	1.55813916362286	11.715
17.995200221096646	0.07333259572688092	8.011692393535172	0.06747700213166777	-1.4296477040848126	0.07114330517764539	-12.662438478547589	0.06584209772713745	20.8929	0.2415	186.75802037979355	1.8641830455379196	36.336793885610376	0.3773780790683908	165.98725960074034	1.4324231762689508	11.715
18.022581256792755	0.09046058723836367	8.029840528805835	0.07908040485829441	-1.4238672473308633	0.07307891086619665	-12.653385725028194	0.07145602725771971	20.8983	0.2412	186.58546329533013	2.2435155355749004	36.28925679267847	0.41333006764097496	166.03562851110595	1.5112119340162484	11.715
18.013654292584985	0.07582485493351204	8.041630223449664	0.0762638692992546	-1.4161393660176396	0.0737325121232583	-12.656692392090532	0.07148435612086947	20.8929	0.2415	186.9730904573745	2.0164135948416146	36.273671703022394	0.4068463351911948	165.87263580330745	1.5154484711406728	11.715
17.99651103381812	0.07282627752232401	8.033419425531227	0.06182581016678287	-1.4354138508863084	0.07209659943759357	-12.656414903859005	0.07092511146164387	20.8821	0.242	187.14072213997702	1.7943895426464793	36.23128838751328	0.36341179060351914	166.16165968789437	1.4976169883350925	11.715
17.985992105821083	0.07730282545760059	8.011321768113525	0.08535477742041443	-1.4527668051171492	0.07182377186707929	-12.669235850879257	0.07638424220788131	20.8983	0.2412	186.92348671144808	2.1580234477381857	36.249452493665295	0.4272718351341062	166.2287972012024	1.5538614647935667	11.715
18.02849663712983	0.07697650880483847	8.043729542903868	0.07926577584302516	-1.4296442383756114	0.0696685161986082	-12.666022396624761	0.06846524513218069	20.8875	0.2418	186.7344666857343	2.0664111773179106	36.213923049157984	0.40341350810629734	165.93426565594336	1.4424841410773732	11.715
18.020703996091367	0.0675606173714989	8.031939675493476	0.07053592170120673	-1.4412291195713731	0.0747344824283912	-12.662716108160971	0.07332320054097896	20.8821	0.242	186.65974073257058	1.8251874051188346	36.214706668152154	0.3928557844109958	166.15446421828435	1.550234092749624	11.715
18.000973736262356	0.08173582644947905	8.021506450312135	0.07722957003830443	-1.4315640217454042	0.08037928902579913	-12.66027637472405	0.07867366805154705	20.8767	0.242	186.8336359944308	2.1052793507097145	36.29170333017674	0.42794385050262485	166.04754843746238	1.663237357142996	11.715
18.025910097624887	0.06867819305792934	8.02144460174306	0.0736509297672904	-1.4354173601402826	0.07175349169444495	-12.660183852237985	0.07153060922346721	20.8875	0.2418	186.36679381712543	1.8759373256502974	36.27715308882901	0.3944443475026028	166.10591940902935	1.499309610213866	11.715
18.019427640354056	0.07364210186030382	8.02737006790553	0.07246438793678306	-1.4296269106168549	0.08141005261698064	-12.672912060673267	0.07235842907828316	20.8983	0.2412	186.59822011660643	1.9293951692203923	36.27663516339294	0.41807857783381325	165.83232866883208	1.6064952396262164	11.715
17.996652655804983	0.07564689882077104	8.001384656772428	0.071995016073844	-1.4547005103131159	0.07340554716574896	-12.65650739857027	0.07461100368812483	20.8983	0.2412	186.5382857670269	1.9489514527928378	36.280133170258104	0.3944836638260259	166.44637574283735	1.5552347291863213	11.715
17.989888167068635	0.07626914494129058	8.011198233926317	0.07411495482070773	-1.4296199798809275	0.07760066360140536	-12.658021860971354	0.07024746596720567	20.8821	0.242	186.84819057549547	1.9913465395225995	36.33880256580168	0.41303881385908364	166.05213974942674	1.5479745858353253	11.715
18.00660537844333	0.08151423373859107	8.003174609167488	0.07699682945408462	-1.4527595241697793	0.07316421062071257	-12.680078977968108	0.0717747557663407	20.8929	0.2415	186.3860710715477	2.0892256909493985	36.2807126502358	0.4075257484908317	166.06814885727445	1.5160041209874315	11.715
18.00646367903739	0.07324181713859712	8.007124654046937	0.07609717104016218	-1.4296165145917847	0.07732448919587043	-12.65425299382081	0.07326458529203043	20.8875	0.2418	186.46234052688635	1.9695064764224848	36.354502364787706	0.4179475048784416	166.10784338288155	1.576355249084885	11.715
17.998246631176592	0.07961123081048892	8.011198233926317	0.07734002355770173	-1.4373334126056014	0.07704581845538185	-12.669050682076888	0.07569501622286762	20.8929	0.2415	186.69181165026745	2.074834092205434	36.30913690775317	0.4195124606227212	166.00312432983117	1.5963467920770693	11.715
18.02144659983081	0.07662909453429048	8.013296855580839	0.07662084736841297	-1.44312367348868	0.08012960917517024	-12.65632241051317	0.0732100244742234	20.9037	0.2406	186.29818757385937	2.017159112168655	36.278846533586076	0.4253332029536545	166.27727752342625	1.6094761524529428	11.715
17.993500988531025	0.06928926994997196	8.010951176980468	0.06840077003869999	-1.4373193182844126	0.07183745965450804	-12.687060034234602	0.07189680362072154	20.8983	0.2412	186.77594337312374	1.8216964949723222	36.31014049641136	0.38120395892349096	165.73716722893136	1.4973479942206291	11.715
18.00040711641896	0.07921489947786828	8.001199588461104	0.07783790146808175	-1.4508331281131575	0.074345804987105	-12.692991036904832	0.07285333254255641	20.8983	0.2412	186.464792645657	2.0709930482284697	36.295687860833546	0.41333033726807555	165.84895653026396	1.5355913316231584	11.715
