18.66526968811692	0.07550466137056577	8.843836933130385	0.07145612265180329	-1.0049965575130144	0.07046129743619782	-12.121625491635259	0.07242477232803961	19.7063	0.236	189.83993525536394	2.009388562931011	34.833366759331234	0.3549294508232055	167.72172295852317	1.524516392674768	11.715
18.68854195773722	0.06883632036748642	8.860044284390874	0.07246112583813973	-0.9837436162691857	0.07037181824655353	-12.118073215917333	0.0682066656050496	19.7117	0.2356	189.70347455825777	1.9290803685170808	34.851221155238626	0.3576148956420008	167.45508938234354	1.473900231984402	11.715
18.65622633093741	0.0711689186112325	8.833465018335344	0.07008982335624608	-1.0146549649235657	0.07073411242913319	-12.141493558547474	0.06846418591788586	19.717	0.2351	189.81425884079073	1.930226395984377	34.83589047598493	0.3522407609715236	167.56782644353106	1.4825027692882244	11.715
18.685489079665665	0.07150248460790326	8.859599465484779	0.06933406590031353	-0.9914713626432116	0.06903309290505351	-12.13223714385165	0.06896644505713291	19.7117	0.2356	189.75382703574002	1.9234039999701928	34.82545553845738	0.34588554866994575	167.3583481547093	1.46586853215189	11.715
18.63431948680744	0.0791255735884056	8.810882203590152	0.07846618153403313	-1.0262432131191281	0.08031180393815521	-12.168549090806486	0.0753049064350299	19.7117	0.2356	189.8011973372022	2.1530681034952264	34.87482517488622	0.3980599264264584	167.33521577928002	1.6534009355725032	11.715
18.686151736853564	0.07721488061050649	8.851854961719223	0.07592493524795728	-0.9992003513284455	0.07214028903195234	-12.123423745338009	0.07292416836982415	19.7117	0.2356	189.59160994977034	2.087681936967858	34.825510387376895	0.37024962700738223	167.60722005327528	1.545522677332885	11.715
18.65674089123654	0.07173224316983062	8.84175562881198	0.07401565279436453	-0.9934040473183291	0.0708271305318475	-12.138119475518145	0.07641536183862874	19.7117	0.2356	189.96464166477747	1.9949118462866509	34.8817955608574	0.3633326994908119	167.29903695914493	1.5640663519187084	11.715
18.693322686386633	0.07121859440413025	8.856291592549137	0.07619496612088851	-0.9837439679253599	0.07314059185467044	-12.125798412668988	0.07153026393878961	19.7117	0.2356	189.53891072780974	2.0095744182301676	34.864511111037366	0.3742191111727678	167.33899188593088	1.5364726262935358	11.715
18.610133349972433	0.07402214849822626	8.809311838945193	0.07349674464858826	-1.0281776427913698	0.0700871414202012	-12.158074328205176	0.06846688124624709	19.717	0.2351	190.23917089233194	2.0247568004665664	34.87353453013358	0.36001848842552153	167.5217848845856	1.4747350192911322	11.715
18.629208718307353	0.06645836928745175	8.819477543423494	0.07012405586008522	-1.0223828752015949	0.07018210363281704	-12.148996207673779	0.06836263793448298	19.717	0.2351	190.0663866401648	1.8719075318999026	34.85804660284876	0.35138856243320676	167.57121889732167	1.4755330090051821	11.715
18.661372885736384	0.06835316899042823	8.827869673518718	0.07052415176233937	-1.0049970556292331	0.06727042214030084	-12.131015723363571	0.06418873214571669	19.7117	0.2356	189.60690997741276	1.8937179086056608	34.889929720515376	0.3458263658748164	167.58017526328976	1.400483477989066	11.715
18.6506017694537	0.06853902736539624	8.813643512284116	0.06768892794417737	-1.010792519374503	0.06693959974247234	-12.141893143951199	0.07264141654147428	19.717	0.2351	189.54031414768167	1.8560961236907942	34.91987000838023	0.3383715295526534	167.50366573857642	1.4864818580769594	11.715
18.66549032894672	0.07128883546520076	8.823809794739237	0.07523394017786429	-1.0107929588762328	0.06842892366258163	-12.149396040702898	0.07524603969743572	19.717	0.2351	189.44936810750642	1.9951309243976547	34.88377087778606	0.36073044488152456	167.3908428754054	1.5284646035142186	11.715
18.67850528384744	0.07482753888015559	8.838105134692869	0.07194048550631787	-1.0011334931208316	0.06893433539310637	-12.134922666756236	0.06580212150723289	19.7117	0.2356	189.47401833875026	1.9986528378973045	34.86733497461646	0.35308112140625464	167.46321753034937	1.4333883885848566	11.715
18.647918621885214	0.07358545469118177	8.821422192711655	0.07110244489336304	-1.01851884170054	0.07230722509470087	-12.137853165823792	0.06747867655253496	19.717	0.2351	189.7421091800432	1.9758145487155654	34.86484603224654	0.3593139008669438	167.68091541923917	1.491461900541525	11.715
18.633399005154537	0.08095361581347085	8.807401212682413	0.08039417175621923	-1.024314692543571	0.08000191180977068	-12.150838535308143	0.07449014525330971	19.7117	0.2356	189.7517379609002	2.2032294473503207	34.894013663353554	0.40253316374947173	167.57256665872453	1.6463068752059986	11.715
18.67618885000568	0.07723145208886233	8.844041864464433	0.0725490208686362	-0.9914725347133485	0.07197113226378635	-12.123734085734007	0.07397712107214478	19.717	0.2351	189.63306397508214	2.0437040996051214	34.880537530385325	0.36241234080968415	167.48619764064094	1.5528179527462245	11.715
18.63115704295904	0.06979650627862541	8.839537825872608	0.06613343739976414	-1.01851884170054	0.06863110242435712	-12.137853165823792	0.06757097431311912	19.7117	0.2356	190.4179601947746	1.8698689417932897	34.800776735200316	0.3364595327176341	167.68091541923917	1.4524016532801831	11.715
18.62038819206577	0.07412077783972171	8.785059301299894	0.0691257627005598	-1.0320404421930218	0.07082223381513626	-12.15425648671009	0.07152168355704329	19.717	0.2351	189.57171427913127	1.9535191290318916	34.945965518845036	0.3522876632690613	167.63746998429318	1.5170815608325108	11.715
18.637442501791142	0.07214433578305256	8.80733319243593	0.07138698548270528	-1.0069275057733682	0.07091555128767041	-12.143380328546009	0.07026875141629416	19.717	0.2351	189.67237287454464	1.9583191053238076	34.95607460211056	0.3583976018855208	167.42316319150444	1.5008753819155096	11.715
18.632591485178686	0.0707620108331843	8.813064943298707	0.07131476560199106	-1.0011306363598278	0.07082533875185137	-12.159560867513852	0.07239021427721419	19.717	0.2351	189.87678788478428	1.942641721428357	34.95630654052059	0.35799341423727205	167.09341006729798	1.516552086209172	11.715
18.62211637241592	0.07311888580382256	8.800989435859128	0.06924834599858251	-1.0223807805495817	0.06842705004414637	-12.152192053711802	0.0681088271763975	19.717	0.2351	189.8458466493696	1.9466831082202143	34.92365874169272	0.3461053305333777	167.52307047806832	1.4531812679632563	11.715
18.658836291051724	0.07325237171863871	8.829678004192473	0.0710774560221921	-1.0011322844224666	0.06893341456996509	-12.14548915571085	0.0703843591613293	19.717	0.2351	189.69072466909324	1.969791076494833	34.897228108294684	0.3514789256377711	167.3044196139424	1.4789976448840685	11.715
18.617999799732896	0.07075326442471347	8.794985868044048	0.06978431820463543	-1.0281761560763378	0.0689300084943139	-12.161447501753258	0.06620319584018039	19.717	0.2351	189.80937737517743	1.9202629722111648	34.924398914400065	0.34873231236142455	167.4710065380329	1.4376471698761737	11.715
18.656152824640163	0.06793715799378885	8.831418056961494	0.07279389634635651	-1.001131405432464	0.06853129696562288	-12.134079576725545	0.06975609064886235	19.717	0.2351	189.77613161175316	1.9233315936268507	34.891055513453594	0.3547725525549215	167.47586799418235	1.4710473702321845	11.715
18.632811710958578	0.07722399439312824	8.815179705031921	0.07620077048963508	-1.010790468496517	0.07196748988922755	-12.12837483621776	0.07213236225786092	19.717	0.2351	189.9134289405024	2.0986453457646452	34.91441792235489	0.37243177869002253	167.70730912867523	1.537058434788835	11.715
18.64358121017115	0.0734516410856591	8.819341314053238	0.06933039408830971	-1.0281774303984959	0.06769803058375697	-12.154345372044968	0.0686026369479351	19.7063	0.236	189.7856911106496	1.951209547823279	34.83801737614935	0.342809694872229	167.57792692868898	1.4516561291870826	11.715
18.62696682591076	0.0714969053199012	8.803307914303472	0.06710553058726243	-1.0204506758962786	0.06852967484057182	-12.136010748967387	0.06747417037841454	19.7117	0.2356	189.7969152938043	1.8944781866819003	34.922278065079176	0.34096221560713835	167.73785091032423	1.4512725881643838	11.715
18.648873818470822	0.07405386082018353	8.827903765809998	0.07254401824042345	-1.0088612437281232	0.06971182511565209	-12.14027267353005	0.06917452331986657	19.7117	0.2356	189.84887931884074	2.0039614959705427	34.87610294629519	0.3567112658352325	167.49898879218148	1.4777799373432492	11.715
18.59054722712812	0.07809596112851021	8.776772449798592	0.0822577742791874	-1.0513545785674345	0.0718762855845271	-12.17236671475409	0.06980041718741402	19.7117	0.2356	189.9880729511618	2.195839317288641	34.90675569627865	0.38797631041574654	167.65561762626422	1.510441298978846	11.715
18.6506017694537	0.06853902736539623	8.821694723185072	0.06722546033397042	-1.0146564151910813	0.06903155398714142	-12.145577981294101	0.06507236396653873	19.7063	0.236	189.69557342892756	1.8528637417684994	34.877570382039224	0.34166006500381063	167.50636029989772	1.4276305621257575	11.715
18.618880021538395	0.0738200224340948	8.787343195730854	0.07399352285043943	-1.0281787047792892	0.0735368977268519	-12.150927398057915	0.0720571986921178	19.7117	0.2356	189.64483288383633	2.0161328178109326	34.95158307510226	0.37146860740499016	167.62944212236442	1.5516342964078529	11.715
18.641706344006952	0.07511074577914059	8.815417991034684	0.07430655405373675	-1.0165871602152576	0.07288988576755301	-12.1397399588001	0.07114827178857412	19.717	0.2351	189.74612705697547	2.0402133831235063	34.892987122525234	0.3694013462935706	167.62335212717454	1.5349736431000929	11.715
18.65284412357763	0.07904489753455635	8.803647867775771	0.07145170532652187	-1.0165886764146412	0.07046013718386593	-12.140139490418086	0.07242273680109103	19.717	0.2351	189.30480314302136	2.047974831819346	34.93480300473239	0.3569855126371141	167.61735434105572	1.5225854772314782	11.715
18.603335576775276	0.07388294201890902	8.776874115869056	0.07781108192525618	-1.0378344829721697	0.07126776489120534	-12.170658149609508	0.07334035336492893	19.7224	0.2356	189.74278439286783	2.0718921714861565	34.95447935883397	0.3757892753017997	167.47774097141746	1.538416901468724	11.715
18.618293197753545	0.07075355000680346	8.787071749854015	0.06807203951698498	-1.0243135060496666	0.06970957251842441	-12.15425648671009	0.06395060777920651	19.717	0.2351	189.65091654200404	1.8940131820554194	34.96631924882736	0.3472374223420222	167.52108807397678	1.423856890151743	11.715
18.612081646668607	0.07315853335814088	8.803205933381449	0.07357021231181789	-1.0301089514911557	0.07036590398216332	-12.156143179769689	0.06724845341321892	19.717	0.2351	190.08296290225104	2.0106009233987385	34.888339603457176	0.3611958302709072	167.5799408905861	1.4660264213459049	11.715
18.63549417523093	0.08162552387577734	8.815452032943945	0.07981126993368426	-1.03011005007366	0.07744708630842376	-12.152680848302463	0.07462499808538309	19.717	0.2351	189.86681842154815	2.2072456550208392	34.84494092246054	0.39359269030033267	167.63212319749525	1.6209190888894744	11.715
18.600141626213333	0.07139807126396286	8.826676609198461	0.08010878955627815	-0.9895379225045812	0.0756806576259832	-12.158938451460571	0.06622283775881514	19.7117	0.2356	190.77166133767284	2.0945908771206154	34.94911689462089	0.39236527887690387	166.92929521937646	1.5029455979534279	11.715
18.629689071320612	0.07571842003205684	8.804640558573059	0.07147982509894939	-1.0281736076045627	0.07008616778479645	-12.157229712351247	0.06737831763385546	19.7117	0.2356	189.77007145587626	2.0112248556710335	34.890116230532726	0.35521358778899886	167.534437851052	1.4635431037808697	11.715
18.63244467088492	0.07625645909903692	8.796896465145451	0.06967819679330432	-1.0204486618224262	0.06769800847471125	-12.148418718027969	0.0698806714533787	19.7117	0.2356	189.56748717204576	1.990900243067984	34.94509204823318	0.3458069843655649	167.550788589857	1.4649449859343733	11.715
18.617486375446166	0.07614629358528158	8.790723312372462	0.07253770205195165	-1.0339695590693654	0.07109049067674426	-12.15008325496819	0.07020707960051803	19.7009	0.2363	189.7369608236345	2.030572742954904	34.91895712367635	0.3609848912505416	167.72949695624672	1.507594860888729	11.715
18.62347765369073	0.0769142938014887	8.80869956629847	0.07856946376677607	-1.0146520646850747	0.07439998681967533	-12.144378946696662	0.07668949647571595	19.717	0.2351	189.96865152933302	2.128119892885359	34.92372481598898	0.38469083877894555	167.52434072169834	1.6082831243485523	11.715
18.63792218044052	0.07901854096927585	8.79853524597174	0.07125520779541	-1.0397625129473813	0.06637164627249623	-12.16082498827334	0.06550913258668657	19.7117	0.2356	189.49352949927638	2.049147580770439	34.87066945297017	0.34514512999521524	167.65485873838736	1.4058715968554245	11.715
18.60447760072447	0.07211782549467455	8.780458091005926	0.07579234610680982	-1.0455572436652556	0.07247045692014933	-12.162711524038368	0.06945073699309581	19.717	0.2351	189.78994865361094	2.0211614706330154	34.91425745293184	0.3726074742253798	167.7137971911799	1.5142783182031718	11.715
18.62347765369073	0.076797828380868	8.80869956629847	0.0738838509063913	-1.0243105400513681	0.07153238081579244	-12.14990555573816	0.06947294759284636	19.7117	0.2356	189.96865152933302	2.0626621684526985	34.88942098306435	0.3648899812207144	167.58655655654	1.502044409129694	11.715
18.621309393483468	0.074185002079782	8.810678076266642	0.07731700082415276	-1.0204470140688235	0.06852855133742132	-12.14617675362404	0.062481796189689326	19.717	0.2351	190.04894772159201	2.07570042141817	34.896110666765956	0.36672376087117553	167.58452721466995	1.396876793308613	11.715
18.60874040964658	0.06743591626351864	8.800615630382898	0.06901071753760946	-1.0165836228188116	0.06852889817295538	-12.142492316943326	0.07034720587027098	19.7117	0.2356	190.09751611882803	1.8701102541337922	34.945611297364685	0.34619477568167356	167.5818317029852	1.4792486784449086	11.715
18.57968008880615	0.07307075872812095	8.767572336598223	0.07009429516154454	-1.0648627012768133	0.07178726714426302	-12.176379122461286	0.06607988248109273	19.717	0.2351	190.02035091818095	1.9608919794580633	34.891461556537166	0.35604095345921094	167.79889329658218	1.473443138424445	11.715
18.636120854372894	0.07208631094823334	8.814771244710078	0.06978563931026571	-1.0185156778321425	0.07297078018413493	-12.15731861369833	0.06961720914265947	19.717	0.2351	189.84154239730455	1.9393612816611674	34.88843881334358	0.3582379122990084	167.3878395242985	1.5155609753662391	11.715
18.602382876343984	0.07266396278700962	8.792532025553134	0.07200869131147039	-1.0397627692320333	0.07153126896555269	-12.157185262170819	0.06855332762337638	19.717	0.2351	190.06406791304494	1.9820450508342018	34.89195923144226	0.36018920377317326	167.70975102419544	1.494609362876149	11.715
18.59977527753611	0.07378890361023953	8.776196386551463	0.07303067719159763	-1.0358980160834526	0.07321164366424625	-12.160558216497915	0.06979658945405746	19.717	0.2351	189.7984613359856	2.005846631011052	34.963792137898636	0.3684810999960792	167.60063900667186	1.5239080173788448	11.715
18.606279155404316	0.06964184895470378	8.790383899211104	0.06610703205660534	-1.037830250418949	0.07313166412968158	-12.153323270011366	0.0674944959328693	19.7224	0.2356	189.9470307759419	1.8581083750924743	34.90644626868244	0.3501289035500566	167.73886277784928	1.5017745451905455	11.715
18.612636707342798	0.07379080639964322	8.772307527273092	0.07722031515303689	-1.0436249551633718	0.07477851148966087	-12.16626217741238	0.07582670968452834	19.717	0.2351	189.47538483751686	2.0565964075673455	34.95012111635992	0.3827351882276412	167.63112210402116	1.6050273176650416	11.715
18.5977539086322	0.08146260557019627	8.770193771639844	0.07470764549927035	-1.0532811440436094	0.07500311105258015	-12.160602677639273	0.07376578192420989	19.7117	0.2356	189.7215720210458	2.1338318580842635	34.92328652292359	0.37634731291364826	167.86226568503577	1.5898490463246227	11.715
18.619214518434664	0.07049407923115734	8.786528908406897	0.06939745732450249	-1.04748898922098	0.07353343902374107	-12.144334542602504	0.06786156049804687	19.717	0.2351	189.6226760692991	1.9076904439377689	34.88584551121464	0.3586832775801714	168.02073610490035	1.5150659136026403	11.715
18.59624532134296	0.06847332448572421	8.784550504146855	0.07007019000978781	-1.0378317441990363	0.06715647386504094	-12.159116278047119	0.06734100283613267	19.717	0.2351	190.0283481151296	1.8974677817909837	34.927171480110054	0.3451182839044291	167.65151117632783	1.4336794751337727	11.715
18.602749288038623	0.07171071754914625	8.774590741558358	0.07454443967975607	-1.041695594509928	0.06862766594004206	-12.155565366643339	0.06933926780031655	19.717	0.2351	189.71002039739002	1.9966218040012929	34.94886124813009	0.360744540536721	167.76336204663352	1.4726434447793437	11.715
18.571110448034254	0.07553337093976743	8.754367562031025	0.07886636096369644	-1.0610091563496928	0.07213107022637653	-12.172010674523124	0.06981632347783158	19.717	0.2351	189.93696075969717	2.1128797295916733	34.95326512426884	0.3805983966169935	167.81226294291358	1.5161446865260508	11.715390500000002
18.59415065088423	0.0763686401532183	8.778513614802495	0.07601910925739991	-1.0513521768128338	0.07567174459415926	-12.164642535785216	0.07314515190345208	19.717	0.2351	189.95202771534395	2.0852668682725333	34.900581188381615	0.38082952196023917	167.77210871812045	1.5888281669983255	11.715
18.602236315707344	0.07263622004671212	8.778378040438831	0.07208641926099393	-1.037830748338115	0.0703642711015437	-12.16446462963749	0.06782330703547965	19.7224	0.2356	189.7930635884089	1.977073695293675	34.94913734143491	0.35865258752059903	167.57090942438887	1.4718455656267886	11.715
18.60411116065186	0.06976088188348127	8.770227632153082	0.06660472737559398	-1.0513500753975917	0.06590391857545723	-12.168015209303746	0.07069120102951948	19.7224	0.2356	189.59957710686706	1.859595360909691	34.93003256161387	0.3332368537732059	167.72117679741686	1.4581430174068692	11.715
18.60433102296348	0.06940065561501846	8.790451779746833	0.06615835653618261	-1.0358992242661167	0.06970738143538424	-12.171832662301037	0.07031622654669775	19.717	0.2351	189.9860505834425	1.856173595500918	34.913064777663806	0.34145916335205034	167.43097188003392	1.4886737940399097	11.715
18.591909520863368	0.07116112161874774	8.772409135679245	0.07200658343558503	-1.0532829891530522	0.0724701047230549	-12.175605622788604	0.0703000073450512	19.717	0.2351	189.877293669111	1.9575879349438063	34.91540593503191	0.3630270266923379	167.63586345562655	1.5217521114587285	11.715
18.58287234498368	0.06934187615743631	8.782165197535173	0.07640816353788663	-1.0571428680558448	0.07392826834921361	-12.177046885187112	0.06717492066584951	19.717	0.2351	190.24139077627206	2.0028623156893173	34.867088909524746	0.37675536933601234	167.6723248194512	1.506187450961541	11.715
18.5995554752568	0.07101313416129441	8.77408258480455	0.0688681369598208	-1.0513485744544029	0.06590388285084935	-12.180686100016551	0.06779892898149403	19.717	0.2351	189.7618749865315	1.910517976276361	34.91633329575337	0.33874022733390213	167.53020150922032	1.423288559441111	11.715
18.611275100622205	0.07182660836992266	8.776670786083628	0.08158218854326085	-1.0281748818108924	0.07765159791100253	-12.170391151322152	0.07369771106746374	19.7224	0.2356	189.58568120175897	2.0953678205593347	34.989640913423564	0.40193073731083007	167.33656152622305	1.6078030523397115	11.715
18.580631496237103	0.07291496362791848	8.768012379676197	0.07184890310715268	-1.0532796065168897	0.07263580863062055	-12.1843252301254	0.06785706270983524	19.717	0.2351	190.01044840055076	1.9822092288763986	34.93104874729881	0.3633760845223656	167.5044934113847	1.4958253039224332	11.715
18.580631496237103	0.07305068967866657	8.768012379676197	0.07533893007815197	-1.0397599502080388	0.07949125057666465	-12.165906330487582	0.06958637652108723	19.717	0.2351	190.01044840055076	2.032042069139722	34.97919992349733	0.3906036004010395	167.5782516780719	1.591207537506424	11.715
18.595366286541303	0.07351752407380757	8.764022078665947	0.07236992332473391	-1.041691640495323	0.06961056436607335	-12.1641088331197	0.06489646011822026	19.717	0.2351	189.6485484485432	1.9899995838728979	34.98654345382114	0.35827581879301806	167.63443827282097	1.4343680100317355	11.715
18.580411932028056	0.07490039380258101	8.763886738314227	0.07049351025858148	-1.057141257376482	0.06960868052797253	-12.17314054923351	0.06649761939350535	19.7117	0.2356	189.93484166021568	1.9901117054331439	34.93198769840571	0.3523748785920966	167.73122320072338	1.4525866776521557	11.715
18.59385766429782	0.07315497670264633	8.768317050761095	0.07670569243385437	-1.037830748338115	0.07036379497209982	-12.173674633877265	0.07238756502563604	19.717	0.2363	189.76056704226713	2.0471235371041567	34.98499473592271	0.37135935325806274	167.43231833042915	1.5178367094905147	11.715
18.607378656038193	0.07291952366255652	8.78686817645153	0.07138413948456916	-1.0436287482436999	0.07625449690973533	-12.168727061829205	0.07026545718059432	19.7224	0.2356	189.8577637279839	1.9727917234708183	34.8983405171862	0.3708092078694958	167.59403879107336	1.5620645962369457	11.715
18.593930910079074	0.07452836209909203	8.780424189635998	0.07501972442718881	-1.047488418088613	0.07477845025788406	-12.168193164543997	0.07499606838898526	19.717	0.2351	189.99326249377376	2.0473032840838923	34.907517274982574	0.37622682936969964	167.66025183033884	1.5966921745992724	11.715
18.583677565005175	0.07483821518351848	8.764428124802535	0.0799011583258152	-1.05521501585906	0.0744720967927695	-12.18122051863702	0.071061602515418	19.717	0.2351	189.88214625527186	2.1170153985928906	34.93691412375011	0.3886102993589711	167.5803735541945	1.550428249899278	11.715
18.61583151794838	0.06787191372076473	8.780864927868825	0.07124661488263953	-1.045560582771544	0.06882880083778245	-12.165087324163062	0.06857073133722119	19.717	0.2351	189.57869772554784	1.896768657358952	34.91280005732307	0.35196600874957235	167.67801379361828	1.4650783125805107	11.715
18.583531156174466	0.06753191738680828	8.754299964151349	0.07452771533616953	-1.0629398167787196	0.0693192798269417	-12.17376365258934	0.0684599827817721	19.717	0.2351	189.68931769909773	1.9409081533629424	34.94546703418344	0.36230284744716296	167.8093529223456	1.4714557466998976	11.715
18.585698933394823	0.07076475112151168	8.782504281175608	0.06710282427321174	-1.0571460895986464	0.07230206622639342	-12.17565013926761	0.06931628753688082	19.717	0.2351	190.1931181076237	1.892027546925623	34.86587594109513	0.34953105276888735	167.69343699407713	1.51067399301643	11.715
18.58165619783004	0.07707835846564139	8.77049852567282	0.07246492064611128	-1.0571467339365244	0.07126598416022782	-12.175739173211849	0.06779978739434034	19.717	0.2351	190.03875186031937	2.0491812993771665	34.908466887906684	0.3610202600316973	167.69210387956954	1.4835524832801166	11.715
18.601240758839037	0.07158088032129616	8.790960917181787	0.06851496245126737	-1.0436292901459612	0.06932189979587378	-12.159605328267833	0.06900183127175233	19.717	0.2351	190.05575665684418	1.919613767543021	34.88381538008021	0.3457208193205274	167.73157408106246	1.4758767131600057	11.715
18.597124439256106	0.06788827201406938	8.786969961973341	0.06845131424171227	-1.0474927017913946	0.06769624904994717	-12.167018421984876	0.06487020317375719	19.7278	0.2361	190.0581853873097	1.8677614588457805	34.884267789760045	0.34149199654616996	167.67802919287743	1.413862560273033	11.715
18.594516897102288	0.06893470764013025	8.768621743020011	0.06897924433391661	-1.0513536778925174	0.06682397463074158	-12.164864925865112	0.06671388215478721	19.717	0.2351	189.75372005134074	1.8832648533942644	34.93573195718712	0.3416718500665472	167.76877412723087	1.4254414694956647	11.715
18.600874366863597	0.06940091254808971	8.774692379972734	0.07350772446439757	-1.0552169049986986	0.06769486462819066	-12.163067293810355	0.06989537873690378	19.717	0.2351	189.74818101364184	1.9521606343429319	34.900426767484966	0.35479425514443047	167.85427360450993	1.470383287904	11.715
18.583677565005654	0.07471227279610379	8.76845246692855	0.07205619936367551	-1.0494207336741714	0.07036282096007737	-12.162800464509518	0.06946750453792248	19.7117	0.2356	189.95999986661818	2.0088651133938855	34.94321245767412	0.35845042785295056	167.7707595240613	1.4926754487240965	11.715
18.560711450040614	0.0790818828792205	8.73629333028724	0.07641231931076986	-1.0706661157083686	0.08024253981937596	-12.164687013144	0.07399277895027197	19.7224	0.2356	189.78224823032664	2.124280912221979	34.98209929594926	0.39524841257129834	168.06351597485548	1.6535203903610147	11.715
18.573278085605853	0.07762613078231698	8.762449809782316	0.07529199582028215	-1.0610094931586767	0.07196040136649391	-12.17205517840038	0.07175770613774804	19.717	0.2351	190.04513236830098	2.0948148034106753	34.923342027635485	0.3702626035332919	167.80600234576346	1.534791841110732	11.715
18.57710121397962	0.07413440965526528	8.768317050761095	0.06966073643533356	-1.0629391285413738	0.06726333252984353	-12.182884272232231	0.06782163071789686	19.717	0.2351	190.0847370373538	1.9713846763296918	34.895645365586105	0.3437111176545882	167.6717046917645	1.4402996500998189	11.715
18.588306089149697	0.07071234213248778	8.782741655304138	0.0697654191819306	-1.0339700277420851	0.07247286075705438	-12.164909404867123	0.0712971271098116	19.7224	0.2356	190.1471527621518	1.9262811511812226	34.94734695362965	0.3581197980592999	167.50609226686203	1.5299123477003462	11.715
18.57298543916342	0.07252873232616706	8.760302381937343	0.07496229637510957	-1.0416940128501608	0.07230306343401079	-12.168193164544478	0.06698174394367672	19.717	0.2351	190.00921026879928	2.0197452551977904	34.99981180503211	0.3718840649709381	167.57293852286253	1.48439954117079	11.715
18.602822572110075	0.07842987243162923	8.790723312372462	0.07745340298763295	-1.0436273935264957	0.07764900817098283	-12.16297834939527	0.07198088271756495	19.717	0.2351	190.02051538270038	2.1346742140497215	34.88466492509595	0.38903866015770233	167.68066461086687	1.5966814733991992	11.715
18.56633647750896	0.07380448759532493	8.752085177638431	0.07616331930821946	-1.0725939665988389	0.07344886714706976	-12.182706106177449	0.07325402255109302	19.717	0.2351	189.97884824348762	2.0529805471303764	34.919005913022076	0.37606848089709105	167.8201025243902	1.566929991951103	11.715
18.58974167381575	0.07403795765353174	8.78847338081538	0.07528794715579012	-1.037830997300582	0.0701784696331539	-12.173719143068691	0.0706789365370255	19.717	0.2351	190.23049901134704	2.0494307217776226	34.913230440450064	0.3656918707091913	167.4316528610344	1.4975458732140234	11.715
18.58136341441348	0.07076421078379014	8.766338748717509	0.0724274706030749	-1.0513512761931876	0.0681150802337967	-12.155298702385563	0.07075903804561787	19.717	0.2351	189.96387903517757	1.959799853366029	34.94386441827863	0.3538822644074645	167.91327324943077	1.485226336554843	11.715
18.566921551116607	0.07541046281659408	8.752355499624967	0.06931432927147728	-1.0590777919296879	0.07081843017447412	-12.164642535785216	0.06848272322897368	19.717	0.2351	189.97275565109504	1.9825908441296443	34.9661480577427	0.3531547306717137	167.88881982369625	1.489298949913029	11.715
18.592641930562394	0.0787023831871891	8.758662265492571	0.07571454426454839	-1.0416969126142837	0.07470301584808685	-12.159471946992113	0.07448790838950134	19.717	0.2351	189.59772358938633	2.1055473105866795	35.00565876172681	0.37991778458547437	167.704432996372	1.591308998744887	11.715
18.594516897102288	0.07112531379656829	8.764597321797574	0.06897889542223934	-1.0552165901360844	0.0672650002467293	-12.16670701565462	0.06640603994462227	19.717	0.2351	189.67603387169697	1.911831622556637	34.9363065540629	0.3427757953165867	167.7992858671382	1.4274111602614286	11.715
18.58029355642821	0.07857691710321012	8.768824882957302	0.07428438893909858	-1.049423955602427	0.07455127180840176	-12.166973934379838	0.07318812627135071	19.7224	0.2356	190.03272806271602	2.0943444694307485	34.941875559704364	0.37454575393717365	167.70782788300914	1.575955885276629	11.715
18.52547429080348	0.0780320381137063	8.74450997980338	0.07481779637576319	-1.057148344823994	0.07036238622217693	-12.185171660467281	0.07655110560770664	19.717	0.2351	190.62539224528769	2.106905487087762	35.001018987693406	0.36675655377316113	167.5499866809698	1.565517916679132	11.715
18.57176885401334	0.07524560904356219	8.768757168598892	0.07103101996783143	-1.0552178496009592	0.06852599171756164	-12.17609532214951	0.07401967975193337	19.7224	0.2356	190.19666793784177	2.007629280569545	34.921508706567316	0.3508426359654353	167.6576477822006	1.5207073428670244	11.715
18.591133127935546	0.07679502263205515	8.762957305639103	0.07362375932514637	-1.0532885249850663	0.0707290085414431	-12.157985415687616	0.07114587843677607	19.717	0.2351	189.70968692803632	2.053525772778459	34.94900545999792	0.36348527193020563	167.901940653834	1.5168457274621865	11.715
