24.003758770816457	0.10916331780946793	12.450155843831658	0.10873800123223964	2.957659879194017	0.1954407606055406	-9.620367845793496	0.10799795893335726	17.4516	0.2249	183.64196785672232	2.44906430703835	41.12697596987506	0.9689976666904955	168.68514076588124	2.9946305328989435
24.003758770816457	0.10916331780946793	12.450155843831658	0.10873800123223964	2.925972409719788	0.22702071449264458	-9.620367845793496	0.10799795893335726	17.4516	0.2249	183.64196785672232	2.44906430703835	40.99014431342616	1.083346440192222	169.11117777268296	3.388601819514139
24.003758770816457	0.10916331780946793	12.450155843831658	0.10873800123223964	2.894289141260276	0.24542512339953512	-9.620367845793496	0.10799795893335726	17.4516	0.2249	183.64196785672232	2.44906430703835	40.85423809090351	1.147642067806513	169.53931534372614	3.6325116101046584
24.003758770816457	0.10916331780946793	12.450155843831658	0.10873800123223964	2.925972409719788	0.2270207144926445	-9.620367845793496	0.10799795893335726	17.4516	0.2249	183.64196785672232	2.44906430703835	40.99014431342616	1.0833464401922215	169.11117777268296	3.3886018195141383
24.003758770816457	0.10916331780946793	12.450155843831658	0.10873800123223964	2.8626100729763246	0.2554128404970733	-9.620367845793496	0.10799795893335726	17.4516	0.2249	183.64196785672232	2.44906430703835	40.719247945447854	1.1789784749662928	169.96956905261985	3.7758445196117703
24.003758770816457	0.10916331780946793	12.450155843831658	0.10873800123223964	2.8626100729763246	0.25541284049707325	-9.620367845793496	0.10799795893335726	17.4516	0.2249	183.64196785672232	2.44906430703835	40.719247945447854	1.1789784749662926	169.96956905261985	3.7758445196117694
24.003758770816457	0.10916331780946793	12.450155843831658	0.10873800123223964	2.925972409719788	0.22702071449264458	-9.620367845793496	0.10799795893335726	17.4516	0.2249	183.64196785672232	2.44906430703835	40.99014431342616	1.083346440192222	169.11117777268296	3.388601819514139
24.003758770816457	0.10916331780946793	12.450155843831658	0.10873800123223964	2.7992645335780018	0.2553716441353787	-9.620367845793496	0.10799795893335726	17.4516	0.2249	183.64196785672232	2.44906430703835	40.451979084771956	1.1633934749398893	170.83648795199255	3.8139377286070375
24.003758770816457	0.10916331780946793	12.450155843831658	0.10873800123223964	2.830935204028779	0.2585872399171859	-9.620367845793496	0.10799795893335726	17.4516	0.2249	183.64196785672232	2.44906430703835	40.58516464591548	1.1835614824844318	170.40195462730787	3.8351301838538925
24.003758770816457	0.10916331780946793	12.450155843831658	0.10873800123223964	2.894289141260276	0.24542512339953512	-9.620367845793496	0.10799795893335726	17.4516	0.2249	183.64196785672232	2.44906430703835	40.85423809090351	1.147642067806513	169.53931534372614	3.6325116101046584
24.003758770816457	0.10916331780946793	12.450155843831658	0.10873800123223964	2.7675980607848385	0.2453480361302143	-9.620367845793496	0.10799795893335726	17.4516	0.2249	183.64196785672232	2.44906430703835	40.31968227603404	1.1175125050537955	171.2731850690664	3.70621505563702
24.003758770816457	0.10916331780946793	12.450155843831658	0.10873800123223964	2.894289141260276	0.24542512339953512	-9.620367845793496	0.10799795893335726	17.4516	0.2249	183.64196785672232	2.44906430703835	40.85423809090351	1.147642067806513	169.53931534372614	3.6325116101046584
24.003758770816457	0.10916331780946793	12.450155843831658	0.10873800123223964	2.704277704819536	0.19533960743290807	-9.620367845793496	0.10799795893335726	17.4516	0.2249	183.64196785672232	2.44906430703835	40.057719567521744	0.9189036016393896	172.1531356527442	3.1177927913576995
24.003758770816457	0.10916331780946793	12.450155843831658	0.10873800123223964	2.957659879194017	0.1954407606055406	-9.620367845793496	0.10799795893335726	17.4516	0.2249	183.64196785672232	2.44906430703835	41.12697596987506	0.9689976666904955	168.68514076588124	2.9946305328989435
24.003758770816457	0.10916331780946793	12.450155843831658	0.10873800123223964	2.925972409719788	0.2270207144926445	-9.620367845793496	0.10799795893335726	17.4516	0.2249	183.64196785672232	2.44906430703835	40.99014431342616	1.0833464401922215	169.11117777268296	3.3886018195141383
24.003758770816457	0.10916331780946793	12.450155843831658	0.10873800123223964	2.925972409719788	0.22702071449264458	-9.620367845793496	0.10799795893335726	17.4516	0.2249	183.64196785672232	2.44906430703835	40.99014431342616	1.083346440192222	169.11117777268296	3.388601819514139
24.003758770816457	0.10916331780946793	12.450155843831658	0.10873800123223964	2.7992645335780018	0.2553716441353787	-9.620367845793496	0.10799795893335726	17.4516	0.2249	183.64196785672232	2.44906430703835	40.451979084771956	1.1633934749398893	170.83648795199255	3.8139377286070375
24.003758770816457	0.10916331780946793	12.450155843831658	0.10873800123223964	2.957659879194017	0.1954407606055406	-9.620367845793496	0.10799795893335726	17.4516	0.2249	183.64196785672232	2.44906430703835	41.12697596987506	0.9689976666904955	168.68514076588124	2.9946305328989435
24.003758770816457	0.10916331780946793	12.450155843831658	0.10873800123223964	2.957659879194017	0.1954407606055406	-9.620367845793496	0.10799795893335726	17.4516	0.2249	183.64196785672232	2.44906430703835	41.12697596987506	0.9689976666904955	168.68514076588124	2.9946305328989435
24.003758770816457	0.10916331780946793	12.450155843831658	0.10873800123223964	2.8626100729763246	0.2554128404970733	-9.620367845793496	0.10799795893335726	17.4516	0.2249	183.6362290452268	2.448987773778755	40.717975468949554	1.17894163188895	169.9642575035869	3.775726524470532
24.003758770816457	0.10916331780946793	12.450155843831658	0.10873800123223964	2.894289141260276	0.24542512339953512	-9.620367845793496	0.10799795893335726	17.4516	0.2249	183.64196785672232	2.44906430703835	40.85423809090351	1.147642067806513	169.53931534372614	3.6325116101046584
24.003758770816457	0.10916331780946793	12.450155843831658	0.10873800123223964	2.735935784811575	0.2269197314304864	-9.620367845793496	0.10799795893335726	17.4516	0.2249	183.64196785672232	2.44906430703835	40.1882653532526	1.040997852136274	171.71206218107295	3.492367720476392
24.003758770816457	0.10916331780946793	12.450155843831658	0.10873800123223964	2.894289141260276	0.24542512339953512	-9.620367845793496	0.10799795893335726	17.4516	0.2249	183.64196785672232	2.44906430703835	40.85423809090351	1.147642067806513	169.53931534372614	3.6325116101046584
24.003758770816457	0.10916331780946793	12.450155843831658	0.10873800123223964	2.7992645335780018	0.2553716441353787	-9.620367845793496	0.10799795893335726	17.4516	0.2249	183.64196785672232	2.44906430703835	40.451979084771956	1.1633934749398893	170.83648795199255	3.8139377286070375
24.003758770816457	0.10916331780946793	12.450155843831658	0.10873800123223964	2.8626100729763246	0.2554128404970733	-9.620367845793496	0.10799795893335726	17.4516	0.2249	183.64196785672232	2.44906430703835	40.719247945447854	1.1789784749662928	169.96956905261985	3.7758445196117703
24.003758770816457	0.10916331780946793	12.450155843831658	0.10873800123223964	2.830935204028779	0.2585872399171858	-9.620367845793496	0.10799795893335726	17.4516	0.2249	183.64196785672232	2.44906430703835	40.58516464591548	1.1835614824844314	170.40195462730787	3.835130183853891
24.003758770816457	0.10916331780946793	12.450155843831658	0.10873800123223964	2.830935204028779	0.2585872399171858	-9.620367845793496	0.10799795893335726	17.4516	0.2249	183.64196785672232	2.44906430703835	40.58516464591548	1.1835614824844314	170.40195462730787	3.835130183853891
23.96921762951765	0.2040205282296845	12.450155843831658	0.10873800123223964	2.7992645335780018	0.2553716441353787	-9.620367845793496	0.10799795893335726	17.4516	0.2249	184.1926379788335	3.6967682496021066	40.451979084771956	1.1633934749398893	170.83648795199255	3.8139377286070375
24.003758770816457	0.10916331780946793	12.450155843831658	0.10873800123223964	2.735935784811575	0.2269197314304864	-9.620367845793496	0.10799795893335726	17.4516	0.2249	183.64196785672232	2.44906430703835	40.1882653532526	1.040997852136274	171.71206218107295	3.492367720476392
24.003758770816457	0.10916331780946793	12.450155843831658	0.10873800123223964	2.830935204028779	0.2585872399171858	-9.620367845793496	0.10799795893335726	17.4516	0.2249	183.64196785672232	2.44906430703835	40.58516464591548	1.1835614824844314	170.40195462730787	3.835130183853891
24.003758770816457	0.10916331780946793	12.450155843831658	0.10873800123223964	2.7992645335780018	0.2553716441353787	-9.620367845793496	0.10799795893335726	17.4516	0.2249	183.64196785672232	2.44906430703835	40.451979084771956	1.1633934749398893	170.83648795199255	3.8139377286070375
24.003758770816457	0.10916331780946793	12.450155843831658	0.10873800123223964	2.735935784811575	0.2269197314304864	-9.620367845793496	0.10799795893335726	17.4516	0.2249	183.6477066682178	2.4491408402979453	40.18952123654489	1.041030383319153	171.71742818301612	3.492476856967657
23.90014970288427	0.2584974691430857	12.450155843831658	0.10873800123223964	2.704277704819536	0.19533960743290807	-9.620367845793496	0.10799795893335726	17.4516	0.2249	185.3037131255047	4.53851876122678	40.057719567521744	0.9189036016393896	172.1531356527442	3.1177927913576995
24.003758770816457	0.10916331780946793	12.450155843831658	0.10873800123223964	2.704277704819536	0.19533960743290807	-9.620367845793496	0.10799795893335726	17.4516	0.2249	183.64196785672232	2.44906430703835	40.057719567521744	0.9189036016393896	172.1531356527442	3.1177927913576995
24.003758770816457	0.10916331780946793	12.450155843831658	0.10873800123223964	2.7675980607848385	0.2453480361302143	-9.620367845793496	0.10799795893335726	17.4516	0.2249	183.64196785672232	2.44906430703835	40.31968227603404	1.1175125050537955	171.2731850690664	3.70621505563702
23.96921762951765	0.2040205282296845	12.450155843831658	0.10873800123223964	2.7675980607848385	0.2453480361302143	-9.620367845793496	0.10799795893335726	17.4516	0.2249	184.1926379788335	3.6967682496021066	40.31968227603404	1.1175125050537955	171.2731850690664	3.70621505563702
23.96921762951765	0.2040205282296845	12.450155843831658	0.10873800123223964	2.6726238199695667	0.10840899465698395	-9.620367845793496	0.10799795893335726	17.4516	0.2249	184.1926379788335	3.6967682496021066	39.92803628553932	0.6270295822804097	172.59642201302785	2.1484794208472415
23.96921762951765	0.2040205282296845	12.450155843831658	0.10873800123223964	2.6726238199695667	0.10840899465698395	-9.620367845793496	0.10799795893335726	17.4516	0.2249	184.1926379788335	3.6967682496021066	39.92803628553932	0.6270295822804097	172.59642201302785	2.1484794208472415
24.003758770816457	0.10916331780946793	12.450155843831658	0.10873800123223964	2.704277704819536	0.19533960743290807	-9.620367845793496	0.10799795893335726	17.4516	0.2249	183.64196785672232	2.44906430703835	40.057719567521744	0.9189036016393896	172.1531356527442	3.1177927913576995
24.003758770816457	0.10916331780946793	12.450155843831658	0.10873800123223964	2.6726238199695667	0.10840899465698395	-9.620367845793496	0.10799795893335726	17.4516	0.2249	183.64196785672232	2.44906430703835	39.92803628553932	0.6270295822804097	172.59642201302785	2.1484794208472415
24.003758770816457	0.10916331780946793	12.450155843831658	0.10873800123223964	2.735935784811575	0.2269197314304864	-9.620367845793496	0.10799795893335726	17.4516	0.2249	183.64196785672232	2.44906430703835	40.1882653532526	1.040997852136274	171.71206218107295	3.492367720476392
23.90014970288427	0.2584974691430857	12.450155843831658	0.10873800123223964	2.704277704819536	0.19533960743290807	-9.620367845793496	0.10799795893335726	17.4516	0.2249	185.3095038665398	4.538660589938069	40.058971371258224	0.9189323173769408	172.15851543823334	3.1178902223824294
24.003758770816457	0.10916331780946793	12.450155843831658	0.10873800123223964	2.704277704819536	0.19533960743290807	-9.620367845793496	0.10799795893335726	17.4516	0.2249	183.64196785672232	2.44906430703835	40.057719567521744	0.9189036016393896	172.1531356527442	3.1177927913576995
23.934681273873643	0.23843928471549045	12.450155843831658	0.10873800123223964	2.6726238199695667	0.10840899465698395	-9.620367845793496	0.10799795893335726	17.4516	0.2249	184.74654353557548	4.215700039769582	39.92803628553932	0.6270295822804097	172.59642201302785	2.1484794208472415
24.003758770816457	0.10916331780946793	12.450155843831658	0.10873800123223964	2.6726238199695667	0.10840899465698395	-9.620367845793496	0.10799795893335726	17.4516	0.2249	183.64196785672232	2.44906430703835	39.92803628553932	0.6270295822804097	172.59642201302785	2.1484794208472415
24.003758770816457	0.10916331780946793	12.450155843831658	0.10873800123223964	2.6726238199695667	0.10840899465698395	-9.620367845793496	0.10799795893335726	17.4516	0.2249	183.64196785672232	2.44906430703835	39.92803628553932	0.6270295822804097	172.59642201302785	2.1484794208472415
24.003758770816457	0.10916331780946793	12.450155843831658	0.10873800123223964	2.704277704819536	0.19533960743290807	-9.620367845793496	0.10799795893335726	17.4516	0.2249	183.64196785672232	2.44906430703835	40.057719567521744	0.9189036016393896	172.1531356527442	3.1177927913576995
23.96921762951765	0.2040205282296845	12.450155843831658	0.10873800123223964	2.704277704819536	0.19533960743290807	-9.620367845793496	0.10799795893335726	17.4516	0.2249	184.1926379788335	3.6967682496021066	40.057719567521744	0.9189036016393896	172.1531356527442	3.1177927913576995
24.003758770816457	0.10916331780946793	12.450155843831658	0.10873800123223964	2.6726238199695667	0.10840899465698395	-9.620367845793496	0.10799795893335726	17.4516	0.2249	183.6477066682178	2.4491408402979453	39.929284036673245	0.6270491769548561	172.60181565121573	2.1485465608291427
24.003758770816457	0.10916331780946793	12.450155843831658	0.10873800123223964	2.6726238199695667	0.10840899465698395	-9.620367845793496	0.10799795893335726	17.4516	0.2249	183.6362290452268	2.448987773778755	39.9267885344054	0.6270099876059636	172.59102837483994	2.1484122808653394
23.90014970288427	0.2584974691430857	12.450155843831658	0.10873800123223964	2.6726238199695667	0.10840899465698395	-9.620367845793496	0.10799795893335726	17.4516	0.2249	185.3037131255047	4.53851876122678	39.92803628553932	0.6270295822804097	172.59642201302785	2.1484794208472415
23.693060698741085	0.20390535719588798	12.450155843831658	0.10873800123223964	2.6726238199695667	0.10840899465698395	-9.620367845793496	0.10799795893335726	17.4516	0.2249	188.71692011341563	3.878898479630389	39.92803628553932	0.6270295822804097	172.59642201302785	2.1484794208472415
23.934681273873643	0.23843928471549045	12.450155843831658	0.10873800123223964	2.6726238199695667	0.10840899465698395	-9.620367845793496	0.10799795893335726	17.4516	0.2249	184.74077020608996	4.21556829914334	39.9267885344054	0.6270099876059636	172.59102837483994	2.1484122808653394
23.96921762951765	0.2040205282296845	12.450155843831658	0.10873800123223964	2.6726238199695667	0.10840899465698395	-9.620367845793496	0.10799795893335726	17.4516	0.2249	184.1926379788335	3.6967682496021066	39.92803628553932	0.6270295822804097	172.59642201302785	2.1484794208472415
23.934681273873643	0.23843928471549045	12.450155843831658	0.10873800123223964	2.6726238199695667	0.10840899465698395	-9.620367845793496	0.10799795893335726	17.4516	0.2249	184.74654353557548	4.215700039769582	39.92803628553932	0.6270295822804097	172.59642201302785	2.1484794208472415
23.865622915550812	0.2693820857824784	12.450155843831658	0.10873800123223964	2.6726238199695667	0.10840899465698395	-9.620367845793496	0.10799795893335726	17.4516	0.2249	185.86417568520446	4.729869938257859	39.92803628553932	0.6270295822804097	172.59642201302785	2.1484794208472415
23.934681273873643	0.23843928471549045	12.450155843831658	0.10873800123223964	2.6726238199695667	0.10840899465698395	-9.620367845793496	0.10799795893335726	17.4516	0.2249	184.74654353557548	4.215700039769582	39.92803628553932	0.6270295822804097	172.59642201302785	2.1484794208472415
23.934681273873643	0.23843928471549045	12.450155843831658	0.10873800123223964	2.704277704819536	0.19533960743290807	-9.650408790696877	0.1904711374008578	17.4516	0.2249	184.74654353557548	4.215700039769582	40.057719567521744	0.9189036016393896	171.734537992256	3.7924495469009973
23.865622915550812	0.2693820857824784	12.450155843831658	0.10873800123223964	2.6726238199695667	0.10840899465698395	-9.620367845793496	0.10799795893335726	17.4516	0.2249	185.86417568520446	4.729869938257859	39.92803628553932	0.6270295822804097	172.59642201302785	2.1484794208472415
23.865622915550812	0.2693820857824784	12.450155843831658	0.10873800123223964	2.6726238199695667	0.10840899465698395	-9.620367845793496	0.10799795893335726	17.4516	0.2249	185.86417568520446	4.729869938257859	39.92803628553932	0.6270295822804097	172.59642201302785	2.1484794208472415
23.90014970288427	0.2584974691430857	12.450155843831658	0.10873800123223964	2.6726238199695667	0.10840899465698395	-9.620367845793496	0.10799795893335726	17.4516	0.2249	185.3037131255047	4.53851876122678	39.92803628553932	0.6270295822804097	172.59642201302785	2.1484794208472415
23.796583687851953	0.2693351722759539	12.450155843831658	0.10873800123223964	2.6726238199695667	0.10840899465698395	-9.620367845793496	0.10799795893335726	17.4516	0.2249	186.99509718072645	4.786887470015379	39.92803628553932	0.6270295822804097	172.59642201302785	2.1484794208472415
23.76207124548863	0.25840968517366775	12.450155843831658	0.10873800123223964	2.6726238199695667	0.10840899465698395	-9.620367845793496	0.10799795893335726	17.4516	0.2249	187.5656157255105	4.6486518379016495	39.92803628553932	0.6270295822804097	172.59642201302785	2.1484794208472415
23.727563582784423	0.23832429343453793	12.450155843831658	0.10873800123223964	2.6726238199695667	0.10840899465698395	-9.620367845793496	0.10799795893335726	17.4516	0.2249	188.13954646847785	4.370225334254588	39.92803628553932	0.6270295822804097	172.59642201302785	2.1484794208472415
23.934681273873643	0.23843928471549045	12.450155843831658	0.10873800123223964	2.6726238199695667	0.10840899465698395	-9.620367845793496	0.10799795893335726	17.4516	0.2249	184.74654353557548	4.215700039769582	39.92803628553932	0.6270295822804097	172.59642201302785	2.1484794208472415
23.96921762951765	0.2040205282296845	12.450155843831658	0.10873800123223964	2.6726238199695667	0.10840899465698395	-9.620367845793496	0.10799795893335726	17.4516	0.2249	184.1926379788335	3.6967682496021066	39.92803628553932	0.6270295822804097	172.59642201302785	2.1484794208472415
23.865622915550812	0.2693820857824784	12.417198434786899	0.1992508365291044	2.6726238199695667	0.10840899465698395	-9.620367845793496	0.10799795893335726	17.4516	0.2249	185.32911501592923	5.424068371567014	40.06307805762607	0.9325851420894701	172.59642201302785	2.1484794208472415
23.796583687851953	0.2693351722759539	12.450155843831658	0.10873800123223964	2.6726238199695667	0.10840899465698395	-9.620367845793496	0.10799795893335726	17.4516	0.2249	186.99509718072645	4.786887470015379	39.92803628553932	0.6270295822804097	172.59642201302785	2.1484794208472415
23.658562592360862	0.10915115157150926	12.351296978352115	0.2512312475520859	2.6726238199695667	0.10840899465698395	-9.650408790696877	0.1904711374008578	17.4516	0.2249	187.6427466882918	4.545638383317789	40.33586495207465	1.1403244888575974	172.17566847223736	3.0620935153286033
23.76207124548863	0.25840968517366775	12.450155843831658	0.10873800123223964	2.6726238199695667	0.10840899465698395	-9.620367845793496	0.10799795893335726	17.4516	0.2249	187.5656157255105	4.6486518379016495	39.92803628553932	0.6270295822804097	172.59642201302785	2.1484794208472415
23.76207124548863	0.25840968517366775	12.417198434786899	0.1992508365291044	2.6726238199695667	0.10840899465698395	-9.650408790696877	0.1904711374008578	17.4516	0.2249	187.02072846028116	5.379190409097111	40.06307805762607	0.9325851420894701	172.17566847223736	3.0620935153286033
23.693060698741085	0.20390535719588798	12.450155843831658	0.10873800123223964	2.6726238199695667	0.10840899465698395	-9.620367845793496	0.10799795893335726	17.4516	0.2249	188.71692011341563	3.878898479630389	39.92803628553932	0.6270295822804097	172.59642201302785	2.1484794208472415
23.693060698741085	0.20390535719588798	12.450155843831658	0.10873800123223964	2.6726238199695667	0.10840899465698395	-9.620367845793496	0.10799795893335726	17.4516	0.2249	188.71692011341563	3.878898479630389	39.92803628553932	0.6270295822804097	172.59642201302785	2.1484794208472415
23.831100910873104	0.272840817303588	12.450155843831658	0.10873800123223964	2.6726238199695667	0.10840899465698395	-9.620367845793496	0.10799795893335726	17.4516	0.2249	186.42796049434165	4.81119228362009	39.92803628553932	0.6270295822804097	172.59642201302785	2.1484794208472415
23.693060698741085	0.20390535719588798	12.450155843831658	0.10873800123223964	2.6726238199695667	0.10840899465698395	-9.620367845793496	0.10799795893335726	17.4516	0.2249	188.71102270966207	3.8787772640529004	39.9267885344054	0.6270099876059636	172.59102837483994	2.1484122808653394
23.831100910873104	0.272840817303588	12.450155843831658	0.10873800123223964	2.6726238199695667	0.10840899465698395	-9.620367845793496	0.10799795893335726	17.4516	0.2249	186.42796049434165	4.81119228362009	39.92803628553932	0.6270295822804097	172.59642201302785	2.1484794208472415
23.865622915550812	0.2693820857824784	12.450155843831658	0.10873800123223964	2.6726238199695667	0.10840899465698395	-9.650408790696877	0.1904711374008578	17.4516	0.2249	185.86417568520446	4.729869938257859	39.92803628553932	0.6270295822804097	172.17566847223736	3.0620935153286033
23.796583687851953	0.2693351722759539	12.384245479929518	0.2320920890550872	2.6726238199695667	0.10840899465698395	-9.620367845793496	0.10799795893335726	17.4516	0.2249	185.91513313842864	5.791988424807923	40.1990179499433	1.0603257606773284	172.59642201302785	2.1484794208472415
23.693060698741085	0.20390535719588798	12.450155843831658	0.10873800123223964	2.6726238199695667	0.10840899465698395	-9.620367845793496	0.10799795893335726	17.4516	0.2249	188.71692011341563	3.878898479630389	39.92803628553932	0.6270295822804097	172.59642201302785	2.1484794208472415
23.831100910873104	0.272840817303588	12.450155843831658	0.10873800123223964	2.6726238199695667	0.10840899465698395	-9.620367845793496	0.10799795893335726	17.4516	0.2249	186.42796049434165	4.81119228362009	39.92803628553932	0.6270295822804097	172.59642201302785	2.1484794208472415
23.693060698741085	0.20390535719588793	12.417198434786899	0.19925083652910436	2.6726238199695667	0.10840899465698395	-9.620367845793496	0.10799795893335726	17.4516	0.2249	188.1653329634265	4.757481755644578	40.06307805762607	0.9325851420894699	172.59642201302785	2.1484794208472415
23.693060698741085	0.20390535719588798	12.450155843831658	0.10873800123223964	2.6726238199695667	0.10840899465698395	-9.620367845793496	0.10799795893335726	17.4516	0.2249	188.71692011341563	3.878898479630389	39.92803628553932	0.6270295822804097	172.59642201302785	2.1484794208472415
23.658562592360862	0.10915115157150926	12.450155843831658	0.10873800123223964	2.6726238199695667	0.10840899465698395	-9.710479039787351	0.23785248016404356	17.4516	0.2249	189.29776773358924	2.6020941292441724	39.92803628553932	0.6270295822804097	171.3404468472876	3.6167992675879455
23.727563582784423	0.23832429343453793	12.450155843831658	0.10873800123223964	2.6726238199695667	0.10840899465698395	-9.620367845793496	0.10799795893335726	17.4516	0.2249	188.13954646847785	4.370225334254588	39.92803628553932	0.6270295822804097	172.59642201302785	2.1484794208472415
23.658562592360862	0.10915115157150926	12.450155843831658	0.10873800123223964	2.6726238199695667	0.10840899465698395	-9.620367845793496	0.10799795893335726	17.4516	0.2249	189.29776773358924	2.6020941292441724	39.92803628553932	0.6270295822804097	172.59642201302785	2.1484794208472415
23.658562592360862	0.10915115157150926	12.351296978352115	0.2512312475520859	2.6726238199695667	0.10840899465698395	-9.680445855109813	0.22040628291568662	17.4516	0.2249	187.6427466882918	4.545638383317789	40.33586495207465	1.1403244888575974	171.75701531312228	3.415163010968197
23.658562592360862	0.10915115157150926	12.252478184224776	0.2615737863132235	2.6726238199695667	0.10840899465698395	-9.680445855109813	0.22040628291568662	17.4516	0.2249	186.0170678583813	4.622406386884014	40.75194033099896	1.2044933759756316	171.75701531312228	3.415163010968197
23.693060698741085	0.20390535719588798	12.21954748669421	0.2511495370247866	2.6726238199695667	0.10840899465698395	-9.860586793570269	0.2203130111947046	17.4516	0.2249	184.92386230216923	5.21402827799704	40.89250810630245	1.1716937368516875	169.2883366257756	3.316565214389353
23.658562592360862	0.10915115157150926	12.285413331406668	0.2649182045269471	2.6726238199695667	0.10840899465698395	-9.74050834548502	0.24732048707836646	17.4516	0.2249	186.55574886640193	4.6998923989452015	40.61231684801806	1.2093189258187658	170.925947542183	3.7183455646740766
23.658562592360862	0.10915115157150926	12.21954748669421	0.2511495370247866	2.6726238199695667	0.10840899465698395	-9.680445855109813	0.22040628291568665	17.4516	0.2249	185.48156093400175	4.440316940328703	40.89250810630245	1.1716937368516875	171.75701531312228	3.4151630109681976
23.658562592360862	0.10915115157150926	12.351296978352115	0.2512312475520859	2.6726238199695667	0.10840899465698395	-9.680445855109813	0.22040628291568662	17.4516	0.2249	187.6427466882918	4.545638383317789	40.33586495207465	1.1403244888575974	171.75701531312228	3.415163010968197
23.658562592360862	0.10915115157150926	12.21954748669421	0.2511495370247866	2.6726238199695667	0.10840899465698395	-9.680445855109813	0.22040628291568662	17.4516	0.2249	185.48156093400175	4.440316940328703	40.89250810630245	1.1716937368516875	171.75701531312228	3.415163010968197
23.658562592360862	0.10915115157150926	12.285413331406668	0.2649182045269471	2.6726238199695667	0.10840899465698395	-9.74050834548502	0.24732048707836637	17.4516	0.2249	186.55574886640193	4.6998923989452015	40.61231684801806	1.2093189258187658	170.925947542183	3.7183455646740757
23.658562592360862	0.10915115157150926	12.252478184224776	0.2615737863132235	2.6726238199695667	0.10840899465698395	-9.650408790696877	0.1904711374008578	17.4516	0.2249	186.0170678583813	4.622406386884014	40.75194033099896	1.2044933759756316	172.17566847223736	3.0620935153286033
23.658562592360862	0.10915115157150926	12.186621237909009	0.23198505154032698	2.6726238199695667	0.10840899465698395	-9.830572996245444	0.23778128130912585	17.4516	0.2249	184.94920012150413	4.133336703808082	41.034029786014095	1.104415064924182	169.6947115632919	3.5467745238299075
23.658562592360862	0.10915115157150926	12.18662123790949	0.23198505154032706	2.6726238199695667	0.10840899465698395	-9.770533772957387	0.25033007078307	17.4516	0.2249	184.94920012151192	4.133336703808431	41.03402978601202	1.1044150649240703	170.51350201919206	3.7382312297622935
23.658562592360862	0.10915115157150926	12.21954748669421	0.2511495370247866	2.6726238199695667	0.10840899465698395	-9.650408790696877	0.1904711374008578	17.4516	0.2249	185.48156093400175	4.440316940328703	40.89250810630245	1.1716937368516875	172.17566847223736	3.0620935153286033
23.658562592360862	0.10915115157150926	12.153699436963212	0.19914362502443023	2.6726238199695667	0.10840899465698395	-9.680445855109813	0.22040628291568665	17.4516	0.2249	184.41995777683292	3.6402743045972725	41.176515113121674	0.9847334920775815	171.75701531312228	3.4151630109681976
23.658562592360862	0.10915115157150926	12.153699436963212	0.19914362502443023	2.6726238199695667	0.10840899465698395	-9.650408790696877	0.1904711374008578	17.4516	0.2249	184.41995777683292	3.6402743045972725	41.176515113121674	0.9847334920775815	172.17566847223736	3.0620935153286033
23.658562592360862	0.10915115157150926	12.186621237909009	0.23198505154032695	2.6726238199695667	0.10840899465698395	-9.680445855109813	0.22040628291568662	17.4516	0.2249	184.94920012150413	4.133336703808081	41.034029786014095	1.1044150649241817	171.75701531312228	3.415163010968197
