18.180471103259254	0.08253965803394647	8.250182004406426	0.07633711413173759	-1.2888116743123808	0.07277594697703706	-12.560807305192238	0.07141615838482387	19.264	0.2345	187.75890004420373	2.1257625730561363	35.96480306895893	0.3976487591798344	165.40994331240856	1.496258383695264	11.715
18.197344806822567	0.06689781395829647	8.250245646237529	0.07439960054539951	-1.2656578874909308	0.07342990284966772	-12.531473237537751	0.07441826631172106	19.2478	0.2342	187.44159761768108	1.8853846897779252	36.052070926863124	0.39603689723780755	165.5006850714809	1.5358465414363702	11.715
18.205567194538425	0.07481036367894575	8.258213979366017	0.0747077796746414	-1.2656556633696106	0.07106795931382845	-12.531381641198772	0.06332920999132455	19.2748	0.234	187.43681037461164	1.9921697707478359	36.021915670889356	0.3899949209608205	165.5019980062423	1.398421081973564	11.715
18.1976313326963	0.08116977971440062	8.26643752753024	0.07664412633079096	-1.261802692863232	0.07527966521933294	-12.539013359334046	0.07409729432634503	19.2586	0.2345	187.7417956894234	2.110417043764914	36.00539251696142	0.405959921246196	165.3334511046291	1.5486071488158326	11.715
18.210466957011526	0.0821930295053385	8.25451633507329	0.07175000251372964	-1.2695264228463823	0.07586297466450245	-12.528161033391875	0.07638217209531332	19.2586	0.2345	187.27495034106255	2.052291196609831	36.021260913165186	0.39492591683939654	165.60624114891823	1.5835141915961706	11.715
18.174412087624678	0.07834638160849208	8.244253590393239	0.07211685364448638	-1.294603988274667	0.07734338707871234	-12.540715056894687	0.07441492974008362	19.2478	0.2342	187.76136945260066	2.0134338537436305	35.96531621337774	0.39871591958563074	165.79065838359548	1.5822533898605546	11.715
18.184796765078854	0.08166621714802433	8.246229727240951	0.0789348943503934	-1.281095596588528	0.07342816134167099	-12.531473237537751	0.0680371564118559	19.2586	0.2345	187.60251364437835	2.1439330916078925	36.00885006761486	0.407461330216776	165.7277842421156	1.4746139118590784	11.715
18.174269014715698	0.07662217862702568	8.240174192073852	0.06973024598629199	-1.317754813702601	0.0741344859729442	-12.566370124623402	0.07711729170671935	19.2478	0.2342	187.6869701376289	1.9573647269715477	35.89355276899719	0.3822041562930253	165.75374895356143	1.5762831000179183	11.715
18.194021455187794	0.07555343806232412	8.250627517844496	0.07440061722138114	-1.2849690888999414	0.07437118374712853	-12.53937998054555	0.06803707151334068	19.2478	0.2342	187.51144428858018	1.999627884002689	35.97761558920363	0.39690826073177204	165.66839226614806	1.4837687683993628	11.715
18.208590432951286	0.0774104778143349	8.252603765005604	0.0745384503934791	-1.2675999698136915	0.07115457856318817	-12.533816341020515	0.073569716581019	19.2586	0.2345	187.27427230537614	2.0214081798490144	36.03578649020138	0.3900575111997651	165.49479407183009	1.5034644312047296	11.715
18.199937695085488	0.07600744547727528	8.240428452186576	0.0748216803355611	-1.2907521033736793	0.07946056281490071	-12.537311610562325	0.07333703185466416	19.2586	0.2345	187.208035340791	2.00479598168079	35.99428498194051	0.41217725741534617	165.78404774631665	1.5939439746623416	11.715
18.207143924934986	0.07378219665744096	8.266947721633654	0.07440313657440298	-1.2888380705419793	0.07586608491002222	-12.536067978586185	0.0762894731295438	19.2586	0.2345	187.57176620943534	1.9772725951478638	35.90160313263544	0.399229895314831	165.77416604492387	1.5857903974400114	11.715
18.188105132784184	0.07688412346253679	8.24476238621497	0.07308596016494115	-1.2830452638545444	0.07318912094836205	-12.530412507337587	0.0666454750206508	19.264	0.2345	187.51240964361497	2.000444363773872	36.007027191471785	0.39088566478421694	165.77214186741205	1.4589328485689872	11.715
18.17729033871188	0.06869182454610732	8.226531869506898	0.06784773980011244	-1.296547047733068	0.07176823457893369	-12.52834418807185	0.07154475740890831	19.264	0.2345	187.37266752998764	1.8180334446873603	36.024906662287314	0.37360850291320086	166.00194385858674	1.4977351276769606	11.715
18.141546509121646	0.08742344299115841	8.185367605695424	0.08549653568967192	-1.327375772057271	0.08111209841475095	-12.571014042737815	0.08057407494350656	19.2586	0.2345	187.27065638403937	2.300033590772062	36.064047510573424	0.44678801881244756	165.82712049564196	1.686199606708345	11.715
18.178880758069422	0.07600473562967615	8.248396747895743	0.06665716487093315	-1.3023270581403539	0.07505168159115248	-12.559289597710181	0.06847560582264646	19.264	0.2345	187.75521479228937	1.9113704214802598	35.92063136768184	0.37752898552301833	165.6308397374132	1.4948404150786174	11.715
18.175127485960246	0.08387286430352676	8.232523803519832	0.07448356884719748	-1.29461620546537	0.07996613584431936	-12.544851830966131	0.06437456078368031	19.2586	0.2345	187.5263480142972	2.1156554264788947	36.00955048499474	0.4130481532510403	165.72987627879687	1.5122793703965085	11.715
18.198490964458898	0.07709219962495367	8.238706503035246	0.0814173348750572	-1.2695354371325733	0.07467630721970266	-12.53588470732174	0.06787057545625305	19.2586	0.2345	187.20286222489622	2.107485290848413	36.08112112522779	0.4192321892812331	165.4928418786939	1.482289892408092	11.715
18.177719659339992	0.0758450492392389	8.26286747466075	0.07371047381837681	-1.2811166674363363	0.07374867032439099	-12.539654960668397	0.06985983416206795	19.264	0.2345	188.05123098079477	2.0059570320610334	35.94599739724463	0.39271505912380233	165.60765791793563	1.4942482036568925	11.715
18.190124986105822	0.06898422715611853	8.242722540769936	0.07572812034058729	-1.2811143260889222	0.07586526508798667	-12.546920307929676	0.07322450415008053	19.2478	0.2342	187.43588274100406	1.9302106900809441	36.02203963876969	0.4054355101069915	165.50082269541338	1.5489551751890203	11.715
18.164170759276058	0.07801673467714479	8.226278040654782	0.07815729912450325	-1.2849596072449418	0.07557033002480568	-12.539013359334046	0.07539827743476415	19.2586	0.2345	187.61524310158015	2.084816435667299	36.06975683200623	0.41229170598282494	165.6736496371758	1.5715072453819303	11.715
18.181759291293613	0.07128761547678895	8.234690531964883	0.07498973385993833	-1.2849738299429974	0.07244934730607637	-12.554277082930312	0.07155790895619007	19.2586	0.2345	187.44217049600232	1.9497247993673994	36.03782823519737	0.3947290127805737	165.44946182252255	1.495016520743163	11.715
18.15407253413445	0.07662064860712783	8.212382160559798	0.07667729851781038	-1.329344131064083	0.07413396665153607	-12.559473197743387	0.07186604431368894	19.2586	0.2345	187.54357541424326	2.0448588196878306	35.95450326764509	0.40188969760233495	166.02660105249157	1.5264522045734288	11.715
18.19271776420242	0.07527806354831193	8.244953200839774	0.07380731445620464	-1.2791926942943972	0.07150869331146853	-12.530687299310793	0.070262352929895	19.264	0.2345	187.42905970940032	1.9863355403184082	36.02087083802835	0.38866994139198435	165.71133202963813	1.4764927549607616	11.715
18.158397713548204	0.0817493424779682	8.216461034194031	0.07560125162379218	-1.3100526707853997	0.07761186343388535	-12.548530210788126	0.07815284718600586	19.2748	0.234	187.5389291297188	2.1004148810441503	36.01191787000181	0.4095723135940603	165.90326863091295	1.6259386496554082	11.715
18.164170759276058	0.06574884881228812	8.218246943161159	0.07370449205891329	-1.3003962923256893	0.07374541362151263	-12.557404649810636	0.06332741961690715	19.2586	0.2345	187.46374824434054	1.8616226966955904	36.04169424610429	0.3947841122604284	165.63016559207057	1.430222424819965	11.715
18.19228806814735	0.07566880018786132	8.248778539703146	0.07577974038104093	-1.2830452638545444	0.07475349369689316	-12.534091200137702	0.07214684407167893	19.2532	0.2344	187.5092645094775	2.0194506628727162	35.99185593455033	0.40193490451968633	165.71794025911706	1.5302161667830239	11.715
18.168639139818016	0.07434282305885662	8.246484178353368	0.08115161605785956	-1.2849643480005895	0.07436783038420977	-12.550231775354623	0.0740269565176181	19.2586	0.2345	187.91282393419985	2.0843288287423842	35.99327302482941	0.415666395632962	165.50873473222856	1.5416443837707055	11.715
18.15378671391126	0.07774200419744515	8.196194409279919	0.07643887157745557	-1.31776266973973	0.07150008135615063	-12.537219969831728	0.07495096350975397	19.264	0.2345	187.24407480052813	2.0501458795282055	36.05944679818934	0.3967046474208408	166.18452287404892	1.5343227872229779	11.715
18.153215100464447	0.07732674285601172	8.207986854903085	0.08022854791223616	-1.3023170509913242	0.07474363281507829	-12.551566316374403	0.07740773574176221	19.264	0.2345	187.47685948320955	2.100509040786953	36.073298237981135	0.41591256849195535	165.74440785654159	1.5854143079943643	11.715
18.168067034985533	0.07898023125627884	8.214104774836128	0.07845815197565321	-1.319685467206912	0.07643080937532405	-12.557221082987999	0.07342650337988663	19.2802	0.2336	187.3123596003637	2.0949248876744555	35.98443225846013	0.41342023649262793	165.91717455410782	1.564841884048285	11.715
18.17700413622593	0.0723397950005973	8.246484178353368	0.07376214268219326	-1.3004012668688332	0.08064540905369183	-12.550231775354623	0.07264749599848283	19.2586	0.2345	187.75453513322282	1.9533497210901678	35.93507339117141	0.41137837758294116	165.7358443680689	1.599071279540664	11.715
18.174412087624678	0.07834638160849208	8.236221987525614	0.07211593850520459	-1.2984630528245453	0.07920162282726419	-12.56278401712779	0.07327632070003702	19.2586	0.2345	187.60962907149147	2.010169133588975	35.98105523982435	0.40421972650820864	165.5226412874931	1.5855213226742724	11.715
18.166047401051657	0.0807269163753572	8.224175083132375	0.08131281073706195	-1.302322054490142	0.0791960846938834	-12.56278401712827	0.07710908267396466	19.2748	0.234	187.54014321436912	2.1614012895271046	36.01198049766945	0.42907739431258796	165.57936650449238	1.6253506003254063	11.715
18.153500902688087	0.07325972851945615	8.208113477032414	0.07453221844627318	-1.317757432341913	0.07504786153898851	-12.56278401712779	0.07327632070003702	19.2802	0.2336	187.47385883749348	1.9700211215194499	36.01434791579588	0.3998823242308996	165.80664743328904	1.5465693200944661	11.715
18.136915998220044	0.07628750789391664	8.20416152315283	0.07380119433284382	-1.3100424294196837	0.07971192215217512	-12.55184154359781	0.070258899356271	19.2694	0.2343	187.7122970271484	2.005929243146174	36.0585111314967	0.41170629157395416	165.85424978552155	1.5676300920369954	11.715
18.1771472363421	0.07327693326613947	8.230484154059921	0.07888938742323429	-1.3004037541966371	0.07176770740586386	-12.54296677743439	0.06615323881399152	19.2586	0.2345	187.44981537001652	2.0291135870849524	35.99539019171213	0.40278454181199264	165.84298032999556	1.4398144795925785	11.715
18.171517159205038	0.07801575456108427	8.236793820112668	0.07549399866182296	-1.302344572110426	0.07318384790205532	-12.545218629757086	0.0741506830045606	19.2802	0.2336	187.67509619365944	2.0508336573168955	35.964257464893954	0.39641094055854603	165.83839227954743	1.536762062093262	11.715
18.209737372858452	0.07556831433484823	8.249096726542216	0.08019535795211936	-1.2791973480422028	0.07005838082133084	-12.53087050072443	0.07595277875197644	19.2748	0.234	187.18677086409156	2.070763924117501	36.00518901345192	0.40238924297186224	165.7087024321432	1.5217834509812016	11.715
18.147727889020207	0.0792368432900384	8.21435821785066	0.06973984807103985	-1.3196960005146638	0.07210179361438354	-12.553910027909014	0.07069517537429973	19.2694	0.2343	187.70067157905635	1.9945880699946554	35.98343593120316	0.3785942104741108	165.96623081730658	1.4917707864743555	11.715
18.13993506983805	0.07529903182018435	8.202565163086087	0.07572313274973815	-1.3197065344611543	0.07586038890931938	-12.561633624287158	0.07846351889877029	19.2748	0.234	187.62511366862938	2.0162617781079413	36.02796055688411	0.40554241440971767	165.852361736889	1.6101297922892088	11.715
18.1656007925713	0.08227052925620627	8.218880914593989	0.07540038644440733	-1.3004211665476595	0.07527662216685488	-12.53257249913196	0.07294784737871038	19.2694	0.2343	187.44874503299116	2.1030573782753366	36.03919974457012	0.40336867482986744	165.996709188975	1.5491555712595544	11.715
18.144260009092783	0.07492730232267795	8.202628435692096	0.07978101590161851	-1.319709168047625	0.07527373445803448	-12.569081804890939	0.077994766008664	19.2802	0.2336	187.5446846481531	2.0647115743381423	36.02771119944669	0.41499855945287023	165.7425901436537	1.5970266343120656	11.715
18.139649472798045	0.07327324662374543	8.190392896199974	0.0774537854510455	-1.3158423880066816	0.06996756991915619	-12.561449988329827	0.07185351308552866	19.2586	0.2345	187.40095241961072	2.0082801455351302	36.088737431223464	0.3962486284747489	165.7980808674115	1.4786342785856557	11.715
18.139078305697414	0.07583936873383881	8.190140201288802	0.07470056770317288	-1.3158319712497586	0.07106326742530021	-12.572116630903365	0.07241832302169818	19.2748	0.234	187.4069512499379	2.005201972600299	36.08973631568605	0.3914327221570107	165.6408144158404	1.4930448049189218	11.715
18.138935519542223	0.07508075041204812	8.190077029996651	0.07262421755821476	-1.3158293671596548	0.07176559894207907	-12.57202474109303	0.07057505565990267	19.264	0.2345	187.40845095754477	1.9676872763454858	36.08998603581819	0.38763450236485647	165.64212830200918	1.481181676726051	11.715
18.181759291293613	0.07876515286398676	8.226658789807045	0.0809394743053487	-1.3081295322889446	0.0761467470137383	-12.55059872463607	0.076622751007232	19.2694	0.2343	187.29094277281615	2.1247795350418355	35.98066548956703	0.4193563975446962	165.84436447384175	1.5935392840040086	11.715
18.150033252561446	0.08062639963155914	8.188353753902437	0.07771413339943471	-1.317770526133957	0.07650094872007801	-12.555886795200477	0.07615665439178296	19.2748	0.234	187.1672501180693	2.1040102150358377	36.08915884380301	0.4139983038012286	165.90860191166416	1.5936022289826761	11.715
18.15421544762117	0.07664367117821862	8.196384072188673	0.07544813076026463	-1.3100526707853997	0.07318404824521374	-12.559564999793714	0.07305723483511903	19.2694	0.2343	187.23957938488124	2.02226056824282	36.087972644925806	0.39901842464129306	165.7405320152146	1.5235271107904218	11.715
18.126675721518406	0.07994770151387881	8.186188359785897	0.07960069780339477	-1.3351279053537926	0.07834596957429145	-12.57588639777192	0.08129462424508566	19.264	0.2345	187.56627220303548	2.1287543595517158	36.03157584285252	0.42266417384464333	165.86960386873858	1.6659946290014793	11.715
18.153929622897973	0.07519998504359973	8.212318813601048	0.06393457609561075	-1.3139064507020373	0.07475101787849221	-12.555703245321478	0.06664285775420828	19.2586	0.2345	187.54507635502705	1.8620350690883178	36.01300826012579	0.3718534171244371	165.85428400680064	1.4774726744697297	11.715
18.103036303025476	0.07158591857988358	8.19192656704782	0.0803655447156639	-1.3370447105767556	0.07350101237219049	-12.577311635769767	0.07088170165856111	19.2586	0.2345	188.12223938489518	2.0428264274641137	36.00263020382274	0.41148046650309394	165.87685779441912	1.506887508056485	11.715
18.144851259052306	0.07365706815879577	8.19192656704782	0.07613096018435003	-1.3177521951026991	0.07650314044335858	-12.558922413912624	0.07383717251641507	19.2802	0.2336	187.33188645739165	1.9938033415228766	36.0756696111136	0.40943637126078924	165.86352862103928	1.5688018788902172	11.715
18.132163301245253	0.07599824036773392	8.187848509538053	0.07448755607382174	-1.34090023123274	0.07350041426650243	-12.573542009917318	0.06481260590322807	19.264	0.2345	187.49408052492515	2.006388789905439	36.003471018526895	0.3953935445669241	165.9894613446758	1.4481105812917117	11.715
18.14152626394718	0.07347717632599093	8.220413215605893	0.07667827824375041	-1.3061911176066896	0.07150488864869013	-12.559473197743387	0.07186604431368894	19.2694	0.2343	187.93255849788747	2.01171479665059	36.011575282404515	0.39632582813440226	165.6850103857794	1.4926277294745183	11.715
18.169068242087846	0.07584370265267246	8.198486551780253	0.07370310855937662	-1.3081269864033642	0.0752767768520865	-12.572576100312013	0.07388145192945118	19.2694	0.2343	187.00013863123306	1.9834811507166956	36.08730151417455	0.39991291894872405	165.5207582250413	1.549864500928743	11.715
18.142097521793403	0.08102775416672513	8.19255845692254	0.08053571240797328	-1.3139193989943072	0.08020660819148097	-12.56719680664494	0.0744713793510243	19.2694	0.2343	187.39563171369423	2.151724578677018	36.08781657421521	0.43147646504864734	165.6850791800403	1.611447727399934	11.715
18.131142888560166	0.07315706422767426	8.20639069445156	0.07604443994213496	-1.2965445895906722	0.07586241763704699	-12.554001789631334	0.07748370641632377	19.2694	0.2343	187.8636485683071	1.9973887176333058	36.101269647417425	0.40806316900600326	165.62356180353228	1.5953790805951154	11.715
18.135324747676496	0.07699338370804487	8.202375351124845	0.0769565305589812	-1.3235574212442476	0.07497297097293905	-12.55032351064258	0.06974033898836014	19.2694	0.2343	187.70861341233035	2.0571712426048383	36.01411403261931	0.4061901134894975	166.0763343134262	1.5147127395458595	11.715
18.13071472137688	0.07962202681245895	8.206200796783502	0.07336060567731974	-1.3119731458409585	0.07277594711248643	-12.557404649810636	0.07117735573700525	19.2855	0.2331	187.8681588325693	2.0494367625771246	36.04347127917387	0.39130942615454206	165.8006771606211	1.5008717667846876	11.715
18.1291233402043	0.07751067456779881	8.180323702176423	0.07737400470371428	-1.3100526707853997	0.06967634309597934	-12.544851830966131	0.07462346418236407	19.2694	0.2343	187.4095595608104	2.0630734375194577	36.14904358362121	0.3966054254802539	165.95758693487497	1.5081260076925067	11.715
18.13993506983805	0.0770843765223643	8.226658789807045	0.07348436353336772	-1.3081295322889446	0.07467136225054483	-12.568989932011744	0.07100275574420702	19.2694	0.2343	188.0811253164955	2.0205607951681923	35.98066548956703	0.3953443316955994	165.57350789709204	1.5150408732886655	11.715
18.146136825555004	0.07377114921993753	8.204541229854698	0.07410664989595067	-1.3177757639287626	0.07318524551898789	-12.567104947660356	0.06928125833030761	19.2855	0.2331	187.54536335474575	1.972601399464083	36.027789177269995	0.3940645144735835	165.74323036238752	1.484806775256666	11.715
18.141954703958884	0.07159125083226076	8.208556685251938	0.07608561162108494	-1.3100577917011162	0.07219122068749834	-12.559748607962307	0.0733350721767407	19.2802	0.2336	187.70013592632225	1.974082234441191	36.04180313866261	0.3971374237607673	165.7379023809666	1.5160765666131353	11.715
18.107502531302536	0.0738677688171198	8.175993463601785	0.07544485542367353	-1.3293333055225616	0.07318111732329441	-12.57749548924382	0.07305443429301747	19.2748	0.234	187.73583607603808	1.995895010197358	36.09218677736948	0.3990949444876289	165.760426269451	1.5238331530586715	11.715
18.133733422928234	0.07519857595397778	8.21263555816813	0.08032827744641884	-1.2907641749958805	0.07043423523217421	-12.545126928028143	0.07096616477176018	19.2748	0.234	187.93284611618319	2.0843442209971337	36.09950531007989	0.4058203652499247	165.66910088438388	1.47183565387967	11.715
18.103606278470384	0.07363803844478903	8.1680901227744	0.06053296907009613	-1.3331972752857606	0.07043195530265539	-12.58135712303914	0.06936582339156663	19.2748	0.234	187.66012043094963	1.8004748803161368	36.10753098587553	0.35293309836342585	165.76046069384003	1.45679139460291	11.715
18.131571075966814	0.07434894033981676	8.194534487384935	0.07498534478338598	-1.3274242214926917	0.07141826630110458	-12.554277082930312	0.07155790895619009	19.2694	0.2343	187.63140718068323	1.9938712895228228	36.02914480308685	0.39182606211008203	166.07505071397196	1.4955304063653578	11.715
18.123064702409376	0.07617458354879132	8.194471278750362	0.07193640251879085	-1.335138906591712	0.07106198149466005	-12.56889806048981	0.06985670283796233	19.2694	0.2343	187.79096683308686	1.9816957446995105	36.000216426360694	0.3819919642438678	165.97295106461092	1.472250376201751	11.715
18.165171758940165	0.07480747665424015	8.206643905014225	0.07370431455068317	-1.319709168047625	0.07374436776631764	-12.535976342277255	0.06730891918075387	19.2802	0.2336	187.22648424249914	1.9743768910857686	36.012525097487384	0.394142089228355	166.23178900422494	1.4797402387123897	11.715
18.15507297579614	0.0753937210433196	8.216841331347107	0.08144020486955343	-1.306208836666675	0.07593508993348658	-12.541723440417114	0.07945801502021027	19.2802	0.2336	187.60884481526088	2.095037161729596	36.02501541821862	0.42122604195295743	165.9470192579501	1.6233225219092116	11.715
18.138629389161917	0.07225106850544447	8.216968104888267	0.07572694358527227	-1.298495199360099	0.07350982025453066	-12.54558545021998	0.06928400883700923	19.2748	0.234	187.92217400899222	1.9824196691565505	36.053738862930246	0.3998794785137228	165.7762244931756	1.4889036647753597	11.715
18.125654976873754	0.07575562169820031	8.192684846595679	0.0745319734313849	-1.3255015169261848	0.07114877243917223	-12.574736793350644	0.0735655680293629	19.264	0.2345	187.70822159608738	2.0082912571294997	36.04342424371547	0.39018995054517974	165.7446139675888	1.507903507075146	11.715
18.114986535646636	0.07233364665558015	8.19459769699516	0.06750507165344471	-1.3351444074613132	0.07964549471758209	-12.565403653798915	0.06907578716021376	19.2748	0.234	187.94627797825353	1.8744601862548096	35.99971807954111	0.3944009612520022	166.02467649440973	1.558601317155271	11.715
18.095813602816513	0.07070209780295102	8.184401823156344	0.06562099946647379	-1.3177731450116545	0.0731837744027767	-12.555978572172743	0.07277685803052625	19.2802	0.2336	188.11650648475853	1.8308269288368897	36.10415828801653	0.3734799377516324	165.90728567884437	1.5236700045398779	11.715
18.110092101773052	0.07432113257802923	8.186251501533139	0.07187681200652751	-1.3274134538096503	0.07106484610307456	-12.572300414595814	0.07093385772089922	19.2855	0.2331	187.8809055313201	1.9574461588526062	36.06055402849792	0.38312047850485875	165.80870619896396	1.4805456531239274	11.715
18.12033195665963	0.08055357555711697	8.18414931525479	0.08286185454510647	-1.3216214154398038	0.08044991777079	-12.574001514860793	0.08392048164408922	19.2748	0.234	187.6475328213109	2.1824518836969613	36.090501112485555	0.4384856954715698	165.69829154789173	1.7119025339977092	11.715
18.118455114080252	0.074801425601061	8.174206765567913	0.07335744762173038	-1.3274134538096503	0.07277458143923261	-12.557588222055582	0.06985743461195304	19.2694	0.2343	187.49533327981328	1.9753851958564825	36.1062662167358	0.3926619180222514	166.02592540176246	1.4913591057935358	11.715
18.146136825555004	0.06467170020945189	8.192495263548487	0.07572309168950314	-1.3061987112591882	0.06767442533715995	-12.552392034629598	0.07191296399549471	19.2748	0.234	187.31839465049978	1.8740267502068266	36.117389405432675	0.38615540040178886	165.78944578935761	1.455736072008207	11.715
18.129266051152698	0.0752699081568084	8.184401823156344	0.0737997759597871	-1.3216320075807246	0.07413517246808468	-12.563334975819638	0.07810005352138683	19.2694	0.2343	187.4837218061453	1.987285025234332	36.0895022298238	0.3971352521961965	165.85566827279732	1.5887136053038167	11.715
18.136181347496432	0.08654465650034132	8.198739518161622	0.07551840664916298	-1.3158554098408939	0.07781533133949817	-12.558230767617314	0.07276947032641132	19.2855	0.2331	187.62375572530618	2.1686283316742694	36.057029408732724	0.4109330653145474	165.84574869508052	1.5716508973184624	11.715
18.144117173067908	0.07059387690453722	8.202565163086087	0.08001617912751723	-1.3119885958982573	0.07310366195636214	-12.543241832809212	0.07018100596242757	19.2802	0.2336	187.54618559048942	2.012988277105495	36.0571854257711	0.41073524588410865	166.00998294597852	1.4978938459186102	11.715
18.11182641040771	0.07138975542277637	8.184086190713604	0.07374523103236896	-1.325477421112817	0.062133445499290195	-12.566553822243288	0.06860088342130667	19.2748	0.234	187.80710585303808	1.9416722479437474	36.076106447672814	0.36582672105289665	165.86491291297057	1.3656897264886894	11.715
18.085742910425395	0.0706995607157624	8.155543222161167	0.07543139862121617	-1.3370336523363333	0.07413147185661705	-12.584299013691822	0.07155007630836949	19.2748	0.234	187.7605906077669	1.954795189143529	36.140663769902474	0.40265880364738527	165.77364349629337	1.5185400839444236	11.715
18.109379365353867	0.06574411738013336	8.169876917635579	0.07469777993947863	-1.3428335629698671	0.0710601196659893	-12.56080730519272	0.07578991890278362	19.264	0.2345	187.5848583094387	1.8780001940264064	36.06417222836903	0.3908624948633602	166.20650049338602	1.5392806165890447	11.715
18.111683847185777	0.07697684581054554	8.188037968867953	0.07913102350036118	-1.306180993272899	0.0786783491016251	-12.566461972755196	0.07814922442863761	19.2802	0.2336	187.88459213314945	2.0901191856477435	36.134413004290714	0.42469910201657324	165.58202781253124	1.6306992305518284	11.715
18.107074957459442	0.07158620941556808	8.179818961666333	0.07313272758079715	-1.3293251867980138	0.07381893833262063	-12.551474576676314	0.07333445746887904	19.2748	0.234	187.81626656063634	1.936150641896801	36.077697821687636	0.39424086291271576	166.14465674492092	1.5405222582115008	11.715
18.139078305697414	0.07923523521842782	8.214231494388729	0.08114642294904298	-1.3119731458404778	0.07585876091710911	-12.564760757160153	0.07286969079868223	19.2855	0.2331	187.8618575953317	2.146769097121282	36.01308622768695	0.41993839352511214	165.6922908991876	1.5488484657708603	11.715
18.139363884751326	0.07297355277108912	8.206327394252423	0.07834961739409704	-1.3119782957041783	0.0684009101291257	-12.557588222055582	0.06985743461195303	19.2748	0.234	187.70696756273637	2.0233112672424993	36.042972384587294	0.3938413689160981	165.79804657393845	1.441440922865554	11.715
18.137201540897568	0.07426012687450365	8.212318813601048	0.08036941545305126	-1.3100475500249222	0.07219064240452351	-12.548346766647056	0.06847679473675995	19.2802	0.2336	187.8611777642065	2.0712276112566252	36.02760238690616	0.40873282675972045	165.90590109612353	1.468896272364446	11.715
18.136915998220044	0.0744442861843497	8.208176789561755	0.0674926786496496	-1.325477421112817	0.062133445499290195	-12.559197799727306	0.061372502342832834	19.2802	0.2336	187.78820947332662	1.9005311202736643	35.98494570392977	0.3462659986123157	165.97352395124437	1.2903167156659756	11.715
18.117884647480846	0.07509244711010823	8.181984087727455	0.07845364560992954	-1.3235441084297124	0.07497005661410223	-12.571932852639474	0.07342465248278446	19.2855	0.2331	187.65286016186045	2.0510476690696553	36.09142196536318	0.41201888281952476	165.75708759010726	1.5463534176184115	11.715
18.11182641040771	0.07538674955764607	8.184086190713604	0.07702108047583746	-1.3293360118469038	0.07706341890292123	-12.566553822243288	0.0773051077687271	19.2855	0.2331	187.80710585303808	2.0388199110870193	36.06147418106076	0.4130005935247019	165.9218669408158	1.6117182385211477	11.715
18.099567501382243	0.072109143210045	8.180197511209176	0.06920590949243169	-1.325482775454126	0.06850511187147387	-12.555703245321958	0.07198805567658702	19.2802	0.2336	187.96558250863504	1.8939098589945622	36.090844504048654	0.3697201887743074	166.02524975571538	1.4691274751707304	11.715
18.117884647480846	0.0686860758233982	8.19001385968015	0.07076653704087779	-1.3312612022561112	0.06258775511751402	-12.579288387076902	0.0715387685304738	19.2694	0.2343	187.80463587546282	1.865564097956632	36.03173176906403	0.35751749264729127	165.76241572723941	1.4007941811221734	11.715
18.11845511407977	0.08106159101411997	8.186251501533139	0.07973479492137361	-1.3158371795496395	0.07835469363236114	-12.553910027909014	0.06730679771703918	19.2802	0.2336	187.7227079765327	2.1490536914367393	36.10448614462655	0.4247629554776298	165.90924293516647	1.5249446847030947	11.715
18.139363884751326	0.08262801564748362	8.206327394252423	0.0754478744057805	-1.3119782957041783	0.07210270980913916	-12.550231775354623	0.07402695651762953	19.2802	0.2336	187.70696756273637	2.1144457671989154	36.042972384587294	0.3951831954421838	165.90657629298707	1.5255478080153952	11.715
18.081135304784933	0.079519686242102	8.163382906566909	0.06808423286254317	-1.3524574220681556	0.07474103265471631	-12.580345675584729	0.07414346105867857	19.2802	0.2336	187.99623981907018	1.9843499244221185	36.05231038805955	0.38304270534928325	166.05973592029585	1.5570559914855486	11.715
18.140526649278605	0.07365639819860924	8.19186338342066	0.07877312522955099	-1.3138909140459005	0.07534533364728625	-12.551474576676314	0.07467539451258955	19.2748	0.234	187.4121284937032	2.0315691020896813	36.09056350452895	0.41386064366386677	165.9164651669543	1.566235812613041	11.715
18.097145895405415	0.0633315287109592	8.163068134200968	0.07374068018874871	-1.3485852413069372	0.06679916689259678	-12.59459480565636	0.07162534272808448	19.2855	0.2331	187.68729248355456	1.8364976070637884	36.06818032441671	0.37729564455854736	165.79215477747238	1.4438674333288148	11.715
