18.793593997721494	0.08096438367911166	8.90549186455763	0.07108384853100488	-1.4006923688220938	0.06818598717488358	-12.566094588366292	0.06851036425121028	20.7473	0.2404	188.12538036182983	2.0498206250464452	33.21087025257279	0.31740839862189096	166.60420630453666	1.442297123032139	11.688
18.77667543316592	0.0718863711873481	8.887303615373815	0.07206348959536088	-1.4141890119498775	0.06808410117000213	-12.580713455648949	0.06448662790891586	20.7365	0.2404	188.10122716908634	1.936063080518404	33.22599547040674	0.31975952127263146	166.58746275415436	1.3989969988092195	11.688
18.793149619654685	0.07373372756000363	8.897232370381971	0.07370384410294228	-1.4276812305024769	0.07191813687374665	-12.580529562901358	0.06910411896192092	20.7365	0.2404	187.97681185084548	1.9803475022410693	33.15062581681705	0.3306358129177028	166.79173960020665	1.4915844529169424	11.688
18.783186278150286	0.0731771558413134	8.907539639665364	0.07252647397294294	-1.404551225641074	0.07032548417922332	-12.575334912557043	0.06759636944049183	20.7419	0.2399	188.36265036144073	1.9651194515799482	33.191847496750526	0.3251677290354428	166.5239455882471	1.4541062569154395	11.688
18.791349502600227	0.07903010663599375	8.905423076994204	0.07513601394651473	-1.410331979210986	0.07442370299915445	-12.566002745660652	0.07563046044834176	20.7365	0.2404	188.21508066941595	2.0761058424760916	33.18857408276001	0.3402452998930739	166.7923407423682	1.5864540981355746	11.690999999999999
18.813129554493557	0.0709600331703741	8.917882338437824	0.07083555460360191	-1.3929920887423384	0.0657595903685936	-12.564668920208929	0.0661511234777831	20.7365	0.2404	187.98954025522104	1.9048243040983905	33.19576334589229	0.3111767082978908	166.51063246106	1.3902425998544927	11.688
18.791053287193527	0.07215942532971992	8.883140028828535	0.07321082478245126	-1.4161107786489961	0.0708710320227495	-12.575013235414689	0.0706366880019456	20.7419	0.2399	187.74921886680346	1.947905310080859	33.233227714522975	0.32878988295230455	166.7012488069759	1.4948000486651702	11.688
18.795245969899113	0.07307679931395983	8.893205903430868	0.07192688852061496	-1.4141823150312447	0.07503411243079346	-12.576852025841008	0.06910451389325198	20.7419	0.2399	187.860578463762	1.945309382398944	33.20699095827343	0.33486136582325343	166.64498933052548	1.5228486559683365	11.688
18.79164572734626	0.07063225435100343	8.897507265122899	0.06402956077564735	-1.4141957090722916	0.06539971919117332	-12.579058539747182	0.0672385224156575	20.7311	0.2408	188.01060667995316	1.8115705482364362	33.193096060895755	0.2946179741597494	166.61225516781633	1.3997453669164528	11.688
18.759684358408556	0.0715598407708687	8.899279997785342	0.07057969156561475	-1.408398482248642	0.0752627957243892	-12.575059188274292	0.06806937984736249	20.7419	0.2399	188.65382258425976	1.923008013323057	33.20605585795851	0.33239101814567273	166.5854299534943	1.513870192333124	11.688
18.796060773411895	0.0762782996031908	8.90365044224526	0.07690382095215519	-1.402629138805061	0.07442648337123807	-12.560807305192238	0.07279661575354435	20.7419	0.2399	188.04345074500108	2.058983139540886	33.210563005026074	0.34486046675955545	166.71206957975775	1.5554688604826528	11.688
18.804817289709426	0.07129461602301658	8.901808964116546	0.06819433825922169	-1.4122805078346712	0.06976643909281086	-12.584942856549157	0.0685091427182982	20.7257	0.2411	187.84221053825127	1.8713633072639888	33.18541576594773	0.3138955788484541	166.49594490538828	1.457120389848743	11.688
18.788045318853992	0.07210312516698374	8.905835818316323	0.06906512846931788	-1.4180662489767473	0.07078313071727414	-12.577587418017215	0.06991925018723716	20.7419	0.2411	188.23755707231902	1.9018436431882528	33.15387390764262	0.31758884546268096	166.69200646518595	1.4861541140241776	11.688
18.819345352085442	0.07203534157865522	8.893686758664805	0.07464138596945148	-1.4084199635252361	0.08075256186964927	-12.581173211280301	0.06849131651605933	20.7419	0.2399	187.4135562239804	1.9586481203373645	33.22401491305105	0.35463431307441506	166.49459033133508	1.5779098049426372	11.688
18.809677659715845	0.07152320686643968	8.916213184156943	0.06897107229973384	-1.3872214794637976	0.07042233243574816	-12.56696716172762	0.07185399645701698	20.7311	0.2408	188.0234147960577	1.8883340424606179	33.21973288988717	0.3178080393513987	166.39045535796075	1.497394125526003	11.688
18.823464548137515	0.07270472877713571	8.905732629399076	0.0770984550361708	-1.3968463474390507	0.0734097634188824	-12.571932852639474	0.07482778417154758	20.7419	0.2399	187.5633451377556	2.004141452564186	33.222491974425104	0.3432905600847735	166.45982775993826	1.5614268396840538	11.688
18.785578728349275	0.08134406077988288	8.89962370070236	0.0744307644351831	-1.4084150061194178	0.07937247811113862	-12.581035281026743	0.07249601118023564	20.7419	0.2399	188.16623883639537	2.0986142563411114	33.20489543247145	0.35051017110883675	166.49657189512808	1.6019452573080553	11.688
18.806172674680592	0.07972613644760262	8.919585827006884	0.08405370499624648	-1.392977742259222	0.07157599632033486	-12.57528895766203	0.07357837643257584	20.7311	0.2408	188.1542137361363	2.2047764756152315	33.19032605956034	0.35531517014667013	166.35228076068753	1.5270513063127418	11.688
18.780867935522263	0.06886768445552441	8.889316821963707	0.07251825034375531	-1.3987605039798745	0.07184239567794258	-12.57335821743969	0.06494717790776901	20.7365	0.2404	188.0597849116155	1.9013736091505602	33.26932103346075	0.33010210711346405	166.4671089338148	1.442731753019322	11.688
18.757588301866658	0.07265270896216952	8.87914808575133	0.07246095058051333	-1.4180409153641946	0.06889286729445426	-12.59344650173159	0.06608588271772231	20.7419	0.2399	188.30938226699044	1.956037869804216	33.23988200438056	0.32275401237921003	166.45507498423942	1.421929416751813	11.688
18.795986697445755	0.07649638987920995	8.917710121978837	0.07186652363836979	-1.3910553932399565	0.067662630548779	-12.571795022504002	0.06962887381946617	20.7365	0.2404	188.31250174529015	2.000873765866491	33.20255435712284	0.3179155919827934	166.37566355532041	1.444749214845807	11.688
18.800401903917468	0.07856900673848025	8.905732629399076	0.0771499551255393	-1.400703731482786	0.07495747722478605	-12.582966066703827	0.07306005602599383	20.7419	0.2399	188.0005206084683	2.0921956913939064	33.21005781134991	0.34661045123262013	166.35300792389273	1.5571656879487774	11.688
18.809603524107658	0.07440169123177853	8.91617874559287	0.07285215730543804	-1.381433236659064	0.07158365167785419	-12.555886795200477	0.07057435246001968	20.7365	0.2404	188.0241692338746	1.9789860013866052	33.23851665452192	0.32967175457913583	166.46925642607283	1.4975282022457783	11.688
18.77726741176914	0.07820541572622883	8.889591471817312	0.07269155401973615	-1.4026307693655864	0.07316781395071066	-12.584758894655339	0.07435445299484719	20.7365	0.2416	188.13348921982725	2.0315482951724335	33.25592271067662	0.33325869657975365	166.3550045228865	1.551915374207652	11.688
18.811403633796193	0.07947405788406575	8.928122650345546	0.07333773000073376	-1.3852847727250936	0.07540880810517767	-12.574093419921075	0.07168015664288087	20.7419	0.2399	188.21714954506962	2.0594430143916127	33.18761039229634	0.3384915025165885	166.25567864405804	1.5459563583427618	11.688
18.794630961608547	0.06936269110261516	8.907986891137393	0.0671142724654441	-1.40071509474569	0.06818883239426196	-12.548346766647056	0.08500160009456591	20.7419	0.2411	188.15312472045164	1.8368166975908586	33.20275897417599	0.30816027186325845	166.86979168381444	1.6312169247801305	11.688
18.81177434888397	0.07605127185478522	8.922254055829958	0.07846057686714696	-1.4065094327315415	0.07042036198301707	-12.576162158705008	0.06982216827777474	20.7419	0.2399	188.0984031313028	2.0783058729947372	33.13826943108316	0.3382501312899967	166.54080663872662	1.478596536886383	11.688
18.808046811322043	0.07110914846828326	8.901362035302244	0.07239796887057534	-1.4161158232111666	0.07642183027688657	-12.586183737518082	0.0680314150857202	20.7419	0.2399	187.7725007825923	1.9234442478434794	33.17451726745962	0.3384819206160108	166.53461636302822	1.5254303373998428	11.688
18.802572522454714	0.08014684683060273	8.909793914895053	0.07608715595801872	-1.404562690567725	0.07950196275955258	-12.568300928668668	0.07723202586541379	20.7365	0.2404	188.0364504909249	2.100539658841983	33.18455629046271	0.35404842733032715	166.62903905336557	1.6543781086839024	11.688
18.811996784950168	0.07360446720415564	8.912289289819542	0.0761716667404568	-1.3833683734905047	0.07474137459698837	-12.548713660347662	0.07244881956701527	20.7365	0.2404	187.90484221610106	2.010513591492419	33.24482598072744	0.3445888719636227	166.60505582820954	1.5532185588562362	11.688
18.78774914403868	0.07326526694320325	8.889591471817312	0.07256833708611658	-1.4084166585758482	0.06818559335790392	-12.584758894655339	0.06991827563189881	20.7419	0.2399	187.9342637750285	1.9579390557725413	33.237238021176225	0.3213865248010419	166.44112497315643	1.4544070670835072	11.688
18.80212791052687	0.08092692016980231	8.907574042029918	0.07435429042819763	-1.4064814639935856	0.07380463348732678	-12.571703137443114	0.07411872961381176	20.7365	0.2404	188.00271336949626	2.088144280012784	33.185525051129716	0.33708159087442974	166.60690036110657	1.5608040670146914	11.688
18.800327809630247	0.07224670012001608	8.9238196207448	0.0698674720077013	-1.391058566760566	0.07443251332410428	-12.564531167324313	0.06887432010516889	20.7365	0.2404	188.346219056595	1.9166231263762334	33.18287828047192	0.32841157574320434	166.48387134042986	1.5109924982912528	11.688
18.77719341240262	0.08017765536231444	8.89962370070236	0.07252587863066767	-1.4199863165924713	0.07104915188138913	-12.586551695136281	0.07109480876365304	20.7365	0.2404	188.32597786220734	2.0612884306663	33.167663002793354	0.3263160812233911	166.5868520711294	1.4994588279769727	11.688
18.784986480004633	0.06790333472509602	8.887269293252913	0.07053796380385369	-1.4180442930125239	0.07005038799242784	-12.58986116824406	0.06696617084785858	20.7419	0.2399	187.94262755335032	1.859171911456751	33.213676081634304	0.32040013290950525	166.50854517515714	1.4443777013855754	11.688
18.80047599878864	0.07558165086830337	8.905767025438724	0.07334948267388325	-1.4026340305236449	0.07113877724062134	-12.56462300224157	0.06921244679068791	20.7365	0.2404	187.9997663264561	2.001121949222915	33.20372825191085	0.3291273209906924	166.65515255134426	1.4819012519270733	11.688
18.808491560109626	0.07705526283858707	8.907608444661216	0.07557234104196413	-1.3987685834885575	0.07004692994149606	-12.573587958884893	0.07051051565654409	20.7311	0.2408	187.88253059523413	2.0480995098527552	33.210248998171174	0.33203386189830597	166.46380691876706	1.4805413134879748	11.688
18.77682342431724	0.07367896843142947	8.88737226041056	0.07393495975300808	-1.3949064224651446	0.07473665773222214	-12.589999189437378	0.06991835806715954	20.7365	0.2404	188.09971797496877	1.9853128196347658	33.28808311176397	0.3403445490378308	166.1623546654338	1.5190225745896262	11.688
18.767625019184898	0.07020729399705215	8.870890245378787	0.07053591684996191	-1.4257442713596147	0.0684928050030342	-12.606040366888188	0.06894335377543553	20.7365	0.2404	187.9612839359412	1.8901231962479967	33.24167200627282	0.31741247029518505	166.3822638473805	1.446245657766175	11.688
18.78094194795577	0.07343136293578549	8.885324739982703	0.0683492286110252	-1.4103336388771375	0.06766510218263848	-12.584436974415475	0.06449215764754951	20.7365	0.2404	187.98251142528792	1.9057028043016968	33.24482367020707	0.31055968305573084	166.47447396891766	1.3926312250790982	11.688
18.79351993325121	0.07370084699332892	8.905457470642787	0.0705770903412724	-1.4257614512203234	0.0704138304403196	-12.586275724884821	0.06867801654593683	20.7419	0.2399	188.12613511417484	1.9414429189124338	33.1303934184912	0.3197065019896248	166.67717358218874	1.4689682612587276	11.688
18.763285009089486	0.07592132124470322	8.87283471851156	0.06878402561658022	-1.4218841518243923	0.06766349716575881	-12.583885149855883	0.06929921703754882	20.7473	0.2404	188.08071626730518	1.9481635370920236	33.24785763311628	0.3116122170787859	166.65497299150346	1.4460874139737803	11.688
18.799438723737314	0.07307729212269183	8.90327219628978	0.07146094575098388	-1.3891108585220064	0.07357133829680915	-12.582368309535868	0.07214022478562371	20.7419	0.2399	187.9720768338632	1.9414278563569967	33.25540310257569	0.3313919368563673	166.18959967632833	1.529844584903782	11.688
18.78686067561767	0.07255211450688509	8.891192695050682	0.0706228265089237	-1.4006826298784356	0.07357261311021279	-12.58420704157359	0.06847212745895329	20.7365	0.2404	187.98154692650564	1.923364270415697	33.2570436939531	0.3295463497915372	166.3342347527554	1.4948338171519857	11.688
18.7912013937297	0.07900810903443337	8.901327658021518	0.07787733517658091	-1.4026144643164045	0.07473025389922845	-12.571427490402568	0.07139692540316125	20.7311	0.2408	188.09168090201808	2.109880095426273	33.21809685167604	0.3479563738420995	166.55332760189785	1.5412577008301678	11.688
18.795986697445755	0.07973522308041493	8.907642847557332	0.07327443682388317	-1.4045561391065717	0.07226104298105149	-12.580989304953867	0.0708011095037542	20.7419	0.2399	188.12078170997896	2.060173893012236	33.191499486824334	0.33123788337172994	166.4397708333676	1.5065593789364804	11.688
18.793149619655164	0.07165818260768449	8.885153170289668	0.07148837316225864	-1.4045397613219215	0.07388821313051289	-12.586045759014521	0.06962679458986606	20.7257	0.2411	187.74764245875355	1.9180276373163878	33.26409734952872	0.3323624586271565	166.36426034578363	1.5105441541828408	11.688
18.81478126923593	0.07404538447703966	8.90962185815919	0.07350767241795111	-1.3968399128070026	0.07105093514401592	-12.5791045085344	0.07171244682046124	20.7419	0.2399	187.801417186466	1.9782150112092574	33.209975933554375	0.3294205063293653	166.35297429546011	1.5017833938603082	11.688
18.77001697393509	0.07454252304672435	8.873040306814074	0.07009246357866528	-1.4199659626723828	0.06879237868760268	-12.587838463098306	0.06887450055743212	20.7311	0.2408	187.95668994935576	1.9432070024023151	33.25338957468278	0.3172872071959517	166.56735423753523	1.4518909136408125	11.688
18.791793843221285	0.07419283847654284	8.89354936614945	0.07535656591147523	-1.419984620361533	0.07013657040938681	-12.586505699245203	0.06954199192571038	20.7365	0.2404	187.93261564381675	2.0078294516911135	33.1872031276135	0.3312607612617174	166.58751295206793	1.4734766146219498	11.688
18.809306987519204	0.07051475445939878	8.920068145836302	0.07062710263632327	-1.3968576085133748	0.07420264995516936	-12.550185908218657	0.06782366351867772	20.7419	0.2399	188.10375648097025	1.8983468668579284	33.17629258207845	0.32942203662830843	166.78456195961053	1.5032900549466297	11.688
18.799883256171746	0.0695726759055092	8.909518627307232	0.0690649031677906	-1.410335298555785	0.06967092800748881	-12.57896660319117	0.06708260942463849	20.7419	0.2399	188.0823452584516	1.8642519650336626	33.166879088868676	0.3152890176840319	166.5560375411463	1.4423204831017298	11.688
18.7846903698365	0.06928703263226578	8.893171558617679	0.06545563980608105	-1.414180640833187	0.06808473048182259	-12.582322330591792	0.06851180715717034	20.7257	0.2411	188.0603990509786	1.8121745748915752	33.20710700000341	0.30427456780587153	166.56333941070199	1.440539994382128	11.688
18.80025371592697	0.0747776411935609	8.891570418403038	0.07529565139755198	-1.398771815378061	0.07077948416822115	-12.562646285083645	0.07409493974108328	20.7311	0.2408	187.73462820462902	2.0105711179240333	33.26199844454721	0.33403138971040175	166.62700569644895	1.5293992234611204	11.688
18.79396432883119	0.07073268349825251	8.911704126125708	0.0697779799583132	-1.4026291388055416	0.06723406139015518	-12.575518735532643	0.06608787238858231	20.7419	0.2399	188.2365912960683	1.89257054230928	33.18463138452477	0.3117557147490348	166.4925585054547	1.4048565325584237	11.688
18.77899368877985	0.07119601404207627	8.889419813669779	0.07169959389978633	-1.4026226166864775	0.06966933221290253	-12.58269017165003	0.0679762589170707	20.7419	0.2399	188.09738400759647	1.921815784345453	33.25650372022782	0.32304183232524675	166.38566499825924	1.4486105288803985	11.688
18.713827469871532	0.0755430646438857	8.852124511479321	0.08831220020272566	-1.4160704262767587	0.07598808260496959	-12.584942041004316	0.07186092161820183	20.7365	0.2404	188.628980482023	2.222883214931657	33.333740686528465	0.3782087796115698	166.55245391174182	1.5596038008105788	11.688
18.776921768524957	0.07662893557578794	8.886445641872047	0.07720837542904446	-1.4160754699223945	0.07583876019089943	-12.581402822998108	0.07449498785015099	20.7419	0.2399	188.08022495956365	2.068596090021995	33.22267857156269	0.348994617312414	166.60532342973738	1.5862668554053265	11.688
18.7683159019683	0.07001184887014833	8.892381701133788	0.07713212108036879	-1.4064288267267462	0.07251356541601967	-12.584942041004796	0.06667960332440617	20.7419	0.2399	188.3571657151064	1.986732072363052	33.23464845264901	0.34163312172000204	166.40880045497283	1.4664804976164971	11.688
18.77243384772085	0.0850368193145487	8.87825664071762	0.0830492642323735	-1.4314944293688097	0.07910094677439715	-12.597765514592268	0.08089705647581755	20.7365	0.2404	188.00987044596255	2.258645568382641	33.19938037757259	0.36932867669756303	166.59124256079681	1.6879941156486278	11.688
18.826322372523023	0.07270376835377726	8.941355252425046	0.07216366996104687	-1.3833169737431315	0.07380720563459076	-12.569267116434826	0.07349571104299597	20.7365	0.2404	188.23334636128823	1.9506535165397234	33.15990991314355	0.33152463894578715	166.34084864959084	1.5488999044316565	11.690999999999999
18.812927644797284	0.07725429324342745	8.916814703602547	0.07425279872125952	-1.3929426771943731	0.06777111883745532	-12.570600622546996	0.06505936335681992	20.7311	0.2408	187.973094679889	2.0353271249070937	33.199360055884085	0.3237274796443751	166.42153337958393	1.3987237163552493	11.688
18.836879748682463	0.07701813730994933	8.921254756436845	0.08265504326291806	-1.381389829642747	0.07357042642248571	-12.547246215584556	0.07321940359056633	20.7419	0.2399	187.60319962814447	2.13750719402167	33.2222804071445	0.35682116562364835	166.5974297502278	1.548668520553282	11.688
18.774875158997123	0.07649363535951445	8.881401292109718	0.0732983783347469	-1.4141957090722916	0.06966934715744505	-12.579058539747182	0.06892563246257392	20.7419	0.2399	188.07149690008114	2.0139404106709264	33.25355497725543	0.32662500118475035	166.6550201203748	1.4628633599982275	11.690999999999999
18.798231320903035	0.0748977684077742	8.897644718862969	0.07474340975152005	-1.4122738394997154	0.07013561716274627	-12.584758894655339	0.07139500777151198	20.7419	0.2399	187.8881575031896	2.0080514344917346	33.198841041887185	0.3300484889122926	166.4985869906954	1.491466109884469	11.688
18.797860901111033	0.07645513842402685	8.88941981367026	0.07672190452016006	-1.4161225494723693	0.06838698067869102	-12.58269017165003	0.07293973294971072	20.7365	0.2404	187.73921734428362	2.0522440894511496	33.21293875788886	0.3312307923227957	166.58681859979666	1.4916104852038077	11.688
18.80010553027275	0.07065752065148974	8.913648735355002	0.07009707210458854	-1.3775523418745959	0.0727677502134048	-12.547842323198523	0.0681473918226205	20.7419	0.2399	188.15668883662477	1.8942182146842683	33.25922259270702	0.3265368564971996	166.531305630223	1.4863032485584773	11.688
18.78311225597421	0.07701186550012436	8.89139872199174	0.0753089832828211	-1.3949064224651446	0.07473414111374313	-12.582644190329788	0.07147379312306561	20.7419	0.2399	188.05669699869918	2.0478057804865917	33.275052855916186	0.3432129284508707	166.27159247522496	1.5368789901315985	11.688
18.80212791052687	0.07040585256744494	8.893480671483333	0.07186378043944672	-1.4122671713661377	0.07014051252658893	-12.56618643242919	0.06919333017266209	20.7365	0.2404	187.73531138824103	1.9061260463415195	33.21227654637123	0.32362166313188484	166.7757253140437	1.473183998814404	11.688
18.789105061899594	0.07368009243991598	8.893274593852183	0.07226862395550218	-1.4122571695447368	0.07356979043036009	-12.576943945111664	0.07178616297921685	20.7419	0.2399	187.97846030855837	1.9604755568599754	33.21297291902806	0.3323621546528993	166.61488246396544	1.5339731838375747	11.688
18.78730489932407	0.07001551834757118	8.901465168737657	0.07859079556013945	-1.3852628643259968	0.07192736118858432	-12.566094588366292	0.06658099038551582	20.7419	0.2399	188.1684333909112	2.0034445630808744	33.27368491455552	0.34460588562990796	166.37429314479223	1.4584661994504924	11.688
18.78483842375387	0.06573811909565863	8.891227032211022	0.0697047803859576	-1.408398482248642	0.06839440522473886	-12.573220376644153	0.06357569804252816	20.7419	0.2399	188.02062272712587	1.8208662730001866	33.23201866838377	0.3150873432005175	166.61286605851302	1.393498841722673	11.688
18.805876214470196	0.07464257366173713	8.893274593852183	0.06819280040130495	-1.4141856634653287	0.07078259966123605	-12.580621508596284	0.06776221498785147	20.7419	0.2399	187.66041913647456	1.9140272678830677	33.206758874563164	0.316645374608335	166.58878451974462	1.4618729912878385	11.688
18.79157167028419	0.07464836206103649	8.909553037325118	0.07170179626681555	-1.396836695563792	0.07209445936127697	-12.567979419891396	0.06797771771711261	20.7365	0.2404	188.24119281194413	1.9716744218558973	33.210208059728025	0.32764174784261285	166.5185935550778	1.4770306285182533	11.688
18.772556980070764	0.07548518854918174	8.889351152267098	0.07385906302372423	-1.4199761394010104	0.07104749526606183	-12.584436974415475	0.07015972735288128	20.7311	0.2408	188.2185808196877	2.011240058388471	33.20074508164179	0.33004433188295385	166.6182543293111	1.4901683034855275	11.688
18.81949369797849	0.07174955827385682	8.911876225118291	0.07828589541114236	-1.3891361293252535	0.0712295296858083	-12.566553822243288	0.07017480782747827	20.7203	0.2412	187.80301568810916	2.012908204011977	33.236073224859894	0.3414946688057675	166.46782743623044	1.4891849736774374	11.690999999999999
18.772187095226993	0.07346373419625636	8.887166328480562	0.0693355218881265	-1.4103253406723013	0.06967252832902535	-12.575013235414689	0.07071748405324191	20.7311	0.2408	188.18402295277554	1.9230807158814018	33.23890500433328	0.3172791177808514	166.61486576208452	1.4814957332872374	11.688
18.78954934406188	0.07718621219148714	8.895493959937033	0.07429537939316957	-1.4103386179510486	0.07217583231517594	-12.586413708482432	0.06883633689743886	20.7311	0.2408	188.01218536160565	2.0358022508233593	33.21200347347642	0.33380645811548065	166.4451034723342	1.4854056155616833	11.688
18.79472749535347	0.0758666994929432	8.87283471851156	0.07617935118780915	-1.4218841518248728	0.07148411762246215	-12.571014042737815	0.07032870701443465	20.7365	0.2404	187.48468832477815	2.0315725685605583	33.24785763311473	0.3373857045335966	166.84736773712044	1.5006980137783659	11.688
18.790757081125196	0.06478222123072123	8.897094929381591	0.06622774753155083	-1.4045332105557389	0.06818858178659762	-12.59321641054787	0.06717846461901242	20.7419	0.2399	188.01965807274317	1.760605127329877	33.22555839954514	0.30658412115222605	166.25754269808812	1.422369483962273	11.688
18.77832766454745	0.06991928681269002	8.90723003033873	0.06613790714450238	-1.39682221857468	0.07087592864548511	-12.580437618564174	0.06537089725954001	20.7311	0.2408	188.49782553452607	1.8378712107823887	33.2262679411952	0.3125953052915588	166.37557472595992	1.4344088491782658	11.690999999999999
18.773839373636804	0.07390062470139099	8.8748819928866	0.07449845898858001	-1.4257425534452037	0.07149289192783376	-12.602317254658418	0.06624641491311531	20.7365	0.2404	187.919081101963	1.9920542951911218	33.22879557781524	0.3330850859028845	166.43766311123463	1.4514450455381613	11.688
18.782668135170585	0.07392842834604252	8.887166328480562	0.0693355218881265	-1.4276812305024769	0.06599137086266627	-12.586045759014521	0.06791271625514855	20.7257	0.2411	187.98470367621488	1.925438623416354	33.18297681246888	0.30793156251440157	166.70928522767386	1.4147600320005123	11.688
18.7587233871685	0.0741988030516939	8.866624614087115	0.06847561658957424	-1.4295887941679448	0.06633854992108795	-12.600202455567882	0.06547858650487343	20.7419	0.2399	188.0493732957966	1.9193920616237414	33.24303156920409	0.3078209530477734	166.52648021352718	1.3895442701671101	11.688
18.7911273401694	0.07500187201473849	8.889213832643412	0.07383534923176922	-1.416112460156743	0.07032387098594381	-12.586091751509567	0.07109417031162858	20.7419	0.2399	187.86297955887198	1.9967880615843476	33.21363512895448	0.3286327879997944	166.5359376537196	1.4909114880012773	11.688
18.80676562314389	0.07537201836813967	8.907780461800565	0.07212946990558233	-1.3872041845729295	0.06967307554961852	-12.568300928668668	0.07032405864366534	20.7311	0.2408	187.91855372431303	1.980456490438949	33.24699930411803	0.3238626986950705	166.3703496564742	1.4729919284251847	11.688
18.77263095878906	0.07061577376052752	8.89542525049582	0.06844892127546326	-1.4141923604858522	0.06967385643032677	-12.582644190329306	0.06637283037813829	20.7311	0.2408	188.3812582869523	1.8756776290677564	33.20833165895397	0.31460953731262203	166.6014652734039	1.4354452033606069	11.690999999999999
18.817100359729885	0.07496014267866632	8.899658072454558	0.07205263248774478	-1.4007021082083995	0.0715842696205436	-12.575564692124711	0.0720168912564457	20.7365	0.2404	187.5688227845626	1.9664638508730545	33.22964841719307	0.3276624512323856	166.46316327284546	1.5125887836282104	11.688
18.81118121175725	0.06925751501248215	8.911910645714055	0.06608271353697993	-1.406496270523806	0.06679697010343479	-12.566599747496307	0.0662965684878925	20.7419	0.2399	187.91313586669736	1.8171271234770203	33.171530271330035	0.3020666072953094	166.6833088686295	1.4056232606103916	11.688
18.80526198114029	0.07387962779364383	8.891948173850452	0.07415791152283141	-1.4026470756504321	0.06967588939844588	-12.576024276711548	0.06869117474409432	20.7419	0.2399	187.64693734300604	1.9814369322853607	33.24825688416261	0.32863689257735423	166.4852927977239	1.4578745008278462	11.688
18.799120387970238	0.07571613035800362	8.90812451601041	0.07213021896879786	-1.3910776088963994	0.06723412315473569	-12.5614040801877	0.06930008080586317	20.7473	0.2404	188.07034184814472	1.9883993145925005	33.233384802318604	0.3181819291203847	166.53076162446592	1.4394771625624148	11.688
18.81155191807763	0.07726010096106378	8.912082752682462	0.07594577794920923	-1.3930032477948564	0.07656365238162648	-12.579702133656468	0.06983639696919362	20.7365	0.2404	187.9575973822505	2.0569531067044022	33.222934858245154	0.34767353980592247	166.32971519766053	1.5408208491673783	11.690999999999999
18.804817289709426	0.07353769325038437	8.89778217685024	0.0775351817484351	-1.4161376843056308	0.07598910048585752	-12.566553822243288	0.07597152482734162	20.7365	0.2404	187.81405521337183	2.0258527256430097	33.19447945217053	0.3494026616450349	166.87094155676002	1.6080728433551608	11.690999999999999
18.798675843925082	0.07373577765394629	8.897850907436638	0.07471006576509352	-1.3872104734576862	0.0721792533531533	-12.57584043880417	0.07120516448030709	20.7419	0.2399	187.88363462548375	1.9919570451166484	33.279076779230955	0.336127505626081	166.25833373876063	1.506619186665216	11.688
18.84187254028734	0.07217541052508655	8.924612430315078	0.07144944047988654	-1.3775922724202383	0.07175534029042505	-12.558230767617314	0.0713869366586525	20.7257	0.2411	187.57226837153874	1.9208659920734823	33.22369893145378	0.32655874428829207	166.3771685004546	1.5061959832300074	11.688
18.773296793490047	0.07548612698811095	8.887681176201536	0.06946219454652802	-1.412278840731948	0.07341075270079256	-12.590413271362934	0.07041001470104047	20.7365	0.2404	188.220998238419	1.9531575244777255	33.2394689241135	0.32615146684447105	166.45715358267668	1.5147265875129425	11.690999999999999
18.776527444347508	0.07278619252464777	8.889248162151864	0.0686326686972202	-1.4141856634653287	0.07412264145812589	-12.584299013691822	0.07306723729693762	20.7419	0.2399	188.1410367569775	1.9036464952800565	33.21973559172953	0.3256959616734079	166.53393896135836	1.5517411887923414	11.688
18.769869042392653	0.07660586257982627	8.889076517262605	0.08102827447410271	-1.4161057342007315	0.07372267158631227	-12.595101052750149	0.07315941900524911	20.7311	0.2408	188.3128741905102	2.125173306313116	33.2226245541515	0.353166894989065	166.44433481422993	1.5464051386958257	11.690999999999999
18.781312018875806	0.07718532090075045	8.89556267043993	0.07292201674321497	-1.408413353675964	0.07511046749894106	-12.580989304953867	0.0708011095037542	20.7365	0.2404	188.1701537529266	2.0211714828320155	33.217987558667055	0.3374877095170373	166.49723241714062	1.5382176236567766	11.688
18.78767510179448	0.07119720737614782	8.871438383830682	0.07179109233194343	-1.4277002094012565	0.0793763734909628	-12.581035281026264	0.06951161608871334	20.7257	0.2411	187.63977631923862	1.9132303914067825	33.24211998928306	0.3454436375930587	166.82726984694213	1.5781857831762462	11.690999999999999
