16.34765497651892	0.18889379845904022	7.956934790729592	0.18858066734249784	-2.0399180327641417	0.18824424168741044	-10.6935878637224	0.31853694688932227	20.0407	0.2366	222.3235963868123	7.072273565471589	34.33517950586186	0.9151679495598591	215.5680912745819	9.21697788745764	11.721
16.44907896832145	0.33521492764058475	7.956934790729592	0.18858066734249784	-2.0399180327641417	0.18824424168741044	-10.72376719152832	0.32805239981588025	20.0407	0.2366	219.6683250977373	9.949029693186127	34.33517950586186	0.9151679495598591	214.818918877396	9.356440726749401	11.721
16.482896276867983	0.3459205008351721	7.956934790729592	0.18858066734249784	-2.0399180327641417	0.18824424168741044	-10.784114072152253	0.3280138902144026	20.0407	0.2366	218.79703433014382	10.110602251092269	34.33517950586186	0.9151679495598591	213.33637530279384	9.22692706187132	11.721
16.44907896832145	0.33521492764058475	7.956934790729592	0.18858066734249784	-2.0399180327641417	0.18824424168741044	-10.72376719152832	0.32805239981588025	20.0407	0.2366	219.6683250977373	9.949029693186127	34.33517950586186	0.9151679495598591	214.818918877396	9.356440726749401	11.721
16.41526631605942	0.31553357726090886	7.956934790729592	0.18858066734249784	-2.0399180327641417	0.18824424168741044	-10.633217429275314	0.27091678968885663	20.0407	0.2366	220.5464614851879	9.584772484723008	34.33517950586186	0.9151679495598591	217.08251998498608	8.333795134866524	11.721
16.44907896832145	0.33521492764058475	7.956934790729592	0.18858066734249784	-2.0399180327641417	0.18824424168741044	-10.633217429275314	0.27091678968885663	20.0407	0.2366	219.6683250977373	9.949029693186127	34.33517950586186	0.9151679495598591	217.08251998498608	8.333795134866524	11.721
16.482896276867983	0.3459205008351721	7.956934790729592	0.18858066734249784	-2.0399180327641417	0.18824424168741044	-10.603026321094738	0.1879636393085617	20.0407	0.2366	218.79703433014382	10.110602251092269	34.33517950586186	0.9151679495598591	217.84789181310023	6.7676039849992735	11.721
16.55054486667917	0.3459662037479342	7.956934790729592	0.18858066734249784	-2.0399180327641417	0.18824424168741044	-10.603026321094738	0.1879636393085617	20.0407	0.2366	217.07467193570284	9.953061821924926	34.33517950586186	0.9151679495598591	217.84789181310023	6.7676039849992735	11.721
16.482896276867983	0.3459205008351721	7.956934790729592	0.18858066734249784	-2.0399180327641417	0.18824424168741044	-10.603026321094738	0.1879636393085617	20.0407	0.2366	218.79703433014382	10.110602251092269	34.33517950586186	0.9151679495598591	217.84789181310023	6.7676039849992735	11.721
16.482896276867983	0.3459205008351721	7.956934790729592	0.18858066734249784	-2.0399180327641417	0.18824424168741044	-10.633217429275314	0.27091678968885663	20.0407	0.2366	218.79703433014382	10.110602251092269	34.33517950586186	0.9151679495598591	217.08251998498608	8.333795134866524	11.721
16.44907896832145	0.33521492764058475	7.956934790729592	0.18858066734249784	-2.0399180327641417	0.18824424168741044	-10.603026321094738	0.1879636393085617	20.0407	0.2366	219.6683250977373	9.949029693186127	34.33517950586186	0.9151679495598591	217.84789181310023	6.7676039849992735	11.721
16.51671824266505	0.3493554790900695	7.956934790729592	0.18858066734249784	-2.0399180327641417	0.18824424168741044	-10.603026321094738	0.1879636393085617	20.0407	0.2366	217.93250944430216	10.107733201988271	34.33517950586186	0.9151679495598591	217.84789181310023	6.7676039849992735	11.721
16.584376149879265	0.3353004464901878	7.956934790729592	0.18858066734249784	-2.0399180327641417	0.18824424168741044	-10.603026321094738	0.1879636393085617	20.0407	0.2366	216.2234445096206	9.641299355718889	34.33517950586186	0.9151679495598591	217.84789181310023	6.7676039849992735	11.721
16.44907896832145	0.33521492764058475	7.956934790729592	0.18858066734249784	-2.0399180327641417	0.18824424168741044	-10.603026321094738	0.1879636393085617	20.0407	0.2366	219.6683250977373	9.949029693186127	34.33517950586186	0.9151679495598591	217.84789181310023	6.7676039849992735	11.721
16.652052697707788	0.2819185391006924	7.956934790729592	0.18858066734249784	-2.0399180327641417	0.18824424168741044	-10.603026321094738	0.1879636393085617	20.0407	0.2366	214.54051663669787	8.368732044791399	34.33517950586186	0.9151679495598591	217.84789181310023	6.7676039849992735	11.721
16.652052697707788	0.2819185391006924	7.956934790729592	0.18858066734249784	-2.0399180327641417	0.18824424168741044	-10.603026321094738	0.1879636393085617	20.0407	0.2366	214.54051663669787	8.368732044791399	34.33517950586186	0.9151679495598591	217.84789181310023	6.7676039849992735	11.721
16.61821209323282	0.31564560180158824	7.956934790729592	0.18858066734249784	-2.0399180327641417	0.18824424168741044	-10.603026321094738	0.1879636393085617	20.0407	0.2366	215.37875105799503	9.143257002137	34.33517950586186	0.9151679495598591	217.84789181310023	6.7676039849992735	11.721
16.685897964272133	0.1889056917687278	7.956934790729592	0.18858066734249784	-2.0399180327641417	0.18824424168741044	-10.603026321094738	0.1879636393085617	20.0407	0.2366	213.70866744337908	6.535004647204112	34.33517950586186	0.9151679495598591	217.84789181310023	6.7676039849992735	11.721
16.61821209323282	0.31564560180158824	7.956934790729592	0.18858066734249784	-2.0399180327641417	0.18824424168741044	-10.603026321094738	0.1879636393085617	20.0407	0.2366	215.37875105799503	9.143257002137	34.33517950586186	0.9151679495598591	217.84789181310023	6.7676039849992735	11.721
16.652052697707788	0.2819185391006924	7.956934790729592	0.18858066734249784	-2.0399180327641417	0.18824424168741044	-10.603026321094738	0.1879636393085617	20.0407	0.2366	214.54051663669787	8.368732044791399	34.33517950586186	0.9151679495598591	217.84789181310023	6.7676039849992735	11.721
16.652052697707788	0.2819185391006924	7.956934790729592	0.18858066734249784	-2.0399180327641417	0.18824424168741044	-10.603026321094738	0.1879636393085617	20.0407	0.2366	214.54051663669787	8.368732044791399	34.33517950586186	0.9151679495598591	217.84789181310023	6.7676039849992735	11.721
16.685897964272133	0.1889056917687278	7.956934790729592	0.18858066734249784	-2.0399180327641417	0.18824424168741044	-10.603026321094738	0.1879636393085617	20.0407	0.2366	213.70866744337908	6.535004647204112	34.33517950586186	0.9151679495598591	217.84789181310023	6.7676039849992735	11.721
16.685897964272133	0.1889056917687278	7.956934790729592	0.18858066734249784	-2.0399180327641417	0.18824424168741044	-10.603026321094738	0.1879636393085617	20.0407	0.2366	213.70866744337908	6.535004647204112	34.33517950586186	0.9151679495598591	217.84789181310023	6.7676039849992735	11.721
16.685897964272133	0.1889056917687278	7.956934790729592	0.18858066734249784	-2.0399180327641417	0.18824424168741044	-10.603026321094738	0.1879636393085617	19.9544	0.3504	213.70866744337908	6.535004647204112	34.33517950586186	0.9151679495598591	217.84789181310023	6.7676039849992735	11.721
16.685897964272133	0.1889056917687278	7.956934790729592	0.18858066734249784	-2.0399180327641417	0.18824424168741044	-10.603026321094738	0.1879636393085617	20.0407	0.2366	213.70866744337908	6.535004647204112	34.33517950586186	0.9151679495598591	217.84789181310023	6.7676039849992735	11.721
16.685897964272133	0.1889056917687278	7.956934790729592	0.18858066734249784	-2.008598205051584	0.27432676740889406	-10.603026321094738	0.1879636393085617	20.0407	0.2366	213.70866744337908	6.535004647204112	34.44308862693533	1.1505524057913388	217.05401020201384	8.398465323892168	11.721
16.685897964272133	0.1889056917687278	7.956934790729592	0.18858066734249784	-2.0399180327641417	0.18824424168741044	-10.603026321094738	0.1879636393085617	20.0407	0.2366	213.70866744337908	6.535004647204112	34.33517950586186	0.9151679495598591	217.84789181310023	6.7676039849992735	11.721
16.685897964272133	0.1889056917687278	7.989591718964805	0.27835252613194483	-2.0399180327641417	0.18824424168741044	-10.603026321094738	0.1879636393085617	20.0407	0.2366	214.511199969152	8.297975526197195	34.223381270372556	1.1466239215665315	217.84789181310023	6.7676039849992735	11.721
16.685897964272133	0.1889056917687278	7.956934790729592	0.18858066734249784	-2.0399180327641417	0.18824424168741044	-10.603026321094738	0.1879636393085617	20.0407	0.2366	213.70866744337908	6.535004647204112	34.33517950586186	0.9151679495598591	217.84789181310023	6.7676039849992735	11.721
16.685897964272133	0.1889056917687278	7.956934790729592	0.18858066734249784	-1.9772742299682673	0.30557525707617883	-10.603026321094738	0.1879636393085617	20.0407	0.2366	213.70866744337908	6.535004647204112	34.5516925880252	1.2489010300252816	216.2657897273846	8.994793705850089	11.721
16.685897964272133	0.1889056917687278	7.956934790729592	0.18858066734249784	-2.008598205051584	0.27432676740889406	-10.603026321094738	0.1879636393085617	20.0407	0.2366	213.70866744337908	6.535004647204112	34.44308862693533	1.1505524057913388	217.05401020201384	8.398465323892168	11.721
16.685897964272133	0.1889056917687278	7.956934790729592	0.18858066734249784	-1.945946106687052	0.32380969595854153	-10.603026321094738	0.1879636393085617	20.0407	0.2366	213.70866744337908	6.535004647204112	34.660998122059716	1.3115560650325864	215.48317005027764	9.319436748067757	11.721
16.685897964272133	0.1889056917687278	8.022253061173775	0.31093581072969056	-2.0399180327641417	0.18824424168741044	-10.603026321094738	0.1879636393085617	20.0407	0.2366	215.31989235996588	9.042165522549746	34.1122937568743	1.2322491650288017	217.84789181310023	6.7676039849992735	11.721
16.685897964272133	0.1889056917687278	7.956934790729592	0.18858066734249784	-2.008598205051584	0.27432676740889406	-10.603026321094738	0.1879636393085617	20.0407	0.2366	213.70866744337908	6.535004647204112	34.44308862693533	1.1505524057913388	217.05401020201384	8.398465323892168	11.721
16.685897964272133	0.1889056917687278	7.956934790729592	0.18858066734249784	-2.008598205051584	0.27432676740889406	-10.603026321094738	0.1879636393085617	20.0407	0.2366	213.70866744337908	6.535004647204112	34.44308862693533	1.1505524057913388	217.05401020201384	8.398465323892168	11.721
16.685897964272133	0.1889056917687278	7.989591718964805	0.27835252613194483	-1.945946106687052	0.3238096959585415	-10.603026321094738	0.1879636393085617	20.0407	0.2366	214.511199969152	8.297975526197195	34.54707155380586	1.4847465205847035	215.48317005027764	9.319436748067757	11.721
16.685897964272133	0.1889056917687278	8.022253061173775	0.31093581072969056	-1.945946106687052	0.32380969595854153	-10.603026321094738	0.1879636393085617	20.0407	0.2366	215.31989235996588	9.042165522549746	34.43387621056125	1.5507548617474785	215.48317005027764	9.319436748067757	11.721
16.685897964272133	0.1889056917687278	7.989591718964805	0.27835252613194483	-1.914613834378395	0.3337277824983458	-10.603026321094738	0.1879636393085617	20.0407	0.2366	214.511199969152	8.297975526197195	34.65636232403075	1.520641504283214	214.706091686161	9.465111747744718	11.721
16.685897964272133	0.1889056917687278	7.956934790729592	0.18858066734249784	-1.8832774122151557	0.3369095064396963	-10.603026321094738	0.1879636393085617	20.0407	0.2366	213.70866744337908	6.535004647204112	34.8817412784677	1.368641845135566	213.9344959899541	9.46529721210428	11.721
16.685897964272133	0.1889056917687278	8.087588991112794	0.3402914031488622	-1.7892432383097214	0.30567508984701136	-10.603026321094738	0.1879636393085617	20.0407	0.2366	216.95604261295435	9.820678899167437	34.75241132129754	1.6094776572397915	211.6520307407714	8.617144311556677	11.721
16.685897964272133	0.1889056917687278	7.956934790729592	0.18858066734249784	-1.7892432383097214	0.30567508984701136	-10.603026321094738	0.1879636393085617	20.0407	0.2366	213.71579106562717	6.535222480692354	35.21946517121514	1.2979057352578534	211.65908580846278	8.617431549700395	11.7213907
16.685897964272133	0.1889056917687278	7.989591718964805	0.27835252613194483	-1.8205921150096411	0.3238859051811921	-10.603026321094738	0.1879636393085617	20.0407	0.2366	214.511199969152	8.297975526197195	34.98851214180351	1.5231390903509119	212.4075221295236	9.056891926836705	11.721
16.685897964272133	0.1889056917687278	8.054918818256693	0.32994932856642545	-1.7578902084389687	0.27442676814219097	-10.603026321094738	0.1879636393085617	20.0407	0.2366	216.13481580954897	9.520869117662889	34.97915176526393	1.5297947458135328	210.9017955428612	7.931084694678702	11.721
16.685897964272133	0.1889056917687278	8.087588991112794	0.3402914031488622	-1.851936839368752	0.3337685096319124	-10.603026321094738	0.1879636393085617	20.0407	0.2366	216.95604261295435	9.820678899167437	34.533210340448406	1.6560563985609076	213.16832514117775	9.330879771697171	11.721
16.685897964272133	0.1889056917687278	8.087588991112794	0.3402914031488623	-1.7578902084389687	0.27442676814219097	-10.603026321094738	0.1879636393085617	20.0407	0.2366	216.95604261295435	9.820678899167438	34.8630807329283	1.5479918364257368	210.9017955428612	7.931084694678702	11.721
16.685897964272133	0.1889056917687278	8.15294258774628	0.3403347467146327	-1.7892432383092407	0.3056750898470114	-10.603026321094738	0.1879636393085617	20.0407	0.2366	218.61770109708638	9.97265835040763	34.52397110591107	1.5884998114261584	211.65203074075984	8.61714431155574	11.721
16.685897964272133	0.1889056917687278	8.218313858277224	0.3110420542043908	-1.7265330245683208	0.18825519017474043	-10.603026321094738	0.1879636393085617	20.0407	0.2366	220.3054690250309	9.468105332863836	34.51473313082586	1.2618306765223672	210.15676187240544	6.298361724105651	11.721
16.685897964272133	0.1889056917687278	8.185626013324052	0.33003043307394486	-1.7578902084389687	0.27442676814219097	-10.603026321094738	0.1879636393085617	20.0407	0.2366	219.4582830696424	9.817739016085431	34.51935196093853	1.4900573564817399	210.9017955428612	7.931084694678702	11.721
16.685897964272133	0.1889056917687278	8.15294258774628	0.3403347467146327	-1.7578902084389687	0.27442676814219097	-10.603026321094738	0.1879636393085617	20.0407	0.2366	218.61770109708638	9.97265835040763	34.63318807279812	1.5277616464992183	210.9017955428612	7.931084694678702	11.721
16.685897964272133	0.1889056917687278	8.185626013324052	0.33003043307394486	-1.7265330245683208	0.18825519017474043	-10.603026321094738	0.1879636393085617	20.0407	0.2366	219.4582830696424	9.817739016085431	34.62855417030551	1.3273629452345155	210.15676187240544	6.298361724105651	11.721
16.685897964272133	0.1889056917687278	8.054918818256693	0.32994932856642545	-1.7578902084389687	0.27442676814219097	-10.603026321094738	0.1879636393085617	20.0407	0.2366	216.13481580954897	9.520869117662889	34.97915176526393	1.5297947458135328	210.9017955428612	7.931084694678702	11.721
16.685897964272133	0.1889056917687278	8.283702809912464	0.18859210181856811	-1.7265330245683208	0.18825519017474043	-10.603026321094738	0.1879636393085617	20.0407	0.2366	222.01996665266358	7.053405273598612	34.289275683797406	0.912776765192751	210.15676187240544	6.298361724105651	11.721
16.685897964272133	0.1889056917687278	8.15294258774628	0.3403347467146327	-1.7892432383097214	0.30567508984701136	-10.603026321094738	0.1879636393085617	20.0407	0.2366	218.61770109708638	9.97265835040763	34.5239711059094	1.5884998114260052	211.6520307407714	8.617144311556677	11.721
16.685897964272133	0.1889056917687278	8.251006123505988	0.2784589417242303	-1.851936839368752	0.3337685096319124	-10.603026321094738	0.1879636393085617	20.0407	0.2366	221.15933709597698	8.8225968085084	33.97462872448715	1.46173852609664	213.16832514117775	9.330879771697171	11.721
16.685897964272133	0.1889056917687278	8.251006123505988	0.2784589417242303	-1.7578902084389687	0.27442676814219097	-10.603026321094738	0.1879636393085617	20.0407	0.2366	221.15933709597698	8.8225968085084	34.29386465846623	1.3395599512428855	210.9017955428612	7.931084694678702	11.721
16.685897964272133	0.1889056917687278	8.251006123505988	0.2784589417242303	-1.7578902084389687	0.27442676814219097	-10.603026321094738	0.1879636393085617	20.0407	0.2366	221.15933709597698	8.8225968085084	34.29386465846623	1.3395599512428855	210.9017955428612	7.931084694678702	11.721
16.685897964272133	0.1889056917687278	8.251006123505988	0.2784589417242303	-1.7892432383097214	0.30567508984701136	-10.603026321094738	0.1879636393085617	20.0407	0.2366	221.15933709597698	8.8225968085084	34.186774035088916	1.4079330860439438	211.6520307407714	8.617144311556677	11.721
16.685897964272133	0.1889056917687278	8.283702809912464	0.18859210181856811	-1.851936839368752	0.3337685096319124	-10.603026321094738	0.1879636393085617	20.0407	0.2366	222.01996665266358	7.053405273598612	33.8650295457851	1.280891307878507	213.16832514117775	9.330879771697171	11.721
16.685897964272133	0.1889056917687278	8.218313858277224	0.3110420542043908	-1.7892432383092407	0.3056750898470114	-10.603026321094738	0.1879636393085617	20.0407	0.2366	220.3054690250309	9.468105332863836	34.29845394591038	1.4946308279774367	211.65203074075984	8.61714431155574	11.721
16.685897964272133	0.1889056917687278	8.15294258774628	0.3403347467146326	-1.8832774122151557	0.3369095064396963	-10.603026321094738	0.1879636393085617	20.0407	0.2366	218.61770109708638	9.972658350407627	34.200499410102445	1.631917351713685	213.9344959899541	9.46529721210428	11.721
16.685897964272133	0.1889056917687278	8.251006123505988	0.2784589417242303	-2.0399180327641417	0.18824424168741044	-10.784114072152253	0.3280138902144026	20.0407	0.2366	221.15933709597698	8.8225968085084	33.354024475946154	1.0893954889587576	213.33637530279384	9.22692706187132	11.721
16.685897964272133	0.1889056917687278	8.251006123505988	0.2784589417242303	-2.0399180327641417	0.18824424168741044	-10.844445257919995	0.3009086718916758	20.0407	0.2366	221.15933709597698	8.8225968085084	33.354024475946154	1.0893954889587576	211.87453230313386	8.541356194816391	11.721
16.685897964272133	0.1889056917687278	8.218313858277224	0.3110420542043908	-1.945946106687052	0.32380969595854153	-10.874604967155559	0.2708222258037868	20.0407	0.2366	220.3054690250309	9.468105332863836	33.769673087021026	1.4917506144646389	208.92892394392823	9.877863388963812	11.721
16.685897964272133	0.1889056917687278	8.218313858277224	0.3110420542043908	-2.0399180327641417	0.18824424168741044	-10.904760754982952	0.1879531032760212	20.0407	0.2366	220.3054690250309	9.468105332863836	33.460321411538594	1.1858929494360906	210.43295932420048	6.314567154171802	11.721
16.685897964272133	0.1889056917687278	8.15294258774628	0.3403347467146326	-2.0399180327641417	0.18824424168741044	-10.904760754982952	0.1879531032760212	20.0407	0.2366	218.61770109708638	9.972658350407627	33.6749170784944	1.284924809977222	210.43295932420048	6.314567154171802	11.721
16.685897964272133	0.1889056917687278	7.989591718964805	0.27835252613194483	-2.0399180327641417	0.18824424168741044	-10.904760754982952	0.1879531032760212	20.0407	0.2366	214.511199969152	8.297975526197195	34.223381270372556	1.1466239215665315	210.43295932420048	6.314567154171802	11.721
16.685897964272133	0.1889056917687278	8.087588991112794	0.3402914031488623	-2.0399180327641417	0.18824424168741044	-10.904760754982952	0.1879531032760212	20.0407	0.2366	216.95604261295435	9.820678899167438	33.892223957889826	1.3014348309262602	210.43295932420048	6.314567154171802	11.721
16.685897964272133	0.1889056917687278	8.15294258774628	0.3403347467146327	-2.0399180327641417	0.18824424168741044	-10.904760754982952	0.1879531032760212	20.0407	0.2366	218.61770109708638	9.97265835040763	33.6749170784944	1.2849248099772224	210.43295932420048	6.314567154171802	11.721
16.685897964272133	0.1889056917687278	8.022253061173775	0.31093581072969056	-2.0399180327641417	0.18824424168741044	-10.904760754982952	0.1879531032760212	20.0407	0.2366	215.31989235996588	9.042165522549746	34.1122937568743	1.2322491650288017	210.43295932420048	6.314567154171802	11.721
16.685897964272133	0.1889056917687278	8.022253061173775	0.31093581072969056	-2.0399180327641417	0.18824424168741044	-10.904760754982952	0.1879531032760212	20.0407	0.2366	215.31989235996588	9.042165522549746	34.1122937568743	1.2322491650288017	210.43295932420048	6.314567154171802	11.721
16.685897964272133	0.1889056917687278	8.087588991112794	0.3402914031488623	-2.0399180327641417	0.18824424168741044	-10.904760754982952	0.1879531032760212	20.0407	0.2366	216.95604261295435	9.820678899167438	33.892223957889826	1.3014348309262602	210.43295932420048	6.314567154171802	11.721
16.685897964272133	0.1889056917687278	8.054918818256693	0.32994932856642545	-2.0399180327641417	0.18824424168741044	-10.93491262217116	0.2707986079373286	20.0407	0.2366	216.13481580954897	9.520869117662889	34.00191020953737	1.2795017082052014	209.71964279794636	7.775772657299653	11.721
16.685897964272133	0.1889056917687278	7.956934790729592	0.18858066734249784	-2.0399180327641417	0.18824424168741044	-11.145865979080456	0.3007515856030881	20.0407	0.2366	213.70866744337908	6.535004647204112	34.33517950586186	0.9151679495598591	204.86116316256226	7.98225543865396	11.721
16.685897964272133	0.1889056917687278	7.956934790729592	0.18858066734249784	-2.0399180327641417	0.18824424168741044	-11.145865979080456	0.3007515856030881	20.0407	0.2366	213.70866744337908	6.535004647204112	34.33517950586186	0.9151679495598591	204.86116316256226	7.98225543865396	11.721
16.685897964272133	0.1889056917687278	7.956934790729592	0.18858066734249784	-2.0399180327641417	0.18824424168741044	-11.175986508788673	0.2707042287457515	20.0407	0.2366	213.70866744337908	6.535004647204112	34.33517950586186	0.9151679495598591	204.18576030549187	7.369095490760476	11.721
16.685897964272133	0.1889056917687278	7.956934790729592	0.18858066734249784	-2.0399180327641417	0.18824424168741044	-11.206103124762715	0.1879425819309869	20.0407	0.2366	213.70866744337908	6.535004647204112	34.33517950586186	0.9151679495598591	203.514883155536	5.906038502200836	11.721
16.685897964272133	0.1889056917687278	7.989591718964805	0.27835252613194483	-2.0399180327641417	0.18824424168741044	-11.206103124762715	0.1879425819309869	20.0407	0.2366	214.511199969152	8.297975526197195	34.223381270372556	1.1466239215665315	203.514883155536	5.906038502200836	11.721
16.685897964272133	0.1889056917687278	7.956934790729592	0.18858066734249784	-2.102545249386985	0.30550876820744066	-11.206103124762715	0.1879425819309869	20.0407	0.2366	213.70866744337908	6.535004647204112	34.12141928007261	1.217797582849407	204.91494792667675	8.073854465931769	11.721
16.685897964272133	0.1889056917687278	7.956934790729592	0.18858066734249784	-2.2903274483909435	0.3054091342302727	-11.206103124762715	0.1879425819309869	20.0407	0.2366	213.70866744337908	6.535004647204112	33.49614054746764	1.1732968592172408	209.2308236201881	8.415544275694732	11.721
16.685897964272133	0.1889056917687278	7.956934790729592	0.18858066734249784	-2.3216099869846185	0.2742019903168407	-11.206103124762715	0.1879425819309869	20.0407	0.2366	213.70866744337908	6.535004647204112	33.394195736010744	1.0812099816723304	209.9675309611003	7.856309707570801	11.721
16.685897964272133	0.1889056917687278	7.956934790729592	0.18858066734249784	-2.3216099869846185	0.2742019903168407	-11.206103124762715	0.1879425819309869	20.0407	0.2366	213.70866744337908	6.535004647204112	33.394195736010744	1.0812099816723304	209.9675309611003	7.856309707570801	11.721
16.685897964272133	0.1889056917687278	7.956934790729592	0.18858066734249784	-2.2903274483909435	0.3054091342302727	-11.206103124762715	0.1879425819309869	20.0407	0.2366	213.70866744337908	6.535004647204112	33.49614054746764	1.1732968592172408	209.2308236201881	8.415544275694732	11.721
16.685897964272133	0.1889056917687278	7.956934790729592	0.18858066734249784	-2.352888386474612	0.18823330876832936	-11.236215827769644	0.2706806569922443	20.0407	0.2366	213.70866744337908	6.535004647204112	33.29288294170526	0.8604237234598688	209.99508352110848	7.793774250178811	11.721
16.685897964272133	0.1889056917687278	7.956934790729592	0.18858066734249784	-2.352888386474612	0.18823330876832936	-11.44689525006273	0.3005948062583095	20.0407	0.2366	213.70866744337908	6.535004647204112	33.29288294170526	0.8604237234598688	205.13016055104168	8.000103439120478	11.721
16.685897964272133	0.1889056917687278	7.956934790729592	0.18858066734249784	-2.352888386474612	0.18823330876832936	-11.386720675102522	0.3276296222732695	20.0407	0.2366	213.70866744337908	6.535004647204112	33.29288294170526	0.8604237234598688	206.49653750251733	8.63701578972715	11.721
16.685897964272133	0.1889056917687278	7.956934790729592	0.18858066734249784	-2.352888386474612	0.18823330876832936	-11.507054197646198	0.1879320752425205	20.0407	0.2366	213.70866744337908	6.535004647204112	33.29288294170526	0.8604237234598688	203.78209510947858	5.921220275614493	11.721
16.685897964272133	0.1889056917687278	7.956934790729592	0.18858066734249784	-2.352888386474612	0.18823330876832936	-11.507054197646198	0.1879320752425205	20.0407	0.2366	213.70866744337908	6.535004647204112	33.29288294170526	0.8604237234598688	203.78209510947858	5.921220275614493	11.721
16.685897964272133	0.1889056917687278	7.956934790729592	0.18858066734249784	-2.352888386474612	0.18823330876832936	-11.507054197646198	0.1879320752425205	20.0407	0.2366	213.70866744337908	6.535004647204112	33.29288294170526	0.8604237234598688	203.78209510947858	5.921220275614493	11.721
16.685897964272133	0.1889056917687278	7.956934790729592	0.18858066734249784	-2.352888386474612	0.18823330876832936	-11.507054197646198	0.1879320752425205	20.0407	0.2366	213.70866744337908	6.535004647204112	33.29288294170526	0.8604237234598688	203.78209510947858	5.921220275614493	11.721
16.685897964272133	0.1889056917687278	7.956934790729592	0.18858066734249784	-2.352888386474612	0.18823330876832936	-11.507054197646198	0.1879320752425205	20.0407	0.2366	213.70866744337908	6.535004647204112	33.29288294170526	0.8604237234598688	203.78209510947858	5.921220275614493	11.721
16.685897964272133	0.1889056917687278	7.956934790729592	0.18858066734249784	-2.352888386474612	0.18823330876832936	-11.507054197646198	0.1879320752425205	20.0407	0.2366	213.70866744337908	6.535004647204112	33.29288294170526	0.8604237234598688	203.78209510947858	5.921220275614493	11.721
16.685897964272133	0.1889056917687278	7.956934790729592	0.18858066734249784	-2.352888386474612	0.18823330876832936	-11.507054197646198	0.1879320752425205	20.0407	0.2366	213.70866744337908	6.535004647204112	33.29288294170526	0.8604237234598688	203.78209510947858	5.921220275614493	11.721
16.685897964272133	0.1889056917687278	7.956934790729592	0.18858066734249784	-2.352888386474612	0.18823330876832936	-11.507054197646198	0.1879320752425205	20.0407	0.2366	213.70866744337908	6.535004647204112	33.29288294170526	0.8604237234598688	203.78209510947858	5.921220275614493	11.721
16.685897964272133	0.1889056917687278	7.956934790729592	0.18858066734249784	-2.352888386474612	0.18823330876832936	-11.507054197646198	0.1879320752425205	20.0407	0.2366	213.70866744337908	6.535004647204112	33.29288294170526	0.8604237234598688	203.78209510947858	5.921220275614493	11.721
16.685897964272133	0.1889056917687278	7.956934790729592	0.18858066734249784	-2.352888386474612	0.18823330876832936	-11.507054197646198	0.1879320752425205	20.0407	0.2366	213.70866744337908	6.535004647204112	33.29288294170526	0.8604237234598688	203.78209510947858	5.921220275614493	11.721
16.685897964272133	0.1889056917687278	7.956934790729592	0.18858066734249784	-2.352888386474612	0.18823330876832936	-11.507054197646198	0.1879320752425205	20.0407	0.2366	213.70866744337908	6.535004647204112	33.29288294170526	0.8604237234598688	203.78209510947858	5.921220275614493	11.721
16.685897964272133	0.1889056917687278	7.956934790729592	0.18858066734249784	-2.352888386474612	0.18823330876832936	-11.507054197646198	0.1879320752425205	20.0407	0.2366	213.70866744337908	6.535004647204112	33.29288294170526	0.8604237234598688	203.78209510947858	5.921220275614493	11.721
16.685897964272133	0.1889056917687278	7.956934790729592	0.18858066734249784	-2.3841626476861406	0.2741770646885708	-11.507054197646198	0.1879320752425205	20.0407	0.2366	213.70866744337908	6.535004647204112	33.192196305320245	1.068103279001173	204.48068222276223	7.450480158785424	11.721
16.685897964272133	0.1889056917687278	7.956934790729592	0.18858066734249784	-2.477960609898272	0.3333619682245911	-11.507054197646198	0.1879320752425205	20.0407	0.2366	213.70866744337908	6.535004647204112	32.89383582778286	1.2073437080241982	206.60491220419334	8.756674359739607	11.721
16.685897964272133	0.1889056917687278	7.956934790729592	0.18858066734249784	-2.509218326244275	0.33649468857036247	-11.507054197646198	0.1879320752425205	20.0407	0.2366	213.70866744337908	6.535004647204112	32.795596658305264	1.208696557329318	207.32264009272876	8.880569377774876	11.721
