18.439472266018466	0.07337423702302731	8.53231769174113	0.07049325146236156	-2.018853964076196	0.06208810575668788	-12.660310393351311	0.07482205326686739	19.4474	0.2338	187.9081784167776	1.9298851701307747	32.46472705908331	0.2890343844978222	174.94178374159944	1.5983929981279967	11.697000000000001
18.468923588742964	0.0741669085178737	8.53640367642833	0.07129285528596471	-2.0150150728001432	0.077796396702009	-12.653050920598222	0.07095179820217065	19.4528	0.2344	187.4283047787087	1.9412808461895528	32.46396679922237	0.3246645516345231	174.998034973837	1.7320790925783858	11.697000000000001
18.45001089885836	0.07751344416222783	8.530340580064252	0.0692210013554624	-2.0207812970048504	0.06833320535194706	-12.66954626614658	0.07386639970890145	19.4474	0.2338	187.67109284053416	1.966118232547108	32.4648802232201	0.2992837172387811	174.82171639064208	1.6519924752461947	11.697000000000001
18.46459136548847	0.07709519723635294	8.544378207770958	0.07706388326874622	-2.0034664675044147	0.07555107250894891	-12.645606299215181	0.07413388390558937	19.4474	0.2338	187.66082338640328	2.062085820320426	32.474967019809945	0.33226793005689753	174.9305495684917	1.7398801005229965	11.697000000000001
18.447409167288875	0.07429166010647757	8.528100210460613	0.0758083516195855	-2.0342163576311503	0.0761276302591554	-12.667384408880025	0.07243119555126384	19.4474	0.2338	187.67792972759318	2.0082588290944465	32.43047164430242	0.32986837637048916	175.07814795866497	1.7301634103409493	11.697000000000001
18.460840847926725	0.07073566883774626	8.528495105183113	0.07243765338765605	-2.0073369286407092	0.06484743855065125	-12.649559708005993	0.07608647731236921	19.4528	0.2344	187.43159144515045	1.9105955086350637	32.511994008633174	0.30001702733037433	174.9291861241163	1.6432628601094794	11.697000000000001
18.431244951044388	0.07702257695697129	8.508264120577888	0.07611782768980441	-2.0342484935614307	0.0749603796284933	-12.6677546535466	0.06846266715600591	19.442	0.2343	187.60848188178764	2.0473528080755554	32.49139180542591	0.32924846280116654	175.07258107879784	1.6714401557434837	11.697000000000001
18.46329777624505	0.07836509170496414	8.554792227796316	0.07548962282379076	-2.0131270813029962	0.07661896408687972	-12.644276392522954	0.07068253465668345	19.4528	0.2344	187.8825580954896	2.0632409766555764	32.41327814309739	0.32990140950543534	175.11139340138493	1.717033449638658	11.697000000000001
18.452322141574573	0.0778891592167818	8.53646955688286	0.0743042927152294	-2.0342565278479903	0.07750754387716019	-12.653143379578088	0.07375256234337584	19.4528	0.2344	187.74334868793122	2.03814891780638	32.40467165774329	0.32914714955888197	175.31360822839827	1.766362422796887	11.697000000000001
18.449429699778154	0.07700590982233677	8.522037537386606	0.07575761653819994	-2.0399818660010585	0.07301202768339905	-12.680202714634044	0.07291082722376059	19.4528	0.2344	187.52511625343354	2.040532147258117	32.43138408264796	0.3230664031633845	174.9620986095487	1.6966871138063002	11.697000000000001
18.39414393465494	0.07586371512537171	8.493507365845335	0.07196232584442648	-2.0591632682006895	0.06832856685558167	-12.698022785361402	0.06729060868223027	19.4474	0.2338	188.03188627392797	1.9858915500541416	32.4601155326982	0.3052444614375012	174.98448648025115	1.5773326545922541	11.697000000000001
18.445375482197935	0.07966824953189144	8.53923763744128	0.07360473274535721	-2.026411761644352	0.07723483697198474	-12.669764036963352	0.07542472137874565	19.4528	0.2344	187.9274646204594	2.057671631533163	32.42024176850782	0.32737542112942547	174.91062225412466	1.7740966636667905	11.697000000000001
18.477426249432966	0.06768224751921212	8.541544080913278	0.07190597253863223	-2.02452450752033	0.06617935412103118	-12.6609919094993	0.0709205844575492	19.4474	0.2338	187.36487991415646	1.8621482435543184	32.41895555501276	0.29984117875942967	175.0238400579814	1.5961790115977745	11.697000000000001
18.451581709431846	0.074956468725997	8.521116928526657	0.07542903239519164	-2.051406205995516	0.0702526320577542	-12.675230593516616	0.07407473691836731	19.4528	0.2344	187.4670934763848	2.0074677832114345	32.399163719127365	0.31587775144712393	175.23212935754134	1.6839096488098781	11.697000000000001
18.505441910474133	0.07353555215922275	8.559997376818075	0.07972061581971204	-2.014951964174555	0.08130985086048573	-12.644959503748549	0.07589147053793532	19.4474	0.2338	187.18473196909397	2.041279978484546	32.391730391730896	0.3487948439004974	175.13020215792875	1.8324262086394885	11.697000000000001
18.434838462700018	0.07398590347110748	8.513078356795836	0.07333104607453009	-2.0206385305602006	0.07099393905039801	-12.667880112043967	0.0699260586515271	19.4528	0.2344	187.58344130988385	1.9694628229517315	32.510182122144975	0.31500773517927827	174.8018855656752	1.6359841951851388	11.693999999999999
18.46472150754097	0.07869049364151791	8.537458388655937	0.08271227560482675	-2.0091309942265556	0.07689367379419071	-12.660899404319737	0.07562845789681213	19.4474	0.2338	187.52755387377982	2.1565837210839622	32.478832305314	0.3477850054628074	174.77242253801631	1.7696362297910655	11.697000000000001
18.482049490165494	0.07483691581538765	8.56586266087113	0.07339496495284781	-1.98608146633656	0.07718551994330215	-12.64289056956344	0.07240620933587462	19.4474	0.2338	187.7370204286857	1.9845058731825536	32.46235042852625	0.32767154574535573	174.68975481433716	1.7348198060650635	11.697000000000001
18.434414937981597	0.07185025483851099	8.523882994489275	0.0737879909731648	-2.0226530018959754	0.07310620906683306	-12.652403745957265	0.07031155851394921	19.4474	0.2338	187.84414196538958	1.9520887970938512	32.478996712953816	0.31988000514008263	175.13443298620834	1.671163173288433	11.697000000000001
18.455055285643024	0.0716197140308044	8.531790945399058	0.07452373130168338	-2.0457147082582465	0.0761253094468449	-12.681623482978768	0.07331569159494204	19.442	0.2343	187.6031218674692	1.954049538493634	32.383902138705814	0.32615333690354564	175.0330327927073	1.7393097292337385	11.697000000000001
18.442932374269372	0.08035727560238577	8.540028429202838	0.08104781306701234	-2.0380466126433006	0.07722975803345003	-12.667199294745327	0.0769133224259982	19.4528	0.2344	187.9888343533148	2.166584779828627	32.382159003843064	0.3427124304824251	175.14428713406554	1.7960039259803864	11.697000000000001
18.45607269508495	0.0757916662495525	8.520192024398865	0.06857388037103285	-2.0419252395151193	0.0813159751971183	-12.667569528480291	0.06980592614764718	19.4474	0.2338	187.36490815940448	1.9274031578399646	32.43108359816778	0.3266113876541391	175.20211656993123	1.7670649330150727	11.697000000000001
18.480902182343875	0.07912206043548521	8.544180386121566	0.07652999110317826	-2.0265234093099713	0.07308485249085912	-12.660032870293385	0.07618854511574338	19.4528	0.2344	187.34904805865116	2.075431588605781	32.40473998596815	0.3243989426574863	175.0725267303925	1.7382116326668722	11.697000000000001
18.44307761587503	0.07227654140047851	8.528034398229046	0.0744695057160669	-2.0380546752294935	0.06760785553265593	-12.696695460762925	0.0718936332373021	19.4474	0.2338	187.75867421664017	1.9651934156280488	32.41889270270212	0.3086026732193393	174.6597344637627	1.6171848766470323	11.697000000000001
18.46011389863568	0.08268289278081531	8.536206041164235	0.08134967002277041	-2.0265313850483673	0.0785632478087046	-12.663801201477758	0.07710252514005321	19.4528	0.2344	187.59095671614125	2.192595871336041	32.42917949560996	0.34721137609213976	175.01063726620734	1.8110545234033741	11.697000000000001
18.4559273440113	0.07994925397452068	8.516106498182827	0.07201215077738411	-2.0265313850483673	0.06208751713905538	-12.667476967997203	0.06858942209059035	19.4474	0.2338	187.29063614131314	2.0274371433099896	32.491005738182565	0.29303043108248056	174.95018227787992	1.5210904576011692	11.697000000000001
18.425752826621032	0.0722742345295544	8.515712202126224	0.07413507194581083	-2.0572526630244554	0.07035560251581749	-12.681623482978768	0.07189461990311852	19.4474	0.2338	187.85345488337006	1.962603245221614	32.397810106102526	0.313178693480661	175.22311682207507	1.659019738926597	11.697000000000001
18.436870934958815	0.07998856765022502	8.53007725987128	0.07991788066844326	-2.0284426747732196	0.07953116509810196	-12.680202714634044	0.07556191128860851	19.4528	0.2344	187.91502381111727	2.144763484595212	32.44213299590448	0.3464292551983289	174.7725598754874	1.7999957018665356	11.697000000000001
18.447554447669674	0.08499618525972756	8.5281660237082	0.07583952022094032	-2.0342243914313265	0.07309347099984656	-12.671152676173707	0.07549321613276286	19.4474	0.2338	187.67642618459183	2.155236752974776	32.43024490636769	0.3233983028885066	175.01625652738787	1.7289550161994245	11.697000000000001
18.489713020081492	0.07288965929087193	8.540357968999444	0.08224135023704718	-2.018853964076196	0.06716682460549357	-12.660310393351311	0.07177484274430453	19.4474	0.2338	187.11116045089142	2.0666934504450363	32.44000689925274	0.3262181575526056	174.94178374159944	1.616027333565348	11.697000000000001
18.419401658105446	0.07277769186225903	8.517689122384791	0.07575620839788041	-2.051479674160689	0.06705425623643309	-12.67973948105316	0.074341060015058	19.4474	0.2338	188.01145383992997	1.9946737916374104	32.40944624440142	0.31022769359121805	175.15900092493237	1.6499328514703049	11.697000000000001
18.42156704486183	0.0716161750044228	8.47953893410985	0.07484485107338265	-2.064944320089931	0.08010114932856821	-12.692649257378555	0.07472183302051774	19.4474	0.2338	187.24905508289618	1.9509997910312986	32.485319545954454	0.3377356949439446	175.16814592905388	1.8055023603381024	11.697000000000001
18.447409167288875	0.07429166010647757	8.528100210460613	0.0758083516195855	-2.022676841292041	0.07210870133647077	-12.671060090659656	0.07086900873955357	19.4528	0.2344	187.67792972759318	2.0082588290944465	32.46594125526935	0.32194567948906005	174.82798334258476	1.6599573811143544	11.697000000000001
18.466466581651193	0.0769165399276703	8.554330066417885	0.07007291270119859	-2.001531279203323	0.07428371521752461	-12.658333689374281	0.07297228741737828	19.4474	0.2338	187.81373384889073	1.9715211877970944	32.45030384012563	0.31392904867118887	174.68986452907646	1.7069312351198962	11.697000000000001
18.4686326744902	0.07520655819936348	8.528231837971331	0.07089608345983575	-2.0073056047164948	0.07278347752676381	-12.660217884299424	0.07064175369674713	19.442	0.2343	187.27970832993546	1.947237062364913	32.51290309801762	0.3135570114899222	174.7536561353141	1.6638604392284129	11.697000000000001
18.472964966430975	0.08533796790396031	8.56045983051198	0.0736100017688193	-2.0227006817699733	0.07831275693875236	-12.675013553931658	0.07320197277796497	19.4474	0.2338	187.80674953701367	2.135240253325354	32.36659857536135	0.32869832495904533	174.76348955267935	1.758707359851784	11.697000000000001
18.440476230059758	0.08220584105751064	8.533833791033414	0.06496627947916067	-2.0207178404521877	0.07269538013767861	-12.665130106387393	0.0698430481179749	19.4474	0.2338	187.91789254572788	1.9875200648688658	32.45433059778697	0.2997880475882405	174.89320432501484	1.6563615964198417	11.697000000000001
18.484943542674436	0.07429579906952243	8.552154872847646	0.07058574155323871	-2.007282113017769	0.07373734151777657	-12.648912699070868	0.06846394268881982	19.4474	0.2338	187.42323341692153	1.9337157510345762	32.4393155068932	0.3135849728637187	174.93892071256033	1.6541131193285117	11.697000000000001
18.460404671481598	0.0772086995482579	8.52025777653997	0.0796712716749437	-2.0380869267926256	0.07723642460613173	-12.671337851302425	0.08137983297560562	19.4474	0.2338	187.2844927767873	2.0903307947291347	32.442671420978265	0.3409591128755208	175.07678343739667	1.8473250603444367	11.697000000000001
18.453906760012963	0.07174517313467665	8.526188960179438	0.0707957237906121	-2.0323051729881865	0.076348730641979	-12.680388017640269	0.0688458098540764	19.4474	0.2338	187.51896527287644	1.903837591353565	32.442212273776285	0.3199237040191755	174.83291560610763	1.6879755169201929	11.697000000000001
18.457802564481305	0.07827514705321612	8.546157505905473	0.07815856834844698	-2.0284426747732196	0.07062026982230202	-12.67652719190035	0.06939484155814338	19.4474	0.2338	187.82304636051924	2.0961319701165486	32.392799926896224	0.32267658334336896	174.83288814542317	1.6256542637823717	11.697000000000001
18.459677756541137	0.07337553323040497	8.53600841505155	0.07049295196369151	-2.0342002903951046	0.06674326912972997	-12.667199294745327	0.07161664059253914	19.4474	0.2338	187.59546547592447	1.9234809117443412	32.40625776699565	0.29761932056014045	175.08093140836928	1.6119351933279837	11.697000000000001
18.438601000987685	0.07566845270614594	8.503785084075925	0.07017099546987735	-2.041884780833981	0.07884070842200805	-12.670782342318255	0.07333167545236702	19.4474	0.2338	187.38498880254946	1.946450303973167	32.48166426102814	0.3250897701883573	175.148491043123	1.7742852313854505	11.697000000000001
18.45896554652627	0.0773538130773749	8.534624130460795	0.07448451197483566	-2.024659845224337	0.0757663430174306	-12.655212596878238	0.06972666158380546	19.4528	0.2344	187.582761545496	2.029715483093592	32.43978557148522	0.3264083523737937	175.1212202071305	1.6962267804244613	11.697000000000001
18.439036623210924	0.06759686626054022	8.516040779637743	0.07058214194790749	-2.0342163576311503	0.06960416264276323	-12.678411279199224	0.0775691868596304	19.4528	0.2344	187.60819803745295	1.8477253021185904	32.46754117012146	0.30506157840274734	174.89677547840782	1.7124513780564388	11.697000000000001
18.468341769402304	0.07416621342635771	8.536140164776677	0.07413809403195243	-2.030369914756021	0.07177499599018125	-12.667384408880025	0.0709498161044498	19.4528	0.2344	187.4343114903043	1.978984278418547	32.417601022606924	0.3165814801629683	175.01483808020438	1.6605305118501983	11.697000000000001
18.423442309853222	0.07665193530472839	8.501545775163985	0.07636375262716844	-2.0437795026492105	0.07427363060701411	-12.679646838440004	0.07379301746247842	19.4528	0.2344	187.62898432141412	2.046100517710533	32.48272565667875	0.3281346176222126	175.03371474757913	1.723031960678718	11.697000000000001
18.42791830135178	0.08119610779322502	8.501676979155379	0.07378711331981419	-2.0591797116600783	0.07427211376239129	-12.683507483859515	0.07292451782781698	19.4528	0.2344	187.5468577600501	2.072957198539063	32.43495466211049	0.3215414426468337	175.2238267928086	1.7166935431686323	11.697000000000001
18.445388636012673	0.07015989972430062	8.5060245325429	0.07196460523143326	-2.0322971536420567	0.06833181358548579	-12.672944208857334	0.0672935740335067	19.4474	0.2338	187.29924268455102	1.893940793972261	32.504313130685134	0.3060882610394739	174.95509057726528	1.5768749889897467	11.697000000000001
18.483359578725498	0.0738083969816045	8.554396086414954	0.07271725561896644	-2.0092329733832766	0.07334315086799872	-12.662102078178748	0.07048174410392265	19.4474	0.2338	187.49543905440262	1.956579512842715	32.42644227855803	0.31703532394772543	174.75436439070396	1.6686545641590396	11.697000000000001
18.4367257435064	0.07015882425324427	8.521971773014302	0.074734020183637	-2.02843468469997	0.07098757912922783	-12.676434568843458	0.06984231698125815	19.4474	0.2338	187.76415177687983	1.9412393284429115	32.467081655340934	0.317195104773788	174.83427776123122	1.6351318096442384	11.697000000000001
18.46906904930623	0.07228000250012097	8.544510093959797	0.07311365084676666	-2.0150229619156708	0.0676104752404184	-12.6494672740643	0.07095229377902147	19.4474	0.2338	187.57864986463937	1.9431654496512236	32.43902037591058	0.30592037728595933	175.05713648048314	1.6133286444676704	11.697000000000001
18.434414937981597	0.07185025483851097	8.523882994489275	0.0737879909731648	-2.0226530018959754	0.07310620906683306	-12.670782342318255	0.0719113914037176	19.4474	0.2338	187.84414196538958	1.9520887970938507	32.478996712953816	0.31988000514008263	174.83215218646774	1.6837144654653602	11.697000000000001
18.447845015296874	0.07073398899402741	8.516237938315776	0.07243591080849268	-2.0227006817699733	0.0688326637002861	-12.682364784166591	0.07275904751772888	19.4581	0.2349	187.4455317166836	1.910834039971437	32.502410376203386	0.3081700890206912	174.6429673076985	1.64095748907952	11.697000000000001
18.469214512161077	0.07957114749473636	8.540555705085247	0.07176814244463993	-2.0227245233292916	0.07554917381222552	-12.649559708005993	0.07729081580506535	19.4528	0.2344	187.50119281157828	2.0236091793601734	32.42751309751613	0.31988703542793384	175.182482554192	1.7817096330673043	11.697000000000001
18.462716120914127	0.0706222176897071	8.550507676415965	0.07539376183410203	-2.0284826269499474	0.07954791111150752	-12.673314614642743	0.07177706156934531	19.4474	0.2338	187.81237095343906	1.9573609420640168	32.379357399605475	0.3354542402557057	174.88630835115683	1.7602910328666104	11.697000000000001
18.471671682506578	0.07437763777265578	8.542730690023431	0.07316238394969787	-2.0169740525688287	0.07689725796359964	-12.658981184233358	0.07933590847810154	19.4474	0.2338	187.49586393506405	1.9701456727295033	32.438492960699634	0.32605606119255454	174.93273085739037	1.8161790728010783	11.697000000000001
18.475858742113257	0.0657731734564831	8.55077164843385	0.0692234983752344	-2.0131270813029962	0.07929829850631942	-12.651628905088549	0.07386924177681387	19.4474	0.2338	187.56866834261285	1.8045787368727595	32.425614512510435	0.32309934561230486	174.99036990186505	1.7826170730657658	11.697000000000001
18.44105711893644	0.06820313623404885	8.50595889341625	0.06739502371861511	-2.043828137941733	0.07134443706159738	-12.680202714634044	0.06990981414848789	19.4474	0.2338	187.37966420542637	1.8084095916315854	32.468987946532344	0.3020549482644126	175.0253675181144	1.6436763341060654	11.697000000000001
18.449429699778154	0.07520918328282447	8.522037537387085	0.07408310264247911	-2.032289134418003	0.07269336257371235	-12.665500273665176	0.0726896860689234	19.4528	0.2344	187.5251162534426	1.9941553556239986	32.45502234403186	0.31916280522078017	175.07743850534538	1.6926396904923457	11.697000000000001
18.428934162778987	0.07860177550329733	8.518214980778177	0.07845032046417688	-2.024620036403835	0.07097821425262132	-12.673129409016054	0.07568158680256895	19.4474	0.2338	187.84059311526846	2.1048115635646396	32.49039820896326	0.3260306673480598	174.82591264219516	1.703477091360679	11.697000000000001
18.463864279524643	0.08610079553474617	8.523948773122417	0.0904925517939362	-2.026507458196045	0.08358342922743285	-12.674550494379917	0.0855237316793872	19.4528	0.2344	187.2888525206109	2.3535467930180456	32.46692848626122	0.37908414832675336	174.83356923143012	1.9634986712658122	11.697000000000001
18.47238301942572	0.07860226684107205	8.540094335127616	0.07932694089084996	-2.0188222931472093	0.0746607520917731	-12.656264534928615	0.07243229179703292	19.4581	0.2349	187.43266819146612	2.107404895494306	32.44091415992285	0.3346910028554636	175.00780046859649	1.7113828020450792	11.697000000000001
18.45361609664609	0.07623177044644652	8.51399808190624	0.07663106830376423	-2.051520494130508	0.07979510911379226	-12.680202714634044	0.07146283652624423	19.4581	0.2349	187.2944580551494	2.036777724988162	32.42064319838968	0.3394799015545222	175.1520396154722	1.7652121857441583	11.697000000000001
18.47656978953141	0.07746273273524834	8.544114447607177	0.07252152270263017	-2.0419009639393417	0.07372673586841115	-12.670967506512477	0.07382002599300651	19.4474	0.2351	187.42952324064936	2.002385118529107	32.357869759572125	0.3161097219564376	175.14570652929854	1.7191712562713073	11.697000000000001
18.449284405730076	0.07762465189965144	8.517952043465561	0.07543086687562559	-2.0245881915153965	0.07427674038591814	-12.683785503186172	0.06554244989699255	19.4581	0.2349	187.45071672552655	2.0429521354643816	32.491306679871	0.3262598909580397	174.65061532425074	1.6230919736612082	11.697000000000001
18.466466581651193	0.07511299449213892	8.530208917935722	0.07265567461868405	-2.013071958708196	0.07169292186209547	-12.669361116048346	0.06614076261669008	19.4474	0.2338	187.3577993195657	1.9704995377847063	32.48902423897877	0.31453437717697996	174.69827834613406	1.5990979080579144	11.697000000000001
18.443222859768422	0.07368960842546933	8.516040779637743	0.07881387821933344	-2.014983517532846	0.07612417214607678	-12.656357013483971	0.07465900809265785	19.4474	0.2338	187.5290847210283	2.038226521426464	32.52683673435996	0.33843847916436337	174.9431471467685	1.75290206172506	11.697000000000001
18.442787134951924	0.08296496159826153	8.511824048007208	0.08057066087649464	-2.0457309489255473	0.08106006880225308	-12.681808800068485	0.07606907312623695	19.4474	0.2338	187.45768693805874	2.1830103678218893	32.445098136752556	0.3512340943061528	175.03025037992285	1.8293311237995686	11.697000000000001
18.462134502230658	0.07620933595503344	8.53014308839573	0.07473527552129164	-2.0246041137188273	0.06833252123991275	-12.661917036408001	0.07240519811567678	19.4528	0.2344	187.4382781637029	2.0143979662642413	32.453729246212575	0.31137098734947843	175.00992805946976	1.637977861726734	11.697000000000001
18.466321146210205	0.07587328134190069	8.534163081338393	0.07506026720033629	-2.0246041137188273	0.06833252123991275	-12.665592818900238	0.07148018093489848	19.4581	0.2349	187.4351331489736	2.0141159184253614	32.44137328077431	0.31187159022940264	174.94947329841773	1.6258194794134946	11.697000000000001
18.469780547295183	0.07496028529902146	8.53785369288348	0.07785866799898038	-2.0322570587334226	0.07518013182123479	-12.668805698553761	0.07292622154886177	19.4528	0.2344	187.43949654834327	2.0397076106923215	32.406558077667	0.3318229585563593	175.02250329363838	1.7234636812184925	11.697000000000001
18.46992600548613	0.07693572127244891	8.533899647061597	0.07555809540037192	-2.0322650774725344	0.07770461267828815	-12.668898264720134	0.07684051582001519	19.4528	0.2344	187.3621609072586	2.033406040510707	32.41866059160349	0.3325383808374307	175.02111209192014	1.798180844710801	11.697000000000001
18.45924163505493	0.07569465253148279	8.527771159459158	0.07058270858828054	-2.0187906241354	0.07210840682643455	-12.652218851201193	0.07087033421842603	19.4474	0.2338	187.44810991689766	1.9534156660412578	32.47891729914071	0.31074017164552253	175.0738641943703	1.664641684180922	11.697000000000001
18.46111675770612	0.0730027703719586	8.51762339465081	0.07196481500826805	-2.0437795026492105	0.07269259865981378	-12.694347712631378	0.06983992113805144	19.4635	0.2352	187.22146245531164	1.9301172146025454	32.433277216156085	0.3141234931087288	174.79211743849456	1.6543789500539536	11.697000000000001
18.480902182343875	0.07569809313227067	8.548200596934203	0.07733145662188194	-2.0265234093099713	0.06960494190832181	-12.660032870293385	0.07360720775295476	19.4528	0.2344	187.42487663985503	2.041948973698576	32.39242062084851	0.31870461834063757	175.0725267303925	1.66792212644373	11.697000000000001
18.451159615760623	0.0766743531213803	8.511824048007208	0.07451087255998251	-2.041884780833981	0.07309739198868571	-12.670782342318255	0.07333167545236702	19.4528	0.2344	187.29978041848977	2.014738717736954	32.456922349757214	0.3210094487320113	175.148491043123	1.7062043041392838	11.697000000000001
18.444662348207885	0.0792722216374314	8.509715781661194	0.07790272079596036	-2.0245643091142895	0.07661506541101759	-12.665130106387393	0.07285320537261153	19.4528	0.2344	187.38252459398882	2.0962754469111733	32.51678377714649	0.33727277082758256	174.95642664255584	1.7383479007737104	11.697000000000001
18.47238301942572	0.06933065497538783	8.536074289405622	0.07311185893999882	-2.0303619101071293	0.06760852173764365	-12.659940365338752	0.07189745028145762	19.4474	0.2338	187.35683641968868	1.8998620210497048	32.41782768493327	0.30551268162998957	175.13727164125194	1.6260933913365725	11.697000000000001
18.472092059672555	0.07118334671153467	8.539962524295044	0.07418225349864388	-2.0034196586840065	0.06533931431048773	-12.659755359526734	0.07055955483558861	19.4528	0.2344	187.43567154605591	1.9402108009796488	32.48871206742693	0.3046137102512384	174.6975153193304	1.5765213330249486	11.697000000000001
18.47238301942572	0.07162208901082481	8.552154872847646	0.07733177055159479	-2.0188222931472093	0.08010841905684166	-12.66729185112972	0.07331797019359476	19.4528	0.2344	187.66053984232815	1.9939161521224493	32.40390198377733	0.34131102063686874	174.82656631631588	1.7829133603263985	11.697000000000001
18.457221128411742	0.07236652703444812	8.505696347038155	0.07542886021378396	-2.0322570587334226	0.07518013182123479	-12.665130106387393	0.07140111626078215	19.4474	0.2338	187.0703646169228	1.964963338576084	32.505449091475185	0.3285007708413014	175.08300541184866	1.707265495687273	11.697000000000001
18.451450233480987	0.07702416881397817	8.540094335127616	0.084398985181563	-2.003435261151857	0.08294977731122302	-12.681994122629533	0.0721258900479017	19.4474	0.2338	187.8285260299435	2.1653697948505113	32.4882578297612	0.36463990336630964	174.3339521273464	1.7945406285650871	11.697000000000001
18.49346323410105	0.07603845288387885	8.548200596934203	0.07058546218930603	-2.0188302107003064	0.07373616500876773	-12.656357013483971	0.0733193872425591	19.4474	0.2338	187.1881555333397	1.9527743206201231	32.41600352978675	0.3131312297615987	175.0064092772712	1.7107299537008474	11.697000000000001
18.455781995226825	0.08029838800981609	8.544180386121566	0.07652999110317826	-2.030369914756021	0.07640028056327652	-12.660032870293866	0.07618854511574337	19.4528	0.2344	187.82386972007785	2.1020446827160937	32.39295272265318	0.331258665671018	175.1358793907971	1.7777217429105412	11.697000000000001
18.497504704744525	0.07901748485414445	8.55617518561192	0.07490832367881492	-2.007282113017769	0.07525383789784848	-12.656264534928615	0.073821831918862	19.4474	0.2338	187.26221334511507	2.0509582791723986	32.42696953052299	0.32594696799678025	174.818146522196	1.7305741359700202	11.697000000000001
18.478590434747254	0.07917149911936235	8.542071422040271	0.0712824915644721	-2.009201593045314	0.07427858129237414	-12.65438036567846	0.0714027253806074	19.4528	0.2344	187.35287145983523	2.0086811503618587	32.46441519140874	0.31675607356472535	174.88061112997298	1.6926304068284026	11.697000000000001
18.452889478287535	0.07475498310612427	8.517689122384791	0.07732820111583265	-2.0284027256181245	0.0768919838208892	-12.672388641188505	0.0745497587160068	19.442	0.2343	187.3777380080571	2.028475269841001	32.480364565050856	0.3358592430740525	174.90020976283307	1.7598213224037016	11.697000000000001
18.49548396881625	0.07623672589433833	8.570279877819287	0.07539522099648796	-2.005362602857041	0.07302263874008916	-12.639768755743484	0.06766419227285707	19.4474	0.2338	187.56645730182697	2.026273808801568	32.3896074007354	0.32145898870741496	175.0577646350855	1.638782687296879	11.697000000000001
18.480756630613996	0.06933140917862485	8.548134626847187	0.07276080943450354	-2.026515433692691	0.07669901175675786	-12.663616137405466	0.07220376505825869	19.4528	0.2344	187.42637831580632	1.896481252722938	32.3926471323967	0.32384754498184826	175.01341965260465	1.7331401899548782	11.697000000000001
18.486253898695338	0.077098881869212	8.560790185172875	0.07676662842930611	-1.9996583022994001	0.07435642474303676	-12.624009652875703	0.07850711250551538	19.4474	0.2338	187.5615510849741	2.0559867233088527	32.436208402133445	0.32826053058670907	175.2234379226284	1.7833587578050272	11.697000000000001
18.487692257087325	0.07803753550551912	8.546421331252324	0.07333718335840628	-1.9976997772819107	0.07237466733326137	-12.654842702693212	0.06992955282022927	19.4581	0.2349	187.26331705817935	2.0172439435963216	32.48643527836557	0.3174541615685795	174.68428286787307	1.6496048399108059	11.697000000000001
18.49014991494329	0.07805273485097051	8.532515238388278	0.07823203523705706	-2.015030851150391	0.07309648219721653	-12.656911913487264	0.06605411658863415	19.4528	0.2344	186.9555802975049	2.074837983254205	32.475886339040194	0.32965927661361116	174.9348032026492	1.6195090460488235	11.697000000000001
18.49014991494329	0.07967870861517308	8.564678707596125	0.07741297654543622	-2.0111839211877385	0.07243484407365879	-12.653235839922905	0.07106611528952167	19.4528	0.2344	187.56140947422782	2.0993058759000407	32.38893317575504	0.3246801951424817	174.93199465307248	1.6680283809029741	11.697000000000001
18.444094371170667	0.07665190769097745	8.528495105183113	0.07875191022391359	-2.0227245233292916	0.07405143838815319	-12.66058792870051	0.07420210042869078	19.4528	0.2344	187.74814505984259	2.0808607742179643	32.46457945335555	0.33260622706495385	175.00087173575966	1.7245512204653943	11.697000000000001
18.47094427698067	0.07762836513338414	8.542401043311868	0.0763706543880371	-2.0284746362725636	0.0742770892981264	-12.680573326117825	0.07379451453082883	19.4581	0.2349	187.5033754229811	2.0565581799039614	32.4042130796407	0.326572853528485	174.76700353148374	1.717842518013373	11.697000000000001
18.469214512160598	0.07073650380406428	8.560658040249205	0.07515802449197184	-2.003489873507861	0.06883484770676437	-12.645883517735086	0.07185387390036556	19.4474	0.2338	187.88159250272554	1.9570287328293523	32.42484966663282	0.3128151872371883	174.92637761578294	1.635536496159031	11.697000000000001
18.46805087347831	0.07793765608275846	8.540028429202838	0.0697566667570445	-2.0380466126433006	0.06484426449613212	-12.67087492373217	0.07275956073497905	19.4528	0.2344	187.51321119538005	1.9755278513548928	32.382159003843064	0.2915555167424184	175.08374205613944	1.6048329897415596	11.697000000000001
18.44307761587503	0.07952081940992942	8.503916326716057	0.08157550595999968	-2.0457471900840374	0.07803620541856333	-12.659940365338752	0.07713989704655469	19.4528	0.2344	187.30306463347745	2.1468470415195906	32.46936809066537	0.3474495322199672	175.39113323149272	1.8131666945179288	11.697000000000001
18.458238665574974	0.07570091278233172	8.53429480457581	0.08167771293688048	-2.013079833006812	0.07333618178548201	-12.65475023256017	0.07433162967214083	19.4528	0.2344	187.59027614636935	2.10508546957307	32.47641424806291	0.33799261424097565	174.93826621655515	1.7165470924514463	11.697000000000001
