19.093466	0.077086	9.161322	0.074213	-1.943731	0.074589	-12.627817	0.074067	19.0266	0.2329	187.43538919464385	2.0193307312432243	30.84549945994526	0.29225780920076466	174.24376284449562	1.7143162225852884	11.697000000000001
19.009766	0.07168	9.083835	0.074918	-2.015023	0.069607	-12.605349	0.07878	19.0644	0.2326	0.0	0.0	0.0	0.0	0.0	0.0	0.0
18.869313	0.082637	9.077826	0.076743	-1.986174	0.075187	-11.301972	0.085857	19.0698	0.2321	0.0	0.0	0.0	0.0	0.0	0.0	0.0
18.526817	0.072285	9.079385	0.077934	-1.884152	0.074682	-9.495659	0.094198	19.0644	0.2326	0.0	0.0	0.0	0.0	0.0	0.0	0.0
18.161168	0.075095	9.097762	0.077713	-1.520173	0.076115	-7.694761	0.086415	19.0752	0.2339	0.0	0.0	0.0	0.0	0.0	0.0	0.0
17.79778	0.078273	9.150222	0.07828	-0.95283	0.07676	-6.010216	0.085525	19.0806	0.2331	0.0	0.0	0.0	0.0	0.0	0.0	0.0
17.422138	0.076463	9.234802	0.074509	-0.267897	0.074485	-4.442904	0.084994	19.1075	0.2336	0.0	0.0	0.0	0.0	0.0	0.0	0.0
17.05285	0.078273	9.321176	0.077514	0.510318	0.087836	-2.978093	0.085462	19.1183	0.2329	0.0	0.0	0.0	0.0	0.0	0.0	0.0
16.789518	0.076471	9.493117	0.078285	1.345844	0.080524	-1.562183	0.086274	19.1237	0.2323	0.0	0.0	0.0	0.0	0.0	0.0	0.0
16.521251	0.075081	9.656522	0.07685	2.16854	0.081436	-0.27717	0.087951	19.1345	0.2334	0.0	0.0	0.0	0.0	0.0	0.0	0.0
16.27352	0.075324	9.86823	0.070204	2.95859	0.074862	0.932961	0.07906	19.1453	0.2339	0.0	0.0	0.0	0.0	0.0	0.0	0.0
16.086863	0.073542	10.086602	0.074607	3.757304	0.076478	2.088594	0.089091	19.1669	0.2335	0.0	0.0	0.0	0.0	0.0	0.0	0.0
15.940274	0.081506	10.344004	0.07479	4.545045	0.076684	3.165421	0.076394	19.1777	0.2326	0.0	0.0	0.0	0.0	0.0	0.0	0.0
15.780719	0.063686	10.568853	0.070989	5.271726	0.077219	4.160154	0.074877	19.1992	0.2342	0.0	0.0	0.0	0.0	0.0	0.0	0.0
15.671674	0.07999	10.810642	0.073057	5.973082	0.070019	5.0681	0.079946	19.2262	0.2334	0.0	0.0	0.0	0.0	0.0	0.0	0.0
15.630281	0.071579	11.220857	0.089007	6.785965	0.072673	6.128527	0.078432	19.2046	0.2343	0.0	0.0	0.0	0.0	0.0	0.0	0.0
15.677331	0.074462	11.649682	0.072974	7.699443	0.084785	7.051507	0.07356	19.1075	0.2336	0.0	0.0	0.0	0.0	0.0	0.0	0.0
15.662659	0.075085	11.859342	0.077189	8.331181	0.077167	7.821783	0.085934	19.1237	0.2323	0.0	0.0	0.0	0.0	0.0	0.0	0.0
15.648111	0.078795	12.126383	0.080317	8.900208	0.081342	8.574466	0.073812	8.5141	0.2297	0.0	0.0	0.0	0.0	0.0	0.0	0.0
15.619017	0.076647	13.086948	0.085782	8.940399	0.074309	9.25082	0.081535	4.8895	0.7475	0.0	0.0	0.0	0.0	-0.0	0.0	0.0
15.709589	0.069898	13.796147	0.075665	8.964255	0.072116	9.795437	0.074893	3.0717	0.1858	0.0	0.0	0.0	0.0	-0.0	0.0	0.0
15.906875	0.079143	14.320948	0.078908	9.147919	0.081837	10.262971	0.079743	3.0448	0.1846	0.0	0.0	0.0	0.0	-0.0	0.0	0.0
16.067014	0.081895	14.752039	0.073008	9.412422	0.065674	10.703042	0.069874	3.034	0.1856	0.0	0.0	0.0	0.0	-0.0	0.0	0.0
16.188279	0.081981	15.070862	0.075919	9.684238	0.075406	11.065613	0.070016	3.0124	0.1855	0.0	0.0	0.0	0.0	-0.0	0.0	0.0
16.326354	0.092623	15.336352	0.081564	9.988141	0.082644	11.44042	0.082744	2.9962	0.1839	0.0	0.0	0.0	0.0	-0.0	0.0	0.0
16.475434	0.073567	15.600699	0.074546	10.323817	0.071165	11.806593	0.074495	3.0016	0.1846	0.0	0.0	0.0	0.0	-0.0	0.0	0.0
16.593889	0.076689	15.805692	0.076593	10.686623	0.074794	12.183838	0.074865	3.0178	0.1858	0.0	0.0	0.0	0.0	-0.0	0.0	0.0
16.716035	0.077244	16.014501	0.066553	11.037415	0.078234	12.512234	0.066314	3.0016	0.1862	0.0	0.0	0.0	0.0	-0.0	0.0	0.0
16.843187	0.076393	16.166163	0.075312	11.405546	0.081928	12.866213	0.076254	3.0178	0.1858	0.0	0.0	0.0	0.0	-0.0	0.0	0.0
16.881974	0.07774	16.333502	0.070523	11.740862	0.085734	13.17891	0.074712	3.007	0.1852	0.0	0.0	0.0	0.0	-0.0	0.0	0.0
17.011494	0.074128	16.583177	0.082869	12.181628	0.075405	13.503248	0.073744	3.0016	0.1846	0.0	0.0	0.0	0.0	-0.0	0.0	0.0
17.14082	0.083363	16.699801	0.080012	12.712975	0.088467	13.819602	0.082822	3.0178	0.1858	0.0	0.0	0.0	0.0	-0.0	0.0	0.0
17.226541	0.076418	16.801994	0.075021	13.145145	0.072946	14.154944	0.075742	5.979	0.1974	0.0	0.0	0.0	0.0	-0.0	0.0	0.0
17.317934	0.068615	16.893236	0.073513	13.485248	0.073268	14.471706	0.074694	4.048	0.1871	0.0	0.0	0.0	0.0	-0.0	0.0	0.0
17.375327	0.0684	16.576359	0.074735	14.302306	0.072023	14.775913	0.082847	15.0298	0.2156	0.0	0.0	0.0	0.0	-0.0	0.0	0.0
17.432356	0.079917	16.371501	0.075063	14.811925	0.075003	15.141838	0.070419	17.9641	0.2288	0.0	0.0	0.0	0.0	-0.0	0.0	0.0
17.392957	0.073565	16.33641	0.073456	15.173357	0.073443	15.478896	0.076148	19.5444	0.2353	0.0	0.0	0.0	0.0	-0.0	0.0	0.0
17.367401	0.079419	16.335898	0.078074	15.433269	0.083419	15.784676	0.083591	20.1539	0.2376	0.0	0.0	0.0	0.0	-0.0	0.0	0.0
17.342121	0.079651	16.381302	0.076763	15.673004	0.069312	16.045465	0.075418	19.9544	0.2376	0.0	0.0	0.0	0.0	-0.0	0.0	0.0
17.352608	0.075541	16.474788	0.073682	15.878077	0.078075	16.288172	0.081214	19.9706	0.2387	0.0	0.0	0.0	0.0	-0.0	0.0	0.0
17.365248	0.07981	16.495682	0.079394	16.039852	0.078582	16.466808	0.076959	19.9813	0.2368	0.0	0.0	0.0	0.0	-0.0	0.0	0.0
17.332179	0.075448	16.508402	0.073956	16.156239	0.07403	16.641552	0.07889	19.9975	0.2373	0.0	0.0	0.0	0.0	-0.0	0.0	0.0
17.292116	0.070952	16.501718	0.070872	16.232517	0.07677	16.759558	0.076399	20.0083	0.2379	0.0	0.0	0.0	0.0	-0.0	0.0	0.0
17.321965	0.070956	16.61038	0.075021	16.349405	0.080143	16.918272	0.081505	20.0245	0.2378	0.0	0.0	0.0	0.0	-0.0	0.0	0.0
17.357867	0.075108	16.666941	0.073611	16.488997	0.072186	17.083143	0.074033	20.0407	0.2366	0.0	0.0	0.0	0.0	-0.0	0.0	0.0
17.359747	0.07663	16.764437	0.079336	16.63214	0.079167	17.205792	0.07912	20.0461	0.2371	0.0	0.0	0.0	0.0	-0.0	0.0	0.0
17.391077	0.08043	16.828961	0.078888	16.742375	0.07222	17.353781	0.081567	20.0407	0.2366	0.0	0.0	0.0	0.0	-0.0	0.0	0.0
17.410963	0.078949	16.886267	0.075022	16.878649	0.078719	17.477884	0.079865	20.0676	0.2382	0.0	0.0	0.0	0.0	-0.0	0.0	0.0
17.457098	0.075118	16.982228	0.07213	17.02042	0.072239	17.61998	0.079013	20.073	0.2382	0.0	0.0	-0.0	0.0	-0.0	0.0	0.0
17.496643	0.079141	17.063324	0.07659	17.109863	0.079233	17.734677	0.084657	20.0784	0.238	0.0	0.0	-0.0	0.0	-0.0	0.0	0.0
17.488302	0.07576	17.10912	0.074684	17.230654	0.074815	17.83488	0.065731	20.0892	0.2373	0.0	0.0	-0.0	0.0	-0.0	0.0	0.0
17.540503	0.075128	17.186226	0.069215	17.35366	0.072272	17.958174	0.082732	20.0946	0.2368	0.0	0.0	-0.0	0.0	-0.0	0.0	0.0
17.582769	0.073413	17.274249	0.073379	17.479323	0.073516	18.071581	0.08002	20.0946	0.2368	0.0	0.0	-0.0	0.0	-0.0	0.0	0.0
17.63576	0.076922	17.356367	0.075901	17.557263	0.077042	18.162266	0.076014	20.0946	0.2368	0.0	0.0	-0.0	0.0	-0.0	0.0	0.0
17.673314	0.07408	17.410553	0.073688	17.653229	0.069351	18.262639	0.080561	20.0946	0.2368	0.0	0.0	-0.0	0.0	-0.0	0.0	0.0
17.722354	0.075494	17.509567	0.076473	17.769128	0.083892	18.378794	0.075587	20.0892	0.2373	0.0	0.0	-0.0	0.0	-0.0	0.0	0.0
17.753453	0.080196	17.557325	0.081576	17.846163	0.075653	18.447642	0.080605	20.0946	0.2368	0.0	0.0	-0.0	0.0	-0.0	0.0	0.0
17.783855	0.070812	17.600228	0.079154	17.909943	0.074436	18.511586	0.078388	20.1162	0.2384	0.0	0.0	-0.0	0.0	-0.0	0.0	0.0
17.82415	0.078274	17.669697	0.081462	17.996271	0.077169	18.606482	0.078396	20.1054	0.2378	0.0	0.0	-0.0	0.0	-0.0	0.0	0.0
17.863472	0.07281	17.708997	0.062401	18.048142	0.070922	18.658481	0.062466	20.1162	0.2384	0.0	0.0	-0.0	0.0	-0.0	0.0	0.0
17.903643	0.075967	17.799237	0.074217	18.176193	0.071702	18.765866	0.080731	20.1216	0.2385	0.0	0.0	-0.0	0.0	-0.0	0.0	0.0
17.907256	0.082452	17.807028	0.084518	18.209048	0.080734	18.802998	0.08497	20.1216	0.2385	0.0	0.0	-0.0	0.0	-0.0	0.0	0.0
17.987623	0.08031	17.887357	0.086558	18.285412	0.079334	18.871132	0.081599	20.1216	0.2385	0.0	0.0	-0.0	0.0	-0.0	0.0	0.0
18.024808	0.070026	17.953773	0.073619	18.351911	0.066795	18.937789	0.072196	20.1324	0.2383	0.0	0.0	-0.0	0.0	-0.0	0.0	0.0
18.072944	0.073236	17.989359	0.073228	18.416868	0.074485	18.986108	0.074448	20.1378	0.238	0.0	0.0	-0.0	0.0	-0.0	0.0	0.0
18.11071	0.072329	18.056367	0.074912	18.496575	0.083535	19.049201	0.075047	20.1432	0.2376	0.0	0.0	-0.0	0.0	-0.0	0.0	0.0
18.133062	0.072848	18.091257	0.084939	18.539858	0.079722	19.000265	0.072963	20.1378	0.238	0.0	0.0	-0.0	0.0	-0.0	0.0	0.0
18.179199	0.071153	18.124843	0.073866	18.586088	0.071303	17.507075	0.098941	20.1324	0.2383	0.0	0.0	-0.0	0.0	0.0	0.0	0.0
18.215105	0.081755	18.173284	0.081749	18.50061	0.082788	15.358608	0.105085	20.1108	0.2382	0.0	0.0	-0.0	0.0	0.0	0.0	0.0
18.212798	0.073481	18.058102	0.070695	18.088231	0.078021	13.195508	0.09188	20.0946	0.2368	0.0	0.0	-0.0	0.0	0.0	0.0	0.0
18.243665	0.077825	17.900921	0.075145	17.442643	0.085345	11.242246	0.097952	20.0892	0.2373	0.0	0.0	0.0	0.0	0.0	0.0	0.0
18.270489	0.075559	17.63958	0.073715	16.603462	0.076491	9.461091	0.092727	20.0515	0.2376	0.0	0.0	0.0	0.0	0.0	0.0	0.0
18.200825	0.071156	17.244949	0.073768	15.646814	0.073706	7.781764	0.087003	20.0461	0.2371	0.0	0.0	0.0	0.0	0.0	0.0	0.0
18.140119	0.073642	16.801598	0.074582	14.620228	0.084858	6.253673	0.092113	20.0407	0.2366	0.0	0.0	0.0	0.0	0.0	0.0	0.0
18.033451	0.075373	16.354897	0.079283	13.614361	0.083149	4.806465	0.097047	20.0083	0.2379	0.0	0.0	0.0	0.0	0.0	0.0	0.0
17.874264	0.075235	15.848626	0.066272	12.610318	0.075751	3.476096	0.081498	19.9867	0.2363	918.7700388865894	45.47578249887045	105.74710848953471	3.286701667939021	203.7497811681151	2.4819276087805977	11.693610199999998
17.927252	0.085987	15.371312	0.081751	11.609238	0.07912	2.249216	0.084561	19.9813	0.2368	728.0069641050196	33.79392260607683	91.00741649798896	2.7521329259303666	198.79679795004108	2.4595428244638033	11.6913897
18.06703	0.083851	14.869313	0.08338	10.652103	0.082913	1.106382	0.073356	19.976	0.2372	581.8777288723514	21.517661265733505	81.18286812597388	2.263595365921384	194.92298807339043	2.260595225709213	11.690999999999999
18.240631	0.07328	14.438583	0.074329	9.743355	0.080037	0.038863	0.08375	19.9598	0.2377	489.3890451230268	13.435251636530907	72.91769270856064	1.6963281152574459	191.73391953748998	2.2887629780500927	11.690999999999999
18.382457	0.075202	14.018503	0.076036	8.892079	0.07523	-0.940805	0.079832	19.9544	0.2376	426.3749076631257	10.448718606961641	66.78441420364426	1.3934535234492573	189.23037939938828	2.1110071669226067	11.690999999999999
18.528983	0.079984	13.685691	0.07567	8.0962	0.078753	-1.831763	0.0739	19.949	0.2374	384.17673457076387	8.733785193898047	61.25159470070785	1.1968193234976743	187.41814481054752	2.0387241394637297	11.690999999999999
18.674458	0.069154	13.425778	0.077393	7.405372	0.078216	-2.652379	0.085112	19.9328	0.2361	354.50447944225914	7.010019726052746	56.86746015190018	1.039353437184609	184.9996373711493	2.126184496565431	11.690999999999999
18.755519	0.074793	13.087151	0.074185	6.699839	0.072572	-3.447022	0.079506	19.9328	0.2361	328.2568494900675	6.100498570737078	53.600822101143784	0.870887880493729	183.3749842979801	1.9454107871110715	11.690999999999999
18.858458	0.07535	12.806884	0.075654	6.040502	0.065522	-4.15909	0.072774	19.9328	0.2361	307.470516995255	5.42511620584305	50.597965828084746	0.7484091512737172	182.42695890882058	1.7514571243255375	11.690999999999999
18.89403	0.079972	12.538997	0.080467	5.466199	0.07821	-4.842353	0.081631	19.922	0.237	292.78850159541895	5.226787306459198	48.40590609462368	0.7679790294536608	180.4987170142167	1.97946664686378	11.690999999999999
18.941444	0.079165	12.307672	0.071144	4.912846	0.081387	-5.432456	0.076654	19.9004	0.2374	280.48602026482644	4.500274364211045	46.297942567511434	0.6767893838557595	179.85751757526123	1.9437292379513356	11.690999999999999
19.020405	0.073831	12.08275	0.072748	4.410225	0.072074	-5.981344	0.072284	19.8897	0.2368	268.2690059411053	4.007996688810709	44.63368472897957	0.5957285370562388	179.10268982426516	1.7593221266537844	11.693999999999999
19.101193	0.069387	11.924373	0.074508	3.991974	0.07274	-6.450222	0.071577	19.8789	0.2358	259.3376971854915	3.6790882678862196	43.1728748413934	0.5667264423229249	178.24028080392156	1.741934876789817	11.6943898
19.107715	0.078056	11.718734	0.079051	3.572247	0.081407	-6.927355	0.078654	19.8789	0.2358	251.8828988119145	3.7870717256252093	42.03689997955972	0.5855352868378076	177.2598523630581	1.911052075667051	11.693999999999999
19.156823	0.076738	11.574677	0.070054	3.208419	0.069337	-7.332297	0.07079	19.8789	0.2358	245.46585834323895	3.3638465028170117	40.932644424014754	0.48224100915543494	176.56844870050307	1.6598619287880616	11.693999999999999
19.140029	0.074939	11.38749	0.078964	2.823359	0.076771	-7.734385	0.076352	19.8627	0.237	240.07075463016682	3.371129821842115	39.986901554945014	0.514218455399933	176.28367896435947	1.8078627777063683	11.693999999999999
19.137552	0.082675	11.202261	0.074103	2.472173	0.075738	-8.130011	0.071906	19.8519	0.2372	234.541862299679	3.2815420793609253	39.226755235805506	0.4761091085135148	175.54476640398335	1.7291800996646216	11.693999999999999
19.157276	0.074374	11.062547	0.073455	2.160854	0.070032	-8.443116	0.072908	19.8357	0.2366	229.92220332464012	2.969147944030774	38.470552106306066	0.43860835887326477	175.51520242544865	1.6733030937734006	11.693999999999999
19.161021	0.076406	10.912031	0.072693	1.867327	0.069207	-8.768366	0.074657	19.8249	0.2356	225.62251940317586	2.8845357970160466	37.86227396201593	0.42015443455050494	174.99169128058102	1.674940473371767	11.693999999999999
19.142354	0.066981	10.792423	0.07469	1.607462	0.076216	-9.043049	0.073382	19.8249	0.2356	222.89498162533152	2.6780803343646147	37.28410791093092	0.43316981056491577	174.74822389046383	1.735919465272537	11.693999999999999
19.157276	0.079191	10.664758	0.074372	1.367385	0.07069	-9.295038	0.07256	19.8034	0.2369	219.15267692769538	2.803455315640754	36.83330992603339	0.40649643200525526	174.5529981004096	1.658395512121594	11.693999999999999
19.10539	0.071798	10.513927	0.071409	1.113717	0.070648	-9.540369	0.064783	19.8087	0.2368	216.62875671836733	2.553294496910594	36.43036031360848	0.38929747528580816	174.68959692327613	1.571675533516554	11.693999999999999
19.130727	0.083241	10.416757	0.079579	0.922818	0.074077	-9.767584	0.072757	19.7818	0.2363	213.58323976121812	2.822625533428696	36.070700165108384	0.413068325695935	174.09616194606303	1.6909306801815935	11.693999999999999
19.090474	0.073875	10.293024	0.075609	0.714512	0.078077	-9.999903	0.072362	19.7764	0.2359	211.55652141738582	2.5420272611981467	35.752219880931236	0.40567774238863935	173.70598110858737	1.7258552262336073	11.693999999999999
19.095273	0.078691	10.228562	0.077215	0.531742	0.077513	-10.16374	0.069995	19.7764	0.2359	209.9039751141818	2.6099091751134864	35.31601807648846	0.3984728761107863	174.01346581636543	1.6992097977272715	11.693999999999999
19.091377	0.070922	10.119441	0.073497	0.36851	0.071223	-10.345884	0.06835	19.7656	0.2358	207.44216991845838	2.361513135922606	35.12003728003296	0.36861679781486073	173.70630980592844	1.6003826300725637	11.693999999999999
19.04476	0.074051	10.030201	0.073137	0.197574	0.072255	-10.512667	0.071128	19.744	0.2367	206.46135649385153	2.3837350757505	34.82823434333953	0.36416216417199376	173.7736696293179	1.6450621899631503	11.693999999999999
19.042286	0.078124	9.939016	0.076942	0.055874	0.073338	-10.655264	0.073219	19.7386	0.2366	204.44937388382726	2.462636264844889	34.65022137969308	0.3726677397175078	173.75913035038923	1.6811469795386038	11.693999999999999
19.024378	0.076633	9.876849	0.081036	-0.074041	0.071543	-10.794773	0.072897	19.7224	0.2356	203.4601865605764	2.4807131513999057	34.41431457527407	0.3738496830815558	173.6036138508157	1.6539672622015473	11.693999999999999
18.985567	0.075641	9.78336	0.079132	-0.229169	0.069301	-10.923874	0.070661	19.7224	0.2356	202.25126639755862	2.405973082557136	34.20245142487469	0.3593193755897813	174.02611900045343	1.6105077938786245	11.693999999999999
18.962119	0.067645	9.696313	0.077476	-0.35511	0.069774	-11.069908	0.079919	19.717	0.2351	200.86302754784427	2.229602672004139	34.07010747422948	0.3534107377836749	173.6997597374442	1.7198714083385904	11.693999999999999
18.97313	0.076299	9.670322	0.075048	-0.449981	0.079512	-11.171949	0.075514	19.7063	0.236	200.06408323399575	2.3015791492576962	33.838223596006635	0.365575343915981	173.583609613763	1.7752852039964266	11.693999999999999
18.956499	0.074431	9.597707	0.072022	-0.562244	0.066749	-11.271895	0.068625	19.717	0.2351	198.86731840590568	2.2008288624564174	33.706169530803834	0.3257736279588243	173.78325479652838	1.553440261665476	11.693999999999999
18.892838	0.078019	9.492383	0.071776	-0.655127	0.073173	-11.3713	0.066075	19.6793	0.2362	197.9859373929593	2.2327784303735103	33.7474936244569	0.3408803664651601	173.67748388213636	1.597865716559843	11.693999999999999
18.91104	0.080627	9.486	0.071384	-0.753767	0.067718	-11.472544	0.071068	19.6739	0.2358	197.52014803917183	2.2567843187243066	33.452023892138214	0.3214427536900659	173.67981790601095	1.5906078814805278	11.697000000000001
18.896585	0.073853	9.431636	0.07453	-0.833025	0.069241	-11.570553	0.068125	19.6631	0.2348	196.63685034271975	2.179817315707309	33.36233657360641	0.33064646632893413	173.33206411709867	1.5680305696950516	11.693999999999999
18.870681	0.075626	9.370761	0.074522	-0.918058	0.071801	-11.655048	0.074516	19.6631	0.2348	195.96327046660514	2.1901405734237023	33.29254057978115	0.3348534001611367	173.3852167734025	1.6710248223309498	11.697000000000001
18.851144	0.073812	9.324056	0.063399	-0.985671	0.067267	-11.708182	0.066316	19.6631	0.2348	195.3543252075627	1.9951844806456291	33.216501819941826	0.2978132382479551	173.57482080673387	1.5291068014894456	11.693999999999999
18.852184	0.07013	9.288268	0.077476	-1.035887	0.071527	-11.764134	0.070226	19.6469	0.236	194.60206790897203	2.1263698064849157	33.17008038259548	0.3387820557634638	173.482018265633	1.620925466192705	11.693999999999999
18.807941	0.079851	9.237763	0.076168	-1.107328	0.073442	-11.835943	0.075786	19.6415	0.2362	194.47475478963392	2.2424750034541447	33.10294990557704	0.3385707733123023	173.47606619635275	1.706414613695889	11.693999999999999
18.812429	0.074899	9.181473	0.074156	-1.169102	0.074069	-11.873	0.067734	19.6307	0.2361	193.2474715143882	2.1148478536040374	33.085414003926694	0.33502406175489735	173.87664514853165	1.6304240767434468	11.693999999999999
18.804193	0.076699	9.145273	0.075506	-1.226999	0.072779	-11.946836	0.07148	19.6361	0.2362	192.6879800677814	2.1471046369114073	33.01620484794742	0.3338163787319877	173.61811847721006	1.6521539303779236	11.693999999999999
18.772533	0.066749	9.114945	0.066064	-1.27909	0.071506	-11.981728	0.059551	19.6146	0.2351	192.71457127810942	1.8740239127766987	32.94707500165183	0.3085882892152928	173.89713055919802	1.5119818955635131	11.693999999999999
18.7785	0.09506	9.091613	0.074234	-1.321561	0.073179	-12.041757	0.076161	19.6146	0.2351	192.18097340480756	2.3928401354158204	32.89495864704074	0.32929042497165645	173.65682616178395	1.7109473608507382	11.697000000000001
18.754236	0.078815	9.059801	0.068032	-1.371728	0.072851	-12.079141	0.071662	19.6092	0.2346	192.03133502471746	2.062371920187702	32.8370774536499	0.3137720787721909	173.86415530706597	1.6593242350682111	11.697000000000001
18.70971	0.072396	9.017256	0.073848	-1.435354	0.07032	-12.117523	0.075245	19.5984	0.2355	192.07059279683057	2.049328569590977	32.77084766275563	0.3197045134027643	174.27503791430652	1.6802271657799308	11.697000000000001
18.700739	0.0733	9.000866	0.070434	-1.45462	0.071049	-12.179796	0.071274	19.593	0.2358	191.92368483238337	2.0113649422156263	32.76183416325915	0.3134838499458416	173.5762167235667	1.6287173951692862	11.697000000000001
18.688462	0.073831	8.952676	0.079024	-1.500894	0.074342	-12.19839	0.068067	19.5876	0.2359	191.1666851344697	2.1235153551050505	32.75943611396188	0.34000608550457595	173.9806931064102	1.63930842734311	11.693999999999999
18.70335	0.071473	8.934659	0.081582	-1.529812	0.076186	-12.226147	0.074397	19.5714	0.2357	190.57162340417426	2.115921217190575	32.73370634609001	0.34916882183765247	174.04422599292448	1.7326748473312017	11.697000000000001
18.718535	0.079926	8.957049	0.073747	-1.535609	0.076408	-12.250397	0.070272	19.5822	0.236	190.71230316358464	2.1246992307573667	32.645771230808016	0.33039727156601034	173.7444787461435	1.6833103866898895	11.697000000000001
18.673869	0.080019	8.906405	0.078625	-1.568351	0.07501	-12.270246	0.071414	19.5606	0.2349	190.59555147981396	2.189051552650418	32.701565644513295	0.33924908485059496	173.95379976971762	1.683454815451673	11.697000000000001
18.655088	0.071092	8.884295	0.066074	-1.604964	0.077778	-12.297905	0.068057	19.5552	0.2343	190.53064910315766	1.8925892785842129	32.65634772679719	0.31772820250490663	174.09946761499205	1.682710246460713	11.697000000000001
18.657109	0.075351	8.874197	0.072844	-1.626155	0.073466	-12.32179	0.073372	19.5552	0.2343	190.24578981283028	2.0381100647761854	32.613485095884215	0.32133315787667055	174.01097831563254	1.6892511839763484	11.693999999999999
18.663468	0.068731	8.848065	0.075385	-1.666612	0.069932	-12.356804	0.071871	19.5552	0.2343	189.6646979857956	1.9712239605441932	32.57740771079203	0.3185851237646753	174.1442313976628	1.6335530614520135	11.697000000000001
18.661593	0.073716	8.846155	0.072557	-1.687807	0.076452	-12.369822	0.073572	19.5552	0.2343	189.6153641284966	1.9981539319903479	32.509424983461564	0.32528489678528744	174.23285540093008	1.7306196344535363	11.693999999999999
18.605515	0.077111	8.764917	0.075553	-1.737816	0.07469	-12.405627	0.069505	19.5552	0.2343	189.1790894383167	2.0753748555001175	32.61445159716613	0.3299096131314735	174.50960144911215	1.6690225817233513	11.697000000000001
18.659572	0.075358	8.816001	0.078195	-1.712848	0.073051	-12.40115	0.069424	19.5391	0.2355	189.1219584771865	2.08644904118586	32.53355744477922	0.3306521808751585	174.17503603609148	1.642262245453299	11.697000000000001
18.610291	0.0784	8.785308	0.078559	-1.73784	0.071098	-12.413349	0.074702	19.5552	0.2343	189.47975592568423	2.1404274639163505	32.55118395436783	0.32774852701504564	174.38374870188912	1.6845874005069672	11.697000000000001
18.623885	0.064706	8.789807	0.074499	-1.760987	0.073134	-12.428703	0.071922	19.5337	0.2357	189.30451309901815	1.8994987671907182	32.4658885619592	0.3212398533172678	174.51114767273893	1.677984740560281	11.697000000000001
18.566676	0.070632	8.739204	0.074107	-1.778289	0.074001	-12.45221	0.070186	19.5283	0.2357	189.38318373152453	1.9728603970782095	32.56033320815969	0.32422103698714544	174.36496211978968	1.666090924052949	11.693999999999999
18.583137	0.073687	8.71493	0.072674	-1.805228	0.074311	-12.459386	0.068865	19.5121	0.2351	188.60142918773693	1.9780089480124632	32.552081769812716	0.321618226400207	174.68841468662134	1.661172355111847	11.693999999999999
18.591807	0.077024	8.719088	0.074162	-1.805241	0.070645	-12.463247	0.069417	19.5175	0.2354	188.5635859095281	2.042184065164329	32.54753085882861	0.3167555135106589	174.67013538450215	1.6231700371037667	11.697000000000001
18.557714	0.078375	8.702727	0.075506	-1.816765	0.075496	-12.49599	0.084254	19.5121	0.2351	188.90287027503481	2.0860768229219913	32.562493399773494	0.3305162919261422	174.32308822231977	1.8466905795700108	11.697000000000001
18.570718	0.072879	8.694883	0.071922	-1.843732	0.061304	-12.507299	0.068165	19.5067	0.2346	188.5041089344309	1.9543990966281226	32.503406253938365	0.29146946481713304	174.57905977239764	1.5008954403980477	11.697000000000001
18.57101	0.070172	8.703063	0.073754	-1.839896	0.06835	-12.51116	0.072721	19.5067	0.2346	188.6063900818221	1.9457551868824128	32.48168283037712	0.30979882974772227	174.4083890165443	1.6311081641745198	11.693999999999999
18.551652	0.083341	8.680704	0.082932	-1.861044	0.080356	-12.527391	0.079214	19.5013	0.2341	188.59743306350998	2.246393814683118	32.49374765340917	0.3559439056105605	174.5335576121625	1.8463414842514696	11.697000000000001
18.53938	0.077358	8.668771	0.07454	-1.884152	0.069619	-12.538607	0.068475	19.5013	0.2341	188.5555330494518	2.0521385926421547	32.45101465559715	0.31364400200668774	174.68353329608277	1.6010152761417418	11.693999999999999
18.492589	0.073695	8.636262	0.07649	-1.899512	0.074969	-12.560214	0.072368	19.5013	0.2341	188.87718861525272	2.0354065664956433	32.51217410885335	0.3305095005067567	174.6259644445863	1.7068223048247377	11.697000000000001
18.502547	0.079577	8.63804	0.073171	-1.901411	0.075776	-12.558054	0.072865	19.4959	0.2346	188.72056354279704	2.0681730598407344	32.50083123534608	0.32483275083882385	174.6924844540343	1.7233030431419643	11.697000000000001
18.529399	0.076328	8.643905	0.075484	-1.91871	0.068841	-12.567017	0.070253	19.5013	0.2341	188.31991659602238	2.045011255737027	32.429555597727486	0.3136572105432865	174.8292353939711	1.614909729763086	11.697000000000001
18.523045	0.07368	8.649904	0.072666	-1.916782	0.069907	-12.561455	0.071536	19.5013	0.2341	188.5555331536867	1.9763252269474552	32.41706049156728	0.3093402970020415	174.8889183485797	1.6433240996757374	11.697000000000001
18.52767	0.07752	8.658148	0.074748	-1.893714	0.073987	-12.569085	0.067302	19.5067	0.2346	188.6246676945331	2.0581152397143256	32.462602979908944	0.3235635929473981	174.38601823741422	1.6338355573354113	11.697000000000001
18.540379	0.077361	8.658214	0.077307	-1.916811	0.073346	-12.569177	0.072004	19.4905	0.235	188.3833702437993	2.0848611015168355	32.39149739779059	0.3264090801617886	174.76261975947307	1.6862444855437813	11.697000000000001
18.501818	0.078055	8.625643	0.077034	-1.936007	0.072023	-12.598039	0.075116	19.4959	0.2346	188.49759705520106	2.0931125405370024	32.432520139288776	0.3238403719508231	174.60417935886883	1.7042110055661566	11.697000000000001
18.519004	0.072372	8.6178	0.0738	-1.924485	0.070266	-12.579932	0.07141	19.4905	0.235	188.0211207571289	1.9628549829583866	32.49209179309184	0.31406528341135154	174.71209315860784	1.642656641896183	11.697000000000001
18.532441	0.073415	8.638306	0.074095	-1.936072	0.07853	-12.587837	0.071472	19.4851	0.2353	188.15544469494753	1.9835856806041439	32.39347849770293	0.33074920112193995	174.77248170066426	1.742266799775034	11.697000000000001
18.504859	0.074859	8.60798	0.070902	-1.957216	0.082733	-12.596799	0.061921	19.4689	0.2354	188.1032827560842	1.9596776020917372	32.421632328283536	0.33436270596728307	174.97258820227785	1.6994585535908613	11.697000000000001
18.489695	0.084752	8.593675	0.075491	-1.970655	0.081022	-12.613021	0.070683	19.4635	0.2352	188.11960569478364	2.1575592492226314	32.42429009659131	0.33988714271046044	174.92684252577558	1.7672982899134702	11.697000000000001
18.498651	0.071748	8.614045	0.072663	-1.951448	0.069904	-12.598683	0.066146	19.4689	0.2354	188.33682702883	1.9456748434709412	32.420720041330775	0.30939817895507027	174.84684080203863	1.5804065659296038	11.697000000000001
18.545589	0.076668	8.650638	0.076383	-1.932254	0.079807	-12.595559	0.073804	19.4689	0.2354	188.13994074662426	2.057739630105262	32.3674199380176	0.3378687942434718	174.58333187054353	1.7797137073080027	11.697000000000001
18.465869	0.078045	8.571199	0.074228	-1.984078	0.070713	-12.640083	0.073275	19.4689	0.2354	188.1452567054655	2.048030183087936	32.45210255066381	0.3151927220774307	174.70293251665677	1.66949988019749	11.697000000000001
18.459387	0.077936	8.576079	0.073838	-1.964941	0.07556	-12.630255	0.071854	19.4635	0.2352	188.36156909219784	2.046126164582971	32.49599275302044	0.3256928512335786	174.5504437352743	1.7065134771484294	11.697000000000001
18.499234	0.071749	8.582143	0.067874	-1.974563	0.069902	-12.621111	0.066144	19.4797	0.2355	187.7199079470435	1.8695448409642639	32.447706921534405	0.29947695692951426	174.85812419261316	1.5805747596586706	11.697000000000001
18.489422	0.070738	8.596515	0.073842	-1.972673	0.074056	-12.623364	0.072765	19.4689	0.2354	188.178798568711	1.9450832030877239	32.40938730917004	0.32068345419448147	174.7901090631079	1.7038483401866262	11.697000000000001
18.438311	0.079009	8.535811	0.078816	-2.011097	0.074956	-12.648543	0.073822	19.4581	0.2349	187.99650664335695	2.11867263728436	32.47785032323322	0.3349336153840866	175.00774613801877	1.7308335394141667	11.697000000000001
18.446392	0.068331	8.547739	0.073436	-2.014928	0.066744	-12.633654	0.072836	19.4581	0.2349	188.06955718215923	1.90583779448006	32.42939532269705	0.3046722038551845	175.31626164574766	1.6310744849368906	11.697000000000001
18.495338	0.074357	8.570214	0.07299	-1.997661	0.07064	-12.639676	0.068154	19.4528	0.2344	187.56796021610182	1.969094678741619	32.4134148994238	0.31154708684189614	174.93259478612512	1.6135087394006886	11.697000000000001
18.46949	0.077626	8.561842	0.071284	-1.997622	0.075479	-12.631863	0.080076	19.4581	0.2349	187.8988337175179	1.9987419224395115	32.43923081352789	0.31893782628689055	175.06049401223967	1.8115058654832283	11.697000000000001
18.465739	0.078714	8.578123	0.077347	-1.989952	0.077172	-12.643168	0.074814	19.4797	0.2355	188.27948122381736	2.1013823614667806	32.41280331027746	0.33511040175508766	174.74867113687694	1.7630959793255094	11.697000000000001
18.482777	0.079663	8.578255	0.071972	-1.993814	0.068335	-12.647028	0.076805	19.4581	0.2349	187.9099111008548	2.036838766152519	32.39224552642062	0.30408217673450455	174.70387963395004	1.6858990753347973	11.693999999999999
18.474695	0.076776	8.558284	0.079322	-2.009217	0.076897	-12.639861	0.074012	19.4474	0.2338	187.7327914685063	2.089901153373729	32.41455898550534	0.3388750819460637	175.11971979838808	1.7581399867136538	11.697000000000001
18.453616	0.076232	8.554198	0.069652	-2.001516	0.071341	-12.643445	0.071467	19.4689	0.2354	188.0550307821376	1.9615953508851092	32.45075762473266	0.30651616341269516	174.9340126143672	1.6599393372180133	11.697000000000001
18.455927	0.081477	8.540226	0.075155	-1.995757	0.071429	-12.645421	0.070247	19.4528	0.2344	187.746215111415	2.098772511853222	32.511528136347515	0.3199440232823404	174.8069477078547	1.6444406468263006	11.697000000000001
18.453035	0.073002	8.537854	0.069221	-2.016871	0.070988	-12.646751	0.071481	19.4528	0.2344	187.75606312438254	1.9050288871753847	32.45379750693562	0.3048697775960224	175.1323040463605	1.6597714635576595	11.697000000000001
18.459954	0.06577	8.537195	0.06922	-2.024485	0.073659	-12.653178	0.067294	19.4581	0.2349	187.56456001432636	1.8048671452586897	32.42410942118986	0.3103101001612439	175.10692753113474	1.6437043749569993	11.693999999999999
18.44898	0.068835	8.530935	0.072745	-2.037918	0.072777	-12.658368	0.070639	19.4528	0.2344	187.70184452321865	1.8953716407317063	32.41041540552173	0.31555176587999906	175.28779909146854	1.6739452333827478	11.697000000000001
18.474695	0.078474	8.558284	0.085589	-2.001523	0.077168	-12.636185	0.072182	19.4635	0.2352	187.7327914685063	2.1983136818334605	32.438175971597055	0.3540024242576421	175.05356245290264	1.7393251958226572	11.697000000000001
18.461553	0.071071	8.54998	0.07443	-2.020726	0.074281	-12.65052	0.068023	19.4581	0.2349	187.82440922884044	1.9501873571249295	32.40473459695804	0.32235290311615233	175.1337233346992	1.659456407659639	11.697000000000001
18.437161	0.078693	8.522169	0.06787	-2.039998	0.072698	-12.665685	0.068847	19.4528	0.2344	187.75963927801266	1.9678805518402696	32.430930607818915	0.3053757042885359	175.20140664169816	1.6509055956128464	11.697000000000001
18.441929	0.074352	8.522432	0.078339	-2.01695	0.069138	-12.655028	0.072482	19.4528	0.2344	187.67438373808093	2.043441260212373	32.50104153863672	0.322207179305178	174.99735297526817	1.6477766992489433	11.697000000000001
18.443078	0.076151	8.511955	0.072518	-2.022669	0.075252	-12.648913	0.075995	19.4474	0.2338	187.45468357418494	1.9848679747624367	32.51572128512812	0.3225662626597304	175.19223195135748	1.7632415414612725	11.697000000000001
18.453325	0.078296	8.521906	0.07729	-2.02458	0.075765	-12.654288	0.075683	19.4528	0.2344	187.4490733118525	2.0765268276709756	32.47914994212274	0.33331178704786135	175.1351426426213	1.7644110874842371	11.697000000000001
18.439472	0.073374	8.532318	0.070493	-2.018854	0.062088	-12.66031	0.074822	19.4474	0.2338	187.9081784167776	1.9298851701307747	32.46472705908331	0.2890343844978222	174.94178374159944	1.5983929981279967	11.697000000000001
18.468924	0.074167	8.536404	0.071293	-2.015015	0.077796	-12.653051	0.070952	19.4528	0.2344	187.4283047787087	1.9412808461895528	32.46396679922237	0.3246645516345231	174.998034973837	1.7320790925783858	11.697000000000001
18.450011	0.077513	8.530341	0.069221	-2.020781	0.068333	-12.669546	0.073866	19.4474	0.2338	187.67109284053416	1.966118232547108	32.4648802232201	0.2992837172387811	174.82171639064208	1.6519924752461947	11.697000000000001
18.464591	0.077095	8.544378	0.077064	-2.003466	0.075551	-12.645606	0.074134	19.4474	0.2338	187.66082338640328	2.062085820320426	32.474967019809945	0.33226793005689753	174.9305495684917	1.7398801005229965	11.697000000000001
18.447409	0.074292	8.5281	0.075808	-2.034216	0.076128	-12.667384	0.072431	19.4474	0.2338	187.67792972759318	2.0082588290944465	32.43047164430242	0.32986837637048916	175.07814795866497	1.7301634103409493	11.697000000000001
18.460841	0.070736	8.528495	0.072438	-2.007337	0.064847	-12.64956	0.076086	19.4528	0.2344	187.43159144515045	1.9105955086350637	32.511994008633174	0.30001702733037433	174.9291861241163	1.6432628601094794	11.697000000000001
18.431245	0.077023	8.508264	0.076118	-2.034248	0.07496	-12.667755	0.068463	19.442	0.2343	187.60848188178764	2.0473528080755554	32.49139180542591	0.32924846280116654	175.07258107879784	1.6714401557434837	11.697000000000001
18.463298	0.078365	8.554792	0.07549	-2.013127	0.076619	-12.644276	0.070683	19.4528	0.2344	187.8825580954896	2.0632409766555764	32.41327814309739	0.32990140950543534	175.11139340138493	1.717033449638658	11.697000000000001
18.452322	0.077889	8.53647	0.074304	-2.034257	0.077508	-12.653143	0.073753	19.4528	0.2344	187.74334868793122	2.03814891780638	32.40467165774329	0.32914714955888197	175.31360822839827	1.766362422796887	11.697000000000001
18.44943	0.077006	8.522038	0.075758	-2.039982	0.073012	-12.680203	0.072911	19.4528	0.2344	187.52511625343354	2.040532147258117	32.43138408264796	0.3230664031633845	174.9620986095487	1.6966871138063002	11.697000000000001
18.394144	0.075864	8.493507	0.071962	-2.059163	0.068329	-12.698023	0.067291	19.4474	0.2338	188.03188627392797	1.9858915500541416	32.4601155326982	0.3052444614375012	174.98448648025115	1.5773326545922541	11.697000000000001
18.445375	0.079668	8.539238	0.073605	-2.026412	0.077235	-12.669764	0.075425	19.4528	0.2344	187.9274646204594	2.057671631533163	32.42024176850782	0.32737542112942547	174.91062225412466	1.7740966636667905	11.697000000000001
18.477426	0.067682	8.541544	0.071906	-2.024525	0.066179	-12.660992	0.070921	19.4474	0.2338	187.36487991415646	1.8621482435543184	32.41895555501276	0.29984117875942967	175.0238400579814	1.5961790115977745	11.697000000000001
18.451582	0.074956	8.521117	0.075429	-2.051406	0.070253	-12.675231	0.074075	19.4528	0.2344	187.4670934763848	2.0074677832114345	32.399163719127365	0.31587775144712393	175.23212935754134	1.6839096488098781	11.697000000000001
18.505442	0.073536	8.559997	0.079721	-2.014952	0.08131	-12.64496	0.075891	19.4474	0.2338	187.18473196909397	2.041279978484546	32.391730391730896	0.3487948439004974	175.13020215792875	1.8324262086394885	11.697000000000001
18.434838	0.073986	8.513078	0.073331	-2.020639	0.070994	-12.66788	0.069926	19.4528	0.2344	187.58344130988385	1.9694628229517315	32.510182122144975	0.31500773517927827	174.8018855656752	1.6359841951851388	11.693999999999999
18.464722	0.07869	8.537458	0.082712	-2.009131	0.076894	-12.660899	0.075628	19.4474	0.2338	187.52755387377982	2.1565837210839622	32.478832305314	0.3477850054628074	174.77242253801631	1.7696362297910655	11.697000000000001
18.482049	0.074837	8.565863	0.073395	-1.986081	0.077186	-12.642891	0.072406	19.4474	0.2338	187.7370204286857	1.9845058731825536	32.46235042852625	0.32767154574535573	174.68975481433716	1.7348198060650635	11.697000000000001
18.434415	0.07185	8.523883	0.073788	-2.022653	0.073106	-12.652404	0.070312	19.4474	0.2338	187.84414196538958	1.9520887970938512	32.478996712953816	0.31988000514008263	175.13443298620834	1.671163173288433	11.697000000000001
18.455055	0.07162	8.531791	0.074524	-2.045715	0.076125	-12.681623	0.073316	19.442	0.2343	187.6031218674692	1.954049538493634	32.383902138705814	0.32615333690354564	175.0330327927073	1.7393097292337385	11.697000000000001
18.442932	0.080357	8.540028	0.081048	-2.038047	0.07723	-12.667199	0.076913	19.4528	0.2344	187.9888343533148	2.166584779828627	32.382159003843064	0.3427124304824251	175.14428713406554	1.7960039259803864	11.697000000000001
18.456073	0.075792	8.520192	0.068574	-2.041925	0.081316	-12.66757	0.069806	19.4474	0.2338	187.36490815940448	1.9274031578399646	32.43108359816778	0.3266113876541391	175.20211656993123	1.7670649330150727	11.697000000000001
18.480902	0.079122	8.54418	0.07653	-2.026523	0.073085	-12.660033	0.076189	19.4528	0.2344	187.34904805865116	2.075431588605781	32.40473998596815	0.3243989426574863	175.0725267303925	1.7382116326668722	11.697000000000001
18.443078	0.072277	8.528034	0.07447	-2.038055	0.067608	-12.696695	0.071894	19.4474	0.2338	187.75867421664017	1.9651934156280488	32.41889270270212	0.3086026732193393	174.6597344637627	1.6171848766470323	11.697000000000001
18.460114	0.082683	8.536206	0.08135	-2.026531	0.078563	-12.663801	0.077103	19.4528	0.2344	187.59095671614125	2.192595871336041	32.42917949560996	0.34721137609213976	175.01063726620734	1.8110545234033741	11.697000000000001
18.455927	0.079949	8.516106	0.072012	-2.026531	0.062088	-12.667477	0.068589	19.4474	0.2338	187.29063614131314	2.0274371433099896	32.491005738182565	0.29303043108248056	174.95018227787992	1.5210904576011692	11.697000000000001
18.425753	0.072274	8.515712	0.074135	-2.057253	0.070356	-12.681623	0.071895	19.4474	0.2338	187.85345488337006	1.962603245221614	32.397810106102526	0.313178693480661	175.22311682207507	1.659019738926597	11.697000000000001
18.436871	0.079989	8.530077	0.079918	-2.028443	0.079531	-12.680203	0.075562	19.4528	0.2344	187.91502381111727	2.144763484595212	32.44213299590448	0.3464292551983289	174.7725598754874	1.7999957018665356	11.697000000000001
18.447554	0.084996	8.528166	0.07584	-2.034224	0.073093	-12.671153	0.075493	19.4474	0.2338	187.67642618459183	2.155236752974776	32.43024490636769	0.3233983028885066	175.01625652738787	1.7289550161994245	11.697000000000001
18.489713	0.07289	8.540358	0.082241	-2.018854	0.067167	-12.66031	0.071775	19.4474	0.2338	187.11116045089142	2.0666934504450363	32.44000689925274	0.3262181575526056	174.94178374159944	1.616027333565348	11.697000000000001
18.419402	0.072778	8.517689	0.075756	-2.05148	0.067054	-12.679739	0.074341	19.4474	0.2338	188.01145383992997	1.9946737916374104	32.40944624440142	0.31022769359121805	175.15900092493237	1.6499328514703049	11.697000000000001
18.421567	0.071616	8.479539	0.074845	-2.064944	0.080101	-12.692649	0.074722	19.4474	0.2338	187.24905508289618	1.9509997910312986	32.485319545954454	0.3377356949439446	175.16814592905388	1.8055023603381024	11.697000000000001
18.447409	0.074292	8.5281	0.075808	-2.022677	0.072109	-12.67106	0.070869	19.4528	0.2344	187.67792972759318	2.0082588290944465	32.46594125526935	0.32194567948906005	174.82798334258476	1.6599573811143544	11.697000000000001
18.466467	0.076917	8.55433	0.070073	-2.001531	0.074284	-12.658334	0.072972	19.4474	0.2338	187.81373384889073	1.9715211877970944	32.45030384012563	0.31392904867118887	174.68986452907646	1.7069312351198962	11.697000000000001
18.468633	0.075207	8.528232	0.070896	-2.007306	0.072783	-12.660218	0.070642	19.442	0.2343	187.27970832993546	1.947237062364913	32.51290309801762	0.3135570114899222	174.7536561353141	1.6638604392284129	11.697000000000001
18.472965	0.085338	8.56046	0.07361	-2.022701	0.078313	-12.675014	0.073202	19.4474	0.2338	187.80674953701367	2.135240253325354	32.36659857536135	0.32869832495904533	174.76348955267935	1.758707359851784	11.697000000000001
18.440476	0.082206	8.533834	0.064966	-2.020718	0.072695	-12.66513	0.069843	19.4474	0.2338	187.91789254572788	1.9875200648688658	32.45433059778697	0.2997880475882405	174.89320432501484	1.6563615964198417	11.697000000000001
18.484944	0.074296	8.552155	0.070586	-2.007282	0.073737	-12.648913	0.068464	19.4474	0.2338	187.42323341692153	1.9337157510345762	32.4393155068932	0.3135849728637187	174.93892071256033	1.6541131193285117	11.697000000000001
18.460405	0.077209	8.520258	0.079671	-2.038087	0.077236	-12.671338	0.08138	19.4474	0.2338	187.2844927767873	2.0903307947291347	32.442671420978265	0.3409591128755208	175.07678343739667	1.8473250603444367	11.697000000000001
18.453907	0.071745	8.526189	0.070796	-2.032305	0.076349	-12.680388	0.068846	19.4474	0.2338	187.51896527287644	1.903837591353565	32.442212273776285	0.3199237040191755	174.83291560610763	1.6879755169201929	11.697000000000001
18.457803	0.078275	8.546158	0.078159	-2.028443	0.07062	-12.676527	0.069395	19.4474	0.2338	187.82304636051924	2.0961319701165486	32.392799926896224	0.32267658334336896	174.83288814542317	1.6256542637823717	11.697000000000001
18.459678	0.073376	8.536008	0.070493	-2.0342	0.066743	-12.667199	0.071617	19.4474	0.2338	187.59546547592447	1.9234809117443412	32.40625776699565	0.29761932056014045	175.08093140836928	1.6119351933279837	11.697000000000001
18.438601	0.075668	8.503785	0.070171	-2.041885	0.078841	-12.670782	0.073332	19.4474	0.2338	187.38498880254946	1.946450303973167	32.48166426102814	0.3250897701883573	175.148491043123	1.7742852313854505	11.697000000000001
18.458966	0.077354	8.534624	0.074485	-2.02466	0.075766	-12.655213	0.069727	19.4528	0.2344	187.582761545496	2.029715483093592	32.43978557148522	0.3264083523737937	175.1212202071305	1.6962267804244613	11.697000000000001
18.439037	0.067597	8.516041	0.070582	-2.034216	0.069604	-12.678411	0.077569	19.4528	0.2344	187.60819803745295	1.8477253021185904	32.46754117012146	0.30506157840274734	174.89677547840782	1.7124513780564388	11.697000000000001
18.468342	0.074166	8.53614	0.074138	-2.03037	0.071775	-12.667384	0.07095	19.4528	0.2344	187.4343114903043	1.978984278418547	32.417601022606924	0.3165814801629683	175.01483808020438	1.6605305118501983	11.697000000000001
18.423442	0.076652	8.501546	0.076364	-2.04378	0.074274	-12.679647	0.073793	19.4528	0.2344	187.62898432141412	2.046100517710533	32.48272565667875	0.3281346176222126	175.03371474757913	1.723031960678718	11.697000000000001
18.427918	0.081196	8.501677	0.073787	-2.05918	0.074272	-12.683507	0.072925	19.4528	0.2344	187.5468577600501	2.072957198539063	32.43495466211049	0.3215414426468337	175.2238267928086	1.7166935431686323	11.697000000000001
18.445389	0.07016	8.506025	0.071965	-2.032297	0.068332	-12.672944	0.067294	19.4474	0.2338	187.29924268455102	1.893940793972261	32.504313130685134	0.3060882610394739	174.95509057726528	1.5768749889897467	11.697000000000001
18.48336	0.073808	8.554396	0.072717	-2.009233	0.073343	-12.662102	0.070482	19.4474	0.2338	187.49543905440262	1.956579512842715	32.42644227855803	0.31703532394772543	174.75436439070396	1.6686545641590396	11.697000000000001
18.436726	0.070159	8.521972	0.074734	-2.028435	0.070988	-12.676435	0.069842	19.4474	0.2338	187.76415177687983	1.9412393284429115	32.467081655340934	0.317195104773788	174.83427776123122	1.6351318096442384	11.697000000000001
18.469069	0.07228	8.54451	0.073114	-2.015023	0.06761	-12.649467	0.070952	19.4474	0.2338	187.57864986463937	1.9431654496512236	32.43902037591058	0.30592037728595933	175.05713648048314	1.6133286444676704	11.697000000000001
18.434415	0.07185	8.523883	0.073788	-2.022653	0.073106	-12.670782	0.071911	19.4474	0.2338	187.84414196538958	1.9520887970938507	32.478996712953816	0.31988000514008263	174.83215218646774	1.6837144654653602	11.697000000000001
18.447845	0.070734	8.516238	0.072436	-2.022701	0.068833	-12.682365	0.072759	19.4581	0.2349	187.4455317166836	1.910834039971437	32.502410376203386	0.3081700890206912	174.6429673076985	1.64095748907952	11.697000000000001
18.469215	0.079571	8.540556	0.071768	-2.022725	0.075549	-12.64956	0.077291	19.4528	0.2344	187.50119281157828	2.0236091793601734	32.42751309751613	0.31988703542793384	175.182482554192	1.7817096330673043	11.697000000000001
18.462716	0.070622	8.550508	0.075394	-2.028483	0.079548	-12.673315	0.071777	19.4474	0.2338	187.81237095343906	1.9573609420640168	32.379357399605475	0.3354542402557057	174.88630835115683	1.7602910328666104	11.697000000000001
18.471672	0.074378	8.542731	0.073162	-2.016974	0.076897	-12.658981	0.079336	19.4474	0.2338	187.49586393506405	1.9701456727295033	32.438492960699634	0.32605606119255454	174.93273085739037	1.8161790728010783	11.697000000000001
18.475859	0.065773	8.550772	0.069223	-2.013127	0.079298	-12.651629	0.073869	19.4474	0.2338	187.56866834261285	1.8045787368727595	32.425614512510435	0.32309934561230486	174.99036990186505	1.7826170730657658	11.697000000000001
18.441057	0.068203	8.505959	0.067395	-2.043828	0.071344	-12.680203	0.06991	19.4474	0.2338	187.37966420542637	1.8084095916315854	32.468987946532344	0.3020549482644126	175.0253675181144	1.6436763341060654	11.697000000000001
18.44943	0.075209	8.522038	0.074083	-2.032289	0.072693	-12.6655	0.07269	19.4528	0.2344	187.5251162534426	1.9941553556239986	32.45502234403186	0.31916280522078017	175.07743850534538	1.6926396904923457	11.697000000000001
18.428934	0.078602	8.518215	0.07845	-2.02462	0.070978	-12.673129	0.075682	19.4474	0.2338	187.84059311526846	2.1048115635646396	32.49039820896326	0.3260306673480598	174.82591264219516	1.703477091360679	11.697000000000001
18.463864	0.086101	8.523949	0.090493	-2.026507	0.083583	-12.67455	0.085524	19.4528	0.2344	187.2888525206109	2.3535467930180456	32.46692848626122	0.37908414832675336	174.83356923143012	1.9634986712658122	11.697000000000001
18.472383	0.078602	8.540094	0.079327	-2.018822	0.074661	-12.656265	0.072432	19.4581	0.2349	187.43266819146612	2.107404895494306	32.44091415992285	0.3346910028554636	175.00780046859649	1.7113828020450792	11.697000000000001
18.453616	0.076232	8.513998	0.076631	-2.05152	0.079795	-12.680203	0.071463	19.4581	0.2349	187.2944580551494	2.036777724988162	32.42064319838968	0.3394799015545222	175.1520396154722	1.7652121857441583	11.697000000000001
18.47657	0.077463	8.544114	0.072522	-2.041901	0.073727	-12.670968	0.07382	19.4474	0.2351	187.42952324064936	2.002385118529107	32.357869759572125	0.3161097219564376	175.14570652929854	1.7191712562713073	11.697000000000001
18.449284	0.077625	8.517952	0.075431	-2.024588	0.074277	-12.683786	0.065542	19.4581	0.2349	187.45071672552655	2.0429521354643816	32.491306679871	0.3262598909580397	174.65061532425074	1.6230919736612082	11.697000000000001
18.466467	0.075113	8.530209	0.072656	-2.013072	0.071693	-12.669361	0.066141	19.4474	0.2338	187.3577993195657	1.9704995377847063	32.48902423897877	0.31453437717697996	174.69827834613406	1.5990979080579144	11.697000000000001
18.443223	0.07369	8.516041	0.078814	-2.014984	0.076124	-12.656357	0.074659	19.4474	0.2338	187.5290847210283	2.038226521426464	32.52683673435996	0.33843847916436337	174.9431471467685	1.75290206172506	11.697000000000001
18.442787	0.082965	8.511824	0.080571	-2.045731	0.08106	-12.681809	0.076069	19.4474	0.2338	187.45768693805874	2.1830103678218893	32.445098136752556	0.3512340943061528	175.03025037992285	1.8293311237995686	11.697000000000001
18.462135	0.076209	8.530143	0.074735	-2.024604	0.068333	-12.661917	0.072405	19.4528	0.2344	187.4382781637029	2.0143979662642413	32.453729246212575	0.31137098734947843	175.00992805946976	1.637977861726734	11.697000000000001
18.466321	0.075873	8.534163	0.07506	-2.024604	0.068333	-12.665593	0.07148	19.4581	0.2349	187.4351331489736	2.0141159184253614	32.44137328077431	0.31187159022940264	174.94947329841773	1.6258194794134946	11.697000000000001
18.469781	0.07496	8.537854	0.077859	-2.032257	0.07518	-12.668806	0.072926	19.4528	0.2344	187.43949654834327	2.0397076106923215	32.406558077667	0.3318229585563593	175.02250329363838	1.7234636812184925	11.697000000000001
18.469926	0.076936	8.5339	0.075558	-2.032265	0.077705	-12.668898	0.076841	19.4528	0.2344	187.3621609072586	2.033406040510707	32.41866059160349	0.3325383808374307	175.02111209192014	1.798180844710801	11.697000000000001
18.459242	0.075695	8.527771	0.070583	-2.018791	0.072108	-12.652219	0.07087	19.4474	0.2338	187.44810991689766	1.9534156660412578	32.47891729914071	0.31074017164552253	175.0738641943703	1.664641684180922	11.697000000000001
18.461117	0.073003	8.517623	0.071965	-2.04378	0.072693	-12.694348	0.06984	19.4635	0.2352	187.22146245531164	1.9301172146025454	32.433277216156085	0.3141234931087288	174.79211743849456	1.6543789500539536	11.697000000000001
18.480902	0.075698	8.548201	0.077331	-2.026523	0.069605	-12.660033	0.073607	19.4528	0.2344	187.42487663985503	2.041948973698576	32.39242062084851	0.31870461834063757	175.0725267303925	1.66792212644373	11.697000000000001
18.45116	0.076674	8.511824	0.074511	-2.041885	0.073097	-12.670782	0.073332	19.4528	0.2344	187.29978041848977	2.014738717736954	32.456922349757214	0.3210094487320113	175.148491043123	1.7062043041392838	11.697000000000001
18.444662	0.079272	8.509716	0.077903	-2.024564	0.076615	-12.66513	0.072853	19.4528	0.2344	187.38252459398882	2.0962754469111733	32.51678377714649	0.33727277082758256	174.95642664255584	1.7383479007737104	11.697000000000001
18.472383	0.069331	8.536074	0.073112	-2.030362	0.067609	-12.65994	0.071897	19.4474	0.2338	187.35683641968868	1.8998620210497048	32.41782768493327	0.30551268162998957	175.13727164125194	1.6260933913365725	11.697000000000001
18.472092	0.071183	8.539963	0.074182	-2.00342	0.065339	-12.659755	0.07056	19.4528	0.2344	187.43567154605591	1.9402108009796488	32.48871206742693	0.3046137102512384	174.6975153193304	1.5765213330249486	11.697000000000001
18.472383	0.071622	8.552155	0.077332	-2.018822	0.080108	-12.667292	0.073318	19.4528	0.2344	187.66053984232815	1.9939161521224493	32.40390198377733	0.34131102063686874	174.82656631631588	1.7829133603263985	11.697000000000001
18.457221	0.072367	8.505696	0.075429	-2.032257	0.07518	-12.66513	0.071401	19.4474	0.2338	187.0703646169228	1.964963338576084	32.505449091475185	0.3285007708413014	175.08300541184866	1.707265495687273	11.697000000000001
18.45145	0.077024	8.540094	0.084399	-2.003435	0.08295	-12.681994	0.072126	19.4474	0.2338	187.8285260299435	2.1653697948505113	32.4882578297612	0.36463990336630964	174.3339521273464	1.7945406285650871	11.697000000000001
18.493463	0.076038	8.548201	0.070585	-2.01883	0.073736	-12.656357	0.073319	19.4474	0.2338	187.1881555333397	1.9527743206201231	32.41600352978675	0.3131312297615987	175.0064092772712	1.7107299537008474	11.697000000000001
18.455782	0.080298	8.54418	0.07653	-2.03037	0.0764	-12.660033	0.076189	19.4528	0.2344	187.82386972007785	2.1020446827160937	32.39295272265318	0.331258665671018	175.1358793907971	1.7777217429105412	11.697000000000001
18.497505	0.079017	8.556175	0.074908	-2.007282	0.075254	-12.656265	0.073822	19.4474	0.2338	187.26221334511507	2.0509582791723986	32.42696953052299	0.32594696799678025	174.818146522196	1.7305741359700202	11.697000000000001
18.47859	0.079171	8.542071	0.071282	-2.009202	0.074279	-12.65438	0.071403	19.4528	0.2344	187.35287145983523	2.0086811503618587	32.46441519140874	0.31675607356472535	174.88061112997298	1.6926304068284026	11.697000000000001
18.452889	0.074755	8.517689	0.077328	-2.028403	0.076892	-12.672389	0.07455	19.442	0.2343	187.3777380080571	2.028475269841001	32.480364565050856	0.3358592430740525	174.90020976283307	1.7598213224037016	11.697000000000001
18.495484	0.076237	8.57028	0.075395	-2.005363	0.073023	-12.639769	0.067664	19.4474	0.2338	187.56645730182697	2.026273808801568	32.3896074007354	0.32145898870741496	175.0577646350855	1.638782687296879	11.697000000000001
18.480757	0.069331	8.548135	0.072761	-2.026515	0.076699	-12.663616	0.072204	19.4528	0.2344	187.42637831580632	1.896481252722938	32.3926471323967	0.32384754498184826	175.01341965260465	1.7331401899548782	11.697000000000001
18.486254	0.077099	8.56079	0.076767	-1.999658	0.074356	-12.62401	0.078507	19.4474	0.2338	187.5615510849741	2.0559867233088527	32.436208402133445	0.32826053058670907	175.2234379226284	1.7833587578050272	11.697000000000001
18.487692	0.078038	8.546421	0.073337	-1.9977	0.072375	-12.654843	0.06993	19.4581	0.2349	187.26331705817935	2.0172439435963216	32.48643527836557	0.3174541615685795	174.68428286787307	1.6496048399108059	11.697000000000001
18.49015	0.078053	8.532515	0.078232	-2.015031	0.073096	-12.656912	0.066054	19.4528	0.2344	186.9555802975049	2.074837983254205	32.475886339040194	0.32965927661361116	174.9348032026492	1.6195090460488235	11.697000000000001
18.49015	0.079679	8.564679	0.077413	-2.011184	0.072435	-12.653236	0.071066	19.4528	0.2344	187.56140947422782	2.0993058759000407	32.38893317575504	0.3246801951424817	174.93199465307248	1.6680283809029741	11.697000000000001
18.444094	0.076652	8.528495	0.078752	-2.022725	0.074051	-12.660588	0.074202	19.4528	0.2344	187.74814505984259	2.0808607742179643	32.46457945335555	0.33260622706495385	175.00087173575966	1.7245512204653943	11.697000000000001
18.470944	0.077628	8.542401	0.076371	-2.028475	0.074277	-12.680573	0.073795	19.4581	0.2349	187.5033754229811	2.0565581799039614	32.4042130796407	0.326572853528485	174.76700353148374	1.717842518013373	11.697000000000001
18.469215	0.070737	8.560658	0.075158	-2.00349	0.068835	-12.645884	0.071854	19.4474	0.2338	187.88159250272554	1.9570287328293523	32.42484966663282	0.3128151872371883	174.92637761578294	1.635536496159031	11.697000000000001
18.468051	0.077938	8.540028	0.069757	-2.038047	0.064844	-12.670875	0.07276	19.4528	0.2344	187.51321119538005	1.9755278513548928	32.382159003843064	0.2915555167424184	175.08374205613944	1.6048329897415596	11.697000000000001
18.443078	0.079521	8.503916	0.081576	-2.045747	0.078036	-12.65994	0.07714	19.4528	0.2344	187.30306463347745	2.1468470415195906	32.46936809066537	0.3474495322199672	175.39113323149272	1.8131666945179288	11.697000000000001
18.458239	0.075701	8.534295	0.081678	-2.01308	0.073336	-12.65475	0.074332	19.4528	0.2344	187.59027614636935	2.10508546957307	32.47641424806291	0.33799261424097565	174.93826621655515	1.7165470924514463	11.697000000000001
